data/handson/Instances_Belgium/Case2_Houffalize/elevation.asc
ncols         601
nrows         601
xllcorner     745468.5234000001
yllcorner     591346.1043
cellsize      10.0
NODATA_value  -9999.0
[rows 0 to 41 of 601, columns 376 to 469 of 601]
442 441 440 439 438 437 435 433 432 430 428 426 422 419 416 413 411 410 409 408 407 407 407 407 408 409 411 414 417 420 423 425 427 428 429 429 429 429 429 429 428 427 427 426 425 425 424 424 424 425 425 426 427 428 429 430 431 432 432 432 433 433 433 434 435 435 436 438 438 439 440 440 441 441 442 442 443 443 443 443 443 443 443 443 444 444 444 445 445 446 446 447 447 448
442 441 440 439 437 436 434 432 430 428 426 423 420 416 413 411 409 408 407 407 406 406 407 407 408 410 413 415 418 421 424 426 428 429 429 430 430 430 430 430 429 429 428 427 426 426 425 425 425 425 426 426 427 428 428 429 430 431 431 432 432 432 433 433 434 435 436 437 438 439 439 440 440 441 441 442 442 442 442 442 442 442 442 443 443 444 444 444 445 445 446 446 446 447
441 440 439 438 437 435 433 431 428 426 423 420 417 415 412 409 407 406 406 406 406 405 406 407 409 411 414 417 419 422 425 427 428 429 430 430 431 431 431 430 430 429 429 428 427 427 426 426 426 426 426 426 427 427 428 429 429 430 430 431 431 432 432 433 434 435 436 436 437 437 438 438 439 440 440 440 441 441 441 441 441 441 442 442 443 443 443 444 444 445 445 446 446 447
441 440 439 438 436 435 432 429 426 423 420 417 415 412 410 407 406 405 405 405 405 406 407 408 411 413 416 418 421 424 426 428 429 430 431 431 432 432 431 431 430 430 429 429 428 428 427 427 427 427 427 427 427 428 428 428 429 429 430 430 431 431 432 432 433 434 435 435 436 436 437 437 438 438 439 439 439 440 440 440 440 441 441 442 442 443 443 443 444 444 445 445 446 446
440 439 438 437 436 434 431 428 424 421 418 415 412 409 407 406 405 405 405 405 406 406 408 410 412 415 418 421 423 425 427 429 430 431 432 433 433 432 432 431 431 430 430 429 429 429 428 428 428 428 428 428 428 428 428 428 428 429 430 430 430 431 431 432 432 433 434 434 434 435 435 436 436 437 437 437 438 438 439 439 440 440 441 441 442 442 443 443 443 444 444 445 445 446
440 439 438 437 435 433 430 426 422 419 416 413 410 407 406 405 404 404 405 405 406 407 409 411 414 417 420 422 424 426 429 431 432 433 434 435 435 434 434 433 433 432 431 430 430 429 429 429 429 429 428 428 428 428 428 428 429 429 430 430 430 431 431 431 432 432 433 433 434 434 435 435 436 436 436 437 437 438 438 439 439 440 441 441 441 442 442 443 443 444 444 444 445 445
440 439 438 437 435 432 428 424 421 417 414 411 408 406 404 404 404 404 405 405 406 408 410 412 415 419 421 424 426 428 431 433 435 436 437 437 437 437 436 436 435 434 433 432 431 430 430 430 430 430 429 429 429 429 429 429 430 430 430 430 430 430 431 431 431 432 432 433 433 434 434 435 435 436 436 437 437 437 438 438 439 440 441 441 441 441 442 442 443 443 444 444 444 445
439 439 438 436 434 431 427 423 419 416 413 410 407 405 404 403 403 404 405 406 407 409 411 414 417 420 423 425 428 431 433 436 437 439 439 440 440 439 439 439 438 437 436 434 433 432 431 431 431 431 430 430 430 430 430 430 430 431 431 431 431 431 431 431 432 432 432 433 433 434 434 435 435 436 436 437 437 437 438 438 439 440 440 440 441 441 442 442 442 443 443 444 444 445
439 438 437 435 433 430 426 421 418 416 413 410 407 404 403 403 403 404 405 406 408 410 413 416 419 422 425 427 430 433 436 438 439 440 441 442 442 442 442 442 441 441 439 438 436 434 433 432 432 432 431 431 431 431 431 431 431 431 431 432 432 432 432 432 433 433 433 433 434 434 434 435 435 436 436 437 437 438 438 439 439 440 440 440 441 441 441 442 442 443 443 444 444 445
439 438 437 435 432 429 425 420 417 414 411 408 406 404 403 402 403 404 405 407 409 412 415 418 421 424 427 430 432 435 438 439 440 441 442 443 443 443 444 444 444 443 442 441 439 437 435 434 433 433 433 432 432 432 432 432 432 432 432 432 433 433 433 433 434 434 434 434 434 435 435 435 435 436 436 437 437 438 438 439 439 440 440 440 441 441 441 442 442 443 443 444 444 445
438 438 436 434 431 427 423 419 415 412 409 406 404 403 402 402 402 404 405 407 410 413 416 419 422 426 429 432 435 437 439 440 441 442 442 443 444 444 444 445 445 445 444 444 442 440 438 436 435 435 434 434 433 433 433 433 433 432 433 433 433 434 434 434 435 435 435 435 435 435 435 436 436 436 436 437 437 438 439 440 440 439 440 440 441 441 442 442 443 443 443 444 444 445
438 437 436 433 430 425 422 418 414 411 408 405 403 402 402 401 402 404 406 408 411 415 418 421 424 428 431 434 436 438 439 440 441 442 442 443 444 444 444 445 445 445 445 445 444 442 441 439 438 437 437 436 436 435 435 435 435 434 434 435 435 435 435 435 436 436 436 436 436 436 436 436 436 436 437 437 437 438 439 440 440 439 440 440 441 441 442 443 443 443 444 444 445 445
438 437 435 433 429 425 421 417 413 410 407 404 403 401 401 401 402 404 406 409 412 416 419 423 426 430 432 435 436 438 439 440 441 441 442 443 443 444 444 444 445 445 445 445 445 444 443 442 441 440 440 439 439 438 438 438 438 437 437 436 436 436 436 437 437 437 437 437 437 437 437 437 437 437 437 437 438 438 439 439 439 440 440 441 441 442 442 443 443 444 444 445 445 446
437 436 435 433 429 424 420 416 412 409 406 404 402 401 401 401 402 404 407 410 413 417 420 424 427 430 433 435 436 437 438 439 440 441 442 442 443 443 444 444 444 445 445 445 445 445 445 444 443 443 442 442 441 441 441 441 440 440 439 439 438 438 438 438 438 438 438 438 438 437 438 438 438 438 438 438 438 439 439 440 440 440 440 441 442 442 443 443 443 444 445 445 446 446
437 436 435 433 429 424 420 415 411 408 405 403 402 401 401 401 403 405 408 412 415 418 421 425 428 430 432 434 435 437 438 439 440 441 441 442 442 443 443 444 444 444 444 445 445 445 445 445 444 444 444 444 443 443 443 443 443 442 442 442 441 441 441 441 440 440 439 439 439 439 438 438 438 438 439 439 439 440 440 440 440 441 441 441 442 442 443 443 444 444 445 445 446 446
436 435 434 433 429 425 420 415 411 407 405 403 401 400 400 401 403 405 409 412 415 418 421 425 428 430 432 433 435 436 437 438 439 440 441 441 442 442 443 443 443 444 444 444 444 445 445 445 445 445 445 444 445 445 445 444 444 444 444 443 443 442 442 442 441 441 440 440 440 440 439 439 439 439 439 439 440 440 440 441 441 441 441 442 442 443 443 444 444 445 445 446 446 447
436 435 433 432 429 426 421 415 411 407 404 402 401 400 400 401 403 406 409 412 415 417 420 424 427 429 431 432 434 435 437 438 438 439 440 441 441 442 442 442 443 443 443 444 444 444 444 444 445 445 445 445 445 445 445 445 445 444 444 444 444 443 443 443 442 442 441 441 441 441 440 440 440 440 440 440 440 441 441 441 441 442 442 442 442 443 443 444 444 445 445 446 446 447
435 434 433 431 429 426 421 416 411 407 404 402 400 399 400 401 403 405 407 410 413 416 420 423 426 428 430 432 433 435 436 437 438 439 439 440 441 441 441 442 442 443 443 443 444 444 444 444 444 445 445 445 445 445 445 445 445 445 444 444 444 444 444 444 443 443 442 442 442 441 441 441 441 441 441 441 441 441 441 442 442 442 442 443 443 443 444 444 445 445 446 446 447 447
434 433 432 430 428 426 422 418 412 407 404 402 400 399 399 399 401 403 406 408 411 415 418 422 425 427 429 431 433 434 435 436 437 438 439 439 440 440 441 441 442 442 442 443 443 443 444 444 444 444 444 444 445 445 445 445 445 445 445 445 445 445 445 444 444 444 443 442 442 442 442 442 442 442 442 442 442 442 442 442 443 443 443 443 443 444 444 445 445 445 446 447 447 448
434 432 431 429 427 425 422 418 413 407 404 401 400 399 398 398 400 402 404 407 410 413 417 421 423 426 428 430 432 433 435 436 436 437 438 438 439 439 440 440 441 441 442 442 442 443 443 443 443 444 444 444 444 445 445 445 445 445 445 445 445 445 445 445 445 444 444 443 443 443 443 443 443 443 443 443 443 443 443 443 443 443 444 444 444 444 445 445 446 446 446 447 447 448
433 432 430 428 426 424 421 417 412 407 404 401 400 399 398 398 399 401 403 405 408 412 415 419 422 424 427 429 431 432 434 435 435 436 437 437 438 438 439 439 440 440 441 441 441 442 442 442 443 443 443 444 444 444 445 445 445 445 445 445 445 445 445 445 445 445 445 444 444 444 444 444 444 444 444 443 443 443 444 444 444 444 444 444 444 445 445 445 446 446 447 447 448 448
432 431 429 427 425 423 419 416 411 407 404 401 400 399 398 397 398 400 402 404 407 411 414 417 420 423 426 428 430 431 432 433 434 435 435 436 437 437 438 438 439 439 440 440 441 441 441 442 442 443 443 443 444 444 444 444 445 445 445 445 446 446 446 446 446 446 445 445 445 444 444 445 445 445 444 444 444 444 444 444 445 445 445 445 445 445 446 446 447 447 447 448 448 449
432 431 429 426 424 421 418 415 411 406 403 401 399 399 398 397 398 399 401 404 407 410 413 416 419 422 425 427 429 430 431 432 433 433 434 435 435 436 436 437 438 438 439 439 440 440 441 441 442 442 442 443 443 444 444 444 445 445 445 446 446 446 446 446 446 446 446 446 446 445 445 446 446 445 445 445 445 445 445 445 445 445 446 446 446 446 446 447 447 447 448 448 448 449
431 430 428 426 424 421 418 414 410 406 403 400 399 398 397 397 397 398 400 403 406 409 412 415 418 422 424 426 427 429 430 431 431 432 433 433 434 435 435 436 437 437 438 439 439 440 440 441 441 442 442 442 443 443 444 444 445 445 445 446 446 446 446 447 447 447 447 447 446 446 446 446 446 446 446 446 446 446 446 446 446 446 446 447 447 447 447 447 448 448 448 448 449 449
430 429 428 426 424 421 418 415 411 406 403 400 398 397 397 397 397 397 399 403 405 408 411 415 418 421 423 425 426 427 428 429 430 431 432 432 433 434 435 435 436 437 437 438 438 439 440 440 441 441 442 442 443 443 444 444 444 445 445 446 446 446 447 447 447 447 447 447 447 447 447 447 447 447 447 447 447 447 447 447 447 447 447 447 448 448 448 448 448 448 449 449 449 450
430 429 427 426 424 422 418 415 411 406 402 399 398 397 396 396 396 397 399 402 405 407 411 414 417 420 421 423 424 425 426 428 429 430 431 431 432 433 434 435 435 436 437 437 438 439 439 440 440 441 441 442 443 443 443 444 444 445 445 446 446 446 447 447 447 447 447 447 447 447 447 448 448 448 448 448 448 448 448 448 448 448 448 448 448 448 448 449 449 449 449 449 450 450
429 428 427 426 424 421 418 415 410 406 403 400 398 396 395 395 395 397 399 402 404 407 410 413 416 418 420 421 423 424 425 426 428 429 430 431 431 432 433 434 435 435 436 437 437 438 439 439 440 441 441 442 442 443 443 444 444 445 445 446 446 446 447 447 447 448 448 448 448 448 448 448 448 448 448 448 448 449 449 449 449 449 449 449 449 449 449 449 449 450 450 450 450 451
428 427 426 425 424 421 418 415 411 406 403 400 398 396 395 394 395 396 398 401 404 407 410 412 415 417 418 420 422 423 424 426 427 428 429 430 431 432 433 433 434 435 435 436 437 437 438 439 440 440 441 441 442 443 443 444 444 445 445 446 446 446 447 447 447 448 448 448 448 448 448 448 448 449 449 449 449 449 449 449 449 449 450 450 450 450 450 450 450 450 450 451 451 451
426 426 425 424 423 421 418 415 411 407 403 400 397 395 394 394 395 396 398 400 403 406 409 412 414 416 417 419 421 422 424 425 426 428 429 430 430 431 432 433 433 434 435 436 436 437 438 438 439 440 441 441 442 442 443 443 444 444 445 445 446 446 447 447 447 448 448 448 449 449 449 449 449 449 449 450 450 450 450 450 450 450 450 450 450 451 451 451 451 451 451 451 451 452
425 424 424 423 422 421 419 416 412 407 404 400 397 395 394 394 394 395 397 399 402 405 408 410 413 415 416 418 420 421 423 425 426 427 428 429 430 431 432 433 433 434 434 435 436 437 437 438 439 439 440 441 441 442 442 443 443 444 444 445 446 446 447 447 447 448 448 448 449 449 449 449 450 450 450 450 450 450 450 451 451 451 451 451 451 451 451 451 451 451 452 452 452 452
423 423 422 422 422 421 419 416 413 408 404 400 397 394 393 393 394 395 396 399 401 404 406 409 411 413 415 417 419 420 422 424 425 427 428 429 430 430 432 433 433 434 434 435 436 436 437 437 438 439 440 440 441 441 442 443 443 444 444 445 445 446 446 447 447 448 448 449 449 449 449 450 450 450 450 451 451 451 451 451 451 451 452 451 452 452 452 452 452 452 452 452 453 453
421 421 421 421 421 420 419 417 413 409 405 401 397 394 393 393 393 394 396 398 400 403 405 408 410 413 415 417 419 421 422 424 425 427 428 429 429 430 431 432 433 433 434 435 435 436 437 437 438 439 439 440 441 441 442 442 443 444 444 445 445 446 446 447 447 448 448 449 449 449 450 450 450 450 451 451 451 452 452 452 452 452 452 452 452 452 452 453 453 453 453 453 454 454
419 419 419 420 420 419 418 417 414 410 406 401 398 394 393 393 393 393 395 397 400 402 405 407 410 413 415 418 420 422 423 425 426 427 428 429 429 430 431 432 432 433 434 434 435 436 436 437 438 438 439 440 440 441 441 442 443 443 444 445 445 446 446 447 447 448 448 449 449 450 450 450 450 450 451 452 452 452 452 453 453 453 453 453 453 453 453 454 454 454 454 454 454 455
417 417 417 418 418 418 417 416 414 411 408 403 399 395 393 392 392 393 394 397 399 402 405 407 410 413 416 419 421 423 424 425 426 427 428 429 429 430 430 431 432 432 433 434 434 435 436 436 437 438 438 439 440 441 441 442 443 443 444 444 445 446 446 447 447 448 449 449 450 450 450 451 451 451 451 452 453 453 453 453 453 453 454 454 454 454 454 454 454 454 455 455 455 455
415 415 415 416 416 416 415 415 414 412 409 405 401 396 394 392 392 392 394 397 399 402 405 407 411 414 417 419 421 423 424 425 426 427 428 428 429 429 430 431 431 432 433 433 434 434 435 436 436 437 438 439 440 440 441 442 442 443 444 444 445 446 446 447 448 448 449 449 450 450 451 451 451 452 452 453 453 453 454 454 454 454 454 454 454 454 455 455 455 455 455 455 455 456
412 412 412 412 413 413 413 413 412 411 409 406 401 396 393 392 392 392 394 397 399 402 405 407 411 415 417 420 421 423 424 425 426 426 427 428 428 429 429 430 431 431 432 432 433 434 434 435 436 437 438 439 439 440 441 442 442 443 444 445 445 446 446 447 448 448 449 450 450 451 451 452 452 452 453 453 453 454 454 454 454 454 455 455 455 455 455 455 455 456 456 456 456 456
408 409 409 409 409 409 409 410 410 409 407 404 400 395 393 392 391 391 393 397 400 402 405 408 411 415 417 419 421 422 424 424 425 426 426 427 427 428 428 429 430 430 431 432 432 433 434 435 435 436 437 438 439 440 441 441 442 443 444 445 445 446 447 447 448 449 449 450 450 451 451 452 452 453 453 453 453 454 454 455 455 455 455 455 455 455 455 455 456 456 456 456 457 457
404 405 405 405 405 406 406 407 407 408 406 403 399 395 392 391 391 391 393 397 400 402 405 408 411 414 417 419 420 422 423 424 424 425 425 426 426 427 428 428 429 430 430 431 432 433 433 434 435 436 437 438 439 440 441 441 442 443 444 445 446 446 447 447 448 449 449 450 451 451 452 452 453 453 453 453 453 454 455 455 455 455 455 455 455 456 456 456 456 457 457 457 457 458
401 401 401 401 402 403 404 405 406 406 404 401 398 393 391 390 390 391 393 397 400 403 405 408 411 414 416 418 419 421 422 423 423 424 424 425 426 426 427 427 428 429 430 430 431 432 433 434 435 436 437 438 439 440 441 442 442 443 444 445 446 446 447 448 448 449 450 450 451 451 452 453 453 454 454 454 454 454 454 455 455 456 456 456 456 456 456 456 457 457 457 458 458 458
397 397 397 397 398 399 401 402 403 404 402 400 396 392 390 390 390 391 393 397 400 403 405 408 411 413 415 417 418 419 420 421 422 422 423 424 424 425 426 426 427 428 429 430 431 432 433 434 435 436 437 438 439 440 441 442 443 443 444 445 446 446 447 448 448 449 450 451 451 452 452 453 453 454 454 454 454 454 455 455 456 456 456 456 456 457 457 457 457 458 458 458 458 459
393 393 393 394 395 396 398 400 400 401 399 398 395 391 390 389 390 391 393 397 400 403 405 408 410 412 414 415 416 417 418 419 420 420 421 422 423 424 424 425 426 428 429 429 430 432 433 434 435 436 437 438 439 440 441 442 443 444 444 445 446 446 447 448 449 449 450 451 451 452 453 453 453 454 454 454 455 455 455 456 456 456 456 457 457 457 457 457 458 458 458 459 459 459
389 389 389 390 391 393 394 396 397 397 397 396 393 390 389 389 390 391 394 397 400 402 405 407 409 410 412 413 414 415 416 418 419 419 420 421 422 423 424 425 426 427 428 429 430 431 433 434 435 436 437 438 439 440 441 442 443 444 444 445 446 446 447 448 449 450 450 451 452 452 453 453 453 454 454 454 455 455 455 456 456 456 457 457 457 457 458 458 458 458 459 459 459 459
