data/handson/Instances_Belgium/Case2_Houffalize/elevation.asc
ncols         601
nrows         601
xllcorner     745468.5234000001
yllcorner     591346.1043
cellsize      10.0
NODATA_value  -9999.0
[rows 84 to 125 of 601, columns 94 to 187 of 601]
447 448 449 450 451 451 452 453 453 454 455 455 456 456 457 457 457 458 458 458 459 459 459 459 459 459 458 458 458 457 457 456 456 455 455 454 453 453 452 451 450 449 449 448 447 446 445 445 444 443 442 442 441 440 439 439 438 437 436 435 434 433 432 431 430 429 427 425 422 419 414 409 405 400 396 392 388 384 382 381 381 383 387 392 398 404 408 411 413 415 417 417 418 418
447 448 449 449 450 451 452 452 453 454 454 455 455 456 456 457 457 457 458 458 458 458 458 458 458 458 458 457 457 456 456 455 455 454 454 453 452 451 451 450 449 448 447 447 446 445 444 444 443 442 441 440 440 439 438 438 437 436 435 434 433 432 431 430 429 428 426 425 422 419 414 409 405 400 396 393 389 385 382 381 381 382 386 391 397 402 405 408 410 413 414 415 415 416
446 447 448 449 450 450 451 452 452 453 454 454 455 455 456 456 456 457 457 457 457 457 457 457 457 457 457 457 456 456 455 455 454 453 453 452 451 450 450 449 448 447 446 446 445 444 444 443 442 441 440 440 439 438 438 437 436 435 434 433 432 431 430 429 428 427 425 424 422 419 415 410 406 401 397 394 390 385 382 381 381 381 385 391 395 398 401 404 408 411 412 411 412 414
446 447 447 448 449 450 451 451 452 453 453 454 454 455 455 456 456 456 456 457 457 457 457 457 457 456 456 456 456 455 455 454 453 453 452 451 450 450 449 448 447 446 446 445 444 443 443 442 441 440 440 439 438 437 437 436 435 434 433 432 431 430 429 428 427 426 425 423 421 419 415 411 407 402 398 395 391 386 383 381 381 381 385 389 393 395 398 402 404 407 407 407 408 409
445 446 447 448 449 450 450 451 452 452 453 453 454 454 455 455 455 456 456 456 456 456 456 456 456 456 456 455 455 454 454 453 453 452 451 450 450 449 448 447 446 446 445 444 443 443 442 441 440 439 439 438 437 436 436 435 434 433 432 431 430 429 428 427 426 425 424 423 421 419 416 412 408 403 400 396 392 387 383 381 381 382 384 387 389 392 395 399 401 401 401 402 403 403
445 446 447 448 449 449 450 451 451 452 452 453 453 454 454 454 455 455 455 455 456 456 456 456 456 455 455 455 454 454 453 453 452 451 451 450 449 448 447 446 445 445 444 443 443 442 441 440 439 439 438 437 436 435 435 434 432 431 430 429 428 427 426 425 424 423 422 422 420 419 416 413 409 405 402 398 394 389 385 381 380 381 382 384 386 388 392 396 396 395 395 395 396 397
445 446 447 448 448 449 450 451 451 452 452 453 453 453 454 454 454 455 455 455 455 455 455 455 455 455 455 454 454 453 453 452 451 451 450 449 448 447 446 445 445 444 443 443 442 441 440 439 438 438 437 436 435 435 434 432 431 430 429 428 427 426 425 424 423 422 421 420 419 418 416 414 411 408 404 401 397 392 387 382 380 379 380 381 383 385 388 391 391 389 388 388 389 390
445 445 446 447 448 449 449 450 451 451 452 452 452 453 453 454 454 454 454 454 455 455 455 455 454 454 454 454 453 453 452 451 451 450 449 448 447 447 446 445 444 443 442 442 441 440 439 438 438 437 436 435 434 434 433 431 430 429 428 426 425 424 423 422 421 420 419 418 417 416 415 413 411 409 406 403 399 395 390 384 381 379 379 380 381 383 385 387 387 386 386 387 388 387
444 445 446 447 448 448 449 450 450 451 451 452 452 452 453 453 453 454 454 454 454 454 454 454 454 454 453 453 453 452 452 451 450 450 449 448 447 446 445 444 443 443 442 441 440 439 438 438 437 436 435 434 434 433 432 431 429 428 426 425 423 422 421 420 419 418 417 416 415 414 412 411 410 409 407 405 402 398 393 386 382 380 379 379 380 381 382 383 383 384 387 391 391 388
444 445 446 446 447 448 449 449 450 450 451 451 452 452 452 453 453 453 453 454 454 454 454 454 453 453 453 453 452 452 451 450 450 449 448 447 446 445 445 444 443 442 441 440 440 439 438 437 436 435 434 434 433 432 431 430 428 427 425 424 423 421 420 419 418 417 416 414 413 412 411 409 408 408 406 404 401 398 393 387 384 382 380 380 380 380 380 380 382 383 387 391 392 391
443 444 445 446 447 447 448 449 449 450 450 451 451 452 452 452 453 453 453 453 453 453 453 453 453 453 452 452 452 451 451 450 449 448 448 447 446 445 444 443 442 442 441 440 439 438 437 436 435 435 434 433 432 431 430 429 428 426 425 424 423 422 421 420 418 417 416 414 412 411 409 408 406 405 403 401 398 395 392 388 385 384 382 381 380 380 380 379 381 383 385 389 392 395
443 444 445 445 446 447 447 448 449 449 450 450 451 451 452 452 452 453 453 453 453 453 453 453 453 452 452 452 451 451 450 449 449 448 447 446 445 444 444 443 442 441 440 439 439 438 437 436 435 434 433 432 432 431 430 429 428 426 425 425 424 423 422 421 420 419 417 415 413 411 410 408 406 404 402 400 398 395 393 391 389 387 385 382 381 380 379 379 379 381 384 387 391 396
442 443 444 445 445 446 447 447 448 449 450 450 451 451 452 452 452 452 452 453 453 453 453 452 452 452 452 451 451 450 450 449 448 447 447 446 445 444 443 443 442 441 440 439 438 438 437 436 435 434 433 432 431 431 430 429 428 427 426 426 425 425 424 423 422 421 419 417 415 413 411 410 408 406 403 401 399 397 396 395 393 391 388 383 382 381 380 378 378 379 381 385 389 393
441 442 443 444 445 445 446 447 448 448 449 450 450 451 451 452 452 452 452 452 452 452 452 452 452 452 451 451 450 450 449 449 448 447 446 446 445 444 443 442 441 441 440 439 438 438 437 436 435 434 433 433 432 431 430 430 429 428 428 427 427 426 426 425 424 423 421 419 417 415 414 412 410 408 406 404 402 400 399 398 397 394 390 386 383 382 380 378 377 377 379 382 386 390
440 441 442 443 444 445 445 446 447 448 449 449 450 451 451 451 452 452 452 452 452 452 452 452 452 451 451 451 450 450 449 448 448 447 446 446 445 444 443 442 441 440 440 439 438 438 437 437 436 435 434 433 433 432 431 431 430 429 429 428 428 428 428 427 426 425 423 422 420 418 416 414 412 411 409 407 406 404 403 402 399 397 393 389 386 383 381 379 378 377 378 379 382 386
440 441 442 442 443 444 445 446 447 447 448 449 450 450 451 451 451 452 452 452 452 452 452 452 451 451 451 450 450 450 449 448 448 447 446 446 445 444 443 442 442 441 440 439 439 438 438 437 437 436 435 434 434 433 432 432 431 431 430 430 430 430 429 429 428 427 425 424 422 420 418 417 415 413 412 410 409 408 406 405 403 400 396 392 389 386 383 381 379 377 377 377 379 382
439 440 441 442 443 444 444 445 446 447 448 449 449 450 450 451 451 451 452 452 452 452 452 451 451 451 451 450 450 449 449 448 448 447 446 446 445 444 443 443 442 441 441 440 440 439 439 438 438 437 436 436 435 434 434 433 432 432 432 431 431 431 430 430 429 428 427 426 424 422 421 419 417 416 414 413 412 411 410 408 406 403 400 396 392 389 386 384 381 378 377 377 377 378
438 439 440 441 442 443 444 445 446 447 448 449 449 450 450 451 451 451 451 451 451 451 451 451 451 451 450 450 450 449 449 448 448 447 447 446 445 445 444 443 442 442 441 441 440 440 439 439 438 438 437 437 436 436 435 434 434 433 433 433 432 432 432 431 430 429 428 427 426 424 422 421 419 418 417 415 414 414 412 411 409 407 403 399 396 392 389 386 383 380 379 378 377 377
437 438 440 441 442 443 444 445 446 447 448 449 449 450 450 451 451 451 451 451 451 451 451 451 451 451 450 450 450 449 449 448 448 447 447 446 446 445 444 444 443 443 442 441 441 440 440 440 439 439 438 438 437 437 436 435 435 435 434 434 434 433 432 432 431 430 429 428 427 425 424 423 421 420 419 418 417 416 415 413 412 410 407 403 399 395 392 389 387 384 383 381 379 377
437 438 439 440 442 443 444 445 446 447 448 449 449 450 450 451 451 451 451 451 451 451 451 451 451 450 450 450 450 449 449 448 448 448 447 446 446 445 445 444 444 443 443 442 442 441 441 440 440 440 439 439 438 437 437 436 436 435 435 435 434 434 433 432 432 431 430 428 427 426 425 424 423 422 421 419 419 418 417 415 414 412 410 406 402 398 395 392 389 387 385 383 381 378
437 438 439 440 441 443 444 445 446 447 448 449 449 450 450 451 451 451 451 451 451 451 451 450 450 450 450 450 449 449 449 449 448 448 447 447 446 446 445 445 444 444 443 443 442 442 441 441 441 440 440 439 439 438 438 437 437 436 436 435 435 434 434 433 432 431 430 429 428 427 426 425 424 423 422 421 420 419 418 417 415 414 411 408 405 402 398 394 391 388 386 385 383 381
436 437 439 440 441 443 444 445 446 447 448 449 449 450 450 450 450 451 451 451 451 450 450 450 450 450 450 449 449 449 449 449 448 448 447 447 446 446 445 445 445 444 444 443 443 442 442 442 441 441 440 440 439 439 438 438 437 437 436 436 435 435 434 433 432 432 431 430 429 428 427 426 425 424 423 422 421 420 419 418 416 415 413 410 407 405 401 398 395 392 389 386 384 382
436 437 438 440 441 443 444 445 446 447 448 448 449 450 450 450 450 450 450 450 450 450 450 450 450 450 449 449 449 449 449 448 448 448 447 447 447 446 446 445 445 444 444 444 443 443 442 442 442 441 441 440 440 439 439 438 438 437 437 436 436 435 434 434 433 432 431 430 429 428 427 427 426 425 424 423 422 421 420 419 417 416 414 412 410 407 405 402 399 396 392 388 386 384
436 437 438 439 441 442 444 445 446 447 448 448 449 449 450 450 450 450 450 450 450 450 450 450 450 449 449 449 449 449 448 448 448 448 447 447 447 446 446 445 445 445 444 444 443 443 443 442 442 441 441 440 440 439 439 438 438 437 437 436 436 435 435 434 433 432 431 430 430 429 428 427 426 425 425 424 423 422 421 420 418 416 415 413 411 409 407 405 402 399 395 391 388 386
436 437 438 439 441 442 443 444 446 447 447 448 449 449 450 450 450 450 450 450 450 450 450 449 449 449 449 449 449 448 448 448 448 448 447 447 447 446 446 445 445 445 444 444 443 443 443 442 442 441 441 441 440 439 439 438 438 438 437 437 436 435 435 434 433 432 431 431 430 429 428 428 427 426 425 424 423 422 421 420 419 417 415 414 412 411 409 406 403 400 397 395 392 389
435 436 438 439 441 442 443 444 445 446 447 448 449 449 449 449 449 449 449 449 449 449 449 449 449 449 449 448 448 448 448 448 447 447 447 447 446 446 446 445 445 445 444 444 444 443 443 442 442 441 441 441 440 439 439 438 438 438 437 437 436 436 435 434 433 433 432 431 430 430 429 428 427 426 425 425 424 423 422 420 419 417 416 415 413 412 410 407 405 402 400 398 395 391
435 436 438 439 440 442 443 444 445 446 447 448 448 449 449 449 449 449 449 449 449 449 449 449 448 448 448 448 448 448 447 447 447 447 447 446 446 446 445 445 445 445 444 444 443 443 443 442 442 441 441 441 440 439 439 439 438 438 437 437 436 436 435 434 434 433 432 431 431 430 429 428 427 427 426 425 424 423 422 421 419 418 416 415 414 412 410 408 407 405 403 400 397 394
434 436 437 439 440 441 443 444 445 446 447 447 448 448 448 449 449 448 449 449 449 448 448 448 448 448 447 447 447 447 447 447 447 446 446 446 446 445 445 445 445 444 444 444 443 443 443 442 442 441 441 440 440 439 439 438 438 437 437 436 436 435 435 434 434 433 432 432 431 430 429 428 427 427 426 425 424 424 422 421 419 418 417 415 414 412 411 409 407 406 404 401 398 394
434 435 437 439 440 441 442 444 445 445 446 447 447 447 448 448 448 448 448 448 448 448 447 447 447 447 447 447 447 446 446 446 446 446 446 446 445 445 445 445 444 444 444 444 443 443 442 442 442 441 441 440 440 439 439 438 438 437 437 436 436 435 435 434 434 433 432 432 431 430 429 428 428 427 426 425 425 424 422 421 420 418 417 415 414 412 411 409 407 406 404 402 398 394
434 435 436 438 439 441 442 443 444 445 445 446 446 447 447 447 447 447 447 447 447 447 447 446 446 446 446 446 446 446 446 446 446 446 445 445 445 445 445 444 444 444 443 443 443 443 442 442 441 441 440 440 440 439 439 438 438 437 437 436 436 435 435 434 434 433 432 432 431 430 429 429 428 427 426 426 425 424 423 421 420 418 417 415 414 412 411 409 407 406 404 402 398 393
433 435 436 437 439 440 441 442 443 444 445 445 445 446 446 446 446 446 446 446 446 446 446 446 446 446 446 445 445 445 445 445 445 445 445 445 445 444 444 444 444 443 443 443 443 442 442 441 441 441 440 440 439 439 438 438 437 437 436 436 435 435 434 434 433 433 432 432 431 430 430 429 428 427 426 426 425 424 423 422 420 418 417 415 414 412 411 409 407 405 403 401 398 393
433 434 436 437 438 439 440 441 442 443 444 444 444 445 445 445 445 445 445 445 445 445 445 445 445 445 445 445 445 445 445 445 444 444 444 444 444 444 444 443 443 443 443 442 442 442 441 441 441 440 440 439 439 439 438 438 437 437 436 436 435 435 434 434 433 433 432 431 431 430 430 429 428 427 427 426 425 424 423 422 420 419 417 416 414 413 411 409 407 405 403 401 397 394
433 434 435 436 437 438 439 440 441 442 442 443 443 443 444 444 444 444 444 444 444 444 444 444 444 444 444 444 444 444 444 444 444 444 444 444 443 443 443 443 443 442 442 442 442 441 441 441 440 440 440 439 439 438 438 437 437 436 436 435 435 434 434 433 433 432 432 431 431 430 429 429 428 427 427 426 425 424 423 422 420 419 417 416 415 413 411 409 407 406 403 400 397 394
433 433 434 435 436 437 438 439 440 440 441 441 442 442 442 442 443 443 443 443 443 443 443 443 443 444 444 444 443 443 443 443 443 443 443 443 443 443 442 442 442 442 442 441 441 441 441 440 440 440 439 439 438 438 437 437 436 436 435 435 435 434 434 433 433 432 431 431 430 430 429 429 428 427 426 426 425 424 423 422 420 419 418 417 415 414 412 410 408 406 404 401 398 395
432 433 434 434 435 436 437 438 438 439 439 439 440 440 440 441 441 442 442 442 442 442 442 442 442 443 443 443 443 442 442 442 442 442 442 442 442 442 442 442 442 441 441 441 441 440 440 440 440 439 439 438 438 437 437 437 436 436 435 435 434 434 433 433 432 432 431 431 430 430 429 428 428 427 426 426 425 424 423 422 421 419 418 417 416 415 413 411 409 407 405 402 399 395
431 432 433 433 434 435 436 436 437 437 437 438 438 438 439 439 440 440 441 441 441 441 441 441 441 442 442 442 442 442 442 441 441 441 441 441 441 441 441 441 441 441 440 440 440 440 439 439 439 438 438 438 437 437 437 436 436 435 435 434 434 433 433 432 432 431 431 430 430 429 429 428 427 427 426 425 425 424 423 422 421 420 419 418 417 415 414 412 410 408 406 403 400 396
430 430 431 432 433 434 434 435 435 436 436 436 436 437 437 438 438 439 439 440 440 440 440 441 441 440 441 441 441 441 441 441 441 440 440 440 440 440 440 440 440 440 440 439 439 439 439 439 438 438 438 437 437 436 436 436 435 435 434 434 434 433 433 432 432 431 431 430 430 429 428 428 427 427 426 425 425 424 423 422 421 420 419 418 417 416 415 413 412 410 407 405 401 397
428 429 430 431 432 432 433 434 434 434 435 435 435 436 436 436 437 437 438 438 439 439 439 440 440 440 440 440 440 440 440 440 440 440 440 440 440 440 440 440 439 439 439 439 438 438 438 438 437 437 437 437 436 436 436 435 435 435 434 434 433 433 432 432 431 431 430 430 429 429 428 427 427 426 426 425 424 424 423 422 421 420 419 418 417 417 415 414 413 411 409 406 402 397
426 427 428 429 430 431 431 432 433 433 434 434 434 434 435 435 435 436 436 437 437 438 438 439 439 439 439 439 440 440 440 440 439 439 439 439 439 439 439 439 439 438 438 438 438 438 437 437 437 436 436 436 436 436 435 435 434 434 434 433 433 433 432 432 431 430 430 429 429 428 428 427 427 426 425 425 424 424 423 422 421 420 420 419 418 417 416 415 414 412 410 408 403 398
424 425 427 428 429 429 430 431 431 432 432 433 433 433 434 434 434 435 435 436 436 437 437 438 438 438 438 438 439 439 439 439 439 439 438 438 438 438 438 438 438 438 437 437 437 437 437 436 436 436 436 435 435 435 435 434 434 434 433 433 433 432 432 431 431 430 430 429 428 428 427 427 426 426 425 425 424 423 423 422 421 421 420 419 418 417 416 416 414 413 411 409 404 399
423 424 425 426 427 428 429 429 430 430 431 431 432 432 433 433 434 434 434 435 435 436 436 437 437 437 437 437 437 438 438 438 438 438 438 438 437 437 437 437 437 437 436 436 436 436 436 436 435 435 435 435 435 434 434 434 434 433 433 433 432 432 431 431 430 430 429 429 428 428 427 427 426 426 425 425 424 423 423 422 421 421 420 419 418 417 417 416 415 413 411 409 406 401
421 423 424 425 426 426 427 428 428 429 430 430 431 431 432 432 433 433 433 434 434 435 435 436 436 436 436 436 436 437 437 437 437 437 437 437 437 437 436 436 436 436 436 436 435 435 435 435 435 435 434 434 434 434 434 433 433 433 432 432 432 431 431 430 430 429 429 428 428 427 427 426 426 425 425 424 424 423 423 422 421 421 420 419 418 418 417 416 415 413 412 410 407 403
