data/handson/Instances_Belgium/Case2_Houffalize/elevation.asc
ncols         601
nrows         601
xllcorner     745468.5234000001
yllcorner     591346.1043
cellsize      10.0
NODATA_value  -9999.0
[rows 294 to 335 of 601, columns 0 to 93 of 601]
372 370 367 365 363 361 359 358 357 357 356 356 356 355 355 355 355 355 355 355 355 355 355 355 356 356 356 356 356 356 355 355 355 355 355 354 354 354 354 354 354 354 353 353 353 353 352 352 352 352 351 351 351 351 351 351 351 351 352 352 352 353 353 353 353 353 353 353 352 352 351 350 350 349 349 349 349 348 348 348 347 347 347 347 347 347 347 347 347 347 347 347 347 347
368 366 363 362 360 358 357 357 356 356 357 357 358 357 357 357 357 357 356 356 356 355 355 355 355 355 354 354 354 354 354 354 353 353 353 353 353 353 353 353 353 352 352 352 352 352 352 352 352 352 352 352 352 351 352 352 352 352 352 353 353 354 354 354 354 354 354 354 354 353 352 351 351 350 350 349 349 348 348 348 348 347 347 347 347 347 346 346 346 346 346 346 346 346
363 361 360 359 358 357 357 357 357 357 358 360 361 361 361 360 360 358 358 357 357 356 356 355 355 355 354 354 354 354 354 354 354 353 353 353 353 353 353 353 352 352 352 352 352 352 352 352 352 352 352 352 352 352 353 353 353 353 354 354 354 355 355 355 356 356 355 355 355 354 353 353 352 351 351 350 349 349 348 348 348 347 347 347 346 346 346 346 346 346 346 346 346 346
360 359 358 357 357 357 357 358 358 359 360 362 363 364 363 363 362 361 360 359 359 358 357 357 356 356 355 355 355 354 354 354 354 354 354 353 353 353 353 353 353 353 353 353 353 353 353 353 353 353 353 353 353 353 354 354 354 354 355 355 355 355 356 356 356 356 356 356 355 355 354 353 353 352 351 350 350 349 349 348 348 347 347 347 346 346 346 346 346 346 346 346 346 346
358 358 357 357 358 358 359 360 361 363 364 364 365 365 365 365 364 364 363 362 361 360 360 359 358 358 357 357 356 355 355 355 355 355 355 354 354 354 354 354 354 354 354 354 354 354 354 354 354 354 354 354 354 354 355 355 355 355 356 356 356 356 357 357 357 357 357 356 356 355 355 354 353 352 351 351 350 350 349 349 348 347 347 347 346 346 346 346 346 346 346 346 346 346
358 358 358 358 359 360 362 363 364 365 366 367 367 367 367 367 366 366 365 364 363 363 362 361 361 360 360 359 359 358 358 358 358 358 358 357 357 357 357 357 357 357 357 357 356 356 356 355 355 355 355 356 356 356 356 356 357 357 357 357 357 358 358 358 358 358 358 357 357 356 356 355 354 353 352 351 351 350 350 349 349 348 347 347 346 346 346 346 346 346 346 346 346 346
358 359 360 361 362 364 365 366 367 368 369 369 369 369 369 368 368 367 367 366 366 365 364 363 363 362 362 363 363 363 363 363 363 363 362 362 361 361 361 362 362 362 361 361 360 359 358 357 357 357 357 357 357 357 357 358 358 358 359 359 359 359 359 359 359 359 359 358 358 357 357 356 355 354 353 352 351 351 350 350 349 349 348 347 347 346 346 346 346 346 346 346 346 346
360 361 362 364 365 367 368 369 370 371 371 371 371 371 371 370 369 369 368 368 367 367 366 365 365 365 365 366 366 366 366 367 367 366 366 365 365 365 365 365 365 365 365 365 364 362 361 360 359 359 359 359 359 359 359 360 360 360 360 360 360 360 360 360 360 360 360 360 359 358 358 357 356 355 354 353 352 352 351 351 350 349 349 348 347 347 346 346 346 346 346 346 346 346
362 364 365 367 369 370 371 372 373 373 373 373 373 373 372 371 370 370 369 369 369 368 368 367 368 368 368 368 369 369 370 370 370 370 369 369 368 368 368 368 368 368 368 368 367 366 365 363 363 362 362 362 362 362 362 362 362 362 362 362 362 362 361 361 361 361 361 361 360 360 359 358 357 356 355 354 353 353 352 352 351 350 349 348 348 347 347 346 346 346 346 346 346 346
365 367 368 370 371 373 374 374 375 376 376 376 376 376 375 374 373 372 371 371 370 370 370 369 370 370 370 370 371 372 372 372 372 372 372 372 371 371 371 371 371 371 370 370 369 368 367 366 365 364 364 364 364 364 364 364 364 364 364 363 363 363 363 362 362 362 362 361 361 360 360 359 359 357 356 355 354 354 353 353 352 351 350 349 349 348 348 347 346 346 345 345 345 345
368 370 371 373 374 375 376 376 377 378 379 380 380 380 379 378 377 375 374 373 372 372 371 371 371 372 372 372 373 373 374 375 375 375 375 374 374 373 373 373 373 372 372 371 370 369 368 368 367 366 366 365 365 365 365 365 365 365 365 365 365 364 364 363 363 363 363 362 362 361 361 360 359 359 358 357 356 355 354 353 353 352 352 350 350 350 350 349 348 346 345 345 345 345
371 372 374 375 376 377 378 379 380 381 382 383 383 383 382 381 380 378 376 375 374 374 373 373 373 373 374 374 374 375 376 376 377 377 377 376 376 375 375 375 374 374 373 372 372 371 370 369 369 368 367 367 367 367 367 367 367 367 367 367 367 366 366 365 365 364 364 363 362 362 361 361 360 359 359 358 357 356 355 354 354 353 353 352 351 351 350 350 348 346 345 345 345 345
373 374 376 377 379 380 381 382 383 384 385 385 385 385 385 384 382 381 379 378 377 376 376 376 375 375 375 375 375 376 377 378 378 378 378 378 377 377 376 376 375 375 374 374 373 372 372 371 370 369 369 369 369 369 369 369 370 370 370 370 369 369 368 367 367 366 365 364 363 363 362 361 361 360 359 359 358 357 357 355 355 354 354 353 352 351 351 351 349 346 345 344 344 344
376 377 379 380 382 383 384 386 387 387 388 388 388 387 387 386 385 383 382 381 380 379 379 379 378 378 377 377 377 377 378 379 379 379 379 379 378 378 377 377 376 376 375 375 375 374 373 373 372 372 371 372 372 372 372 373 373 373 373 372 372 372 371 370 369 368 366 365 364 363 363 362 361 361 360 359 359 359 358 357 356 356 355 354 353 352 352 351 350 348 347 347 346 346
379 381 382 384 385 387 388 389 390 390 391 391 390 390 389 388 387 386 385 384 383 383 383 382 382 381 380 379 379 379 379 379 379 380 379 379 379 378 378 377 377 377 376 376 376 376 375 375 374 374 374 375 375 376 376 376 376 376 376 376 375 375 374 373 371 369 368 366 365 364 363 363 362 361 361 360 360 359 359 358 358 357 356 354 354 354 353 352 351 351 350 350 350 350
382 384 386 387 389 390 391 392 393 393 394 394 394 393 393 392 390 389 388 388 387 387 386 386 385 384 383 382 382 381 381 381 381 381 380 380 380 379 379 378 378 378 377 377 377 377 377 376 376 376 376 377 378 378 378 378 378 378 378 378 377 376 376 374 373 371 370 368 367 365 364 364 363 362 361 361 360 360 360 359 359 358 357 356 355 355 354 353 353 353 353 352 352 352
386 387 389 391 392 393 394 395 396 397 397 397 397 397 397 396 395 393 392 392 391 390 390 389 389 388 387 386 385 384 384 383 382 382 382 381 381 380 380 379 379 379 378 378 378 378 378 378 378 378 378 378 379 379 379 379 379 379 379 379 378 377 376 376 374 373 372 370 368 367 366 364 364 363 362 362 361 361 360 360 359 359 358 358 357 357 356 355 354 354 354 353 353 352
389 391 392 394 395 397 398 399 399 400 401 401 401 401 401 400 399 397 397 396 395 394 393 393 392 392 391 390 389 388 387 386 385 384 384 383 382 382 381 381 380 380 380 379 379 379 379 379 379 379 379 379 380 380 380 380 380 380 380 380 379 378 378 377 376 375 374 372 371 369 367 366 365 364 363 363 362 362 361 361 360 360 359 359 358 358 357 356 356 355 355 355 354 353
392 394 395 397 398 400 401 402 403 404 404 405 405 405 405 404 403 402 401 400 399 398 398 397 396 396 395 394 393 392 391 390 389 388 387 385 385 384 383 382 382 381 381 381 380 380 380 380 380 380 380 380 381 381 381 381 381 381 381 381 380 380 379 378 378 377 376 375 373 372 370 368 367 366 365 364 363 363 362 362 361 360 360 359 359 359 358 358 357 357 356 356 356 355
395 397 399 400 402 403 405 406 406 407 408 408 409 409 408 407 406 405 404 403 403 402 401 400 400 399 398 397 396 395 394 393 392 391 389 388 387 386 385 384 383 383 382 382 381 381 381 381 381 381 381 381 381 382 382 382 382 382 382 382 382 381 381 380 379 379 378 377 375 374 373 371 370 369 368 367 366 365 365 364 363 362 362 361 361 360 360 359 359 358 358 357 357 357
399 400 402 404 405 407 408 409 410 411 411 411 411 411 411 410 409 408 407 406 405 405 404 403 403 402 401 400 399 399 397 396 395 393 392 391 390 389 387 386 385 384 383 383 382 382 382 382 382 382 382 382 382 383 383 383 383 383 383 383 383 382 382 381 381 380 379 379 378 377 375 374 373 372 371 370 369 369 368 367 366 366 365 364 363 362 361 360 360 359 359 358 358 357
402 404 405 407 408 410 411 412 412 413 413 414 413 413 413 412 411 410 409 409 408 407 407 406 405 405 404 403 402 401 400 398 397 395 394 393 392 391 389 388 387 386 385 384 384 383 383 383 383 383 383 383 383 383 384 384 384 384 384 384 384 384 383 383 382 381 381 380 379 378 377 376 375 374 373 373 372 371 370 370 369 368 367 365 364 364 363 362 361 361 360 359 359 358
405 407 408 410 411 412 413 414 414 415 415 415 415 415 415 414 413 413 412 411 410 410 409 408 407 407 406 405 403 402 401 400 398 397 396 395 393 392 391 389 388 387 386 386 385 385 384 384 384 384 384 384 384 384 384 385 385 385 385 385 385 384 384 383 383 382 382 381 381 380 379 378 377 376 375 374 374 373 372 371 370 369 368 367 366 365 364 363 362 361 361 360 359 359
407 409 410 411 413 414 415 416 416 417 417 417 417 417 416 416 415 414 414 413 412 411 411 410 409 408 407 406 405 404 403 401 400 399 397 396 395 394 392 391 390 389 388 387 387 386 386 385 385 385 385 385 385 385 385 385 386 386 386 386 385 385 385 384 384 383 383 382 381 381 380 379 378 377 377 376 375 374 373 372 371 370 369 367 366 365 364 364 363 362 361 360 359 359
409 410 411 413 414 415 416 417 418 418 418 418 418 418 417 417 416 416 415 415 414 413 412 411 410 409 408 407 406 405 404 403 401 400 399 398 397 395 394 393 391 390 390 389 389 388 387 387 387 386 386 386 386 386 386 387 387 387 387 387 386 386 386 385 385 384 384 383 382 381 380 380 379 378 377 376 375 374 373 372 371 370 368 367 366 365 364 364 363 362 361 360 360 359
410 412 413 415 416 417 418 418 419 420 420 420 420 419 419 418 418 417 416 416 415 414 413 412 411 410 409 408 407 406 405 404 403 401 400 399 398 397 396 394 393 392 391 391 390 390 389 389 388 388 388 388 388 388 388 388 388 388 388 387 387 387 386 386 385 385 384 383 383 382 381 380 379 379 378 377 376 375 374 372 371 369 368 367 366 365 364 363 363 362 361 360 360 359
412 414 415 417 418 418 419 420 420 421 421 422 421 421 420 420 419 418 417 417 416 415 414 413 412 411 410 409 408 407 406 405 404 403 402 401 400 399 398 396 395 394 393 393 392 392 391 391 390 390 390 390 389 389 389 389 389 389 389 388 388 388 387 386 386 385 385 384 383 382 381 380 380 379 378 377 376 375 374 372 370 369 368 366 366 365 364 363 362 362 361 360 359 359
414 415 417 418 419 420 420 421 421 422 422 422 422 422 421 420 420 419 418 417 416 415 414 413 413 412 411 410 409 408 407 406 405 404 403 402 401 400 399 398 397 396 395 394 394 393 393 393 392 392 392 391 391 391 390 390 390 390 389 389 389 388 388 387 386 386 385 384 383 382 382 381 380 379 378 376 375 374 373 371 370 368 367 366 365 364 363 363 362 362 361 360 359 359
416 417 418 420 420 421 422 422 422 422 422 422 422 422 421 420 420 419 418 417 417 416 415 414 413 412 412 411 410 409 408 407 406 405 405 404 403 402 401 400 399 397 397 396 396 395 395 394 394 393 393 393 392 392 392 391 391 391 390 390 389 389 388 387 387 386 385 384 383 383 382 381 379 378 377 375 374 373 371 370 368 367 366 365 365 364 363 362 362 361 360 359 359 358
417 419 420 420 421 422 422 422 423 422 422 422 422 422 421 420 420 419 418 418 417 416 415 414 414 413 412 411 411 410 409 408 407 407 406 405 404 403 402 401 400 399 398 398 397 397 396 396 395 395 394 394 393 393 393 392 392 391 391 390 390 389 389 388 387 386 385 384 383 382 381 380 379 378 376 374 373 371 370 369 368 367 366 365 364 363 362 362 361 361 360 359 358 358
419 420 420 421 421 422 422 422 422 422 422 422 422 421 421 420 420 419 419 418 417 416 416 415 414 413 413 412 411 411 410 409 408 408 407 406 405 404 404 403 402 401 400 399 399 398 397 397 396 396 395 395 394 394 394 393 393 392 392 391 390 390 389 388 387 386 385 384 383 382 381 380 378 376 375 373 371 370 369 368 367 366 365 364 363 363 362 361 361 360 359 358 357 357
419 420 420 421 421 421 422 422 422 422 422 422 421 421 421 420 420 419 419 418 418 417 416 415 415 414 413 413 412 411 411 410 409 408 408 407 406 405 405 404 403 402 401 401 400 399 399 398 397 397 396 396 395 395 394 394 393 393 392 391 391 390 389 388 387 386 385 384 382 381 379 378 376 375 373 371 370 369 368 367 366 365 364 364 363 362 361 361 360 359 359 358 357 356
419 420 420 421 421 421 421 422 422 422 422 421 421 421 421 420 420 419 419 418 418 417 416 416 415 414 414 413 412 412 411 411 410 409 408 408 407 406 405 405 404 403 403 402 401 400 400 399 399 398 397 397 396 395 395 394 393 393 392 392 391 390 389 388 387 386 385 383 381 379 377 376 374 373 371 370 369 368 367 366 366 365 364 363 363 362 361 360 360 359 358 357 357 356
419 420 420 420 421 421 421 421 421 421 421 421 421 421 421 420 420 419 419 418 418 417 417 416 415 415 414 413 413 412 412 411 410 410 409 408 408 407 406 406 405 404 404 403 402 401 401 400 399 399 398 397 396 396 395 394 394 393 392 392 391 390 389 388 387 385 383 381 379 377 376 374 373 371 370 369 368 368 367 366 365 364 364 363 362 362 361 360 360 359 358 357 356 356
419 419 420 420 420 421 421 421 421 421 421 421 421 421 420 420 420 419 419 419 418 417 417 416 416 415 414 414 413 413 412 412 411 410 410 409 409 408 407 407 406 405 405 404 403 402 402 401 400 399 399 398 397 396 395 395 394 393 392 392 391 390 389 388 386 384 381 379 377 376 374 373 372 371 370 369 368 367 367 366 365 364 364 363 362 362 361 360 360 359 358 357 356 356
419 419 420 420 420 420 421 421 421 421 421 421 421 420 420 420 420 419 419 419 418 418 417 417 416 415 415 414 414 413 413 412 412 411 410 410 409 409 408 407 407 406 405 405 404 403 402 401 401 400 399 398 397 396 395 394 394 393 392 391 390 389 388 387 385 382 380 378 376 375 374 373 372 371 370 369 368 367 367 366 365 365 364 363 363 362 361 361 360 359 358 357 357 356
419 419 419 420 420 420 420 420 420 420 420 420 420 420 420 420 420 419 419 419 418 418 417 417 416 416 415 415 414 414 413 413 412 412 411 410 410 410 409 408 407 407 406 405 404 403 403 402 401 400 399 398 397 396 395 394 393 392 392 391 390 389 387 386 383 381 379 377 376 375 374 373 372 371 370 369 368 368 367 367 366 365 365 364 363 362 362 361 360 359 359 358 357 357
419 419 419 419 420 420 420 420 420 420 420 420 420 420 420 420 419 419 419 419 418 418 418 417 417 416 416 415 415 414 414 413 413 412 412 411 410 410 409 409 408 407 406 405 405 404 403 402 401 400 399 398 397 396 395 394 393 392 391 390 389 388 386 384 382 380 378 377 376 375 374 373 372 371 371 370 369 369 368 367 367 366 365 365 364 363 363 362 361 360 359 359 358 358
418 419 419 419 419 419 420 420 420 420 420 420 420 420 419 419 419 419 419 419 418 418 418 417 417 417 416 416 415 415 414 414 413 413 412 412 411 410 410 409 408 407 406 406 405 404 403 402 401 399 398 397 396 395 394 393 392 391 390 389 388 387 385 383 381 380 378 377 376 375 375 374 374 373 372 371 370 370 369 368 368 367 367 366 365 365 364 363 362 361 361 360 359 359
418 418 419 419 419 419 419 419 419 419 419 419 419 419 419 419 419 419 419 418 418 418 418 417 417 417 416 416 416 415 415 414 414 413 412 412 411 411 410 409 408 407 406 405 404 403 402 401 400 399 398 397 395 394 393 392 391 390 389 388 387 386 384 383 381 380 379 379 378 378 377 377 376 376 375 374 373 372 372 371 370 369 368 368 367 366 365 365 364 363 362 361 361 360
418 418 418 419 419 419 419 419 419 419 419 419 419 419 419 419 419 419 419 418 418 418 418 418 417 417 417 416 416 415 415 414 414 413 413 412 411 411 410 409 408 407 406 405 404 403 402 401 400 398 397 396 395 393 392 391 390 389 388 387 386 385 384 383 382 381 381 381 381 381 381 381 380 380 379 378 377 376 375 374 373 372 371 370 369 368 367 367 366 365 364 363 362 361
418 418 418 418 418 418 418 418 418 419 419 419 419 419 419 419 419 419 418 418 418 418 418 418 417 417 417 416 416 415 415 415 414 413 413 412 411 411 410 409 408 407 406 405 404 403 402 400 399 398 396 395 394 392 391 390 389 388 387 386 386 385 385 384 383 383 383 384 384 384 384 384 384 383 383 382 381 380 379 378 377 376 375 373 372 371 371 370 369 368 367 366 365 364
