data/handson/Instances_Belgium/Case2_Houffalize/elevation.asc
ncols         601
nrows         601
xllcorner     745468.5234000001
yllcorner     591346.1043
cellsize      10.0
NODATA_value  -9999.0
[rows 294 to 335 of 601, columns 282 to 375 of 601]
347 344 342 340 338 336 334 332 330 330 330 331 335 340 345 349 352 353 354 353 352 351 348 343 338 333 330 330 329 329 330 333 335 338 341 345 349 353 358 362 367 372 376 379 381 383 385 386 387 388 390 391 392 393 394 395 396 397 397 397 397 397 397 398 398 399 399 399 400 400 401 401 402 402 402 403 403 404 404 404 405 405 405 405 406 406 406 406 407 407 407 408 408 408
348 346 343 340 338 337 335 333 331 330 330 330 333 337 342 347 350 352 353 352 351 350 347 343 338 333 330 330 329 329 330 332 335 338 341 345 349 354 358 363 368 373 377 379 382 383 385 386 388 389 390 391 392 393 394 395 396 397 397 397 397 397 398 398 399 399 400 400 400 401 401 402 402 403 403 403 404 404 404 405 405 405 405 406 406 406 406 406 407 407 407 407 408 408
349 347 344 341 339 337 336 335 333 331 330 329 331 333 338 345 349 351 352 351 350 349 347 345 340 333 331 330 330 329 330 331 334 338 341 345 349 354 358 363 368 373 377 379 381 383 385 386 388 389 390 392 392 393 394 395 395 396 396 397 397 398 398 398 399 399 400 400 401 401 402 402 403 403 403 404 404 405 405 405 405 405 406 406 406 406 406 406 407 407 407 407 407 408
350 348 346 343 340 338 336 336 333 331 329 329 330 331 336 342 346 349 350 350 350 349 347 346 341 335 332 331 330 329 330 331 334 338 342 345 350 354 359 363 368 374 377 379 381 383 385 386 388 389 390 392 392 393 394 394 395 395 396 396 397 397 398 399 399 400 400 401 401 402 402 403 403 404 404 404 405 405 405 405 405 405 406 406 406 406 406 406 406 407 407 407 407 407
351 349 348 346 343 339 337 336 333 330 329 329 329 329 333 338 342 346 348 349 349 348 348 346 343 338 334 331 329 328 329 331 334 338 342 346 350 355 359 364 369 374 377 379 381 383 385 386 387 389 390 391 392 393 393 394 394 395 396 396 397 397 398 399 399 400 400 401 401 402 403 403 404 404 404 405 405 405 405 405 405 405 406 406 406 406 406 406 406 406 406 407 407 407
351 350 348 347 344 340 337 336 333 330 329 329 329 329 331 335 339 343 345 347 347 346 345 344 342 338 335 331 329 328 329 331 334 338 342 346 350 355 360 364 369 374 377 379 381 383 384 386 387 389 390 391 392 392 393 393 394 395 395 396 397 397 398 399 399 400 400 401 402 402 403 403 404 404 404 405 405 405 405 405 405 405 405 405 406 406 406 406 406 406 406 406 406 406
351 350 348 347 344 340 338 336 334 331 330 329 329 328 330 332 336 340 343 344 343 342 341 340 339 338 335 331 329 328 329 331 334 338 342 346 351 355 360 364 369 373 376 379 381 383 384 385 387 388 389 390 391 391 392 393 394 394 395 396 396 397 398 399 399 400 401 401 402 402 403 404 404 404 404 405 405 405 405 405 405 405 405 405 405 405 405 405 405 405 405 405 405 405
351 350 348 347 344 341 339 337 334 332 330 329 328 328 329 330 333 337 340 342 341 340 339 338 337 336 334 330 329 328 329 331 334 338 343 347 351 356 361 365 369 373 376 378 380 382 383 385 386 387 388 389 390 391 391 392 393 394 394 395 396 397 398 399 399 400 401 401 402 403 403 404 404 404 404 405 405 405 405 405 405 405 405 405 405 405 405 405 405 405 405 405 405 405
351 350 348 347 345 342 340 337 335 333 331 329 328 328 328 329 331 334 337 340 340 340 339 338 336 335 332 329 328 328 329 331 335 339 343 347 352 356 361 366 370 374 376 377 379 380 381 383 385 386 387 388 389 390 391 392 392 393 394 395 396 397 398 399 399 400 401 402 402 403 403 403 404 404 404 404 404 404 404 405 405 405 405 405 405 404 404 404 404 404 404 404 404 404
351 350 348 347 345 343 340 338 336 334 332 330 328 328 328 328 329 331 334 337 338 338 337 337 335 333 331 329 328 328 329 331 335 339 343 348 353 358 362 367 371 373 375 376 377 378 380 382 384 385 386 387 388 389 390 391 392 393 394 395 396 397 398 399 399 400 401 402 402 402 403 403 403 404 404 404 404 404 404 404 404 404 404 404 404 404 404 404 404 403 403 403 403 403
351 350 349 347 346 344 341 338 337 336 334 331 330 329 328 328 328 329 330 332 334 335 335 335 334 332 330 328 327 328 329 331 335 339 344 349 354 359 364 368 370 372 373 374 376 377 379 381 383 384 385 386 387 388 389 390 391 392 393 394 395 397 398 399 399 400 401 401 402 402 403 403 403 403 404 404 404 404 404 404 404 404 404 404 404 403 403 403 403 403 403 402 402 402
351 350 349 348 346 344 342 339 338 337 335 333 331 329 328 328 328 328 329 330 331 333 333 334 333 331 330 328 327 327 329 331 335 340 344 349 355 360 364 368 369 370 372 373 375 376 378 380 382 383 384 385 386 387 388 390 391 392 393 394 395 396 397 398 399 400 401 401 402 402 402 403 403 403 403 403 403 403 403 403 403 403 403 403 403 403 403 402 402 402 402 401 401 401
350 349 348 348 346 345 343 340 339 337 336 334 332 329 328 327 327 327 328 328 329 331 332 333 332 330 329 328 327 327 329 331 335 340 345 350 355 361 364 366 368 369 371 372 374 375 377 379 381 382 384 384 385 387 388 389 390 391 393 394 395 396 397 398 399 400 400 401 401 402 402 402 403 403 403 403 403 403 403 403 403 403 403 402 402 402 402 401 401 401 400 400 400 399
350 349 348 347 346 345 343 341 340 338 336 335 333 331 329 327 327 327 327 328 328 329 331 332 331 329 328 328 327 327 329 332 336 342 346 351 356 361 364 366 367 368 370 371 373 375 376 378 380 381 382 383 385 386 387 389 390 391 392 394 395 396 397 398 399 400 400 401 401 402 402 402 402 402 402 402 402 402 402 402 402 402 402 402 401 401 401 400 400 399 399 399 398 398
349 348 348 347 346 345 343 342 340 338 337 335 334 333 331 328 327 327 327 327 328 328 329 330 330 329 328 328 327 327 329 333 337 343 348 352 357 361 363 365 366 367 369 370 372 374 375 377 378 380 381 383 384 386 387 388 390 391 392 394 395 396 397 398 399 399 400 400 401 401 402 402 402 402 402 402 402 402 402 401 401 401 401 400 400 400 399 399 399 398 398 397 397 396
348 347 347 346 345 344 343 341 340 338 337 335 334 334 332 329 327 327 327 328 328 328 328 329 329 328 328 328 327 327 330 334 339 344 349 353 357 360 362 364 365 366 368 369 371 373 374 376 377 379 381 382 384 385 387 388 390 391 392 393 395 396 397 398 399 399 400 400 401 401 401 401 401 401 401 401 401 401 401 400 400 400 399 399 399 398 398 398 397 397 396 395 395 395
347 346 345 344 344 343 342 340 339 338 336 334 334 334 332 330 328 328 328 328 328 327 327 327 327 327 327 327 327 327 330 335 340 345 350 354 357 360 361 363 364 365 367 368 370 372 374 375 377 378 380 382 384 386 387 388 390 391 392 394 395 396 397 398 399 399 400 400 401 401 401 401 401 401 400 400 400 400 399 399 399 398 398 398 397 397 397 396 396 395 395 394 393 393
346 345 344 343 343 342 341 340 338 337 335 334 333 333 332 330 329 327 327 328 328 327 327 327 327 327 327 327 327 327 331 337 342 346 350 354 357 359 360 362 363 365 366 368 370 371 373 375 377 378 380 382 384 386 387 389 390 391 392 394 395 396 397 398 398 399 400 400 400 400 400 400 400 400 399 399 399 398 398 398 397 397 397 396 396 396 395 395 394 394 393 392 392 391
344 344 343 342 342 340 340 339 337 335 333 333 332 331 330 329 328 327 326 327 327 327 327 327 326 326 326 326 327 327 332 339 344 347 350 353 355 358 359 361 363 364 366 367 369 371 373 374 376 378 380 382 384 386 387 389 390 391 392 394 395 396 397 397 398 398 399 399 399 399 399 399 399 399 398 398 397 397 397 396 396 396 395 395 395 394 394 393 393 392 392 391 390 389
342 342 341 341 340 339 338 337 336 334 333 332 331 330 330 329 328 327 326 326 326 326 326 326 326 326 326 326 327 329 334 340 344 347 350 352 355 357 359 361 363 364 366 367 369 371 373 374 376 378 380 382 384 386 388 389 390 391 392 393 395 396 396 397 397 398 398 398 398 398 398 398 398 398 397 397 396 396 395 395 394 394 394 393 393 392 392 391 391 390 389 389 388 386
340 340 339 338 337 337 336 335 334 333 332 332 331 330 329 329 328 328 327 326 326 326 326 326 326 326 326 326 329 333 337 340 343 346 349 352 355 357 359 361 363 364 366 367 369 371 372 374 376 378 381 383 384 386 387 389 390 391 392 393 394 395 396 396 397 397 397 397 397 397 397 397 396 396 396 395 395 394 394 393 393 392 392 391 391 390 389 389 388 387 386 385 384 383
339 338 338 337 336 336 335 334 333 333 332 331 330 329 329 329 328 328 327 326 326 326 326 326 326 326 326 327 330 335 338 341 343 346 349 352 355 357 359 361 363 364 366 367 369 371 372 374 376 379 381 382 384 386 387 389 390 391 392 393 393 394 395 395 396 396 396 397 397 396 396 396 395 395 394 394 393 393 392 391 391 391 390 389 388 388 387 386 385 384 383 382 381 379
339 338 337 336 336 335 334 333 333 332 331 331 330 329 329 329 328 328 327 326 326 326 326 326 326 325 327 329 332 336 339 341 344 347 350 353 356 358 360 362 363 365 366 368 369 371 373 374 376 379 380 382 384 386 387 388 389 390 391 392 393 393 394 395 395 395 396 396 396 395 395 395 394 394 393 392 392 391 390 390 389 388 388 387 386 385 384 383 382 380 379 378 376 375
338 338 337 336 335 334 334 333 332 331 331 330 330 329 328 328 327 327 327 326 325 326 326 326 326 326 328 331 334 337 340 342 345 348 351 354 357 359 360 362 363 365 366 368 369 371 373 374 376 378 380 382 384 385 386 388 389 390 390 391 392 393 394 394 394 395 395 395 395 394 394 393 393 392 391 391 390 389 388 387 387 386 385 384 383 382 381 380 378 377 375 374 373 372
338 337 337 336 335 334 333 332 331 331 331 330 330 329 328 326 326 326 326 325 325 325 325 325 326 326 329 333 336 338 341 343 346 350 353 355 357 359 361 362 364 365 366 368 369 371 373 374 376 378 380 382 383 385 386 387 388 389 390 391 392 392 393 394 394 394 394 394 394 393 393 392 391 390 389 389 388 387 386 385 385 384 383 381 380 379 378 376 375 373 372 371 370 370
339 338 337 336 335 333 332 331 331 330 330 329 329 328 327 326 325 325 325 325 325 325 325 326 326 327 330 334 337 339 342 345 348 351 354 356 358 359 361 362 364 365 366 368 369 371 372 374 376 378 380 381 383 384 385 386 387 388 389 390 391 392 393 393 394 394 393 393 393 392 391 390 389 388 387 387 386 385 384 383 382 381 379 378 377 376 374 373 371 370 369 369 368 367
339 338 337 336 334 332 331 330 330 330 329 329 328 327 326 326 325 325 325 325 325 325 325 326 327 328 331 335 338 341 344 347 350 352 355 357 358 360 361 362 364 365 366 368 369 371 372 374 376 378 379 381 382 383 385 386 387 388 389 390 391 392 393 393 393 393 392 392 391 390 389 388 387 386 385 384 383 382 381 380 379 377 376 374 373 372 371 369 369 368 367 367 366 366
339 338 337 336 334 332 330 330 329 329 329 328 327 326 325 325 325 325 325 325 325 325 325 326 328 329 332 336 339 342 345 348 351 353 355 357 358 360 361 362 364 365 366 368 369 371 372 374 376 377 379 380 381 383 384 385 386 387 389 390 391 392 392 392 392 391 391 390 390 389 387 386 385 384 383 382 381 379 378 377 375 373 372 371 370 369 368 367 366 366 366 365 365 364
339 337 336 336 334 332 330 329 329 328 328 327 326 325 325 325 325 325 325 325 325 325 325 326 328 330 333 337 341 344 346 349 351 353 355 357 358 359 361 362 363 365 366 368 369 371 372 374 375 377 378 380 381 382 383 385 386 387 388 390 391 391 391 391 390 390 389 389 388 387 386 385 383 382 381 379 377 376 374 373 371 370 369 368 367 367 366 365 365 364 364 364 363 363
339 337 336 335 334 333 331 329 328 328 327 327 326 326 325 325 325 325 325 325 325 325 325 326 328 331 334 338 342 345 347 349 351 353 355 357 358 359 360 362 363 365 366 367 369 370 372 373 375 376 378 379 380 382 383 384 385 386 388 389 389 389 389 389 389 388 388 387 386 385 384 382 381 379 377 376 374 372 371 369 368 367 366 366 365 365 364 364 363 363 363 362 362 362
340 338 337 335 334 333 332 329 328 327 327 327 326 326 326 325 325 325 325 324 324 325 326 327 329 332 336 339 342 345 347 349 351 353 355 356 358 359 360 362 363 364 366 367 369 370 371 373 374 376 377 379 380 381 382 384 385 386 387 388 388 388 388 387 387 387 386 385 384 383 381 379 377 375 374 372 370 369 367 366 366 365 365 364 364 363 363 362 362 362 361 361 361 360
340 339 337 335 334 334 332 329 328 327 327 327 326 326 326 326 325 325 324 324 324 325 326 327 330 333 336 340 343 345 347 349 351 353 354 356 357 358 360 361 363 364 365 367 368 370 371 373 374 375 377 378 380 381 382 383 384 385 386 386 386 386 386 386 385 385 384 383 381 380 378 376 374 372 370 368 367 366 365 364 364 363 363 363 362 362 362 361 361 360 360 360 360 359
339 338 337 335 334 334 332 330 328 327 327 327 326 326 326 326 325 324 324 324 325 325 326 327 330 333 336 340 343 345 347 349 351 352 354 355 357 358 359 361 362 364 365 366 368 369 371 372 374 375 377 378 379 380 382 383 383 384 384 385 385 385 385 384 384 383 382 380 378 376 374 372 370 368 367 365 364 363 363 363 362 362 362 361 361 361 360 360 360 359 359 359 359 359
339 338 337 335 334 334 332 330 329 327 327 326 326 326 326 325 325 324 324 325 325 325 326 327 330 333 336 340 343 345 347 349 350 352 353 355 356 358 359 361 362 363 365 366 368 369 371 372 373 375 376 378 379 380 381 382 383 383 383 384 383 383 383 383 382 381 379 377 375 373 371 369 367 365 364 363 362 362 361 361 361 361 360 360 360 360 359 359 359 358 358 358 358 358
339 338 337 335 334 333 332 331 329 327 327 326 326 326 325 324 324 324 325 326 326 326 326 327 329 332 336 340 343 345 347 348 349 350 352 354 355 357 359 360 362 363 364 366 367 369 370 372 373 375 376 378 379 380 381 382 382 382 382 382 382 382 381 381 380 378 377 375 372 370 368 366 364 363 362 361 361 360 360 360 360 359 359 359 359 359 358 358 358 357 357 357 357 357
338 337 336 335 334 333 332 331 329 327 326 325 325 325 325 324 324 324 325 326 326 326 327 327 330 333 336 339 341 343 345 346 347 349 351 352 355 357 358 360 361 363 364 366 367 369 370 372 373 375 376 378 379 380 381 381 381 381 381 381 380 380 379 378 377 375 374 371 369 367 365 363 362 361 360 360 359 359 359 359 358 358 358 358 358 358 357 357 357 356 356 356 356 356
338 337 336 335 334 333 332 330 329 327 325 324 324 324 324 324 324 324 325 325 325 326 327 328 330 334 336 338 339 341 342 343 345 347 349 351 354 356 358 360 361 362 364 365 367 368 370 372 373 375 376 378 379 380 380 381 380 380 380 379 379 378 377 375 374 372 370 368 366 364 362 361 360 359 359 358 358 358 358 357 357 357 357 357 356 356 356 356 356 355 355 355 355 355
338 337 336 335 334 333 332 330 328 327 325 324 323 323 324 324 324 324 324 325 325 326 327 328 330 333 335 335 337 338 339 340 342 344 347 349 352 355 357 359 361 362 364 365 367 368 370 371 373 375 376 378 379 380 380 380 379 378 378 377 376 375 374 372 370 369 367 365 363 361 360 359 358 358 357 357 357 357 356 356 356 356 356 356 355 355 355 355 354 354 354 354 354 354
338 336 336 335 334 333 332 330 328 327 325 324 323 323 324 324 324 324 324 324 325 325 326 327 329 330 332 333 334 335 336 337 339 341 344 347 350 353 355 358 360 361 363 365 366 368 370 371 373 375 377 378 379 379 379 378 378 377 376 375 373 372 370 368 367 365 363 362 360 359 358 357 357 356 356 356 356 356 355 355 355 355 355 355 354 354 354 353 353 353 353 353 354 354
338 336 335 335 334 333 332 330 329 327 326 325 324 323 323 324 324 324 324 324 324 325 326 327 328 328 329 330 331 332 333 334 336 338 340 343 347 350 353 356 358 360 362 364 366 368 369 371 373 375 377 378 378 378 377 377 376 374 373 372 371 369 367 366 364 363 361 360 358 357 356 356 355 355 355 355 354 354 354 354 354 354 354 353 353 353 352 352 352 352 352 353 353 354
337 336 335 335 334 333 332 331 330 329 327 326 324 323 323 324 324 324 324 324 324 324 325 327 327 327 327 327 328 330 331 332 333 334 336 339 343 347 350 353 356 359 361 363 365 367 369 371 373 375 377 377 377 377 376 375 373 372 371 369 368 366 365 363 362 361 360 358 357 356 355 354 354 354 353 353 353 353 353 352 353 353 353 352 352 352 351 351 351 352 352 352 353 354
337 336 335 334 333 332 331 331 330 329 328 327 325 324 323 323 324 324 324 324 324 324 325 327 327 327 327 327 327 328 329 330 331 332 334 336 339 343 347 350 354 357 360 362 365 367 369 372 374 375 376 377 376 375 374 372 371 370 368 367 366 364 363 362 360 359 358 356 355 354 354 353 353 352 352 352 352 351 351 351 351 352 351 351 351 351 351 351 351 351 352 353 353 354
