data/handson/Instances_Belgium/Case2_Houffalize/saz.asc
ncols         601
nrows         601
xllcorner     745468.5234000001
yllcorner     591346.1043
cellsize      10.0
NODATA_value  -9999.0
[rows 473 to 515 of 601, columns 480 to 575 of 601]
97 97 97 97 96 95 94 92 91 91 90 90 91 92 88 79 52 323 303 313 309 288 255 204 171 135 127 129 127 128 130 133 130 125 129 139 164 180 184 187 192 202 209 221 239 253 260 264 267 270 269 264 264 267 268 269 268 265 268 273 270 264 259 248 230 216 201 174 155 155 157 151 143 144 152 154 150 147 144 145 154 154 143 138 142 141 139 141 145 148 150 150 147 143 141 144
96 97 97 96 95 94 93 91 90 89 88 88 89 91 85 69 42 325 293 296 301 279 208 158 153 136 128 129 129 128 126 130 134 127 123 133 155 167 169 184 206 219 221 236 254 265 269 271 271 272 272 269 268 268 268 268 266 263 269 276 277 273 265 253 240 224 185 157 143 145 153 150 144 143 145 148 148 150 150 147 149 153 153 150 148 145 142 141 143 145 146 147 148 142 137 141
95 95 96 96 95 93 91 89 87 86 85 85 87 90 82 58 30 340 296 279 261 207 175 126 132 133 129 131 132 133 129 124 127 120 117 129 149 157 158 184 219 232 236 254 266 271 274 275 273 271 270 267 266 265 265 265 264 266 271 277 281 283 279 271 254 211 168 151 138 133 139 138 137 142 145 145 145 147 150 147 144 147 153 154 153 151 148 147 146 147 147 146 145 140 133 140
93 93 93 94 93 92 90 88 86 83 82 82 83 83 71 45 24 349 302 266 224 189 176 138 130 131 129 129 128 131 132 124 120 112 110 122 143 152 149 186 233 241 246 260 268 271 274 276 274 271 269 268 267 266 265 265 267 271 275 280 286 291 289 283 261 173 151 149 146 138 140 138 134 138 145 146 144 145 150 149 144 144 147 149 150 151 149 149 148 149 151 146 143 140 130 140
91 90 90 91 92 92 90 88 85 81 79 78 77 72 58 41 33 9 298 254 208 137 144 141 134 133 130 130 126 118 116 116 117 110 108 117 136 150 150 203 246 244 247 258 264 267 271 276 274 270 269 270 270 269 268 267 271 278 281 286 292 298 298 290 262 123 128 141 148 144 142 145 142 140 144 147 146 142 145 147 146 146 147 146 145 146 147 148 149 151 154 147 139 142 135 156
89 88 88 89 90 91 90 88 85 82 80 77 75 67 61 67 72 62 288 234 187 136 131 134 132 131 128 127 126 111 104 108 117 114 109 113 129 151 171 224 249 250 256 263 266 267 270 274 273 269 270 274 274 274 273 273 279 286 288 291 294 298 303 300 78 96 106 121 141 143 138 143 148 146 143 145 150 146 141 143 144 146 149 148 144 144 144 146 149 153 161 152 136 142 162 291
86 87 88 88 89 90 89 88 87 85 82 79 76 70 79 112 128 114 223 138 145 138 131 132 130 127 121 115 114 109 106 110 121 121 113 113 124 149 183 222 249 264 269 270 270 268 269 272 272 269 271 278 279 278 279 281 287 294 295 297 297 293 295 301 73 84 91 97 120 139 140 140 147 149 145 141 145 147 143 142 143 144 147 148 146 146 146 145 147 151 158 157 144 150 257 292
84 86 86 87 86 86 86 86 86 86 83 79 84 94 101 113 148 199 194 133 130 132 128 127 126 122 116 106 104 106 107 110 120 124 116 113 122 148 186 224 251 267 272 272 271 269 270 272 272 271 274 280 285 286 288 289 292 297 297 299 300 288 271 221 131 91 102 111 116 128 139 141 144 148 150 145 140 142 143 142 143 142 142 144 145 147 150 150 150 150 151 157 160 231 289 294
83 84 85 84 83 81 80 81 83 84 81 79 97 122 125 112 137 178 158 135 128 132 127 120 115 109 105 101 103 107 107 109 117 124 119 113 119 146 188 228 252 265 269 270 270 269 271 273 274 275 278 282 288 293 296 297 297 299 298 298 299 272 216 186 172 104 114 129 128 124 131 136 138 141 146 149 144 140 140 138 138 141 140 141 143 142 147 150 152 154 154 167 214 289 299 299
75 77 79 80 80 80 80 80 80 78 92 106 107 119 140 142 142 131 134 129 121 124 123 115 107 101 98 98 101 107 108 109 115 124 125 119 119 141 193 238 257 265 267 268 269 270 271 272 273 274 279 285 290 295 297 298 298 300 299 296 301 225 174 177 183 133 117 125 134 130 128 131 133 134 135 142 147 145 142 138 134 137 139 140 144 143 141 144 147 153 161 210 273 293 299 300
63 68 72 75 79 83 83 82 76 73 102 129 123 112 130 181 156 121 122 125 116 108 105 102 99 98 97 97 101 106 109 109 113 122 129 128 124 142 209 251 262 265 266 268 270 271 272 272 271 270 277 287 292 296 297 297 296 299 300 287 280 87 112 103 141 144 129 119 127 131 131 130 131 132 130 131 139 143 143 141 136 135 137 136 140 144 142 145 147 155 206 289 293 296 298 297
68 73 76 78 81 83 81 78 93 104 109 124 134 119 95 56 108 111 111 117 112 99 95 96 96 97 97 98 100 106 110 112 113 118 126 128 126 148 229 258 265 266 268 270 272 273 272 271 271 272 279 288 293 297 299 302 298 297 301 283 249 117 153 121 121 134 136 123 122 128 132 133 132 134 133 129 131 134 137 140 138 137 138 134 133 140 143 148 158 216 291 301 298 297 298 299
84 88 87 85 82 79 74 75 110 130 122 118 130 147 314 3 51 98 102 103 102 98 97 98 98 98 98 100 101 104 111 117 116 116 120 123 122 152 240 260 265 268 270 274 275 274 272 270 273 278 283 289 293 296 300 308 307 297 296 287 235 106 134 136 124 121 126 124 123 126 131 135 135 137 138 134 131 130 130 134 137 138 140 135 130 137 144 158 206 283 299 303 300 296 297 303
92 93 91 88 89 93 112 112 115 128 130 120 107 337 313 347 70 96 98 96 97 99 99 100 100 99 100 102 103 105 110 117 121 122 123 123 120 153 253 266 269 270 273 276 276 275 273 272 275 280 284 290 296 302 303 311 325 331 337 341 167 110 117 129 126 117 120 127 128 128 129 133 136 139 142 139 134 132 129 132 135 137 139 133 125 131 146 187 263 291 296 298 297 294 292 298
95 93 91 88 99 110 131 136 127 126 131 131 323 339 344 37 91 98 98 95 98 102 103 102 102 101 102 105 106 107 110 115 122 130 133 131 124 179 269 275 276 274 275 277 277 275 275 275 277 281 284 288 297 308 310 314 334 354 13 39 93 115 111 114 117 114 121 131 136 135 133 131 133 139 145 141 136 136 134 134 137 136 137 132 122 123 143 244 279 294 295 289 289 290 286 286
94 92 97 101 116 123 126 135 132 127 133 277 295 323 26 86 101 103 102 101 103 108 110 109 109 109 110 112 114 116 118 121 124 132 142 148 140 277 284 285 282 278 277 277 277 275 276 277 280 284 286 288 291 300 308 312 323 358 48 73 102 122 116 114 119 120 122 130 137 139 138 134 131 137 146 144 137 136 136 137 141 139 136 131 120 119 146 279 283 290 294 287 284 286 283 279
92 89 102 111 123 131 130 133 134 125 353 311 293 284 97 102 106 109 110 110 110 114 117 117 118 119 119 122 124 125 127 131 133 136 146 165 202 294 296 295 291 284 280 279 277 274 276 278 283 288 289 290 287 285 289 296 297 131 103 94 109 126 126 123 127 131 129 130 135 140 141 138 133 134 143 146 140 138 138 137 141 143 139 132 120 119 286 293 285 281 285 287 284 282 279 276
102 110 122 124 124 130 130 131 141 186 306 318 305 205 124 115 115 118 120 119 118 120 124 126 126 126 126 128 130 130 131 135 140 142 142 180 261 288 294 295 293 287 284 282 282 281 282 284 287 290 291 293 289 281 278 282 199 144 134 116 113 121 127 127 128 131 132 132 133 137 141 141 138 136 138 143 143 142 142 139 142 147 149 143 130 144 278 289 284 279 281 284 284 284 279 273
108 123 131 133 129 132 132 123 129 294 300 321 347 125 125 123 124 126 128 129 126 127 131 132 132 133 133 133 134 134 133 137 144 155 167 285 289 288 288 287 288 287 286 287 290 290 291 292 292 292 292 295 294 286 280 273 130 131 137 133 122 117 122 126 126 129 131 132 132 132 135 139 140 140 140 142 144 145 146 141 139 149 159 161 156 211 268 276 278 279 280 280 282 288 284 270
121 126 129 134 130 131 142 146 327 316 300 309 82 117 124 126 127 128 131 133 132 133 135 135 134 134 134 134 135 135 134 139 144 168 243 288 293 289 286 286 288 289 289 289 293 294 295 295 294 293 292 294 295 292 284 270 117 122 129 133 129 120 120 124 126 128 131 133 137 136 136 138 140 141 142 143 146 149 153 146 136 143 163 178 192 255 274 277 277 277 287 296 293 295 303 319
130 131 131 135 133 121 130 256 301 326 320 206 122 123 127 128 128 129 131 133 134 137 139 138 135 134 132 132 133 131 131 143 157 223 272 280 285 286 287 289 292 294 293 291 294 295 295 295 295 294 291 290 292 295 292 314 108 118 124 127 128 124 121 124 126 129 132 132 137 142 142 143 143 143 143 145 148 149 153 153 144 144 170 206 247 279 285 286 281 275 290 311 312 307 316 348
131 132 129 132 143 129 24 315 297 312 27 126 129 129 130 132 133 133 133 133 134 136 139 138 136 134 133 132 133 129 126 142 199 271 283 283 286 291 293 295 298 300 301 299 299 299 298 297 297 297 294 290 290 292 280 139 116 119 125 128 129 128 124 125 127 129 132 132 132 138 142 145 146 146 145 147 150 149 147 151 155 162 201 245 272 287 289 290 294 289 290 303 317 313 310 348
131 136 132 120 132 243 316 331 316 276 127 130 133 133 134 135 136 138 138 137 135 135 137 136 133 132 133 134 134 131 123 140 249 280 288 290 293 299 302 303 305 306 308 307 306 304 302 301 299 302 301 295 291 288 182 144 129 126 129 131 133 133 129 127 128 128 131 132 129 133 138 143 146 146 145 146 149 152 149 152 166 195 241 265 280 290 291 288 299 306 297 291 301 307 301 332
128 133 142 123 33 314 299 317 2 126 129 130 134 135 135 135 135 138 140 139 137 136 137 134 130 130 131 132 133 134 126 156 265 279 288 292 295 300 304 307 308 309 310 311 310 308 306 305 302 304 306 303 295 290 121 129 126 123 124 124 126 128 127 127 128 127 128 129 127 129 134 139 146 147 146 145 143 149 157 167 198 242 274 286 289 294 296 289 293 304 303 291 292 298 293 298
130 121 134 236 320 331 313 274 130 129 128 127 130 133 134 135 134 135 138 139 137 137 138 134 129 129 130 129 130 134 132 202 267 275 284 292 295 298 303 306 309 310 311 311 311 309 308 310 307 306 309 312 307 103 107 110 110 107 107 108 109 112 115 119 124 125 125 126 124 125 129 132 140 146 147 148 146 147 162 201 251 272 290 301 299 298 301 294 290 295 301 298 296 294 284 268
139 121 46 306 298 319 357 126 130 128 126 123 124 127 129 131 132 133 135 136 136 137 140 136 129 130 132 132 131 138 141 271 280 281 287 293 297 299 303 305 308 309 310 310 310 308 306 308 309 309 314 325 350 82 93 94 92 90 92 95 99 102 105 110 117 121 122 124 122 121 125 129 132 139 142 148 159 169 198 268 297 302 303 308 310 309 311 305 295 293 297 297 295 293 283 267
132 201 322 326 305 281 119 117 118 119 119 117 116 118 120 123 126 128 130 132 134 135 139 138 132 131 134 138 138 152 207 297 294 292 294 296 299 302 305 306 307 306 307 308 309 307 303 304 306 309 317 336 18 63 77 78 77 76 81 88 93 97 100 103 110 115 118 122 122 116 120 127 130 135 138 140 162 197 246 287 307 315 314 314 316 315 317 316 306 299 299 292 287 286 288 292
74 308 301 319 330 145 128 118 115 115 117 117 116 116 117 119 122 125 128 130 132 134 136 136 133 130 132 139 140 174 266 293 296 293 294 295 297 301 306 308 308 307 306 307 308 307 304 303 306 311 320 345 26 53 64 65 65 69 77 85 90 94 97 100 105 111 113 117 120 115 115 123 127 133 143 144 145 229 279 296 304 311 315 317 318 315 312 314 309 301 298 291 286 286 290 300
324 323 307 306 17 98 110 113 113 115 118 121 121 120 119 119 121 124 127 130 132 134 135 135 133 127 127 140 151 254 281 289 291 288 288 288 291 297 304 308 310 308 306 307 308 308 305 306 309 314 325 350 24 43 53 54 58 67 77 85 89 93 96 100 104 108 108 108 113 114 114 120 125 127 146 168 187 285 295 304 306 306 311 315 317 315 308 306 301 287 284 288 289 291 293 301
303 316 313 292 122 116 117 121 122 123 124 127 128 128 127 125 126 127 129 131 132 134 135 136 135 128 122 137 202 280 285 287 289 289 289 290 291 295 301 307 311 311 309 310 310 310 308 310 314 320 330 351 20 36 44 47 54 64 74 81 86 91 94 98 100 104 104 104 107 109 109 116 124 130 148 203 301 306 303 307 311 310 308 311 312 312 306 300 295 281 282 290 295 299 300 304
305 309 314 150 137 133 131 132 133 134 134 134 135 136 136 135 134 134 135 133 133 134 135 136 137 133 122 132 260 283 284 285 289 293 295 297 297 297 300 304 309 313 313 313 314 314 313 315 320 328 339 355 13 25 33 39 50 61 70 75 81 88 92 94 96 97 100 103 106 104 103 107 119 137 179 268 303 313 310 310 314 316 313 310 308 305 298 289 288 286 289 296 301 308 310 312
302 295 131 133 134 135 134 135 136 138 139 139 138 139 140 139 138 138 138 137 134 135 136 136 137 137 128 155 271 281 284 286 290 295 296 297 299 300 303 305 307 311 313 314 314 314 313 315 320 331 349 359 2 12 23 39 56 67 73 77 81 86 89 92 94 95 97 101 106 107 104 106 116 142 282 304 309 316 317 317 316 317 317 314 310 306 300 292 295 297 297 299 302 309 318 324
290 198 143 133 132 134 134 137 138 139 141 141 141 140 141 141 140 138 138 138 136 135 136 136 136 141 141 216 270 278 283 289 293 297 297 294 296 302 307 308 308 311 313 313 312 311 310 310 315 323 342 351 353 7 28 54 70 76 79 81 82 84 87 90 93 95 97 99 106 112 109 111 121 204 297 312 314 320 324 325 324 321 319 318 316 312 310 305 307 309 306 305 305 309 321 334
185 151 142 133 130 131 132 135 137 140 142 144 144 143 143 143 142 139 137 137 136 136 137 137 136 145 159 264 280 283 286 289 293 296 299 296 295 300 305 307 305 307 310 310 309 308 308 309 316 321 329 338 345 8 37 59 71 77 80 82 83 85 86 88 91 94 96 98 104 112 111 114 131 253 283 297 304 312 321 327 331 329 327 327 329 329 328 324 320 318 315 314 312 313 325 344
151 141 137 131 128 130 130 132 135 139 142 145 147 147 147 145 143 140 137 136 135 134 136 138 138 155 221 287 291 293 292 290 291 292 297 301 299 298 301 304 302 301 302 300 298 301 303 306 316 324 328 333 339 6 38 53 65 74 79 81 84 87 88 86 88 91 95 98 103 110 110 113 141 258 272 278 284 293 304 316 327 331 331 332 334 337 338 337 333 329 325 325 324 324 331 354
149 140 135 131 128 130 132 133 135 139 143 146 150 151 152 149 144 141 137 136 135 134 134 137 138 176 263 286 290 293 293 291 291 290 293 297 297 296 297 300 300 298 301 300 299 301 306 310 315 322 329 334 338 3 37 56 69 76 79 80 82 84 84 83 85 89 92 97 101 107 109 111 153 258 267 270 274 280 290 303 318 327 331 332 332 335 337 339 340 336 329 330 334 335 335 4
148 139 134 132 129 131 134 136 138 141 146 149 153 155 157 154 148 142 138 136 135 136 134 137 139 234 274 282 285 287 290 291 292 291 291 291 291 291 292 295 296 295 301 307 308 309 313 317 319 321 326 335 342 7 44 66 76 79 79 79 79 78 78 79 83 86 90 95 99 105 107 105 151 257 265 267 270 273 280 292 307 318 325 330 332 334 336 339 342 340 334 333 341 346 346 36
146 138 132 131 129 131 135 137 139 143 149 153 158 160 161 158 153 146 140 138 137 140 140 148 164 276 284 286 285 285 286 288 288 287 287 286 287 287 287 288 292 294 297 304 307 308 311 315 317 315 311 319 335 27 65 75 79 81 80 80 80 78 78 81 84 86 89 93 97 104 108 105 137 258 264 265 267 269 275 284 295 304 311 319 324 329 333 336 340 341 339 341 350 2 23 69
145 136 130 130 129 130 133 137 140 145 153 158 162 164 165 162 158 149 142 140 140 144 148 168 224 284 290 292 290 288 285 283 281 278 279 282 284 285 283 280 284 292 295 298 301 302 303 307 310 308 292 265 232 123 92 81 81 81 82 82 83 82 83 86 87 88 89 93 97 104 112 112 140 260 263 262 264 267 272 279 286 290 293 296 301 307 314 321 327 332 336 343 357 21 49 71
139 129 123 125 126 128 131 136 139 145 156 162 165 167 167 165 162 153 144 142 140 144 148 197 268 289 292 292 289 285 281 276 274 273 273 276 277 277 275 272 272 273 274 275 272 267 264 261 251 233 205 192 188 168 130 92 85 84 83 83 84 85 86 88 88 88 90 93 96 101 111 118 150 261 261 259 262 266 269 272 273 274 274 274 277 282 289 299 308 316 323 338 7 47 68 75
130 121 115 117 119 122 127 133 138 145 157 163 165 167 168 167 164 156 147 146 144 149 167 286 292 296 294 289 283 276 271 268 268 270 270 269 267 264 263 264 256 244 240 237 225 217 215 207 197 190 185 183 184 180 171 115 91 87 85 83 85 87 88 87 88 89 91 94 94 96 101 113 150 260 258 256 261 266 265 262 258 256 256 258 262 267 273 282 291 299 306 327 59 90 88 82
127 119 113 112 115 119 123 130 137 145 158 164 164 165 168 166 163 156 148 148 150 173 262 294 293 292 289 280 272 264 259 255 254 255 254 250 244 237 234 227 214 210 212 208 196 193 194 190 184 183 185 185 184 187 195 167 109 91 85 83 84 86 87 86 87 88 89 91 93 95 105 133 165 240 253 257 263 265 263 256 250 247 248 251 255 261 264 266 267 271 268 198 115 110 101 92
124 121 114 112 113 117 120 127 136 144 157 163 162 163 165 164 161 157 150 152 164 236 280 293 288 280 271 259 254 252 245 238 235 234 230 225 217 211 206 200 195 196 198 194 187 185 186 184 183 184 185 185 185 191 201 190 146 98 84 83 83 83 84 85 86 86 86 86 90 97 116 147 167 219 249 263 265 265 260 253 247 244 246 248 253 260 259 251 246 245 229 180 133 114 108 105
