data/handson/Instances_Belgium/Case2_Houffalize/saz.asc
ncols         601
nrows         601
xllcorner     745468.5234000001
yllcorner     591346.1043
cellsize      10.0
NODATA_value  -9999.0
[rows 0 to 42 of 601, columns 480 to 575 of 601]
209 210 227 233 236 239 246 252 253 253 252 248 246 246 244 239 235 233 231 230 229 229 230 230 229 228 228 230 232 233 231 225 222 226 230 232 233 236 238 237 237 236 234 233 233 230 228 227 227 227 224 210 190 212 242 230 182 159 152 116 110 128 184 177 106 100 96 93 89 85 83 80 78 78 77 74 71 67 66 68 70 72 76 82 81 77 78 80 92 248 244 236 240 236 204 117
211 220 235 237 237 240 246 250 250 250 248 244 243 244 241 236 234 233 232 230 229 230 231 231 230 229 229 231 232 231 229 227 229 231 233 235 236 241 241 239 237 235 234 234 233 231 229 230 230 228 222 212 212 263 268 240 172 154 153 116 108 127 202 210 114 104 100 96 93 89 86 83 81 82 80 77 73 68 69 72 74 75 79 85 85 83 83 84 87 239 235 232 240 237 218 160
226 238 241 240 239 243 248 249 247 246 243 240 241 242 238 234 235 235 233 231 231 233 234 232 230 229 230 231 231 231 233 235 236 236 238 239 241 245 244 242 240 237 237 237 235 234 235 236 233 228 227 241 258 270 258 198 154 146 148 116 108 127 211 215 132 117 111 107 105 103 99 96 94 93 90 87 83 78 80 85 86 84 86 90 91 90 89 88 85 73 204 230 241 235 228 226
238 242 240 243 246 250 251 247 244 242 240 240 241 240 237 237 239 237 234 234 236 237 234 230 228 228 229 231 231 233 237 240 240 241 241 241 244 245 247 251 248 243 242 239 239 241 241 239 236 236 257 294 284 227 199 181 165 154 150 116 107 124 211 210 145 129 124 119 118 116 114 112 110 107 103 99 97 95 96 99 100 98 96 94 93 92 91 89 90 93 137 233 243 234 234 243
244 242 244 256 260 259 255 247 243 243 242 242 243 241 239 241 242 240 238 238 238 237 233 229 231 235 237 237 236 238 242 243 243 246 246 245 246 246 247 249 247 246 246 244 244 244 243 240 235 239 252 259 186 168 183 183 175 165 155 118 107 122 209 206 147 134 132 129 128 127 124 122 120 117 114 111 110 107 105 106 107 106 103 99 98 98 95 94 95 98 111 234 241 234 241 244
245 242 251 272 279 271 258 247 246 248 247 247 246 243 242 244 246 246 242 238 238 237 233 234 243 251 250 245 244 246 245 243 246 251 251 249 247 244 242 240 242 252 254 251 248 243 241 238 229 230 229 210 183 174 183 183 178 168 157 121 108 120 208 206 145 132 133 133 134 136 134 129 126 124 123 121 120 115 110 108 109 110 108 106 106 105 102 100 99 99 101 228 241 238 244 240
247 246 255 265 274 280 268 253 253 255 254 254 252 248 249 251 252 251 246 243 245 246 244 248 255 258 256 253 254 256 253 250 254 258 258 257 255 251 249 247 250 257 257 255 250 243 240 233 217 210 206 200 201 201 190 182 177 167 154 120 107 120 203 198 150 133 127 123 127 137 142 139 135 133 131 130 129 124 118 114 114 114 112 110 110 109 106 104 103 104 102 136 229 235 243 237
249 252 254 252 255 282 286 269 264 263 263 265 263 259 259 260 259 254 253 255 260 264 265 265 263 258 257 263 267 270 268 264 264 265 266 269 271 271 268 264 261 258 257 258 253 245 237 222 202 198 205 213 216 206 189 182 182 171 154 115 105 118 186 188 160 145 130 104 109 128 143 146 143 141 139 138 137 133 127 123 122 121 118 114 112 111 108 106 107 110 110 114 184 226 240 236
258 261 259 254 259 277 294 288 277 271 271 275 276 275 274 274 273 272 271 271 272 274 276 277 272 266 271 282 285 285 285 282 278 275 276 279 280 281 280 278 272 264 260 256 250 245 235 215 191 200 222 230 217 199 185 184 190 180 163 121 107 114 163 179 167 158 149 104 104 119 137 144 143 142 140 139 138 134 129 126 125 124 122 117 115 115 113 111 111 114 117 114 133 218 241 236
273 273 270 266 268 274 289 301 290 280 279 284 289 292 291 291 293 297 297 289 282 278 279 283 283 282 288 299 304 301 301 299 293 288 287 287 285 282 284 288 284 276 264 250 245 246 242 224 185 210 235 231 215 198 183 181 186 175 162 131 112 113 148 177 178 165 147 113 107 114 131 140 140 139 137 135 135 131 126 125 125 125 124 120 118 118 119 119 117 117 123 120 116 220 242 235
284 284 281 277 276 278 291 306 303 293 289 291 297 301 300 297 297 301 306 303 296 292 294 297 297 295 295 301 309 308 305 303 299 296 295 295 292 286 283 284 283 278 266 252 251 249 245 230 182 215 241 234 221 203 180 171 171 162 153 132 114 114 144 180 197 183 155 133 117 116 129 138 139 139 138 137 136 131 126 124 124 126 127 123 120 121 121 121 120 120 123 122 113 199 234 233
291 293 291 286 284 286 297 310 312 306 299 298 302 308 308 300 295 293 300 305 305 307 310 311 310 308 301 300 306 307 303 300 297 298 299 301 300 294 283 273 268 268 268 269 261 248 240 227 186 219 249 248 232 203 171 156 154 151 146 129 114 115 141 171 185 172 156 148 133 124 131 138 139 140 140 140 140 136 130 125 123 125 128 125 122 123 123 121 120 120 122 121 112 112 208 229
292 293 294 292 289 288 295 306 313 311 303 298 297 301 305 301 295 292 297 302 303 307 309 310 310 310 305 300 303 304 301 297 294 293 292 293 294 293 283 267 262 261 264 274 269 254 249 239 207 251 260 253 226 187 161 146 141 142 142 128 115 116 133 151 165 154 143 145 142 134 134 137 139 139 139 140 140 139 134 126 121 122 125 123 119 120 122 120 117 117 116 114 106 91 132 229
291 288 291 296 293 287 289 297 306 311 305 295 286 279 281 287 290 295 299 301 301 301 302 300 300 304 303 298 299 300 298 296 290 286 279 269 269 278 277 269 262 255 259 269 275 278 274 265 278 299 272 241 199 172 158 144 137 137 138 127 116 120 134 134 137 131 123 126 133 134 134 136 138 137 137 137 139 140 139 128 119 116 119 118 114 114 115 114 112 110 106 99 90 82 79 283
296 291 290 293 292 285 285 290 296 304 304 295 285 276 279 287 291 295 297 297 296 297 296 292 288 290 292 291 292 294 292 290 285 282 274 262 262 267 269 268 262 256 257 259 259 261 258 248 246 259 232 196 174 164 156 143 132 130 131 122 113 116 143 142 129 123 115 113 119 125 128 132 135 135 133 133 133 136 140 130 117 109 110 111 108 106 106 104 98 91 82 70 62 56 41 338
305 301 294 288 285 281 282 285 288 293 296 291 288 290 294 298 297 297 296 291 289 290 291 287 279 271 271 277 283 287 284 278 276 278 277 272 267 262 260 264 264 262 256 246 234 226 222 217 208 197 185 176 170 166 161 145 130 123 122 116 106 103 130 144 134 129 119 111 112 117 121 124 128 130 129 128 125 123 129 127 114 101 99 102 100 98 94 88 76 60 48 41 37 31 25 358
307 306 299 291 288 285 283 285 286 289 296 296 294 296 298 299 299 299 297 289 283 282 283 284 276 266 266 272 279 286 284 272 269 268 267 267 262 253 250 252 252 252 244 230 219 213 213 208 196 182 171 168 167 167 167 153 134 122 118 114 105 99 113 127 125 121 114 105 103 106 109 111 115 118 119 120 119 116 117 119 110 95 92 93 89 81 71 62 48 37 32 29 27 25 24 14
304 303 302 300 298 293 288 287 288 290 300 305 302 301 300 297 296 299 299 291 280 271 273 280 279 273 272 273 279 289 289 272 262 255 249 249 248 243 239 236 234 233 227 217 210 208 211 206 195 180 165 162 164 161 159 153 142 127 119 114 107 103 108 113 107 97 94 93 93 94 95 96 96 97 99 102 107 114 115 109 100 89 86 85 73 55 46 40 31 26 24 24 27 29 28 25
302 302 302 305 306 301 294 290 290 291 296 301 298 296 295 291 288 288 292 292 283 273 273 277 278 276 273 272 274 280 281 264 255 247 242 241 240 237 232 228 227 223 216 209 203 205 210 206 196 183 165 160 164 156 147 148 147 132 120 113 106 102 104 109 103 91 88 88 87 84 83 83 82 80 81 83 86 91 92 90 84 80 77 71 51 37 37 34 26 22 21 25 35 37 34 35
300 300 302 307 311 309 301 295 293 293 294 293 288 281 278 278 274 267 272 285 288 286 281 276 274 274 272 269 267 262 250 246 248 244 240 238 237 235 229 224 221 215 209 205 202 205 209 204 198 188 174 158 154 152 146 147 149 137 122 114 104 95 97 108 111 104 95 89 83 77 74 73 71 68 68 67 65 59 57 65 65 66 65 52 32 28 34 33 27 25 26 33 42 42 41 47
298 297 297 301 307 308 303 297 293 292 293 294 290 282 279 280 278 272 275 283 287 288 283 277 275 275 273 269 265 256 250 265 262 251 245 243 240 234 226 221 217 212 209 208 207 208 206 203 201 195 186 164 146 146 147 147 151 142 128 118 111 103 103 109 115 112 101 91 82 73 70 67 64 62 61 58 52 48 50 52 46 50 50 37 22 25 36 37 34 34 36 43 48 50 55 63
298 296 293 291 295 298 298 296 292 288 291 298 300 297 293 293 296 296 292 288 286 282 279 279 278 278 275 271 266 260 270 301 299 271 259 255 245 232 224 220 218 216 215 214 212 210 205 202 198 191 183 168 151 148 150 146 146 144 135 124 121 120 116 115 118 117 106 93 83 74 69 63 59 59 56 51 47 46 46 41 36 39 36 27 23 32 43 44 43 45 47 52 59 67 73 79
299 297 293 290 292 296 297 298 297 296 296 301 307 308 304 300 302 306 306 303 299 292 287 286 286 286 283 279 273 266 273 294 316 302 278 265 249 235 230 228 227 226 222 219 215 210 204 197 188 181 175 166 155 155 161 154 145 143 141 131 123 122 121 121 123 122 113 100 88 79 72 65 61 59 54 49 47 46 43 39 39 38 28 27 35 47 54 55 57 59 61 67 75 82 86 89
300 297 295 294 297 300 302 301 304 307 306 306 312 317 314 306 304 308 313 317 318 311 303 298 296 296 294 291 284 274 271 273 293 320 304 273 260 258 253 248 243 237 228 220 215 208 198 188 180 172 166 162 157 157 162 161 153 146 142 138 128 118 116 122 127 127 121 111 100 89 81 74 66 59 54 51 49 47 44 44 44 41 34 42 56 65 70 72 74 77 80 86 90 94 95 94
305 302 300 300 301 304 307 306 306 310 312 310 311 318 323 318 309 309 313 319 327 324 315 308 305 305 306 306 303 293 282 274 282 307 324 305 285 281 275 266 256 244 229 219 213 201 187 179 174 166 160 160 160 158 157 160 163 157 146 142 137 124 117 122 130 129 126 122 112 100 89 80 71 63 60 58 56 54 54 55 56 54 56 69 78 82 85 86 89 92 97 101 103 106 109 109
311 308 306 306 307 308 311 311 309 312 315 314 312 315 324 326 319 314 313 316 325 328 324 316 311 310 313 319 323 317 304 292 287 287 311 327 315 301 292 281 266 246 227 214 201 184 171 168 168 163 157 160 164 162 158 158 160 162 158 150 144 133 123 126 134 131 127 129 125 111 97 86 79 75 73 72 71 70 72 76 79 81 87 94 97 97 97 98 101 105 110 113 114 117 123 125
315 312 308 309 309 309 311 312 311 313 318 318 315 315 320 325 325 321 318 318 323 330 333 329 322 317 316 321 329 329 321 312 306 298 305 321 329 323 310 295 272 241 218 194 176 163 155 157 160 156 153 159 166 166 162 155 150 158 170 166 156 149 139 137 147 141 128 131 136 130 116 100 94 91 91 93 93 93 95 98 101 103 107 111 112 112 112 112 113 117 120 122 122 125 128 130
316 313 310 310 310 309 310 312 311 312 317 321 319 317 318 323 327 325 322 321 323 330 336 338 334 329 324 324 332 334 330 326 324 322 318 322 334 339 333 316 275 215 187 170 160 151 145 148 152 146 143 154 168 169 164 157 147 148 164 162 155 158 159 159 168 159 137 132 140 145 140 124 112 107 108 113 116 115 115 118 119 118 119 121 122 124 125 125 125 127 129 129 129 131 133 132
322 318 313 312 313 312 310 311 313 314 317 322 325 323 321 323 328 326 323 322 321 325 331 337 340 338 333 332 336 338 336 332 328 327 325 323 332 346 357 13 169 164 161 158 155 148 142 145 150 141 132 143 169 174 166 161 156 148 152 152 145 153 172 183 187 176 151 139 140 147 155 145 130 120 116 120 125 127 126 127 130 129 129 129 129 130 132 132 131 131 132 131 128 128 130 129
331 325 319 317 317 316 313 312 314 317 319 324 329 330 327 328 333 324 318 322 323 325 329 334 340 341 337 335 338 340 340 339 336 333 330 314 310 345 48 108 142 149 151 154 154 150 144 145 149 143 130 128 154 167 166 164 161 148 144 153 154 148 168 184 192 185 166 151 144 148 158 156 145 131 123 122 127 132 132 133 136 136 135 134 134 135 136 136 135 134 134 131 126 122 122 121
337 334 328 324 323 322 319 316 315 316 318 322 329 333 334 337 343 328 313 318 323 327 331 336 342 343 339 336 335 337 340 344 349 352 359 294 259 225 118 125 140 146 147 151 154 152 147 146 148 147 139 131 138 153 165 166 164 148 134 149 181 188 148 163 191 191 176 162 150 149 156 158 155 144 132 126 125 128 130 130 133 135 134 134 132 131 131 132 130 129 128 125 119 111 107 106
339 339 336 331 329 328 327 323 319 318 317 318 324 329 333 340 348 335 317 317 324 328 333 337 342 345 345 341 336 336 340 347 3 22 58 130 203 172 142 134 139 145 147 150 154 153 150 149 150 148 146 143 141 148 161 160 157 151 138 142 196 194 158 162 197 198 177 164 154 151 154 155 155 152 143 134 127 123 121 119 121 125 127 129 127 125 122 120 117 113 109 106 99 90 85 82
337 340 341 338 332 332 333 330 326 323 322 321 323 325 328 336 347 338 320 319 328 334 337 339 341 345 352 350 341 340 347 2 36 77 107 134 165 160 150 142 138 141 145 149 152 153 151 151 153 150 146 145 144 147 156 151 142 145 142 140 189 185 169 176 206 198 171 162 157 152 149 148 146 147 146 138 127 120 114 107 106 109 112 115 115 112 108 104 98 91 86 83 77 72 70 67
333 338 342 341 336 336 338 337 333 329 328 327 327 325 325 333 345 340 324 320 331 338 342 345 348 352 1 1 351 351 10 55 99 117 126 140 156 151 146 146 142 140 142 146 150 151 151 151 153 153 149 146 145 147 153 150 136 126 121 102 146 170 170 183 201 190 170 164 162 154 145 144 140 136 134 126 118 114 108 97 92 90 90 90 90 89 86 81 73 66 63 61 58 59 60 57
327 332 339 339 335 336 341 341 338 335 333 332 331 327 322 327 341 340 328 324 330 336 340 348 1 10 17 19 17 47 112 128 132 135 138 148 159 150 141 144 146 143 140 144 149 151 151 151 151 152 152 148 145 145 149 154 154 148 142 131 132 150 169 180 186 180 171 169 170 160 145 145 148 142 136 128 119 117 108 86 78 75 74 73 72 70 66 61 52 49 51 50 48 50 51 49
319 323 330 334 332 332 337 339 338 337 336 334 334 331 325 323 333 336 329 326 330 336 342 353 19 33 45 59 90 125 140 143 143 142 142 151 161 155 144 143 147 144 140 143 148 151 153 152 151 152 153 150 145 141 143 151 161 166 169 164 155 159 175 179 174 173 172 173 175 166 150 148 154 154 150 143 133 133 125 68 63 63 64 64 61 56 51 46 40 40 44 44 43 44 45 43
312 313 319 326 331 332 331 332 333 335 336 334 332 333 332 327 325 326 325 327 331 340 2 33 60 76 94 108 123 134 141 144 146 146 143 150 161 159 148 144 147 147 143 143 146 150 153 154 154 153 154 150 146 140 138 143 152 163 173 174 171 174 183 178 165 168 174 177 178 171 159 154 156 157 154 149 141 149 195 135 78 68 63 57 50 47 43 39 34 36 39 38 36 36 36 33
307 305 307 315 325 331 332 329 328 331 334 333 330 331 334 332 326 315 310 319 332 353 60 88 111 124 127 132 136 138 141 141 143 147 147 151 159 161 156 144 142 147 148 147 148 148 151 154 157 158 158 151 144 138 134 139 146 156 169 175 177 183 194 185 158 162 174 178 178 174 167 163 162 161 159 155 148 156 194 181 143 91 62 45 43 43 39 35 32 32 32 29 27 27 28 26
304 299 297 300 309 322 332 327 319 323 329 330 325 324 326 329 332 308 290 297 343 81 103 108 122 132 135 139 143 145 146 142 140 144 149 152 156 163 168 155 140 144 151 151 150 149 147 152 158 163 167 159 148 140 134 136 141 148 159 170 180 191 206 197 153 157 173 178 177 176 173 170 168 167 167 166 163 160 167 176 183 167 55 40 45 41 34 30 29 27 23 22 22 24 27 27
299 296 290 287 291 302 318 317 307 309 316 317 310 301 292 281 285 288 274 257 185 106 108 111 121 132 137 139 143 147 148 147 142 144 150 152 154 158 164 160 149 148 155 154 150 149 148 149 156 160 163 161 155 148 140 138 141 143 148 162 177 195 217 207 145 152 174 181 180 180 181 176 167 167 170 174 179 178 170 178 201 202 205 52 41 30 28 29 27 25 22 22 23 26 31 33
294 291 285 277 274 274 285 297 291 287 287 282 271 256 245 242 248 258 247 219 193 135 113 114 121 134 141 141 141 144 146 146 144 145 151 153 155 154 153 155 155 157 164 161 151 148 151 152 154 154 154 155 155 150 142 140 143 142 142 154 171 198 226 215 135 142 175 187 185 187 191 182 165 162 167 177 193 198 194 196 195 203 223 239 336 14 33 37 33 29 28 27 27 31 36 38
291 286 278 267 258 248 250 268 268 253 236 225 225 227 237 256 248 227 211 201 205 177 118 114 120 134 144 143 141 143 145 146 144 143 147 151 154 155 153 150 151 157 165 167 162 154 150 149 150 152 151 153 156 149 139 136 140 141 140 149 166 200 233 223 128 133 175 192 186 185 187 182 174 172 174 186 204 207 210 214 204 218 235 237 259 339 54 52 45 41 37 34 32 35 39 41
278 270 261 253 246 240 245 252 247 232 220 219 225 230 238 242 211 188 184 193 206 190 151 131 124 130 143 144 139 141 144 147 148 146 144 147 149 155 160 156 149 151 158 168 178 172 154 145 144 150 153 156 161 155 142 137 137 139 139 146 161 205 241 231 127 128 177 191 180 177 176 181 188 193 195 201 204 210 222 226 220 235 239 240 253 255 63 50 46 44 39 35 33 35 37 40
