data/handson/Instances_Belgium/Case2_Houffalize/saz.asc
ncols         601
nrows         601
xllcorner     745468.5234000001
yllcorner     591346.1043
cellsize      10.0
NODATA_value  -9999.0
[rows 0 to 42 of 601, columns 192 to 287 of 601]
2 5 8 7 5 3 2 1 0 1 3 1 358 356 356 356 356 355 354 352 350 350 351 349 344 341 339 341 345 343 338 337 337 334 329 329 332 333 329 329 331 327 320 320 323 314 300 293 288 283 274 261 258 262 264 265 260 250 253 265 260 245 238 240 235 230 231 231 234 231 208 203 214 196 148 151 187 185 171 155 140 146 170 134 108 102 102 102 100 97 92 86 80 75 69 63
1 4 7 6 3 1 0 359 359 1 3 2 0 359 359 358 358 358 357 356 355 354 354 352 349 347 347 349 353 352 345 343 343 340 334 333 336 337 335 335 338 332 322 322 328 321 307 298 293 288 276 258 258 266 269 270 265 255 263 279 267 238 233 233 224 222 223 223 224 215 192 194 210 195 159 152 177 178 170 159 147 150 173 151 121 107 104 105 102 97 91 84 78 72 66 59
1 4 7 5 1 358 357 357 357 359 2 2 2 2 2 1 359 359 0 0 358 356 355 354 353 354 355 358 3 359 350 348 349 345 338 335 336 338 340 342 344 338 326 321 323 318 306 296 292 294 289 270 268 272 270 265 256 250 257 259 225 208 223 224 213 209 207 207 210 203 193 196 204 194 176 165 164 167 167 163 157 150 153 150 136 116 106 103 98 92 83 74 68 64 58 51
2 4 7 5 1 359 357 356 357 359 2 4 4 5 6 5 3 2 3 2 0 358 355 354 355 357 0 4 9 5 355 351 351 347 338 333 331 330 333 339 345 342 330 323 319 305 289 278 281 292 305 300 285 275 263 246 231 233 234 217 195 200 219 218 207 200 196 198 203 202 203 209 206 194 183 167 155 161 168 165 159 151 145 142 134 117 103 95 87 80 69 59 55 52 47 43
3 5 6 5 4 2 0 0 1 3 6 6 6 8 13 13 11 8 3 3 5 3 358 357 357 0 4 9 14 11 4 358 352 347 341 334 330 322 316 323 339 341 331 324 321 302 283 272 273 278 287 292 280 264 247 229 220 220 215 205 201 207 216 212 202 194 188 192 202 211 222 222 204 190 183 166 148 153 169 166 154 148 142 137 132 120 103 88 77 68 58 52 52 49 45 44
5 6 6 6 7 6 4 5 8 10 11 11 12 17 23 23 21 15 7 6 11 9 4 2 4 6 9 16 25 24 18 8 352 343 339 330 323 321 310 298 305 315 306 288 295 302 291 278 268 259 251 251 247 237 226 219 216 214 208 204 202 205 210 208 201 197 197 208 223 235 232 216 201 190 177 167 155 153 171 162 141 138 135 130 128 126 108 80 67 60 55 57 56 52 48 48
8 7 1 3 8 11 14 19 25 25 22 24 33 42 45 42 38 29 19 19 22 19 16 18 23 25 23 34 48 47 39 22 351 334 326 308 295 297 288 249 239 243 246 255 269 279 276 267 257 244 235 235 233 225 219 216 215 211 206 202 198 203 210 208 205 207 215 225 232 231 213 202 203 193 167 165 172 177 182 164 140 137 135 125 116 117 112 86 75 68 67 70 67 63 59 60
171 173 197 189 133 94 85 83 73 60 56 66 79 89 94 99 92 74 67 74 78 80 85 93 95 96 95 91 83 72 60 39 354 328 303 259 243 225 211 212 217 220 231 256 258 247 238 238 240 236 234 237 230 220 218 216 213 208 207 205 202 207 212 209 212 219 221 220 218 211 197 197 205 195 171 164 173 178 180 169 153 148 148 132 107 86 93 114 108 95 91 91 89 88 87 86
178 179 184 183 177 170 162 158 154 145 137 130 124 124 125 130 137 133 131 135 136 138 142 145 145 146 151 142 122 106 96 88 151 190 177 191 203 204 208 210 206 209 220 226 217 210 210 219 227 227 229 228 216 209 211 208 202 201 204 204 202 201 200 208 223 228 222 216 215 209 198 197 202 197 185 172 160 163 173 169 159 159 166 159 138 108 108 122 126 114 106 103 101 100 101 100
179 180 182 182 180 177 173 170 168 165 161 155 147 144 143 143 152 152 148 150 152 152 152 155 157 158 160 158 149 140 137 144 163 174 178 185 192 199 203 200 196 200 207 205 197 197 200 209 216 218 221 217 202 198 200 198 194 195 198 198 198 200 204 220 235 234 223 217 220 213 191 191 201 201 193 183 169 157 159 159 155 160 171 168 159 146 133 132 136 125 113 109 105 102 102 104
180 180 181 182 182 181 178 174 169 168 167 163 157 157 160 161 163 160 154 156 161 162 160 161 163 162 161 161 162 160 157 156 159 171 186 191 189 188 186 186 188 194 199 198 194 195 199 203 206 210 215 211 195 190 193 194 193 194 197 200 203 210 220 228 232 228 216 213 220 209 172 182 207 208 197 191 190 177 155 154 154 158 168 165 156 151 144 143 150 142 128 121 116 110 105 102
182 181 181 182 183 182 179 174 167 166 167 166 163 164 169 171 171 169 164 163 166 167 167 167 169 168 164 161 161 163 163 164 164 171 182 185 184 182 179 182 186 191 195 195 193 194 196 198 199 204 212 207 191 188 194 197 196 199 206 213 218 223 224 221 223 220 208 208 218 209 171 179 210 206 194 191 193 182 163 161 164 163 163 162 158 152 147 146 152 152 143 136 130 124 112 98
185 183 181 181 182 181 178 172 165 164 166 167 167 169 173 175 176 176 175 172 169 170 173 175 176 175 173 164 154 156 162 167 171 173 174 177 180 180 178 181 186 189 191 192 192 193 193 195 197 203 212 205 189 189 200 203 200 205 217 225 226 226 220 221 229 227 214 217 229 220 188 183 204 199 190 191 197 184 162 162 174 166 153 156 162 160 154 150 148 149 148 143 137 132 125 111
183 181 178 179 181 179 176 172 166 165 167 169 172 174 176 177 178 178 179 177 173 173 177 179 180 180 179 173 162 156 158 162 167 169 169 172 176 179 182 183 182 184 187 190 192 193 194 196 198 204 209 203 193 195 204 204 202 209 221 227 227 228 230 244 250 245 238 245 247 231 203 199 220 224 214 217 209 178 150 149 170 156 139 141 152 158 159 157 154 149 147 145 140 131 130 128
177 176 176 177 179 177 174 172 169 169 170 174 179 180 180 179 179 178 178 178 177 177 179 181 182 182 183 180 176 170 163 161 162 165 167 170 173 180 187 184 175 177 184 188 191 193 196 198 199 202 204 202 201 203 204 204 206 217 228 231 232 238 247 259 261 257 255 257 252 237 214 213 226 227 217 197 172 164 158 158 166 157 145 141 144 152 159 163 165 160 153 152 153 143 134 131
173 174 176 177 178 177 176 175 173 174 175 178 182 183 183 183 184 183 179 179 180 181 182 182 182 182 184 182 178 175 171 167 164 165 168 169 170 176 184 181 175 177 186 190 191 194 197 199 200 203 205 207 207 206 203 206 215 229 235 235 241 251 257 260 262 264 258 249 248 245 208 197 205 201 193 181 167 164 164 165 166 162 156 151 148 152 159 164 168 166 160 160 162 157 146 136
169 171 175 177 177 178 178 178 177 178 181 183 184 185 186 188 191 189 181 180 183 184 183 182 181 182 183 181 176 175 176 172 167 167 170 169 168 172 177 178 175 181 191 194 194 196 200 204 208 215 219 216 212 210 209 221 239 250 253 252 257 263 264 264 264 263 254 244 245 233 177 174 188 189 187 178 167 165 165 165 165 163 160 158 155 156 161 165 168 168 165 164 165 163 158 149
167 169 174 176 176 177 178 179 179 182 185 186 186 187 188 191 195 192 183 182 184 185 184 183 182 182 184 181 175 175 177 173 165 167 171 171 168 171 177 179 177 184 195 200 203 208 214 221 236 251 240 221 223 230 243 265 274 278 282 282 278 272 270 269 265 257 245 242 235 207 171 165 175 177 177 171 164 164 166 166 165 164 163 162 161 161 163 165 167 169 169 168 166 166 165 160
167 169 174 175 173 174 175 178 181 185 189 189 188 189 190 193 197 194 186 184 185 186 186 185 184 184 185 182 176 175 178 171 162 164 171 171 168 172 181 183 180 190 207 217 227 236 240 249 260 269 265 246 261 272 287 300 299 298 299 300 295 287 284 284 278 267 257 247 222 191 170 163 165 166 168 164 158 160 165 166 165 164 164 164 165 164 164 164 166 169 173 171 165 165 168 165
166 168 172 173 172 173 175 178 182 186 190 190 189 189 190 193 197 194 189 187 187 187 187 187 186 186 187 183 176 174 174 170 163 164 170 173 173 179 194 203 206 237 263 271 273 273 274 273 270 266 288 315 310 306 309 317 318 314 312 311 309 305 303 305 303 297 287 260 212 167 151 152 155 159 162 161 157 156 159 163 164 163 162 163 165 165 164 164 165 169 175 174 169 168 171 169
168 169 169 170 173 175 177 179 181 184 188 188 187 187 189 192 195 194 193 191 188 188 188 188 187 187 188 183 175 171 169 168 165 165 169 174 183 200 226 243 265 294 305 311 310 309 311 308 302 299 310 320 322 316 312 318 327 327 323 322 320 317 314 316 318 317 317 292 174 132 127 134 139 146 154 158 159 157 155 158 163 163 160 160 163 165 165 165 165 169 175 176 175 175 176 174
167 170 170 171 174 176 177 179 182 184 185 185 184 186 188 191 194 195 195 193 188 187 188 189 189 188 188 184 177 171 166 166 166 171 180 193 217 250 267 275 289 304 313 322 327 328 330 328 326 327 329 329 329 323 314 316 327 330 328 329 330 328 325 327 335 338 351 48 115 116 114 120 123 123 132 143 150 157 159 158 159 161 159 157 157 161 165 165 165 169 175 179 181 181 180 180
165 170 173 175 175 176 177 180 184 184 182 182 182 183 185 189 193 194 195 191 186 185 188 189 189 188 187 184 180 173 165 163 165 181 217 254 285 301 304 305 307 310 313 321 330 333 333 330 326 329 334 335 334 328 318 316 325 329 327 329 333 333 331 338 2 18 22 59 107 118 115 117 124 123 124 130 138 153 168 168 160 160 162 158 153 156 163 165 164 168 175 181 186 187 185 184
165 169 175 176 176 177 178 179 181 182 181 181 180 181 183 186 189 190 191 188 185 185 187 187 187 188 188 188 187 183 174 171 176 227 270 287 305 316 320 324 324 320 317 320 328 333 335 331 325 325 331 334 334 330 321 315 320 328 329 329 332 334 333 344 15 26 35 69 105 122 120 119 128 133 131 129 131 143 164 169 165 164 165 162 156 156 162 164 164 170 179 185 188 189 190 190
166 170 175 177 176 177 180 179 177 178 181 181 178 179 182 183 185 186 187 187 186 186 187 187 188 191 194 197 201 201 200 216 278 306 304 306 312 318 321 327 333 329 323 322 325 331 336 334 328 326 330 333 333 333 329 321 317 323 333 337 339 342 345 353 10 30 59 89 105 118 122 120 125 134 136 132 130 137 151 162 168 169 167 164 161 159 161 163 164 172 187 190 186 189 196 195
167 170 174 176 176 177 179 177 173 175 179 180 179 180 182 183 183 185 186 187 189 190 193 196 199 205 212 219 227 234 254 290 313 322 321 320 321 321 321 325 333 334 328 326 326 329 334 334 331 329 330 333 335 335 335 330 322 322 333 340 343 348 354 6 26 61 90 104 109 113 119 120 123 131 138 135 131 135 145 155 165 168 168 168 167 164 161 163 166 175 188 190 189 194 200 196
170 172 174 175 176 177 178 175 170 172 177 179 180 181 182 183 185 187 189 192 195 202 213 223 231 241 251 261 271 279 291 303 311 319 322 324 325 324 323 324 330 333 332 332 333 333 335 336 336 334 332 334 338 339 339 338 335 333 337 341 343 349 358 20 49 71 90 103 109 112 118 120 121 129 138 136 131 133 140 149 159 165 167 170 174 171 164 165 171 177 183 189 196 200 201 194
169 172 173 175 178 178 178 177 175 175 177 179 180 183 188 192 195 199 206 216 228 247 262 273 280 285 292 298 304 308 309 310 311 316 320 323 324 323 322 322 325 329 331 334 337 338 339 340 342 340 337 338 342 343 343 344 345 345 347 350 353 0 11 39 61 68 81 96 105 111 117 120 120 128 138 137 131 132 137 143 152 161 168 173 178 175 168 168 175 179 183 190 198 200 199 195
168 170 171 174 179 179 178 179 182 182 180 179 180 189 206 216 222 234 250 267 283 293 296 301 307 310 311 312 314 316 316 314 312 314 318 321 324 324 322 322 323 326 328 332 337 339 340 343 345 344 340 341 344 346 345 346 348 350 353 0 12 23 36 62 77 82 91 99 107 113 118 119 119 126 137 137 130 128 131 136 142 155 170 177 181 178 173 173 177 182 186 191 195 197 199 199
170 174 175 177 182 182 180 183 191 193 191 192 200 234 258 264 273 282 291 298 305 309 309 313 318 321 321 320 319 320 321 318 313 313 316 318 321 323 323 322 323 325 326 331 336 340 342 344 347 347 343 344 347 349 349 352 356 359 1 13 31 43 61 86 101 108 107 107 112 118 120 119 118 123 134 137 130 123 123 127 131 144 164 175 179 179 177 178 179 183 189 192 194 198 203 204
173 180 182 185 187 187 185 193 210 219 225 241 268 293 298 297 300 303 305 308 312 315 315 316 321 323 325 323 320 320 322 321 317 315 317 318 320 323 323 322 321 322 324 327 333 338 343 346 348 347 345 346 350 353 357 3 12 17 14 24 39 52 73 93 104 109 110 109 111 117 121 120 117 119 129 134 132 124 121 122 126 135 153 167 174 178 181 182 181 185 191 194 197 202 208 208
181 189 188 190 197 202 211 240 263 274 284 291 298 306 310 311 311 311 311 312 314 317 317 318 321 322 324 324 321 320 321 321 319 317 319 319 320 324 326 323 320 321 322 325 329 333 337 345 352 348 340 344 353 358 0 8 21 24 22 29 40 56 77 94 100 101 104 107 109 113 118 120 117 116 122 127 129 126 122 123 125 131 145 157 166 175 182 185 186 189 193 196 200 205 210 208
202 209 194 201 224 242 261 282 292 299 307 309 308 309 312 314 315 315 315 314 313 316 318 319 321 320 319 321 320 318 316 316 316 316 318 317 315 320 326 323 317 318 322 325 331 330 330 342 2 357 335 340 359 4 358 8 27 31 33 41 52 71 85 94 100 103 106 108 109 112 116 120 118 115 119 125 128 127 124 123 125 128 138 146 153 168 184 190 192 193 194 198 203 208 210 209
243 251 260 287 290 292 294 297 300 305 312 315 313 311 312 313 315 315 315 315 313 315 318 320 321 319 315 314 314 312 308 307 307 309 312 314 312 314 321 321 315 314 318 324 331 331 327 339 4 0 341 343 3 9 7 19 36 40 47 60 75 91 94 94 101 108 111 111 111 113 116 120 120 114 117 126 130 130 126 124 125 127 133 137 142 159 183 192 195 196 196 200 206 209 210 210
289 296 313 317 312 312 313 314 314 313 316 319 319 316 314 313 314 315 316 315 313 314 316 319 321 320 316 315 316 314 311 308 307 307 310 313 314 315 320 322 319 318 320 325 333 334 330 339 0 0 350 352 5 14 23 37 44 52 63 72 83 94 96 94 100 107 110 111 110 111 113 118 123 119 117 121 127 128 125 123 122 123 127 129 130 147 180 192 196 198 197 201 207 210 211 211
313 321 331 325 316 317 320 325 328 326 323 323 323 321 317 315 315 316 317 316 314 313 314 316 319 319 317 318 321 321 320 318 315 313 312 315 317 321 324 325 325 327 329 332 338 338 335 342 358 2 359 3 13 24 38 49 58 72 78 78 83 90 93 94 98 102 106 109 108 107 108 112 121 126 121 117 120 123 121 118 117 116 119 122 121 125 158 182 196 202 201 204 210 212 210 209
322 331 344 338 325 323 325 330 339 339 334 331 329 326 322 318 315 315 314 314 313 313 314 314 316 316 315 316 319 320 319 318 317 315 312 312 314 319 325 325 324 327 333 337 340 339 335 341 357 5 9 17 28 39 50 57 65 76 83 87 91 94 98 101 102 102 103 105 104 102 101 104 111 120 119 114 114 119 120 118 116 114 115 117 119 118 129 163 203 211 206 207 212 211 207 207
327 334 345 342 333 332 333 337 346 347 343 340 337 332 327 322 317 314 312 307 306 310 314 314 314 313 311 312 315 315 314 313 313 313 310 307 308 313 320 323 322 322 329 335 339 340 336 339 353 7 21 34 43 51 56 60 64 70 83 99 103 104 107 112 110 105 102 100 97 94 93 94 98 104 107 105 108 116 120 120 118 116 114 114 118 124 122 141 207 212 207 209 211 210 207 209
321 326 335 334 328 329 335 341 350 352 348 344 340 335 329 325 320 316 314 305 300 303 309 311 311 310 307 308 313 314 314 312 311 313 313 311 308 312 319 324 326 326 329 334 340 344 347 346 346 8 41 57 63 66 69 72 78 86 95 105 110 109 109 111 111 107 101 96 94 92 92 92 93 95 98 98 99 104 110 115 114 110 110 111 113 120 121 129 188 201 205 208 210 209 209 211
295 299 307 311 307 308 316 327 342 347 345 342 338 331 324 323 321 316 315 309 300 295 299 302 305 305 303 304 309 314 316 316 314 315 317 317 315 316 321 327 333 334 334 338 345 352 358 1 2 37 75 85 88 88 90 94 101 109 111 112 114 113 109 107 106 105 99 93 92 94 94 94 94 93 94 94 91 87 91 100 102 96 100 109 110 110 114 124 160 186 201 206 208 210 212 213
290 296 300 303 300 296 300 310 325 335 338 338 336 328 320 320 322 318 314 311 306 302 304 308 313 316 316 317 320 325 327 327 325 324 323 323 322 323 325 330 336 337 335 339 351 0 10 21 41 77 94 103 106 100 99 100 105 112 114 113 115 116 111 106 104 103 100 95 94 95 93 91 89 87 86 88 85 80 81 84 85 85 90 95 97 95 98 107 132 168 194 203 208 211 213 211
301 311 315 317 314 310 311 316 325 332 336 337 336 331 322 320 323 320 315 310 309 310 315 318 321 325 328 328 329 334 338 338 337 336 334 332 329 330 333 336 342 344 341 345 2 20 36 55 76 92 101 113 118 107 100 98 101 107 110 109 111 116 113 107 104 102 102 102 98 95 90 84 80 77 77 80 81 80 76 69 69 80 81 75 73 76 80 86 103 136 176 194 204 208 210 208
309 318 326 331 333 332 332 333 336 339 342 342 341 339 334 333 335 335 332 328 325 325 328 329 330 332 334 333 331 335 342 344 343 344 345 341 336 336 340 344 350 354 356 6 27 46 61 78 89 96 104 119 136 129 118 112 109 110 113 111 111 114 115 111 108 107 105 103 98 93 87 81 76 72 72 75 77 75 69 63 66 76 75 68 69 71 73 77 86 101 137 178 201 206 209 209
