data/handson/Instances_Belgium/Case2_Houffalize/saz.asc
ncols         601
nrows         601
xllcorner     745468.5234000001
yllcorner     591346.1043
cellsize      10.0
NODATA_value  -9999.0
[rows 473 to 515 of 601, columns 0 to 95 of 601]
181 175 166 153 146 159 178 184 185 185 185 186 188 188 188 188 188 187 184 181 178 178 179 177 171 167 165 165 166 150 122 98 89 85 85 86 87 88 88 86 83 80 80 78 80 87 96 234 264 262 199 127 162 219 233 224 224 237 244 246 250 257 260 264 269 279 22 23 29 37 39 54 230 230 216 225 223 214 210 203 197 193 190 186 181 175 170 166 162 162 163 162 159 155 163 174
183 179 171 153 140 151 172 182 185 186 186 187 188 190 191 192 191 190 186 183 179 178 177 176 175 172 168 170 177 167 135 92 83 80 79 80 82 85 85 84 82 80 79 75 77 83 88 253 264 262 189 123 143 211 222 221 233 244 244 244 251 259 264 268 265 259 296 4 41 47 45 48 27 248 227 229 209 203 205 202 198 193 187 183 181 175 166 162 158 159 163 167 171 132 79 72
185 181 175 156 138 145 167 179 184 186 186 187 189 191 192 193 193 191 186 183 181 179 178 178 179 178 176 179 189 188 171 89 81 80 78 75 76 78 80 81 80 80 77 71 73 79 79 340 265 264 191 108 117 186 218 232 245 248 243 244 254 264 268 269 262 254 261 279 54 42 42 46 41 58 200 212 205 211 213 206 195 186 181 179 180 176 168 163 159 160 169 183 202 200 113 346
186 183 179 156 134 140 161 175 182 185 186 188 191 192 192 194 196 192 184 182 182 182 181 181 182 184 185 191 201 206 213 118 83 75 72 71 72 73 75 77 77 78 74 69 73 76 70 50 268 266 205 99 106 139 195 242 248 241 235 243 255 264 266 267 259 251 251 240 343 31 47 50 46 45 23 315 255 237 215 191 171 168 168 172 177 178 178 176 173 172 195 267 319 325 329 325
190 189 186 156 128 133 153 169 181 185 187 190 192 193 193 194 195 191 185 183 184 184 183 185 187 190 193 199 210 216 219 178 91 63 63 67 69 70 71 73 73 73 71 70 74 72 65 60 277 267 211 95 106 139 171 243 239 226 228 244 254 259 259 259 255 252 253 248 267 17 53 48 41 35 27 25 23 179 188 182 169 162 159 163 174 183 193 205 247 315 336 329 331 339 342 332
198 199 197 163 129 129 144 162 179 186 188 191 194 194 194 192 191 189 188 187 186 186 186 188 193 196 198 205 212 212 208 196 172 95 80 75 68 62 61 63 65 68 68 70 72 65 58 65 269 251 189 102 95 117 168 235 219 221 236 249 255 258 257 257 255 254 256 254 266 316 43 38 36 35 34 34 30 25 10 357 355 355 2 0 351 346 342 317 315 331 345 339 331 338 348 341
206 205 197 166 136 131 139 157 178 187 188 191 195 195 192 191 190 190 189 189 188 188 187 191 197 201 201 203 203 201 201 196 184 162 130 95 62 46 49 53 58 64 65 68 66 56 57 73 118 224 205 174 79 80 98 197 196 233 248 253 256 259 259 260 258 259 260 261 270 293 12 26 33 35 33 29 24 19 13 11 12 14 14 11 3 356 353 334 323 327 336 339 336 339 346 346
213 205 190 166 141 132 135 151 177 186 186 190 196 195 190 189 191 191 190 189 190 189 189 193 201 204 202 197 191 194 201 195 178 172 169 158 70 44 54 56 60 63 62 63 59 53 60 66 51 239 224 231 124 68 68 137 165 245 252 251 255 259 260 261 260 261 263 264 269 276 325 13 32 33 29 25 22 19 16 16 16 15 12 8 2 0 358 353 345 341 338 339 341 341 341 346
208 197 185 170 150 135 130 140 166 179 184 190 196 195 189 188 190 190 190 190 191 190 189 195 204 205 198 191 186 191 198 191 177 177 185 192 204 129 74 62 62 61 58 57 54 54 60 55 45 62 206 226 209 41 70 124 156 248 248 244 252 259 260 260 260 262 263 264 264 261 280 341 23 25 23 21 19 17 15 15 14 12 9 4 358 359 2 359 354 351 350 349 350 348 346 348
193 188 182 175 165 150 137 136 151 169 183 191 196 194 190 188 187 188 191 191 191 190 190 196 205 202 191 186 185 188 192 187 178 181 191 200 209 194 119 66 62 59 56 55 53 56 59 53 53 66 83 229 226 239 90 102 149 244 237 241 253 258 258 259 259 261 263 264 263 260 267 285 349 15 23 22 18 17 17 17 15 12 10 4 355 357 5 4 357 356 358 359 358 357 355 354
187 185 181 176 171 162 149 143 147 163 183 192 194 191 188 186 185 187 190 191 192 191 190 194 201 197 188 185 184 186 190 187 181 184 195 203 208 203 198 67 62 58 56 56 55 59 59 53 58 65 63 179 221 226 128 79 81 212 221 243 254 256 255 257 256 258 261 264 266 268 264 253 259 339 18 17 15 17 20 20 16 12 9 4 358 0 8 7 2 1 4 4 3 1 0 358
189 185 180 175 171 166 159 151 146 159 183 191 189 187 186 185 184 186 189 191 193 192 189 192 197 194 189 185 182 185 191 190 185 188 197 202 204 208 223 216 75 60 56 55 54 57 56 55 61 61 54 74 218 226 196 79 70 102 206 248 255 251 250 255 255 259 261 263 264 264 255 239 238 250 306 351 5 15 23 22 15 10 6 4 4 6 9 10 9 9 8 6 4 3 2 0
189 185 179 174 171 167 162 157 150 159 180 187 186 185 184 183 182 185 189 192 194 192 189 191 195 193 188 184 181 184 191 192 189 193 199 202 202 210 223 214 164 56 52 50 51 54 55 59 61 54 52 69 137 215 215 240 56 53 74 255 252 243 245 253 257 262 262 261 258 252 244 239 242 249 269 303 340 5 18 16 13 9 5 4 6 9 13 15 15 14 10 7 6 5 4 1
186 182 178 174 171 167 163 160 157 162 176 182 183 183 182 181 181 184 188 191 194 192 189 191 196 192 186 182 180 184 191 193 194 197 200 201 200 209 221 218 221 220 56 49 51 55 56 59 57 51 55 60 46 250 236 243 186 65 71 263 248 239 245 252 256 263 262 260 256 248 243 243 246 251 258 264 283 322 0 11 15 12 5 5 8 15 23 24 21 16 9 7 9 8 4 2
180 177 173 172 170 168 166 164 163 166 174 178 180 181 180 180 181 184 189 191 192 192 193 194 193 189 185 182 180 184 191 195 198 200 201 201 202 211 221 222 224 216 159 42 51 55 55 55 53 52 54 49 41 51 232 228 205 161 83 297 242 237 246 250 253 260 262 260 257 251 247 247 250 255 251 241 237 234 242 323 7 6 4 8 16 25 30 26 21 15 9 8 10 9 6 5
173 170 167 166 167 168 168 166 165 166 171 174 177 178 178 180 183 187 192 193 192 195 200 197 187 184 184 183 180 184 193 198 201 203 203 204 205 213 221 222 223 220 230 313 66 59 53 51 48 49 49 45 44 45 24 273 219 217 157 39 214 237 248 248 248 255 257 258 256 252 249 249 251 250 238 227 225 222 221 230 264 324 1 19 31 34 28 22 19 14 10 10 12 11 10 10
169 168 165 165 167 168 169 169 166 166 168 171 174 176 177 181 186 192 196 195 192 195 199 193 185 183 185 184 182 187 195 200 203 204 205 206 208 215 221 223 222 221 223 205 129 56 47 45 43 44 44 40 40 37 36 59 161 211 201 193 149 246 249 243 241 246 251 253 253 252 250 250 246 238 228 226 226 224 224 229 238 240 250 21 37 32 28 26 21 14 9 9 13 14 13 13
164 164 163 164 168 171 174 175 172 171 172 173 174 178 184 188 188 192 194 191 188 189 189 187 187 187 187 187 188 193 199 203 206 207 209 210 212 217 222 223 220 217 216 209 212 22 53 50 47 45 42 40 41 42 51 62 57 231 219 213 156 252 247 238 238 244 248 250 251 250 247 245 239 231 227 228 228 227 227 230 234 231 235 252 13 30 36 31 17 7 2 5 13 14 13 14
162 161 158 158 163 172 191 209 227 343 350 353 356 353 349 352 358 359 356 6 150 172 179 187 195 194 192 193 195 200 204 207 209 210 212 213 215 219 223 222 218 215 214 215 222 214 134 72 54 45 44 46 49 52 58 57 48 63 184 201 190 254 242 234 238 244 247 248 248 246 242 237 233 229 229 231 231 233 235 239 241 240 242 244 246 27 31 17 7 3 0 5 12 13 12 14
169 166 161 155 201 315 310 323 345 353 353 353 352 353 353 355 358 359 359 12 33 39 22 2 303 203 196 196 196 202 207 210 210 212 214 216 218 221 222 220 215 213 214 217 222 213 193 160 88 58 56 53 53 56 58 52 46 47 36 219 222 248 223 231 240 245 247 246 246 243 238 235 233 233 235 236 238 240 243 247 249 249 250 248 246 271 329 350 358 1 4 8 11 12 11 14
190 220 332 345 345 334 315 307 325 338 334 333 332 334 340 343 346 354 3 26 40 27 10 8 18 31 76 186 195 210 216 217 214 216 217 217 218 219 220 217 213 213 215 218 219 210 199 190 177 140 80 54 53 55 52 44 41 40 39 59 206 232 205 239 246 246 247 246 244 241 238 237 238 240 242 243 245 247 250 253 257 260 261 259 263 281 298 320 344 357 4 7 9 10 11 14
299 315 327 340 350 349 332 309 306 306 305 317 334 342 346 346 344 352 5 10 9 4 0 7 20 22 20 17 4 248 226 221 217 218 216 217 218 219 220 217 215 216 217 217 214 207 201 197 194 190 182 69 64 59 48 41 45 48 54 66 68 230 210 243 245 245 245 243 243 241 240 241 242 245 247 248 250 253 255 258 260 261 261 262 269 285 295 307 330 344 350 357 3 6 9 13
318 310 304 309 338 344 301 280 305 315 317 318 328 338 344 348 351 355 2 3 2 1 358 4 12 15 19 23 31 54 214 225 226 227 218 218 220 221 222 219 218 217 217 215 212 208 205 204 203 202 202 170 101 64 47 45 54 58 63 66 59 105 194 232 237 240 241 240 242 243 243 243 245 247 250 252 255 257 259 261 259 255 256 261 270 285 297 309 328 342 348 351 355 1 7 12
339 323 298 280 356 354 347 349 351 349 346 339 333 334 339 345 352 357 0 2 4 3 359 1 6 14 24 30 36 34 12 284 245 235 214 219 221 222 223 221 219 218 217 215 212 210 211 210 209 206 203 190 167 85 59 61 69 70 71 69 63 74 144 230 232 239 239 238 242 244 245 247 249 252 254 256 258 259 260 260 258 255 258 263 272 287 298 310 326 341 354 355 349 354 5 10
320 305 297 293 324 334 338 345 350 351 351 349 345 344 345 348 355 358 0 3 5 4 0 0 3 12 21 24 27 25 28 41 248 227 220 237 224 221 223 221 219 218 217 215 214 215 217 217 216 214 208 200 194 168 126 102 91 84 79 71 65 68 70 234 235 243 237 235 241 243 247 252 256 258 259 259 258 258 257 257 257 260 263 266 274 288 301 311 324 340 355 357 351 355 5 9
343 347 347 338 331 329 329 335 343 347 349 351 352 353 354 356 359 1 2 3 5 4 1 1 3 6 10 16 23 28 41 48 32 250 239 245 202 215 223 221 221 220 219 218 218 220 222 224 224 220 212 204 197 175 144 118 98 85 77 70 67 68 63 52 243 242 228 234 243 246 251 257 260 261 261 260 259 258 258 257 260 264 267 270 275 284 295 305 319 335 351 357 358 1 6 8
333 341 345 345 341 338 334 335 340 343 345 349 354 357 358 0 2 2 2 3 4 4 2 3 4 5 6 13 19 30 43 43 40 61 216 216 191 229 230 225 225 223 221 221 222 224 228 230 230 226 218 210 201 180 147 112 87 71 69 70 69 68 62 56 255 228 218 239 248 249 255 261 263 263 262 261 260 259 260 261 264 267 271 275 276 279 284 290 302 323 345 356 0 3 5 8
324 330 335 339 342 342 340 340 344 345 345 348 353 356 358 0 1 2 1 2 4 4 3 4 7 8 7 8 10 28 43 44 49 55 37 228 225 250 229 226 227 224 222 222 223 226 230 231 230 225 220 215 204 186 163 123 87 70 71 69 62 51 41 43 48 193 208 245 253 254 259 262 262 262 261 260 259 259 261 264 267 270 273 277 277 277 281 285 292 309 337 353 358 1 3 11
330 331 332 332 335 337 337 338 341 344 345 348 352 355 357 359 1 2 2 3 3 4 5 6 8 9 9 9 8 30 44 43 48 46 39 53 223 229 217 235 229 223 221 221 222 224 228 227 225 222 222 222 208 190 174 147 111 84 75 63 46 33 37 51 59 91 184 250 258 260 262 261 260 259 258 257 258 259 262 266 269 273 275 277 278 278 282 289 293 302 329 347 352 359 6 18
337 339 341 341 339 338 338 338 338 342 346 349 350 353 356 358 0 2 3 4 3 5 7 8 7 9 13 14 12 27 35 40 47 44 42 42 19 261 232 240 218 216 218 220 221 224 227 225 224 223 225 220 204 189 175 160 136 99 76 55 32 31 48 60 61 68 103 260 259 258 259 259 257 257 256 257 258 261 264 268 270 273 273 274 275 276 282 289 294 300 323 340 344 357 16 31
337 341 347 348 347 346 346 345 343 344 347 349 351 354 357 359 1 3 4 5 5 6 8 7 7 9 13 14 15 22 27 37 42 37 37 35 33 51 201 220 205 218 223 224 223 225 226 223 222 221 220 213 202 195 186 175 160 118 78 46 23 35 57 63 60 62 59 272 254 249 254 255 255 255 256 257 260 263 267 270 271 271 270 267 269 273 279 286 291 299 320 337 343 0 28 42
340 343 349 352 353 353 352 351 350 348 346 349 353 355 357 0 4 6 5 6 8 8 6 6 8 10 12 14 17 21 23 30 32 32 37 39 46 54 39 276 227 234 228 228 223 225 225 222 221 219 216 211 207 204 198 191 182 163 119 52 21 54 68 64 59 65 68 294 245 245 253 254 254 254 255 258 262 266 269 271 271 270 269 267 269 273 278 283 288 293 310 332 346 12 43 55
348 348 351 354 357 357 357 357 357 356 353 354 358 359 359 1 6 7 6 7 9 8 6 7 10 11 12 15 19 21 23 27 26 32 40 42 49 48 38 38 29 238 236 242 232 231 227 223 222 218 215 212 210 207 204 198 185 179 176 171 165 116 82 59 58 72 79 69 232 247 254 254 253 254 256 260 264 269 271 271 271 270 270 270 272 275 279 282 283 284 295 320 351 36 62 69
354 354 353 355 358 0 1 3 4 4 2 3 6 5 1 2 6 7 6 7 8 7 6 8 12 13 13 15 18 21 25 25 19 29 38 43 50 48 44 47 39 0 255 252 237 233 224 222 221 217 215 212 211 209 209 201 184 181 188 185 173 156 110 65 72 81 81 71 198 252 256 253 252 255 258 262 266 270 271 271 271 270 271 273 273 274 276 277 278 277 281 299 11 80 89 90
355 356 357 359 2 6 9 12 13 12 7 7 8 7 4 4 6 7 6 6 7 7 7 10 13 14 13 14 17 21 25 23 16 26 37 44 50 48 47 47 44 48 296 236 226 230 223 224 222 217 215 212 210 208 210 203 189 187 193 188 177 169 159 110 93 87 78 62 67 262 257 251 252 257 261 264 268 270 271 271 271 270 272 274 273 272 271 270 269 270 269 265 129 117 116 113
353 357 2 5 8 12 19 21 20 15 8 6 7 7 7 7 6 6 6 6 7 8 10 12 15 14 12 13 17 21 24 22 17 24 31 42 49 47 47 46 43 41 24 307 233 232 225 227 220 216 215 211 207 208 211 206 198 194 191 186 181 175 168 136 106 89 75 66 72 267 255 248 252 258 263 267 270 272 272 272 272 272 273 275 274 270 267 266 266 267 265 251 133 122 123 122
346 354 3 9 12 17 22 23 22 18 11 9 10 10 9 8 7 6 5 6 8 9 12 14 15 14 12 14 17 20 22 20 18 23 28 39 45 43 44 41 38 35 35 50 139 225 230 238 225 220 215 209 205 208 211 205 199 196 196 193 183 175 170 147 114 88 74 79 87 265 248 243 252 259 264 269 272 274 274 273 273 274 274 275 274 269 265 264 265 268 267 258 114 115 120 123
335 347 2 10 17 22 25 25 25 23 17 15 14 12 8 7 8 7 4 5 8 11 14 14 13 13 14 15 16 17 18 18 20 24 27 35 38 39 42 39 37 36 40 42 26 329 249 246 231 222 207 204 206 209 208 203 199 201 207 201 183 173 170 159 135 102 88 91 95 240 238 245 258 265 270 274 276 277 278 278 279 279 278 277 274 268 265 265 266 270 270 259 106 108 112 114
329 341 358 10 21 26 27 27 29 27 23 20 17 13 9 8 9 8 5 6 9 12 14 14 12 12 13 14 14 15 16 18 22 25 26 32 35 39 40 36 33 32 35 34 34 47 32 231 230 247 239 237 231 223 212 204 200 202 204 194 182 176 173 169 161 142 119 104 100 146 234 255 267 274 278 281 281 281 283 285 286 286 283 280 276 269 266 267 269 273 273 248 103 103 102 99
316 330 350 9 26 30 29 30 33 31 28 24 20 15 10 9 11 9 6 8 11 13 14 12 10 10 12 13 14 15 16 19 22 24 26 30 32 35 34 31 29 31 35 36 42 46 32 312 243 253 252 254 240 221 202 193 188 190 192 187 182 179 178 179 181 173 148 124 111 128 311 285 280 282 284 285 286 286 287 289 289 289 286 282 279 273 271 272 274 277 278 260 95 95 93 89
290 305 331 3 26 30 32 35 36 34 30 26 23 19 15 13 12 10 8 9 12 12 12 11 9 10 11 12 14 15 15 18 21 23 25 27 30 32 32 31 29 31 33 35 41 40 38 55 204 230 206 198 199 199 199 199 193 192 189 187 189 186 181 190 202 185 154 141 129 255 309 309 296 290 290 289 290 290 291 291 291 290 287 284 282 280 279 280 280 282 287 11 84 84 82 82
277 287 304 342 22 31 37 38 36 33 30 28 26 23 19 16 11 9 9 10 11 11 10 10 10 10 9 11 14 15 14 17 20 22 24 26 28 28 26 23 21 23 25 32 41 43 48 52 29 319 192 194 207 215 227 234 240 255 269 282 277 215 135 143 166 154 129 110 14 319 309 310 303 296 294 293 292 293 294 294 293 293 291 289 289 289 289 290 290 290 299 19 71 70 69 72
278 283 289 303 7 27 36 36 34 32 30 29 27 24 21 17 13 11 12 12 11 10 8 8 9 8 7 9 13 14 14 16 19 21 21 21 20 18 15 14 16 20 25 37 45 46 47 42 33 40 43 4 315 245 226 212 203 196 189 186 184 180 175 174 174 173 108 311 327 328 319 313 306 300 297 295 294 295 296 296 296 297 298 297 298 300 302 303 304 303 317 17 55 56 57 64
