data/handson/Instances_Belgium/Case2_Houffalize/slope.asc
ncols         601
nrows         601
xllcorner     745468.5234000001
yllcorner     591346.1043
cellsize      10.0
NODATA_value  -9999.0
[rows 213 to 283 of 601, columns 288 to 383 of 601]
0 0 1 1 1 1 2 1 1 1 2 2 2 2 3 3 3 3 3 4 4 4 4 4 4 4 4 5 5 5 5 5 6 6 7 8 8 8 9 9 9 9 9 10 13 15 17 18 18 16 14 13 13 18 24 22 15 8 2 10 23 25 24 24 22 21 19 18 18 18 17 17 16 15 15 15 15 15 16 16 17 18 20 20 20 19 20 20 20 21 20 19 18 16 15 14
0 0 0 1 1 1 2 2 1 1 1 2 2 2 3 3 3 3 3 4 4 4 3 4 4 4 4 4 4 5 5 5 5 6 7 7 7 7 7 7 8 7 7 8 9 12 14 15 16 15 14 13 10 17 26 24 15 7 2 13 26 28 25 23 20 19 18 18 18 18 18 17 16 15 15 15 16 17 18 19 20 21 22 21 20 20 20 20 20 20 19 17 15 14 13 12
0 0 0 1 1 1 1 2 1 1 1 2 2 2 2 3 3 3 3 3 4 4 3 4 4 4 4 4 4 4 5 5 5 5 6 6 6 6 6 6 7 6 6 6 7 9 11 14 17 17 15 13 10 15 24 25 19 10 1 13 26 30 29 25 20 19 19 19 19 19 18 17 16 15 15 15 17 18 21 22 23 23 23 21 20 20 20 20 20 18 17 15 13 12 12 11
0 0 0 1 1 1 1 1 1 1 2 2 2 2 2 3 3 3 3 3 4 4 4 4 4 4 4 4 4 4 5 5 5 5 5 6 6 6 5 5 5 5 5 6 7 9 12 16 20 19 14 11 9 12 18 22 23 15 2 11 24 30 34 30 24 22 21 21 20 18 17 17 16 16 16 17 19 21 22 23 23 22 22 20 19 19 19 18 17 16 14 12 12 11 10 10
0 0 1 1 1 1 1 1 1 1 2 2 2 2 3 3 3 3 3 3 3 4 4 4 4 4 4 4 5 5 5 5 5 5 5 5 6 6 5 5 5 5 5 5 6 9 12 17 23 20 13 10 10 13 16 19 22 16 3 11 25 32 35 33 28 25 22 21 20 18 17 17 17 18 20 21 22 22 22 21 20 20 19 18 17 16 16 15 14 13 12 11 10 10 9 9
0 1 1 1 1 1 1 1 1 2 2 2 2 2 3 3 3 3 3 3 3 4 5 5 3 3 4 5 5 5 5 5 4 5 5 6 6 6 6 6 5 5 4 5 5 8 11 17 25 22 14 12 12 15 17 19 20 14 3 12 28 34 36 35 33 29 23 20 19 18 17 18 19 20 21 22 22 22 21 19 18 17 16 15 15 14 13 13 12 11 10 10 9 9 9 9
1 1 1 1 1 1 1 1 1 2 2 2 2 3 3 3 3 3 4 4 3 4 5 4 3 4 5 5 5 6 6 5 5 5 6 6 6 6 6 6 6 5 5 5 5 7 11 17 26 24 16 14 15 17 17 18 18 11 1 15 33 38 37 36 35 30 21 18 17 17 18 19 20 21 22 21 21 20 19 17 16 14 13 13 12 12 12 11 11 10 10 10 10 10 10 10
1 1 1 1 1 1 1 1 1 2 2 3 3 3 3 3 3 3 4 4 4 4 4 4 4 5 5 5 5 6 6 6 5 6 7 7 7 7 7 7 6 6 5 5 5 7 11 18 25 24 18 17 17 18 17 17 15 8 4 21 38 40 37 35 34 28 19 16 16 17 18 19 20 20 20 19 18 17 16 14 13 12 12 11 11 11 11 10 10 9 9 10 10 10 9 9
1 1 1 1 1 1 1 1 2 2 2 3 3 3 3 3 3 4 4 4 4 4 4 4 5 5 6 6 6 6 6 6 6 7 8 8 8 8 8 8 7 6 6 6 6 8 14 19 24 23 19 18 19 18 18 17 12 1 12 28 38 38 35 34 33 27 16 14 14 15 16 17 18 17 16 15 14 13 12 12 12 11 11 11 10 10 10 10 9 10 10 9 9 8 8 8
1 1 1 1 1 1 1 2 2 2 3 3 3 3 3 3 4 4 4 4 5 5 4 5 5 6 6 6 6 6 7 7 7 8 9 10 10 10 10 9 8 8 8 9 9 12 18 22 23 22 20 20 21 21 20 15 4 9 23 32 35 35 35 34 34 27 17 14 15 15 15 16 15 14 13 12 12 11 11 11 11 11 11 10 10 10 9 9 9 9 9 8 8 8 7 7
1 1 1 1 1 1 2 2 2 2 3 3 3 3 3 4 4 4 4 4 5 5 5 5 6 6 6 6 6 6 7 7 9 10 11 12 12 12 12 11 10 9 11 13 15 18 22 24 24 23 23 24 25 23 18 7 7 21 30 34 34 34 36 36 33 27 18 16 15 15 14 13 13 12 11 10 10 10 10 10 10 10 10 9 9 9 9 9 9 8 8 7 7 7 7 7
1 1 1 1 1 1 2 2 2 3 3 3 3 4 4 4 3 4 4 5 5 5 5 5 5 6 6 6 6 7 8 9 11 12 13 14 15 15 14 14 14 14 16 18 21 24 26 26 26 26 27 27 26 20 9 5 20 29 33 34 33 34 37 36 30 24 18 16 14 13 12 11 11 10 10 9 9 10 10 10 10 9 9 9 9 9 9 8 8 7 7 7 7 7 7 7
1 1 1 1 1 1 2 3 3 3 3 4 4 4 4 4 3 4 5 5 5 6 5 5 6 6 7 7 7 8 8 10 12 13 15 17 18 18 18 18 19 20 22 24 26 29 30 29 29 31 31 28 22 11 3 17 28 32 33 33 32 33 35 32 27 22 17 15 12 11 10 10 10 10 9 9 9 9 9 9 9 9 9 9 9 8 8 7 7 7 7 7 7 7 6 6
0 0 1 1 1 2 3 3 3 3 4 4 4 4 4 3 4 4 5 5 6 6 5 5 7 7 7 7 8 9 10 12 14 16 19 21 20 20 20 21 22 23 25 27 29 31 30 30 31 31 27 21 11 3 15 25 30 32 32 32 30 30 30 28 25 22 16 13 11 10 11 11 10 9 9 9 9 9 9 9 9 8 8 8 8 7 7 7 6 6 7 7 6 6 6 6
0 0 1 2 2 3 3 4 3 3 4 4 4 4 3 4 4 4 5 5 6 5 5 6 8 8 8 8 10 12 13 16 18 20 23 23 22 22 22 24 23 23 26 28 29 30 30 31 29 24 16 7 4 14 22 27 30 30 30 29 27 26 27 26 25 21 16 13 12 12 12 11 10 9 9 9 9 9 8 8 8 8 7 7 7 6 6 6 6 7 7 6 6 5 5 6
1 1 2 3 3 3 4 3 3 3 3 3 4 4 4 4 4 4 5 5 6 6 6 7 8 8 8 9 12 15 18 20 22 25 26 25 23 23 23 24 24 25 28 30 30 29 28 26 21 12 4 5 14 21 25 27 28 29 29 28 25 25 26 25 25 21 17 14 13 13 12 10 9 9 8 8 8 8 8 7 7 7 7 6 6 6 6 6 6 6 6 6 5 5 5 5
2 3 3 3 3 3 3 3 3 3 3 4 4 3 3 4 4 4 5 6 6 7 7 8 9 9 9 11 16 19 23 25 27 29 28 26 24 23 23 22 25 29 32 31 29 26 21 15 7 2 6 14 19 23 25 27 28 29 28 27 26 27 26 25 24 21 18 16 14 13 11 10 9 8 8 8 8 7 7 6 6 6 6 6 6 6 6 6 6 6 5 5 4 5 5 5
3 3 3 3 3 3 3 3 3 3 4 4 3 3 3 4 4 5 6 7 7 7 8 8 10 10 11 15 20 23 25 27 28 29 27 25 24 24 24 24 27 30 29 26 22 18 11 4 2 8 14 19 22 24 26 27 29 29 26 26 28 28 26 25 24 22 19 17 14 12 10 9 8 8 7 7 7 6 6 6 6 6 6 6 6 6 6 5 5 5 5 5 5 5 6 6
3 3 3 3 3 3 3 3 3 3 3 3 3 3 4 4 5 6 7 7 7 7 8 9 11 13 15 19 22 24 25 26 27 26 24 23 25 26 26 28 28 26 21 16 11 6 2 4 10 15 19 22 24 25 26 27 28 27 26 28 30 29 27 27 25 22 20 16 13 10 9 8 7 7 7 6 6 5 5 6 6 6 6 6 6 5 5 5 5 5 5 5 5 6 6 6
3 3 3 3 3 3 3 3 3 3 3 3 3 4 4 4 5 6 7 7 7 7 8 10 13 15 18 21 22 23 25 26 27 25 24 25 27 27 26 25 22 17 12 7 3 1 7 12 16 20 22 23 25 26 26 27 27 28 31 32 32 30 29 27 24 21 18 14 11 9 8 7 6 6 6 6 5 5 5 6 6 6 6 5 5 5 5 5 5 5 5 5 6 6 6 6
3 2 3 3 3 3 3 3 3 3 3 3 4 4 4 5 5 6 7 7 7 7 8 11 15 18 21 24 21 21 24 26 27 26 26 28 28 26 22 17 12 7 4 3 3 9 14 18 21 22 23 24 26 27 27 29 31 33 36 36 34 33 29 25 21 17 14 11 8 7 7 6 6 5 5 5 5 5 6 6 6 6 5 5 4 4 5 5 5 5 5 6 6 6 6 6
3 2 3 3 3 3 3 3 3 3 3 4 4 4 5 5 5 6 7 7 6 7 9 13 18 22 25 25 20 20 25 28 30 30 28 27 24 19 12 6 0 4 7 9 14 19 22 23 24 25 26 27 29 31 33 34 36 37 38 36 33 29 24 19 16 13 10 8 7 7 6 6 5 4 5 5 5 6 6 6 5 5 5 4 4 5 5 5 5 5 6 6 6 6 6 5
2 3 3 3 2 3 3 3 3 3 3 4 4 4 4 5 5 6 6 6 7 9 12 17 21 25 27 25 22 26 29 31 34 33 28 21 14 7 1 5 11 16 20 23 27 28 27 26 26 28 29 31 35 39 40 40 39 38 37 33 27 22 17 13 11 9 7 7 6 6 5 4 4 4 5 6 6 6 6 5 5 5 5 5 5 5 5 5 5 6 6 6 6 5 5 5
2 3 3 2 2 3 3 3 3 3 3 4 5 5 4 5 5 6 6 7 8 11 15 20 24 26 26 24 23 28 30 32 36 31 21 12 4 2 9 14 19 23 25 28 30 30 28 28 29 30 31 34 39 40 39 39 37 34 31 26 20 15 12 10 8 7 6 6 6 5 4 4 4 5 6 6 6 5 5 5 5 5 5 5 5 5 5 5 6 6 5 5 5 5 5 5
2 3 3 2 3 3 4 3 3 3 4 4 5 5 4 5 5 6 6 7 9 13 19 23 23 23 23 23 25 29 31 33 32 24 11 3 4 11 16 21 24 25 25 26 28 28 28 30 31 31 31 34 38 37 35 33 30 26 22 17 13 10 9 8 7 7 6 6 5 5 4 4 5 5 6 6 5 5 4 4 5 5 5 5 5 5 5 5 5 5 5 5 5 5 5 4
2 2 3 3 3 3 3 3 3 4 4 4 4 4 4 5 6 6 7 8 10 15 22 24 22 20 20 24 31 33 31 30 25 14 3 4 11 17 20 23 25 24 24 25 27 27 28 31 32 31 32 35 37 35 31 27 22 18 15 11 9 8 8 7 6 6 6 5 5 4 5 5 5 6 6 5 5 4 4 4 5 5 5 5 5 5 5 5 5 5 4 4 4 4 4 4
3 2 3 4 4 4 4 4 4 4 4 4 4 4 4 5 6 6 7 9 11 17 24 24 21 21 22 27 33 33 30 25 16 6 1 9 16 20 22 24 24 23 23 25 27 27 29 31 32 34 36 38 36 31 26 19 14 11 10 8 8 7 7 6 6 6 5 5 5 5 5 5 5 5 5 5 4 4 4 4 4 4 4 4 5 5 5 4 4 4 4 4 4 4 4 4
3 3 3 4 4 4 4 4 4 4 4 4 5 5 5 5 6 7 8 10 14 19 24 24 22 23 25 29 31 31 30 23 9 2 6 13 20 22 23 24 23 23 23 25 26 27 29 30 31 33 34 34 29 23 18 13 10 9 8 7 7 7 6 6 6 5 5 5 5 5 5 5 5 5 4 4 4 4 4 4 4 4 4 4 4 4 4 4 4 4 4 3 3 3 4 4
3 3 4 3 3 3 4 4 4 4 4 4 5 5 5 6 7 8 9 12 17 21 25 25 24 25 27 29 32 32 28 17 3 5 10 16 22 24 25 24 23 23 24 24 25 26 28 28 27 28 28 24 19 15 13 10 9 8 7 7 7 7 6 6 6 6 6 6 6 6 5 5 5 4 4 4 4 4 4 4 4 4 4 4 4 4 4 4 3 3 3 3 3 3 4 4
3 3 4 3 3 3 4 4 4 4 4 5 5 5 5 6 7 8 9 13 19 23 25 25 26 26 27 29 33 31 21 10 1 7 14 20 24 25 26 25 23 23 23 24 25 26 27 27 25 24 21 16 13 11 10 9 7 7 7 7 7 6 6 6 6 6 6 6 6 6 5 4 4 4 4 4 4 4 4 4 4 4 4 4 4 4 4 3 3 3 3 3 4 4 4 4
3 4 4 4 3 3 4 4 4 4 4 5 5 5 5 6 7 8 9 14 20 24 25 26 26 26 27 30 32 27 15 4 4 11 18 22 25 26 26 24 22 22 23 25 26 27 27 25 22 19 15 12 10 8 8 7 7 6 6 6 6 6 6 6 6 6 6 6 6 5 4 4 4 4 4 4 4 4 4 4 4 4 3 3 3 3 3 3 3 3 3 3 4 4 3 3
4 4 4 4 3 3 4 4 4 4 5 5 4 5 5 6 7 8 10 16 22 26 27 27 26 26 28 29 29 22 10 1 8 15 20 23 25 25 24 23 22 22 24 25 25 25 24 21 17 13 11 9 8 7 7 7 6 6 6 6 6 6 6 6 6 5 5 5 5 5 4 4 4 4 4 4 4 4 4 4 3 3 3 3 3 3 3 3 3 3 3 3 4 4 4 3
4 4 4 3 4 4 4 5 5 5 5 5 4 5 5 6 7 9 12 18 25 28 27 26 24 25 28 28 27 19 6 4 11 17 21 24 25 24 24 24 22 22 23 24 23 22 19 15 11 9 8 7 7 6 7 6 6 6 6 6 7 6 6 6 5 5 5 5 5 5 4 4 4 4 4 4 4 4 3 3 3 3 3 3 3 3 3 3 3 3 3 3 3 4 4 4
3 3 3 4 4 4 5 5 4 4 4 4 4 4 5 6 7 10 15 21 27 28 25 23 23 25 27 27 25 16 3 6 14 19 23 24 24 24 25 25 22 22 22 23 22 19 15 12 9 7 7 7 6 6 6 6 6 6 6 6 6 6 6 6 5 5 5 5 5 5 5 4 4 4 4 4 4 3 3 3 3 3 3 3 3 3 3 3 3 3 3 3 3 4 4 4
3 3 3 4 4 4 4 3 3 3 4 4 4 5 6 7 8 11 17 22 27 27 23 22 23 25 28 26 22 13 1 9 17 21 25 26 25 25 26 25 22 21 22 21 20 17 13 10 8 7 6 6 6 6 6 6 6 6 6 6 6 6 6 5 5 5 5 5 5 5 5 5 4 4 4 4 3 3 3 3 3 3 2 2 3 3 3 3 3 3 3 4 4 4 4 4
3 3 3 4 4 4 3 3 3 3 3 4 5 5 6 7 7 12 18 23 27 25 21 21 24 26 28 25 19 9 2 11 18 23 26 27 26 26 26 24 21 20 21 21 18 15 11 8 7 7 7 6 6 6 6 6 6 6 6 6 6 6 6 6 5 5 6 5 5 5 5 4 4 4 3 3 3 3 3 3 3 3 3 3 3 3 3 3 4 4 4 4 4 4 4 4
4 4 4 4 4 4 4 4 3 3 4 4 5 6 6 7 7 12 19 23 27 25 21 22 26 28 29 24 16 5 4 13 21 26 27 27 26 26 26 24 21 21 21 20 17 13 9 7 7 6 7 6 6 6 6 6 6 6 6 6 6 6 6 6 6 6 5 5 5 5 5 4 4 3 3 3 3 3 3 3 3 3 3 3 3 3 4 4 4 4 4 4 4 4 4 4
4 4 4 3 4 4 4 4 3 4 4 5 5 6 7 7 7 12 18 23 26 25 22 23 26 27 27 22 12 2 5 15 25 28 27 26 27 27 26 25 22 21 20 18 14 11 8 6 6 6 6 6 6 6 6 6 6 6 7 7 6 6 6 6 6 6 5 5 5 5 4 4 4 3 3 3 3 3 3 3 3 3 3 3 3 4 4 4 4 4 4 4 4 4 5 5
4 4 3 3 3 3 3 3 3 4 4 5 5 6 6 7 6 10 16 21 26 25 22 25 29 30 30 22 10 1 7 17 27 29 27 28 29 29 28 26 22 20 18 15 11 8 6 6 6 6 6 6 6 6 6 6 6 6 7 7 6 6 6 6 6 5 5 5 5 5 4 4 4 4 3 3 3 3 3 3 3 4 4 4 4 4 4 4 4 4 4 4 4 5 5 5
4 3 3 3 4 3 3 3 4 4 4 4 5 5 6 6 6 8 12 18 26 25 21 24 30 33 34 26 10 2 11 20 28 30 29 29 30 29 28 24 18 15 13 10 6 5 6 6 6 6 6 6 6 6 6 6 6 6 7 7 6 6 6 6 5 5 5 5 5 5 4 4 4 4 4 4 4 3 3 3 4 4 4 4 4 4 4 4 4 4 4 4 5 5 5 5
3 3 3 4 4 4 4 4 4 4 4 4 4 5 5 6 6 7 9 15 23 25 22 25 32 34 34 26 10 2 12 21 29 31 30 30 30 28 24 19 13 10 10 9 7 6 6 7 7 6 6 6 6 6 6 6 6 7 7 7 6 6 7 6 5 5 5 5 5 4 4 4 4 4 4 4 4 4 4 4 4 4 4 4 4 4 4 4 5 5 5 5 5 5 5 5
3 3 3 4 4 4 4 4 4 3 4 4 4 4 5 5 5 5 7 11 18 22 25 29 35 35 32 23 9 2 13 22 29 31 30 30 30 27 20 16 11 10 10 10 9 8 7 7 7 7 6 6 6 7 7 7 7 7 7 6 6 6 7 6 6 5 5 5 5 4 4 4 3 4 4 4 4 4 4 4 4 4 4 4 4 4 5 5 5 5 5 5 5 6 6 6
3 3 3 4 4 4 4 3 3 3 3 3 4 4 5 5 4 5 6 11 18 22 26 31 35 35 31 22 9 2 13 22 30 31 30 29 29 26 22 19 15 12 10 9 9 9 8 8 8 7 7 7 7 7 7 7 7 7 7 6 6 6 6 6 6 5 5 4 4 4 4 3 3 3 4 4 4 4 4 4 4 4 4 5 5 5 5 5 5 6 6 6 6 6 6 6
3 3 3 3 3 3 3 3 3 3 3 3 4 5 5 5 4 5 7 13 21 24 26 30 34 34 31 23 9 3 12 22 30 31 30 28 25 24 22 20 19 15 11 9 9 9 8 8 8 8 7 7 7 7 6 7 7 7 7 7 6 6 6 6 6 5 5 4 4 4 4 3 3 3 3 4 4 4 4 4 4 4 4 5 5 5 5 6 6 6 6 6 6 6 6 6
3 3 3 3 3 3 3 3 4 5 4 4 4 5 5 5 4 5 8 14 21 25 27 30 33 33 30 21 8 2 12 20 28 31 31 28 24 22 20 18 17 15 12 10 10 9 8 8 9 8 7 7 7 7 7 6 7 7 7 7 7 6 6 6 5 5 5 4 4 4 3 3 3 3 3 4 4 4 4 4 4 4 5 5 5 6 6 6 6 6 6 6 6 6 6 6
3 4 3 3 3 3 3 4 5 5 4 3 4 5 5 5 4 6 9 14 20 25 30 32 33 30 27 19 9 1 11 19 25 29 31 29 24 22 22 19 15 14 12 11 10 10 9 8 9 8 7 7 7 7 7 7 6 6 6 6 7 6 6 5 5 5 5 4 4 4 3 3 3 3 4 4 4 4 4 4 4 5 5 5 5 5 6 6 5 5 5 6 6 6 6 6
3 4 4 4 4 4 4 4 5 5 3 3 4 5 5 5 4 6 9 14 21 26 30 31 30 29 26 19 9 1 11 18 24 27 30 28 22 21 22 21 18 15 13 11 11 10 8 8 9 8 7 7 7 7 7 7 7 6 6 6 7 6 6 5 5 5 5 4 4 4 4 4 4 4 4 4 4 4 4 5 5 5 5 5 5 5 5 5 5 5 5 5 6 6 6 6
4 4 4 4 4 4 4 4 5 4 3 3 4 5 5 5 5 6 8 14 23 28 30 30 28 27 28 22 9 2 12 19 24 27 29 26 21 19 19 20 20 17 14 12 11 10 8 8 9 8 7 7 7 7 7 7 7 6 6 6 6 6 5 5 5 5 4 4 4 4 4 4 4 4 4 5 5 5 5 5 5 5 5 5 5 5 5 5 5 5 5 6 6 6 6 6
4 3 4 4 4 4 4 4 5 4 4 4 5 5 5 5 6 8 11 18 26 29 30 28 26 27 28 21 9 2 11 18 24 27 28 26 23 20 20 20 21 19 16 13 11 9 8 8 9 8 7 7 7 7 7 7 6 6 6 6 6 6 5 5 5 4 4 4 4 4 4 4 4 4 5 5 5 5 5 5 5 4 4 4 5 5 5 6 6 6 6 6 6 6 6 6
4 4 4 4 4 4 4 4 5 4 4 4 5 5 5 6 7 10 15 22 29 30 28 27 26 26 27 19 7 1 9 16 23 25 24 24 22 22 22 22 22 20 17 14 11 9 8 8 8 8 7 7 7 7 8 7 6 6 6 6 6 5 5 5 4 4 4 4 4 4 4 4 5 4 4 4 5 5 5 5 5 5 4 4 5 5 5 6 6 6 6 6 6 6 6 6
4 4 4 4 4 4 4 5 5 4 4 5 5 6 6 7 9 13 18 24 29 29 27 26 26 26 24 16 6 2 11 18 23 24 23 23 23 23 23 24 24 22 17 13 10 9 8 8 8 7 7 6 6 7 7 7 6 6 6 6 6 5 5 4 4 4 4 4 4 4 4 4 4 4 4 4 4 4 4 4 5 5 5 5 5 5 5 5 6 6 6 5 5 6 6 6
4 5 5 5 5 5 5 5 5 4 4 5 6 7 7 9 11 15 21 25 27 27 26 26 27 25 19 12 5 4 15 21 24 24 24 24 24 24 24 24 25 22 16 12 10 9 8 7 7 7 6 6 6 7 7 7 6 6 7 6 5 5 5 4 4 4 4 4 4 4 4 4 4 4 4 3 3 4 4 4 4 5 5 5 5 5 5 5 5 6 5 5 5 5 5 5
5 5 5 5 5 5 6 6 6 5 6 6 7 8 9 10 13 17 22 24 26 26 25 26 26 23 16 10 4 6 18 23 25 25 25 25 25 25 24 25 25 21 14 10 9 8 7 7 6 6 6 6 6 6 6 6 6 6 6 6 5 5 5 5 5 5 5 5 5 4 4 4 4 4 4 4 4 3 4 4 4 5 5 5 5 5 5 5 5 5 5 4 4 4 5 5
5 6 6 6 6 6 6 6 6 6 6 7 7 8 8 10 13 17 21 22 23 24 25 26 25 21 15 9 3 8 20 25 27 27 25 25 26 25 25 24 23 18 12 9 8 7 6 6 6 5 5 6 6 6 6 6 6 6 6 6 6 5 5 5 5 5 5 5 5 4 4 4 4 4 4 4 4 4 4 4 4 5 5 5 5 5 5 5 5 5 6 4 4 4 5 5
6 7 7 6 6 7 6 6 6 6 6 6 6 6 7 9 11 14 18 21 24 26 26 26 24 19 13 7 1 10 25 30 29 27 26 25 25 25 24 23 20 15 10 8 7 6 6 5 5 5 5 6 6 6 7 6 6 5 5 5 5 6 5 5 5 5 4 4 4 4 4 4 4 4 4 4 4 4 4 5 5 5 5 6 6 5 5 5 5 5 6 6 5 4 5 5
8 7 7 7 7 6 6 6 6 6 6 6 6 6 6 8 9 12 17 22 28 29 28 26 22 17 10 5 1 13 31 33 29 26 26 25 24 23 24 21 17 13 9 7 6 5 5 5 5 5 5 6 6 7 7 6 5 5 5 5 5 5 5 5 5 4 4 4 4 4 4 4 4 4 4 4 4 4 5 5 5 5 5 6 6 5 5 5 5 5 6 6 5 4 4 5
9 8 7 7 6 5 5 5 5 6 6 5 6 6 7 8 9 14 19 25 30 30 28 25 20 15 8 2 4 17 32 33 28 26 25 24 22 22 23 20 15 11 8 6 6 5 5 5 5 5 5 5 6 7 7 6 6 5 6 5 5 5 5 4 4 4 4 4 4 4 4 4 4 4 4 4 4 4 5 5 5 5 5 5 5 5 5 5 5 5 6 7 6 4 4 4
9 8 7 7 6 5 5 5 5 6 5 5 6 6 6 8 11 17 24 28 29 28 27 24 19 13 6 1 8 20 30 32 30 27 24 22 20 21 22 19 13 9 7 6 6 6 6 5 5 5 5 5 6 6 7 6 6 5 5 5 5 5 4 4 4 4 4 4 4 4 4 4 4 4 4 4 4 5 5 5 6 5 5 5 5 5 5 5 5 5 6 6 7 5 4 4
9 7 7 6 6 6 5 5 6 6 6 5 6 6 6 9 13 19 25 28 28 27 26 23 17 11 5 4 13 23 31 32 30 27 23 21 21 21 20 16 10 8 7 6 6 6 6 6 6 5 5 5 6 6 6 6 5 5 5 5 5 4 4 4 3 4 3 3 3 3 4 4 4 4 4 4 5 5 6 6 6 6 5 5 5 5 5 5 5 5 5 5 6 6 5 4
8 7 6 5 5 6 6 6 6 6 6 5 5 5 6 10 14 20 26 28 27 27 25 21 15 9 3 6 17 26 33 32 28 25 22 21 21 19 16 12 9 8 7 7 7 7 7 7 6 6 6 6 6 6 6 6 5 5 5 5 4 4 4 4 3 3 3 3 3 3 4 4 4 4 4 4 5 5 5 5 5 5 5 5 5 5 5 5 5 5 5 5 6 7 6 4
8 6 6 5 5 6 6 6 7 7 6 5 5 6 7 10 16 22 27 28 27 26 24 19 12 6 3 7 21 28 32 31 27 24 22 20 19 16 13 12 10 10 9 8 8 8 7 7 7 7 6 6 6 6 6 5 5 5 5 4 4 4 4 4 3 3 4 4 4 3 4 4 4 4 5 5 5 5 5 4 4 5 5 5 5 5 5 5 5 5 5 5 6 7 7 5
8 7 6 6 6 6 6 6 6 6 5 4 5 6 7 11 17 23 26 27 27 25 22 17 8 4 3 8 25 30 30 29 28 25 21 18 16 16 15 14 13 12 11 10 8 8 8 8 8 7 7 7 6 6 6 5 5 5 5 4 4 3 3 3 3 3 3 4 4 4 4 4 5 5 5 5 5 5 5 5 4 5 5 5 5 5 5 6 6 6 5 5 5 6 7 6
9 9 8 7 6 6 6 5 5 5 4 4 5 6 6 10 18 23 27 28 27 25 21 14 6 2 3 12 27 31 32 31 26 20 17 19 21 22 22 19 17 14 12 11 9 8 7 7 7 7 7 7 7 6 6 5 5 5 5 4 3 3 3 3 3 3 3 4 4 5 5 5 5 5 5 5 6 6 5 5 5 5 5 6 6 6 6 7 6 6 6 6 5 6 7 7
10 9 8 7 6 6 5 5 5 4 4 4 5 6 5 10 18 23 28 29 28 24 19 12 4 1 5 15 26 32 35 30 17 11 13 19 21 23 23 22 19 16 14 12 10 9 7 7 7 7 7 7 7 7 6 6 5 5 4 4 3 3 2 3 4 4 4 5 6 6 7 7 7 7 7 6 6 6 6 6 6 6 6 6 6 6 6 6 6 6 6 6 5 5 6 7
10 9 8 7 6 6 5 5 5 4 4 4 5 5 5 10 17 23 29 30 28 24 18 10 4 3 8 18 28 32 31 24 18 18 18 18 18 19 21 21 20 17 14 12 11 10 8 8 8 7 7 7 7 7 6 6 5 5 4 3 3 2 1 3 4 6 7 8 9 9 9 9 9 9 9 8 8 7 7 7 7 7 7 7 7 6 6 5 5 5 5 5 5 5 5 6
13 10 8 7 6 6 5 5 5 4 4 5 5 5 6 10 17 24 31 32 29 24 16 8 3 6 13 22 30 27 19 19 21 20 19 17 17 17 19 21 21 19 16 13 11 10 9 8 8 8 8 8 8 8 7 6 6 5 4 4 3 1 2 5 8 9 10 10 10 10 10 10 10 10 9 8 8 7 7 7 7 7 6 6 5 5 5 4 3 4 5 5 5 5 5 5
18 12 9 8 7 6 6 5 5 4 4 5 6 6 7 12 19 26 32 32 29 23 13 6 3 8 18 24 25 22 20 20 19 17 15 15 15 16 18 20 22 21 19 18 15 12 10 9 9 9 8 8 9 9 9 9 8 7 6 5 3 1 6 11 13 13 13 11 11 11 11 11 10 10 9 8 7 7 6 6 5 5 4 3 3 3 3 3 3 3 4 5 5 5 5 5
22 17 12 9 7 6 6 5 5 4 5 6 6 7 9 14 22 28 32 31 28 21 10 4 2 8 24 23 13 16 18 17 16 15 14 14 14 15 17 18 20 21 20 19 19 17 14 13 12 11 9 9 10 10 8 7 6 4 3 1 4 9 14 15 14 13 12 10 10 9 9 8 8 7 7 6 5 5 4 4 4 3 3 3 3 3 3 3 3 3 4 5 5 6 6 5
24 21 16 11 8 7 6 6 6 6 6 6 7 8 11 17 24 28 31 30 27 19 7 2 2 8 22 22 14 11 11 11 11 12 12 13 13 14 15 17 18 20 20 18 19 18 17 18 18 18 16 14 14 15 14 11 8 6 8 13 16 20 20 16 12 10 9 8 6 5 4 4 4 3 4 4 3 2 2 2 2 2 2 2 3 3 3 3 3 4 5 5 6 6 6 5
25 23 20 14 10 8 7 6 6 6 7 7 7 9 13 20 26 29 29 28 24 16 4 0 0 6 15 18 17 14 14 12 9 8 9 10 12 12 13 14 15 18 21 20 19 18 18 19 20 21 21 19 18 19 20 18 15 14 16 19 21 21 18 12 9 7 6 6 5 3 3 2 2 2 2 2 2 2 1 1 2 2 2 3 3 3 4 4 5 5 6 6 6 6 5 5
25 24 22 17 12 9 7 7 6 6 6 7 7 9 16 22 27 28 28 26 21 13 3 0 0 5 13 16 18 18 19 18 16 14 13 12 11 10 9 10 12 15 19 20 20 20 18 17 18 19 21 22 21 21 23 23 23 22 22 21 19 15 11 7 5 4 4 4 4 3 3 2 2 1 1 2 2 2 1 2 2 3 3 4 4 5 5 6 6 6 6 6 5 5 5 5
