data/handson/Instances_Belgium/Case2_Houffalize/slope.asc
ncols         601
nrows         601
xllcorner     745468.5234000001
yllcorner     591346.1043
cellsize      10.0
NODATA_value  -9999.0
[rows 426 to 496 of 601, columns 192 to 287 of 601]
19 15 12 12 13 13 12 14 19 24 28 27 25 24 25 28 30 30 29 28 26 18 7 2 11 22 30 35 39 31 19 21 23 22 21 19 19 20 21 24 25 26 28 30 31 31 30 30 29 27 23 18 13 8 4 1 2 5 11 16 20 24 29 33 34 34 35 35 33 29 26 27 27 24 21 23 23 22 21 22 20 17 15 14 13 12 12 11 10 10 9 9 8 8 8 8
19 15 13 14 15 17 16 16 16 19 25 25 22 20 19 21 26 29 29 29 29 23 13 4 4 14 25 34 40 33 20 21 21 19 18 18 19 21 23 26 27 28 29 30 29 29 28 27 24 18 12 7 3 2 6 12 16 21 25 27 28 30 32 32 31 31 31 29 27 26 25 27 26 24 22 21 21 20 19 17 16 14 13 13 12 12 11 11 10 9 9 9 9 8 8 8
22 19 16 17 19 20 20 20 18 19 23 23 22 19 15 15 19 23 27 29 30 27 20 11 2 8 19 31 40 34 22 21 21 19 19 20 21 23 25 26 27 28 28 28 27 25 23 21 15 7 2 3 8 12 16 20 23 26 28 29 29 30 30 29 28 28 27 25 25 25 25 26 24 23 21 20 19 18 16 15 13 13 13 12 12 12 11 11 10 9 9 9 9 8 8 7
27 23 20 21 21 21 21 21 20 21 22 21 21 18 14 13 15 18 22 25 28 29 26 18 8 2 12 26 38 33 22 22 22 22 23 23 23 24 25 26 26 26 26 25 22 19 16 11 3 4 9 14 18 21 22 23 24 25 26 26 25 26 26 25 24 24 24 25 25 25 24 23 22 20 19 19 18 16 15 14 13 13 13 12 12 12 11 10 9 9 8 8 8 7 7 6
30 27 24 24 24 24 24 23 22 21 20 19 19 17 15 14 14 14 16 19 23 27 29 24 14 4 5 20 35 32 23 23 24 24 25 24 24 24 24 24 23 23 21 19 15 11 6 1 9 14 16 20 22 24 24 23 24 24 24 24 23 24 24 23 23 23 24 24 23 23 22 20 19 19 18 18 17 15 14 13 12 12 12 12 11 11 10 9 8 8 8 8 7 7 6 6
31 30 27 26 27 27 27 26 23 20 18 17 18 17 16 15 13 12 12 14 18 22 27 26 19 10 2 13 30 29 23 24 24 25 25 24 23 22 22 21 19 16 13 9 5 2 5 13 18 20 20 21 22 23 23 23 23 24 23 23 23 24 24 24 24 24 23 22 21 20 19 18 18 17 18 17 16 15 14 13 12 11 11 11 10 9 9 8 8 8 7 7 7 7 6 6
32 31 29 29 29 29 28 27 24 21 20 20 21 20 19 17 15 13 12 12 14 17 22 24 23 16 7 6 23 25 22 22 22 22 22 21 20 19 17 15 12 9 4 1 5 10 16 21 22 22 22 22 23 23 22 22 23 23 23 22 23 23 23 23 23 22 21 20 19 19 19 18 18 18 18 17 15 13 12 11 11 10 10 10 9 9 9 9 9 8 7 7 7 7 6 6
31 32 31 31 31 30 29 27 25 25 25 26 27 26 24 21 19 17 16 15 15 16 17 19 21 18 11 0 14 21 21 19 18 17 16 16 14 13 11 7 4 2 5 11 16 20 23 24 23 23 23 23 23 23 22 22 23 23 23 23 23 23 22 21 20 19 19 19 19 20 20 19 19 18 17 15 13 12 11 10 10 10 9 9 9 9 10 10 10 9 7 7 7 7 6 6
30 31 31 32 32 30 28 26 26 27 28 30 29 28 25 23 21 20 19 19 19 18 15 15 17 16 13 6 6 14 15 14 12 11 10 9 8 7 3 1 5 10 16 20 23 25 25 24 24 24 23 23 23 23 22 23 23 23 22 22 22 21 20 20 19 19 19 19 20 20 19 18 17 17 15 13 12 11 10 10 10 9 9 9 9 10 11 11 10 8 7 7 7 6 6 5
29 29 30 31 31 30 28 26 27 29 30 30 29 26 24 23 22 21 21 21 21 19 18 18 18 15 12 7 3 6 7 6 6 6 4 2 1 2 6 12 18 23 26 26 25 25 25 25 25 24 23 22 23 23 23 24 24 22 21 20 20 19 19 19 20 20 20 20 20 19 17 16 15 14 13 12 11 10 10 10 10 10 10 9 9 10 11 10 9 7 7 8 7 5 5 5
27 28 29 30 30 28 27 26 27 28 28 27 25 23 21 20 19 19 19 19 18 18 18 18 17 13 9 5 2 1 1 1 1 2 4 7 9 12 18 23 26 28 28 27 26 26 26 26 25 24 23 22 23 23 23 23 22 20 20 19 19 19 19 19 20 20 19 19 18 17 15 14 13 13 12 11 11 10 10 10 10 10 9 9 10 11 11 10 8 7 8 7 6 4 4 4
25 27 28 29 27 25 25 27 27 26 24 22 19 18 16 14 13 13 13 13 14 15 15 15 13 9 6 4 1 2 6 8 10 13 16 18 22 26 29 29 29 28 27 27 27 27 27 25 25 24 23 23 23 22 21 20 19 19 19 19 19 19 19 18 18 18 17 16 15 14 14 13 13 12 12 11 10 10 10 10 10 9 8 9 10 11 11 9 7 7 7 5 3 4 4 4
24 25 25 24 23 21 21 23 22 21 18 16 14 13 12 11 11 11 12 12 13 14 13 11 9 6 3 0 5 10 13 15 17 20 23 25 28 31 31 30 28 26 26 26 27 26 25 24 24 23 23 22 22 21 20 19 19 19 19 19 19 19 18 17 17 16 15 14 14 14 13 13 13 12 11 10 10 10 9 9 9 8 7 9 11 11 9 7 6 6 6 4 2 3 3 3
23 23 21 18 17 16 15 15 14 14 12 10 9 8 8 9 11 13 14 15 14 13 10 8 5 2 3 9 15 19 21 20 21 24 26 28 29 29 29 28 27 25 25 26 25 24 23 23 23 22 22 22 21 20 20 20 20 20 19 19 19 17 16 15 15 15 14 14 14 14 13 13 12 11 10 10 10 9 9 8 8 7 7 9 11 10 7 5 5 5 5 3 2 2 2 2
18 18 17 15 14 13 12 11 10 10 9 8 8 8 9 11 13 14 14 13 12 10 7 3 1 5 12 18 22 24 23 23 24 26 27 28 28 28 27 27 25 25 25 25 24 23 22 22 22 21 21 21 20 20 20 20 19 19 18 18 17 16 14 14 15 15 15 15 14 13 13 12 11 10 10 10 9 8 8 7 7 7 7 8 11 9 5 4 4 4 3 2 1 1 2 2
10 10 12 13 13 12 11 11 10 9 9 8 9 10 12 14 14 13 10 9 7 5 2 2 8 16 22 25 26 25 24 24 25 25 26 27 26 26 26 25 25 26 26 25 23 23 22 22 21 21 20 20 19 19 19 19 18 17 16 15 15 14 14 16 17 17 16 15 14 13 12 11 10 10 9 9 8 8 7 7 7 7 7 8 10 8 4 3 4 4 3 2 2 2 2 3
6 6 8 9 10 11 10 10 10 10 10 10 11 12 13 13 11 9 7 6 4 0 4 11 18 24 27 27 27 26 25 25 25 24 25 25 25 25 25 25 25 25 25 23 23 22 21 20 20 19 19 18 17 17 17 17 16 15 15 15 15 16 17 18 18 16 15 14 13 12 11 10 9 9 9 8 7 7 7 7 7 6 6 7 8 7 4 4 4 3 2 2 2 2 3 3
6 5 5 6 7 8 9 9 10 11 12 13 13 13 11 8 7 5 5 4 1 8 15 22 27 29 29 28 28 28 26 25 25 24 24 24 24 25 25 25 24 24 23 22 21 20 19 18 18 17 16 15 14 15 15 14 14 16 17 17 18 19 19 18 16 15 13 12 11 11 10 9 9 8 8 8 7 7 7 7 6 6 6 6 7 6 4 4 3 3 2 2 3 3 3 2
5 5 4 4 5 6 7 7 8 9 10 11 11 10 8 5 4 3 2 5 12 19 24 28 30 30 29 29 29 28 26 25 24 23 23 23 23 24 23 23 22 21 20 19 18 17 17 16 16 16 15 15 15 16 16 16 17 18 18 19 19 19 17 16 14 13 12 11 10 10 9 9 8 8 8 7 7 7 7 6 6 6 5 6 7 6 4 3 3 3 2 3 3 3 2 2
4 5 5 4 4 4 5 4 4 5 5 5 5 5 5 5 2 2 10 20 25 27 29 30 30 30 30 30 30 28 26 24 23 22 23 23 22 22 21 19 18 16 15 15 14 14 14 14 15 16 17 18 19 19 20 20 21 21 19 18 17 16 14 13 12 11 11 10 10 10 9 8 8 8 7 7 7 7 6 6 5 5 5 5 6 5 3 3 3 3 3 3 3 2 2 1
4 2 2 1 1 2 2 2 2 2 1 1 0 2 3 5 9 15 23 28 30 30 30 30 30 30 30 29 28 26 24 24 23 22 22 21 20 19 17 16 15 14 14 14 15 15 16 17 18 19 20 21 21 20 21 21 20 19 17 16 15 13 12 11 11 11 10 10 10 9 9 8 8 8 7 7 7 6 5 5 5 5 5 5 5 4 3 3 3 3 3 3 2 2 1 1
16 14 10 5 3 2 1 0 0 0 0 2 6 11 16 21 24 28 31 31 30 30 31 30 30 29 28 27 26 23 22 23 23 22 21 19 17 15 14 13 13 14 16 18 19 20 21 22 23 23 23 22 21 20 19 18 16 15 14 14 13 12 11 11 11 10 10 10 9 9 8 8 8 8 7 6 6 6 5 5 5 5 5 5 5 4 3 3 3 3 3 2 2 1 1 1
23 22 20 16 14 13 11 10 10 9 10 12 16 20 24 28 31 32 33 31 30 31 30 30 29 28 27 25 23 20 19 20 20 20 19 17 15 14 14 14 16 18 19 21 21 21 22 22 22 22 21 20 19 17 16 15 14 12 12 12 11 11 10 10 10 10 9 9 9 8 8 7 7 7 6 6 6 5 5 5 5 5 5 5 4 4 3 3 3 3 2 2 1 1 1 1
26 26 27 28 27 26 25 25 25 24 24 24 26 27 29 31 32 33 32 31 31 30 29 29 28 26 25 22 19 16 15 15 15 16 16 15 15 15 17 18 20 21 22 21 20 19 19 18 17 16 16 15 14 14 13 13 12 12 11 10 10 10 10 10 9 9 8 8 8 7 7 7 7 6 5 5 5 5 5 5 5 5 4 4 4 4 4 3 3 2 2 1 1 1 0 0
28 27 28 30 30 30 30 30 29 29 29 28 29 29 30 31 31 32 31 30 30 29 28 26 25 24 22 19 16 14 14 14 14 15 15 15 16 18 19 21 22 22 21 19 18 17 16 16 15 14 13 12 12 12 12 11 11 11 10 10 9 9 9 9 9 8 8 7 7 7 6 6 6 5 5 5 5 5 5 5 5 4 4 4 4 3 3 3 2 2 1 1 1 0 0 0
28 27 27 28 28 28 29 29 29 28 27 27 28 29 30 30 30 29 29 28 28 26 25 23 22 20 18 15 15 15 15 15 15 16 16 17 19 20 21 22 21 19 18 16 15 15 14 14 13 13 12 12 12 11 11 11 10 10 10 9 9 9 9 8 8 7 7 7 7 7 6 6 6 5 5 6 5 5 5 4 4 4 4 4 3 3 3 2 1 1 1 0 0 0 0 0
28 27 27 27 27 28 28 28 28 28 28 27 28 28 29 29 28 27 27 27 25 24 22 21 20 18 17 16 16 17 17 16 16 17 17 19 20 21 21 21 19 17 16 14 14 13 13 13 12 11 11 11 11 10 10 10 9 9 9 9 9 9 8 8 7 7 7 7 7 6 6 6 5 5 5 5 5 5 5 4 4 4 4 3 3 2 2 1 1 1 0 0 0 0 1 1
28 28 28 27 28 28 28 28 28 29 29 28 28 27 28 27 27 26 25 24 23 21 21 21 20 19 19 19 19 18 18 18 18 18 19 20 21 21 20 19 17 15 14 13 13 12 12 11 11 10 10 10 9 9 9 9 8 8 8 8 8 8 7 7 7 7 7 6 6 6 5 5 5 5 5 4 4 5 5 4 4 4 4 3 2 2 1 1 1 0 0 0 0 1 1 2
27 27 27 27 27 27 27 27 27 28 28 28 27 27 27 26 25 24 23 23 22 21 21 21 21 20 20 20 19 19 19 19 19 19 19 20 20 19 18 16 15 14 13 12 11 11 11 10 10 10 9 9 9 8 8 8 8 8 7 8 7 7 7 7 7 7 6 6 6 5 5 5 5 5 5 4 5 5 5 4 4 4 3 2 1 1 1 0 0 0 0 1 1 2 2 2
25 26 26 25 25 25 25 25 25 26 27 27 27 28 27 25 24 23 22 22 22 22 22 22 21 20 20 20 19 19 19 19 19 19 19 18 17 16 15 14 13 12 11 11 10 10 10 10 9 9 9 8 8 8 8 8 7 7 7 7 7 7 7 6 6 6 6 6 5 5 4 4 5 5 5 5 5 4 4 3 3 2 2 1 1 0 0 0 0 1 1 2 2 3 3 3
24 24 24 24 24 23 23 23 24 24 25 25 26 26 25 24 23 22 22 22 22 23 22 22 21 20 19 19 18 18 19 19 19 19 17 16 15 14 13 12 11 11 10 10 10 10 10 9 9 9 9 8 8 7 7 7 7 7 7 7 6 6 6 6 6 5 5 5 5 4 4 5 5 5 5 5 4 4 3 3 2 2 1 1 0 0 0 0 1 2 3 3 4 4 4 4
22 22 22 22 22 22 22 23 23 22 22 23 23 23 23 24 23 23 23 22 22 22 21 21 20 20 19 18 18 18 19 19 18 16 14 13 13 12 11 10 10 10 10 10 10 10 10 9 9 9 8 8 8 7 7 7 7 7 7 6 6 6 6 5 5 5 4 4 4 4 4 5 5 4 4 4 3 3 3 2 2 1 1 0 0 0 1 2 3 3 4 5 6 6 6 6
21 22 22 22 21 21 21 22 22 21 22 22 22 22 23 23 23 22 22 22 22 21 21 21 21 20 19 18 18 19 18 17 16 14 13 12 11 11 10 10 10 10 10 10 10 10 9 9 9 8 8 7 7 7 7 7 7 7 6 6 6 6 5 5 5 4 4 4 4 4 4 5 4 4 4 3 3 3 2 2 1 1 0 0 1 2 3 4 5 6 7 7 8 8 8 8
21 21 22 21 21 20 20 21 21 22 22 22 22 22 22 22 22 22 22 22 21 22 22 21 21 21 20 21 20 19 17 15 14 13 12 11 11 10 10 10 10 10 10 10 10 9 9 9 8 8 7 7 7 7 7 7 7 7 6 6 6 5 5 5 4 4 4 4 4 4 4 4 4 3 3 4 3 3 2 2 1 1 0 1 3 5 6 6 7 8 9 9 9 9 9 10
22 23 23 22 21 21 21 21 21 22 22 23 23 22 22 22 22 22 22 22 22 23 23 22 21 21 20 20 19 18 16 14 13 12 11 11 10 9 10 10 10 10 10 10 9 9 9 8 8 7 7 7 7 7 7 7 7 6 6 5 5 5 5 4 4 4 4 4 4 4 4 4 3 3 3 3 3 2 1 0 0 1 3 5 7 8 8 9 10 11 11 11 11 11 11 11
25 25 25 24 23 22 22 22 22 22 23 23 23 23 22 22 22 22 23 24 24 24 24 23 21 20 19 18 17 15 14 13 13 12 11 11 9 8 9 11 11 10 10 9 8 8 8 7 7 7 7 7 7 6 6 6 6 5 5 5 4 4 4 4 4 4 4 4 4 4 4 4 3 3 3 3 2 1 1 2 3 5 7 9 11 11 12 13 13 14 14 13 13 13 12 11
27 27 27 26 25 24 24 23 23 23 23 23 22 22 22 22 21 22 23 23 23 23 22 20 19 18 17 16 15 14 13 13 12 12 12 11 11 10 11 11 10 10 9 8 8 7 7 7 7 7 7 6 6 6 6 6 5 5 5 4 4 4 4 4 4 4 4 4 4 4 4 3 3 3 3 2 1 3 5 7 9 11 12 13 14 14 14 14 14 14 13 13 12 12 11 10
29 29 29 29 28 27 26 25 24 24 23 22 21 22 21 20 19 20 21 22 21 20 18 16 15 15 15 15 14 13 13 13 12 12 12 13 13 14 13 11 10 9 9 8 8 7 7 7 7 7 7 6 6 6 5 5 5 4 4 4 4 4 4 4 3 3 3 3 3 3 3 3 3 3 2 2 4 8 11 14 15 16 16 17 17 16 15 13 13 12 11 10 10 9 8 7
28 28 29 29 29 29 28 27 26 25 23 22 22 21 21 20 20 20 21 21 20 18 16 15 14 14 14 13 13 12 12 12 12 11 12 13 13 14 13 10 9 9 8 8 8 7 7 7 7 7 6 6 6 6 5 5 5 5 5 5 5 5 4 4 4 4 4 4 4 3 3 3 3 1 1 5 10 14 16 16 16 16 16 16 15 14 13 12 11 10 9 8 8 7 6 6
25 25 27 28 29 29 29 28 27 25 24 24 23 22 21 22 22 23 23 22 20 18 17 16 15 13 12 11 11 11 11 11 11 11 11 11 11 11 10 10 9 9 8 8 8 7 7 7 6 6 5 5 6 6 6 5 5 5 5 5 5 5 5 5 5 5 5 5 5 4 4 4 3 3 6 11 16 17 16 15 13 14 13 12 11 11 11 10 9 9 8 7 6 6 6 6
21 22 23 25 26 27 28 28 27 26 26 25 25 24 23 24 24 23 23 21 18 16 15 14 13 12 11 10 10 10 10 10 10 10 10 10 10 9 9 9 8 8 8 7 7 7 7 7 6 6 6 6 6 6 6 6 6 6 6 6 6 6 6 6 6 6 6 5 4 2 1 0 4 8 12 16 17 17 14 12 11 11 10 10 10 9 9 9 9 8 7 7 6 6 6 6
16 17 18 20 22 23 25 26 27 27 27 27 27 27 26 25 24 23 21 18 15 12 11 10 10 10 9 9 9 10 10 10 10 9 9 8 8 8 7 7 7 6 6 7 7 6 7 7 7 6 7 7 7 7 7 7 7 6 6 6 6 6 7 7 7 7 6 4 2 2 4 7 11 14 16 16 16 14 11 9 9 9 9 9 9 9 9 9 9 8 7 7 7 7 7 7
13 13 14 16 17 18 20 21 23 24 25 25 25 25 24 23 22 20 18 15 12 10 9 8 8 8 8 9 9 9 9 9 8 8 7 7 7 7 6 6 6 6 6 6 7 7 7 7 7 7 8 8 8 7 7 7 7 7 7 7 7 7 6 6 5 3 1 3 7 9 11 14 16 17 17 16 15 13 9 8 9 9 9 9 9 9 9 9 8 8 7 7 7 8 8 7
11 11 11 12 12 13 14 15 16 17 18 20 20 20 19 19 17 15 13 10 9 9 8 8 8 8 8 8 8 7 7 6 6 6 6 6 6 6 6 6 6 6 6 7 7 8 8 8 8 8 8 8 7 6 6 6 6 6 8 9 9 7 5 2 2 5 9 13 16 17 18 19 20 19 18 17 15 12 9 8 9 9 9 9 9 8 8 8 7 7 7 7 7 7 7 7
10 9 9 9 10 10 10 10 11 12 13 15 15 14 14 13 12 11 9 8 7 7 7 7 7 7 7 7 6 6 5 5 5 5 5 5 5 5 6 6 6 6 7 7 8 8 8 8 8 8 7 7 6 5 5 5 5 5 6 5 3 3 3 5 10 15 19 22 23 23 22 22 21 19 19 18 16 13 11 11 10 10 10 10 10 9 8 8 7 7 7 7 7 7 6 7
9 9 9 8 8 8 8 8 8 9 9 9 9 9 8 7 7 7 7 6 6 6 6 7 7 6 6 5 5 5 5 5 5 4 4 4 5 5 6 6 7 7 8 8 8 8 7 7 6 6 5 4 4 4 4 4 3 2 2 4 6 8 10 14 19 24 27 27 27 26 24 23 21 19 19 18 17 16 15 14 12 11 12 12 11 10 9 8 7 7 7 7 7 6 6 6
7 8 7 7 7 7 6 6 6 7 7 6 6 6 5 5 5 5 5 5 5 5 5 5 5 5 4 4 4 4 4 4 4 4 4 4 4 5 6 6 7 7 7 7 7 6 5 5 5 4 4 3 2 2 2 1 0 2 4 8 11 14 18 23 28 31 31 31 30 29 27 26 25 24 23 22 21 20 18 16 14 13 14 13 12 10 9 8 8 8 7 7 7 7 6 6
6 6 6 6 6 6 6 6 6 6 5 4 4 4 4 5 4 4 4 4 5 4 4 3 3 3 3 3 3 3 3 3 3 3 3 4 4 5 5 6 6 6 5 5 4 3 3 2 2 2 2 2 1 0 0 2 4 5 6 8 13 20 26 32 35 35 33 32 32 31 31 31 31 31 30 28 26 24 21 19 17 16 16 14 12 10 9 9 8 8 8 7 7 7 7 7
5 5 5 5 5 5 5 5 5 4 4 3 3 3 3 3 3 3 3 3 3 3 3 2 2 2 2 2 2 2 2 2 2 2 3 3 4 4 4 4 4 4 3 2 2 1 1 1 1 0 0 0 1 2 4 6 7 7 9 13 21 27 32 35 36 35 33 32 31 31 31 32 32 33 32 30 28 27 25 22 21 20 19 17 15 13 11 10 9 8 8 7 7 7 8 8
4 4 4 4 4 4 4 3 3 3 3 3 3 2 2 1 2 2 1 2 2 2 1 1 1 1 1 1 1 1 1 1 1 1 2 2 3 3 2 2 2 2 1 1 0 0 0 0 0 1 2 3 5 7 8 8 8 9 14 21 28 33 35 36 35 33 31 30 29 29 29 29 30 30 30 30 30 30 29 27 26 25 23 22 19 17 14 12 10 9 8 7 7 8 9 10
3 3 3 3 3 2 2 2 2 1 1 1 2 2 1 1 1 1 0 1 1 1 1 1 0 1 1 1 1 1 0 0 0 1 1 2 2 2 1 1 1 1 0 0 0 0 1 1 2 4 5 6 8 9 9 9 9 12 20 27 33 36 36 35 33 31 29 28 28 28 28 28 29 29 30 29 30 30 30 30 29 27 26 24 23 21 18 16 14 12 11 11 11 12 12 12
2 1 2 3 2 1 0 0 0 0 0 1 2 2 2 1 0 0 0 0 0 0 1 0 0 0 1 1 1 1 0 0 0 1 1 1 1 1 1 1 1 0 0 1 1 2 3 4 5 6 7 8 9 9 9 9 11 16 25 32 35 37 36 34 31 29 28 27 27 27 27 27 28 29 29 29 29 29 31 32 31 29 27 25 25 24 22 20 18 16 15 16 17 17 16 14
0 0 1 0 1 1 0 0 0 1 2 3 3 3 2 2 1 1 1 1 1 0 1 1 0 1 1 2 2 1 1 0 1 1 1 1 1 1 1 1 1 2 2 3 3 4 5 6 6 7 8 8 9 9 9 10 12 19 29 34 36 36 35 32 30 28 27 26 26 26 26 27 27 28 28 28 28 28 30 32 32 30 28 26 26 25 25 24 22 19 19 20 20 19 18 16
0 1 2 3 3 2 1 1 2 3 4 4 4 4 3 2 2 2 2 2 1 1 2 2 2 2 3 3 2 2 1 1 1 2 2 2 2 2 2 2 3 4 5 6 6 6 6 6 6 6 7 8 9 9 9 12 14 20 31 36 37 36 33 30 28 27 26 26 25 25 25 26 26 26 27 27 27 28 28 30 30 31 29 27 26 26 26 26 26 22 21 22 22 21 20 18
2 3 4 4 4 3 3 3 4 5 5 5 5 5 4 3 3 3 3 3 3 3 3 3 3 3 4 3 3 2 2 2 2 3 3 3 3 3 3 4 4 5 6 6 6 6 6 6 6 7 7 8 9 9 11 13 15 23 35 39 39 36 31 28 27 26 26 25 25 25 25 25 26 25 25 26 26 27 27 28 29 30 30 28 27 27 26 27 27 24 23 23 23 22 21 19
5 5 5 4 4 4 4 5 6 7 7 7 6 5 5 5 4 4 4 4 4 4 4 4 4 4 4 4 3 3 3 3 3 3 4 4 4 4 4 5 5 6 6 6 6 5 5 6 7 8 8 9 9 10 13 15 19 29 39 41 39 34 29 27 26 26 25 25 25 25 25 25 25 24 24 25 25 26 27 27 28 29 29 29 29 28 27 28 28 25 23 24 23 23 22 20
6 6 5 4 4 5 6 7 7 8 7 7 6 5 5 5 5 5 5 5 5 5 5 5 5 5 5 4 4 4 4 4 4 4 4 4 5 5 6 6 7 7 7 6 6 6 6 7 8 9 10 10 11 12 15 18 24 33 41 41 37 32 29 27 26 25 25 25 25 25 26 26 26 25 25 25 25 26 26 27 27 28 28 29 29 28 28 28 30 28 25 25 24 24 24 22
6 5 5 4 5 7 8 8 8 8 7 6 5 5 5 6 6 5 5 5 6 6 6 6 6 6 5 4 4 5 5 5 5 4 5 5 5 6 7 9 9 8 8 6 6 7 8 10 11 11 11 11 12 14 17 21 28 36 41 40 35 31 29 28 26 25 25 25 26 26 27 28 28 27 27 26 26 27 27 27 27 27 27 28 29 29 29 29 31 31 29 26 25 25 26 24
7 6 6 6 7 8 9 9 8 7 6 6 6 6 7 7 7 6 6 6 6 6 7 6 6 6 6 5 5 5 6 6 6 6 6 7 7 8 9 10 10 10 9 8 8 9 11 12 12 13 13 13 14 16 18 23 31 36 39 37 33 31 29 28 26 25 26 26 27 28 28 28 28 28 27 26 26 27 26 26 26 26 26 27 28 28 28 28 30 32 30 26 25 26 28 27
7 7 8 10 10 9 9 8 7 6 6 7 8 9 9 9 8 7 7 7 7 7 7 7 6 6 6 6 6 6 6 7 7 8 8 9 10 10 11 11 11 11 11 11 11 11 12 13 14 14 14 14 15 17 18 23 30 34 37 36 33 31 29 28 26 26 27 28 29 29 29 29 28 27 26 26 26 26 25 25 25 24 25 26 27 27 27 27 28 30 29 26 25 26 29 30
8 9 10 11 11 10 9 8 7 7 7 9 9 10 10 10 9 9 8 7 7 8 7 6 6 5 6 6 7 7 7 8 8 9 9 10 11 11 11 11 11 12 12 12 13 13 13 14 15 15 14 14 16 17 18 22 29 34 37 37 36 33 30 28 27 27 28 29 30 30 30 29 28 26 26 26 26 25 25 25 25 26 26 26 27 27 27 27 28 29 29 27 26 26 29 31
10 10 11 11 10 10 9 9 8 8 9 11 11 11 10 11 10 10 9 8 8 8 7 6 5 4 5 6 7 8 9 9 9 9 9 10 10 11 11 11 11 12 13 13 14 14 14 15 15 13 13 15 16 18 19 23 30 35 38 38 38 35 31 29 28 28 29 30 31 32 31 29 27 26 25 25 25 26 26 26 27 29 29 27 27 28 28 29 29 29 29 28 27 26 28 32
11 11 11 11 11 10 10 10 10 10 12 13 13 12 12 12 12 11 10 9 9 8 7 6 5 4 5 6 8 9 9 9 9 10 10 10 10 11 11 11 11 12 12 13 14 15 15 15 14 13 14 15 17 18 20 25 32 36 38 39 38 35 31 29 29 29 30 31 32 30 27 25 23 21 20 20 20 20 21 21 23 25 26 26 26 26 27 28 29 29 29 29 28 27 28 31
12 12 12 12 11 11 11 11 12 13 14 14 14 14 14 14 13 13 12 11 9 8 7 6 6 5 6 7 8 8 8 9 9 10 11 11 11 11 11 11 12 12 12 13 14 16 16 15 14 14 15 16 17 19 21 26 32 35 38 38 38 35 32 30 30 30 31 31 30 25 20 16 14 13 12 11 10 10 10 12 13 14 17 21 22 23 24 26 28 29 30 30 29 28 28 29
12 13 13 12 12 12 12 12 13 15 15 14 14 15 15 15 15 14 13 12 10 8 8 7 6 6 7 8 8 8 8 9 9 10 10 11 11 11 11 12 12 12 12 12 14 15 14 14 13 14 14 16 17 19 22 27 32 35 38 38 38 36 33 31 31 31 31 29 24 17 11 8 7 6 5 5 4 3 4 5 5 5 8 13 16 17 18 20 23 25 27 28 28 28 27 28
13 13 13 13 14 14 14 14 15 15 15 14 14 15 15 15 15 15 14 13 11 10 9 8 7 7 8 8 8 8 8 8 9 9 10 10 11 11 12 13 13 13 12 12 12 12 11 11 12 13 14 15 18 20 23 28 32 35 37 38 38 37 34 32 32 31 28 22 14 6 1 0 1 1 0 0 0 0 1 0 0 0 1 3 6 9 10 11 14 17 20 24 26 26 27 28
14 14 14 14 15 15 15 15 15 15 15 14 14 14 15 15 16 16 15 14 13 11 10 9 9 9 9 9 8 8 8 8 9 10 11 11 12 13 13 14 14 13 12 11 11 10 10 11 11 12 14 16 19 22 25 29 32 35 37 37 38 37 35 34 32 28 21 13 5 0 2 3 4 5 5 6 6 6 6 5 5 4 3 2 1 1 2 3 5 8 11 15 18 20 21 22
16 16 15 15 16 16 15 15 15 16 16 15 15 14 14 15 16 17 17 16 15 13 12 11 10 10 10 9 9 8 9 9 10 12 13 14 14 15 15 14 13 12 11 11 11 10 10 10 11 13 15 17 20 23 26 30 32 34 35 36 37 37 37 35 30 22 13 5 0 2 3 5 7 10 12 14 14 13 12 11 9 7 6 6 6 4 4 4 3 0 1 2 6 10 11 12
17 16 16 16 16 16 16 16 16 16 16 15 14 14 14 14 16 17 17 17 16 15 13 12 12 11 11 10 9 9 10 10 11 13 14 14 15 15 14 14 13 11 11 11 11 11 11 12 13 15 17 19 21 24 28 30 32 33 34 35 36 37 39 35 24 13 5 0 2 3 4 7 11 14 17 19 20 20 20 19 17 14 13 13 12 11 11 10 9 7 6 5 3 0 2 4
16 15 16 17 17 17 17 17 17 16 15 14 14 14 14 13 15 17 17 17 17 16 15 14 13 12 12 11 11 11 11 11 12 13 14 14 14 13 13 13 12 11 11 11 11 11 12 14 15 17 19 21 23 26 29 31 31 32 33 34 35 36 38 31 17 7 1 2 2 3 6 11 15 18 20 23 24 26 27 27 26 24 22 21 19 18 17 15 14 13 12 10 8 7 5 0
16 16 17 17 18 18 18 18 17 17 16 15 14 14 14 14 15 16 18 18 18 17 16 15 14 13 13 12 12 12 12 12 13 13 13 13 13 12 12 12 12 11 11 11 12 13 15 17 18 20 21 23 24 26 29 30 29 30 32 33 34 35 35 28 15 6 1 2 2 5 11 16 19 21 23 24 26 29 30 31 30 29 27 25 24 23 21 20 19 18 16 14 13 12 11 7
