data/handson/Instances_Belgium/Case2_Houffalize/slope.asc
ncols         601
nrows         601
xllcorner     745468.5234000001
yllcorner     591346.1043
cellsize      10.0
NODATA_value  -9999.0
[rows 284 to 354 of 601, columns 384 to 479 of 601]
4 4 4 4 4 4 4 3 3 2 2 2 2 2 2 2 2 3 5 6 6 8 10 12 14 14 13 12 11 9 9 9 8 5 12 14 12 13 13 13 13 14 15 16 19 21 22 17 9 6 4 3 3 3 2 3 3 3 3 3 3 2 2 2 4 5 5 4 3 3 4 5 5 5 6 6 6 6 5 4 6 6 6 5 6 7 7 5 5 6 6 6 7 6 6 5
4 4 4 4 3 3 4 3 3 2 2 2 2 2 2 2 3 4 4 5 5 7 10 12 13 12 12 11 9 8 8 8 4 6 15 15 13 13 12 13 14 15 16 18 21 21 18 13 8 5 4 4 4 3 2 2 2 2 2 2 2 2 3 4 4 4 4 3 3 4 5 6 6 5 6 7 6 5 4 4 6 5 5 7 10 12 11 8 8 9 9 8 7 6 6 6
4 4 3 3 3 3 4 3 3 2 2 2 2 1 1 2 2 3 4 4 6 8 10 11 12 12 11 9 8 8 7 4 7 13 15 15 14 13 13 15 16 16 18 19 21 19 13 8 6 4 4 4 4 3 2 2 2 2 2 3 3 3 3 4 4 3 3 3 4 5 6 7 7 6 7 7 6 5 5 5 6 5 6 8 10 10 11 11 11 11 9 8 7 6 6 6
3 3 3 3 3 3 3 3 3 2 2 2 1 1 1 1 2 3 3 4 6 8 10 12 12 12 10 8 8 10 6 6 13 16 15 15 15 15 16 17 18 18 19 19 19 14 8 6 5 4 4 4 4 3 3 3 3 3 3 3 3 3 4 4 4 4 4 4 4 5 7 7 7 9 9 7 5 5 6 7 7 6 6 6 6 4 7 13 14 11 9 8 7 6 5 5
3 3 3 3 3 3 3 3 3 2 2 2 2 1 1 1 2 2 3 4 6 8 11 12 12 11 9 8 10 9 9 13 16 17 15 15 16 17 18 18 17 17 17 16 13 9 5 5 5 5 4 4 3 3 3 3 3 3 3 3 4 4 4 4 5 5 4 4 5 6 7 7 7 9 8 7 6 6 7 8 7 6 5 5 5 6 8 12 11 9 8 8 7 6 5 5
3 3 3 3 3 3 3 3 2 3 2 2 2 1 1 1 1 2 2 4 6 9 12 13 13 11 9 9 10 7 14 18 19 18 16 15 16 16 17 16 14 13 13 11 9 7 5 5 5 5 4 3 3 3 3 3 3 3 3 4 4 5 5 6 5 5 5 4 6 7 7 6 6 7 7 7 8 8 8 9 7 6 6 6 6 7 10 8 5 6 6 6 6 5 5 5
3 3 3 3 3 3 3 3 2 2 2 2 2 1 1 0 0 1 2 4 6 9 13 14 14 12 10 10 10 6 18 22 21 18 14 13 13 14 14 13 11 10 9 9 9 8 6 6 6 5 4 3 3 3 3 3 4 4 4 4 5 6 6 6 6 6 5 6 7 7 6 6 6 6 6 7 7 8 9 8 7 6 7 7 8 9 11 8 4 4 5 5 5 5 4 4
3 3 3 3 3 3 3 3 2 2 2 2 2 1 1 0 0 1 2 4 6 10 15 16 14 13 11 11 9 7 20 24 22 18 13 11 12 12 13 12 11 9 9 8 9 8 6 6 6 5 4 4 4 3 3 3 4 4 5 6 7 7 7 7 6 6 6 7 8 7 6 7 7 6 5 5 6 9 8 6 6 8 9 9 11 14 13 9 6 5 5 4 4 4 4 3
3 3 3 3 3 3 3 3 3 3 2 2 1 1 1 0 0 1 2 4 6 10 16 17 15 14 13 11 7 8 20 24 23 20 14 12 12 12 13 12 11 10 9 9 9 8 7 6 6 5 4 4 3 3 3 4 5 6 7 8 8 8 7 7 7 7 7 7 7 6 6 6 5 5 4 5 7 8 7 6 7 9 9 10 12 12 10 7 6 6 5 4 4 4 4 4
3 3 3 3 3 3 3 3 3 3 2 2 2 1 1 0 0 1 2 4 6 11 17 18 16 15 14 10 5 9 19 23 23 21 17 14 13 12 12 12 12 10 9 8 8 8 7 6 5 5 4 3 3 2 3 6 7 9 9 9 9 8 7 7 7 7 7 6 6 5 5 4 4 4 4 5 6 6 5 6 8 9 8 8 8 6 3 3 5 6 6 5 4 4 5 5
3 3 3 3 3 3 3 3 3 3 3 2 2 2 1 1 0 1 1 3 6 11 18 19 17 16 14 9 4 8 17 21 22 22 20 17 15 13 11 12 12 11 9 8 8 7 7 6 5 5 6 5 4 4 6 8 9 9 9 9 8 7 7 7 6 6 6 6 5 5 4 3 4 5 5 6 6 6 5 6 7 7 6 5 3 3 5 3 3 5 7 6 5 5 5 5
3 4 4 4 3 3 3 4 4 4 3 3 2 2 1 1 1 1 1 3 6 11 18 20 19 17 14 8 3 8 16 20 20 21 21 19 17 15 13 13 13 11 8 7 7 7 7 7 6 6 7 8 9 10 10 9 9 8 8 7 7 7 7 6 6 5 5 5 5 4 4 4 6 6 6 6 7 7 5 4 5 4 3 2 2 3 6 4 2 4 6 7 6 7 5 4
4 4 4 4 4 4 4 4 4 4 4 4 3 3 3 3 2 2 2 3 5 10 17 20 21 18 13 8 5 6 15 18 19 20 21 20 19 18 16 15 13 10 7 6 7 6 6 6 6 6 6 8 9 10 9 8 7 6 5 5 5 6 6 5 5 5 5 5 5 4 5 5 7 7 6 6 8 7 5 4 4 4 3 3 4 6 6 4 3 3 5 6 6 6 5 4
4 4 4 5 5 5 5 5 5 5 5 5 5 5 5 5 5 5 4 4 5 10 18 21 22 19 14 10 6 6 13 17 18 20 21 21 21 20 17 15 12 10 6 6 6 6 5 5 6 5 5 6 6 6 6 5 5 4 3 3 3 4 4 4 5 5 5 4 4 5 5 6 7 7 6 8 9 7 5 5 6 6 6 7 8 8 7 5 3 2 3 4 4 4 5 4
5 5 5 5 6 6 6 6 6 6 6 6 7 7 7 7 6 6 6 5 6 11 21 23 23 19 15 10 6 6 12 16 17 18 21 22 24 21 17 14 12 9 7 6 6 6 5 6 6 5 5 6 5 5 4 5 4 4 3 4 4 4 4 4 5 5 5 5 5 6 7 8 7 6 7 9 9 7 7 8 8 8 9 9 9 9 7 6 4 3 3 3 3 3 5 4
5 5 6 6 6 6 7 7 8 8 8 8 8 8 7 7 7 7 7 7 9 15 23 25 23 20 15 10 6 7 12 15 16 18 21 23 25 22 16 13 11 9 7 6 6 5 5 6 7 7 6 6 5 4 5 5 6 6 7 6 6 5 4 4 5 5 6 7 8 8 9 9 7 6 8 9 9 9 10 11 11 11 11 10 9 8 7 6 5 4 3 3 3 4 5 5
6 6 7 7 7 7 8 8 9 9 9 9 8 8 8 8 8 8 8 9 12 19 24 25 23 19 14 9 6 7 12 15 18 19 21 23 25 22 15 11 10 9 8 7 7 6 6 8 8 6 5 4 5 7 8 8 8 8 8 7 7 6 5 6 6 7 8 9 9 9 10 9 9 8 11 11 11 11 11 12 11 11 10 9 8 7 6 6 5 3 2 2 3 4 5 5
7 8 8 8 8 9 9 9 9 9 9 9 8 8 8 8 8 8 9 10 14 20 24 24 21 17 13 9 6 9 13 16 18 20 21 23 25 21 13 10 8 8 7 7 7 7 8 11 10 6 3 3 7 12 13 10 9 8 7 7 7 7 7 7 8 9 9 9 10 10 10 10 11 13 14 13 12 12 11 11 10 10 9 8 6 5 4 4 4 3 3 3 3 4 6 6
8 9 9 9 9 9 9 10 10 10 9 9 9 9 9 9 9 9 9 11 15 20 23 22 18 15 12 7 7 12 16 18 19 20 21 23 24 20 12 8 7 7 7 8 9 9 10 11 13 11 8 9 13 15 13 12 10 9 9 9 9 9 10 10 10 10 10 10 10 11 11 10 12 14 14 13 12 11 10 9 9 8 6 5 3 2 2 4 5 5 5 4 3 4 6 6
9 9 9 9 9 10 10 10 10 10 10 10 10 10 10 10 10 10 9 10 13 17 21 20 17 13 10 3 9 14 17 19 20 21 22 23 22 18 11 7 6 6 8 12 13 12 11 9 13 15 17 19 18 14 12 13 12 11 11 11 12 12 13 13 13 12 11 10 10 11 11 11 12 13 12 11 11 10 9 8 6 4 3 3 3 5 5 6 6 6 4 3 2 4 7 7
10 10 10 11 11 11 11 11 11 11 11 11 11 11 11 11 11 10 9 9 11 16 22 21 17 13 8 3 12 17 19 20 21 22 23 22 19 14 10 7 6 8 10 12 13 14 13 11 13 18 20 21 19 14 12 13 13 13 13 13 13 13 14 14 13 13 12 11 11 11 11 11 12 12 11 10 9 8 6 5 3 2 2 4 6 7 6 6 6 5 3 2 2 5 8 8
10 11 12 12 13 13 13 12 12 12 12 12 12 13 13 13 12 10 8 7 12 18 24 23 18 13 5 6 15 19 21 22 22 22 24 21 15 10 7 8 10 11 11 11 12 14 14 15 16 19 19 18 17 16 15 14 14 15 14 13 13 13 14 13 13 13 13 13 13 12 12 12 12 10 9 8 7 5 3 2 2 3 4 6 7 6 4 4 5 5 4 5 5 6 9 9
12 13 14 15 15 15 15 15 14 14 14 15 15 15 14 14 12 10 8 6 13 19 25 23 17 10 5 12 19 23 24 23 22 22 22 18 11 7 8 11 13 14 14 13 14 16 17 18 19 20 19 18 17 17 17 16 16 17 17 16 15 15 14 14 13 13 13 13 12 11 11 12 10 8 7 6 4 2 1 2 3 5 7 8 6 5 4 5 6 6 5 6 6 6 9 10
14 15 17 18 17 17 17 17 17 18 18 19 18 17 16 14 13 10 8 4 14 21 25 22 15 6 8 17 24 26 25 22 20 18 16 14 13 15 15 15 16 18 18 19 19 19 20 21 21 21 20 19 18 17 17 18 19 19 19 19 18 17 16 14 13 13 13 12 11 10 10 10 8 7 5 2 1 1 2 4 6 8 9 8 6 5 5 6 7 6 6 6 5 5 9 9
17 19 19 19 19 18 18 18 18 19 19 19 18 17 15 14 14 13 11 6 16 22 25 21 12 4 13 22 28 26 20 17 14 12 9 11 13 15 16 16 17 19 20 21 21 21 21 21 21 21 20 19 19 18 18 18 18 18 18 18 17 15 14 13 13 14 13 12 11 10 8 7 5 4 2 1 3 4 5 6 8 9 9 7 6 6 6 7 7 6 6 5 5 6 10 9
22 22 21 20 19 19 19 19 19 19 19 18 16 15 13 13 14 14 14 11 16 21 24 20 11 5 17 23 27 24 18 15 14 12 11 9 9 11 13 16 18 19 20 20 20 20 20 21 21 20 20 19 19 19 18 17 16 15 14 13 12 11 11 10 12 15 14 12 11 10 7 3 2 2 3 4 5 6 7 8 10 9 8 6 6 6 6 6 6 6 6 5 5 8 9 8
21 20 19 18 18 18 18 18 17 17 16 15 14 13 13 12 13 14 14 12 13 17 23 20 12 5 19 24 24 23 19 16 14 13 12 9 8 11 14 17 19 19 20 20 20 19 19 19 19 19 18 17 17 18 17 15 14 13 12 11 11 10 9 9 10 9 9 8 6 5 4 4 4 5 5 6 7 8 9 10 10 9 7 6 6 7 6 6 7 7 7 6 7 10 10 12
17 15 15 15 15 16 16 16 15 14 13 13 13 13 13 12 12 12 12 11 11 15 23 21 13 6 19 24 24 23 20 17 14 11 9 7 10 14 17 19 19 19 20 20 19 18 17 16 16 16 16 15 15 16 15 14 13 12 12 12 12 11 9 8 4 0 4 5 5 6 7 7 7 7 8 8 10 10 11 11 10 8 7 7 7 7 7 7 8 9 8 7 9 12 15 20
14 12 11 12 12 13 13 13 12 12 12 12 12 12 12 12 12 12 12 11 11 15 24 22 13 6 17 23 23 23 21 18 16 13 10 10 14 17 19 20 20 19 19 18 17 16 15 12 11 10 9 9 8 9 9 8 7 6 6 6 6 6 5 4 4 7 8 8 9 11 10 9 9 10 10 11 12 12 12 12 10 8 8 7 8 8 8 8 9 8 8 9 13 16 20 22
12 10 10 9 10 10 10 10 10 10 11 11 11 11 12 12 12 12 12 12 13 16 23 20 12 5 16 21 23 22 20 17 15 18 18 16 18 20 21 21 20 19 17 15 14 14 12 10 5 2 3 3 3 4 6 6 6 6 6 6 7 8 8 9 9 9 9 9 11 13 12 11 12 12 13 14 14 13 13 13 11 9 8 8 8 8 8 9 8 6 7 12 17 21 20 16
10 9 8 8 8 8 9 9 9 9 10 10 11 11 12 12 12 12 13 13 13 16 21 18 10 5 15 21 24 23 19 15 16 22 24 23 23 23 23 21 19 16 13 10 8 7 7 7 8 9 8 7 8 9 10 10 10 10 11 12 12 12 12 12 12 11 11 11 14 13 12 12 13 13 14 14 13 13 13 11 10 9 8 8 9 9 10 10 10 11 14 18 21 20 16 11
8 8 8 7 7 7 8 8 9 9 9 10 11 11 12 12 13 14 14 14 13 13 18 16 9 5 14 21 26 22 14 18 23 26 28 29 28 26 23 20 16 12 8 5 4 7 10 12 12 10 8 8 9 10 11 11 11 12 12 12 12 13 13 14 14 15 14 13 13 11 9 10 12 13 13 12 12 12 11 8 7 8 8 8 9 11 12 14 17 22 23 22 21 16 11 9
7 7 7 7 7 7 7 8 9 9 9 10 11 12 13 14 15 15 16 15 13 10 16 15 9 5 15 22 28 21 15 23 26 26 27 27 25 22 18 13 9 7 7 8 11 14 15 15 13 10 9 10 12 13 13 14 14 15 15 15 15 14 15 14 14 13 13 12 11 10 9 11 12 12 11 10 9 9 8 7 8 9 10 10 13 15 16 18 21 23 21 19 15 11 9 8
6 6 6 7 7 7 7 8 9 10 10 11 13 14 15 16 17 18 17 16 14 10 15 14 9 5 15 20 24 26 27 28 26 22 21 20 17 13 8 4 5 8 13 16 17 18 17 15 13 11 12 14 15 16 17 18 19 20 20 19 17 16 15 12 11 9 9 9 10 10 11 12 12 11 9 8 6 5 6 9 11 12 13 15 18 20 20 19 18 15 13 11 10 8 8 8
6 7 7 7 7 7 7 8 9 10 11 12 14 15 16 18 18 19 19 18 17 13 16 15 9 6 16 16 16 24 24 21 17 12 11 10 8 6 5 7 11 15 19 21 20 18 15 13 12 12 14 16 17 18 18 18 19 18 16 15 14 13 11 10 9 8 8 10 11 11 12 11 10 8 7 7 6 7 10 12 13 14 15 17 20 20 18 16 13 10 8 8 7 7 7 7
7 7 7 8 8 8 8 8 9 10 12 13 15 16 17 19 19 20 20 21 21 19 18 15 9 6 14 16 14 13 10 6 4 6 8 9 8 9 11 15 17 20 22 22 18 14 12 11 12 13 15 16 17 18 17 15 14 10 8 7 6 6 7 7 8 9 10 12 12 11 10 8 6 6 7 9 11 13 14 14 14 16 17 18 17 14 11 10 9 8 7 7 6 7 7 7
7 7 7 8 8 9 9 9 9 10 11 12 13 14 14 15 15 15 15 17 18 18 15 10 5 5 7 10 10 7 5 7 11 14 14 14 13 13 16 19 20 22 22 20 15 12 11 12 13 15 15 15 15 14 12 10 8 5 4 4 4 5 7 8 9 10 10 10 10 9 7 5 6 8 10 12 13 16 15 14 16 16 15 15 13 10 8 7 7 7 7 6 6 7 7 7
7 7 7 7 8 10 10 11 10 9 9 10 10 10 9 7 6 6 7 8 10 11 7 2 6 9 9 10 12 12 12 13 16 17 16 15 15 17 19 20 21 21 20 17 13 12 13 14 14 15 14 12 11 9 6 5 4 4 4 5 6 8 9 10 10 8 8 7 7 7 6 6 9 12 13 14 14 15 15 16 16 13 11 10 9 8 7 7 6 6 6 7 7 7 7 7
6 6 6 6 7 8 9 9 9 8 7 7 6 5 3 2 3 4 3 3 4 5 4 8 12 13 13 14 15 14 14 16 18 18 16 16 17 19 20 20 21 20 18 14 12 12 12 13 13 12 10 8 8 6 4 3 4 4 5 7 8 8 9 9 7 6 6 6 6 6 6 8 12 15 15 15 15 15 14 14 12 9 8 7 7 6 6 6 6 6 7 7 7 7 7 7
5 5 5 5 4 4 4 5 6 7 6 4 3 4 5 7 9 9 9 8 8 9 11 13 14 13 12 12 13 14 15 17 18 17 16 16 17 19 20 20 20 18 14 11 10 10 10 10 10 8 7 6 6 5 4 4 5 5 7 8 8 6 6 5 5 5 6 6 7 7 8 11 15 16 15 15 15 13 11 10 8 7 6 6 5 5 6 6 6 7 7 7 7 7 7 6
5 5 5 5 4 3 3 2 3 3 3 4 6 8 10 11 11 11 11 11 11 12 13 14 13 12 11 12 14 15 16 17 17 16 15 15 16 17 18 18 17 14 10 8 8 9 9 8 7 6 5 5 5 5 5 5 5 6 8 7 5 4 5 5 4 5 6 7 9 10 12 14 16 16 14 13 12 10 8 7 6 6 5 5 5 5 6 6 7 7 7 7 7 7 6 6
4 5 5 5 5 5 3 2 2 4 7 9 11 12 12 12 11 10 9 10 11 11 12 12 12 12 12 13 15 16 16 16 15 13 13 13 14 15 15 15 13 9 7 7 8 8 7 6 5 4 4 5 5 5 5 6 6 7 7 5 3 4 5 5 5 6 8 11 13 15 15 16 15 13 12 10 8 7 6 5 5 5 5 5 5 6 6 7 7 7 6 6 6 6 5 5
5 4 4 4 4 3 3 4 6 9 11 13 13 13 12 10 9 9 9 10 10 10 11 11 11 11 12 14 15 16 15 14 12 11 12 13 14 14 13 11 9 6 5 6 6 6 6 5 4 4 5 5 5 6 6 6 7 6 5 3 4 5 6 6 7 9 11 13 14 15 14 14 12 10 9 7 6 5 5 5 5 5 5 5 5 6 6 6 6 6 6 5 5 5 5 5
5 5 4 2 2 4 6 9 11 13 13 13 12 11 10 8 8 8 8 9 9 10 11 11 11 11 12 13 14 14 13 11 10 11 13 14 14 12 11 9 6 5 5 5 5 5 5 5 4 5 5 6 6 6 6 6 6 5 4 5 6 6 7 8 9 12 13 12 12 12 10 9 8 7 7 6 5 5 4 4 4 5 5 5 5 6 6 6 5 5 5 5 5 4 4 3
3 3 3 4 6 8 11 12 13 13 12 11 11 10 8 7 8 8 8 8 8 9 10 10 10 10 12 13 13 12 11 10 10 12 15 14 11 9 8 7 5 4 5 5 5 5 5 5 5 6 6 6 7 6 6 5 5 5 5 6 6 7 9 11 12 13 11 11 12 11 8 7 6 6 5 5 4 4 4 4 4 4 4 5 5 5 5 5 5 4 4 4 4 3 3 2
2 4 6 8 10 12 14 14 13 11 10 10 9 8 7 7 8 8 8 8 8 9 9 8 9 10 12 12 12 11 10 11 13 15 14 11 8 7 7 6 4 4 4 4 4 5 5 6 6 7 7 7 6 5 5 5 5 6 6 6 7 10 12 13 13 11 10 11 11 10 7 5 5 5 4 4 4 4 4 4 4 4 4 4 5 5 4 4 4 4 4 3 3 2 1 1
6 8 10 11 13 14 13 12 10 9 9 9 8 7 7 7 7 7 7 7 8 8 8 8 9 11 11 11 10 10 10 13 16 15 10 7 6 6 7 6 4 4 4 5 4 5 6 7 7 7 7 6 5 4 5 6 6 6 7 8 9 11 12 12 11 10 9 9 9 7 4 3 4 4 3 3 3 4 4 4 4 4 4 4 4 4 4 3 3 3 3 2 2 1 1 2
10 11 12 13 13 12 11 9 8 8 8 8 7 7 7 7 7 7 7 7 8 8 7 8 10 10 10 10 9 10 12 15 14 11 6 5 5 6 6 6 4 4 5 5 5 6 7 7 8 7 6 5 4 5 6 6 7 8 9 10 10 11 11 10 9 9 7 6 6 4 2 2 4 4 3 3 4 4 4 4 4 4 4 4 4 4 4 3 3 2 3 3 3 2 3 3
12 12 12 12 10 9 8 7 7 7 7 7 6 6 6 6 6 6 7 7 8 8 8 8 9 9 9 9 9 12 15 14 9 6 6 5 5 5 6 6 6 6 5 5 6 7 7 7 7 6 5 5 5 5 6 7 8 9 10 10 9 10 10 9 7 6 3 2 4 4 3 3 4 4 4 4 4 5 5 4 4 4 4 4 4 4 4 4 3 3 3 4 4 4 4 4
11 11 10 9 7 7 7 7 6 6 6 6 6 6 6 6 6 6 6 7 8 9 8 8 8 8 9 9 11 13 14 11 6 5 6 6 5 5 5 6 7 7 6 7 7 7 6 6 7 6 5 5 4 5 7 9 9 9 9 8 8 8 8 7 5 4 2 2 3 4 4 3 4 5 5 5 5 5 6 5 5 4 5 5 4 4 4 4 4 4 4 4 5 5 5 5
9 8 8 7 6 6 6 6 6 6 6 6 6 6 6 6 6 6 6 7 9 9 6 6 7 8 8 10 13 13 11 8 6 5 5 5 5 5 5 6 8 8 8 7 6 5 5 6 7 7 6 5 3 5 10 11 10 9 8 7 7 7 6 5 4 5 4 3 3 4 5 4 3 5 6 6 5 5 6 6 6 5 5 5 5 5 5 5 5 5 5 5 6 6 6 6
7 6 6 6 5 6 6 6 5 6 6 6 6 6 6 6 6 6 7 8 8 7 5 5 6 8 9 11 13 12 8 6 6 5 5 5 5 5 6 7 8 9 9 7 4 4 5 7 8 7 6 6 7 10 13 12 10 9 7 5 6 5 4 4 4 5 5 4 4 4 5 5 3 3 5 6 6 5 6 6 6 6 6 5 6 6 6 6 6 6 6 6 7 7 7 7
6 6 5 5 5 5 6 6 6 6 5 6 6 6 6 6 6 7 8 7 5 5 5 6 7 8 10 11 12 10 7 6 5 5 5 5 5 6 6 7 8 8 8 7 4 4 7 8 9 8 7 7 8 10 10 9 8 6 2 2 4 5 5 5 5 5 5 5 5 5 5 5 5 4 4 5 6 6 6 6 6 6 6 6 6 6 6 6 6 7 7 7 7 7 7 8
6 5 5 5 5 5 6 6 6 5 5 5 6 6 6 7 7 7 7 6 5 5 6 7 8 9 10 10 10 9 7 6 6 6 5 5 5 6 7 7 7 7 7 7 5 6 8 9 9 8 7 7 7 7 6 6 7 7 6 6 7 8 8 7 7 6 6 6 6 6 6 6 6 6 5 6 6 6 6 6 6 6 6 6 6 6 6 6 7 7 7 7 7 8 8 8
6 6 5 5 5 6 6 6 5 5 5 5 6 7 7 7 6 6 4 5 5 6 7 8 9 9 9 9 8 7 7 7 7 6 5 5 6 7 7 7 7 7 6 6 8 9 10 9 8 7 5 5 5 5 6 6 7 8 8 8 8 8 8 8 8 7 7 7 7 7 7 7 7 7 6 6 6 6 7 7 7 7 7 7 7 7 7 7 8 8 8 8 8 9 9 9
6 6 6 5 6 6 6 6 6 5 5 6 7 7 7 7 6 5 4 4 6 7 8 9 8 8 8 8 7 7 7 7 7 6 6 6 6 7 7 7 7 7 7 8 10 10 10 8 6 5 4 4 4 5 6 6 7 8 7 7 7 7 7 7 7 7 7 7 7 7 7 7 7 7 7 6 6 7 7 7 7 7 8 8 8 8 9 9 9 9 9 10 10 10 10 10
6 6 6 6 6 6 6 6 6 6 6 7 8 7 6 5 5 5 5 5 6 7 9 9 7 6 7 7 7 7 7 7 6 6 7 7 7 6 6 6 7 8 9 10 11 10 8 6 4 3 3 3 4 5 6 6 6 7 7 6 6 6 6 7 7 7 7 8 8 8 7 7 7 7 7 7 7 7 7 8 8 8 8 8 9 9 10 10 10 10 10 10 10 10 10 10
7 7 6 6 6 6 6 7 7 7 7 7 7 6 6 5 5 6 5 6 7 8 9 7 6 6 7 7 8 8 8 7 6 6 7 7 7 7 6 7 7 8 10 11 10 8 6 5 4 3 3 4 4 5 6 6 6 6 5 5 5 6 6 7 7 7 7 8 8 8 8 7 7 7 8 8 8 8 8 8 9 9 9 9 10 10 10 11 11 11 11 11 10 11 10 10
6 6 6 6 6 6 7 8 8 8 6 6 5 6 6 6 6 6 6 7 9 8 6 6 6 6 8 8 8 8 8 7 6 5 6 6 6 7 8 8 7 8 11 11 8 6 5 4 4 4 4 4 4 5 5 5 5 5 5 5 5 5 6 6 7 7 7 7 7 7 7 7 8 8 8 9 9 9 9 9 9 9 10 10 10 10 11 11 11 11 10 10 10 10 10 10
5 6 6 6 6 6 8 8 8 7 6 5 5 6 6 6 6 6 7 8 9 8 5 5 6 7 8 8 8 8 7 6 6 6 6 6 7 7 8 8 7 9 11 10 6 5 5 4 4 4 4 4 4 4 4 5 5 5 5 6 6 6 6 6 6 6 6 6 7 7 7 7 8 8 8 9 9 10 10 10 10 10 10 10 10 10 10 10 10 10 10 10 10 10 10 11
6 7 7 7 5 6 8 8 7 6 5 5 6 6 7 7 7 7 7 7 7 7 6 6 6 7 8 8 8 7 6 6 6 6 6 7 8 8 8 8 7 9 11 9 6 5 5 4 4 4 4 4 4 4 4 4 5 5 5 5 6 6 6 7 7 7 7 7 7 7 7 8 8 9 9 9 9 10 10 10 10 10 10 10 10 11 10 10 10 10 10 10 10 11 11 11
8 8 7 5 5 6 7 8 7 6 5 5 6 7 7 7 7 7 7 7 6 6 6 6 7 7 8 7 7 6 6 5 6 6 6 7 8 8 8 8 8 9 10 8 5 4 5 4 4 4 4 4 4 4 4 4 5 5 5 5 5 6 7 7 8 8 9 9 9 9 9 9 9 9 9 9 9 10 10 10 10 10 11 11 11 11 11 11 11 11 11 11 11 12 12 12
8 7 5 4 5 6 6 7 8 7 5 6 7 7 7 7 7 7 7 6 6 6 7 7 7 7 7 7 6 6 6 6 5 6 7 8 8 9 9 9 8 8 7 6 5 4 5 5 4 4 4 4 4 4 4 4 5 5 5 5 5 6 7 8 8 9 9 10 10 10 10 10 10 9 9 9 9 9 10 10 10 11 11 11 11 11 11 11 11 12 12 12 12 12 12 12
7 5 4 5 6 6 6 6 7 7 6 6 6 7 7 7 7 7 6 6 6 7 7 7 7 6 6 6 5 5 5 6 6 7 8 9 9 9 10 9 6 6 7 6 5 5 5 5 5 4 4 4 4 4 4 4 5 5 5 6 6 7 7 7 8 9 9 10 10 11 11 10 10 9 9 9 9 9 10 10 11 11 12 11 11 11 11 12 12 12 13 13 13 13 12 12
5 4 5 6 6 6 6 6 7 7 7 7 6 6 7 7 7 7 6 7 7 7 7 7 6 6 6 6 6 5 5 6 6 8 10 10 9 9 10 7 3 4 7 7 5 5 5 5 5 4 4 4 4 4 4 4 5 5 5 6 6 6 7 7 7 8 9 9 10 10 10 10 10 9 9 9 9 10 11 11 11 12 12 12 12 12 12 12 12 13 13 13 13 12 12 12
4 5 6 6 6 6 6 7 7 7 7 7 6 6 7 6 7 7 7 7 7 7 7 6 6 6 5 5 5 5 5 6 8 9 9 9 9 9 8 6 2 2 5 6 5 4 4 5 4 4 4 4 4 4 4 5 5 5 5 5 6 6 6 6 7 7 8 8 8 9 9 9 9 10 10 10 11 11 12 12 12 12 13 13 13 13 13 13 13 13 13 12 12 11 11 12
5 5 6 6 6 6 6 7 6 6 6 6 7 7 6 6 6 6 7 7 7 7 7 7 6 6 5 5 5 5 6 7 9 9 7 8 10 9 6 5 4 3 4 5 5 4 4 4 4 4 4 4 4 4 4 5 5 5 5 5 5 6 6 6 6 6 6 6 7 7 7 7 8 8 9 10 10 11 11 12 12 11 12 12 12 12 12 12 12 12 12 11 11 11 11 12
5 5 6 6 6 6 6 6 6 6 6 6 7 7 6 6 6 7 7 7 7 7 7 6 6 6 6 6 5 5 6 7 9 8 7 8 9 8 6 5 5 4 4 5 5 4 4 4 4 4 4 4 4 4 4 4 5 5 5 5 5 5 5 5 5 5 5 5 5 5 5 5 6 7 7 8 8 9 9 10 10 10 10 10 10 10 10 10 10 10 10 11 11 12 12 12
5 5 6 6 6 6 6 6 6 6 6 6 6 6 6 7 7 7 6 6 7 7 6 6 6 6 6 6 5 5 6 6 7 8 9 8 7 6 6 5 5 4 4 4 5 4 4 4 4 4 4 4 4 4 4 4 4 5 5 4 5 5 5 5 5 5 5 5 6 6 6 7 7 8 9 9 9 10 10 10 10 10 10 10 10 10 10 10 10 10 10 11 11 11 12 12
5 5 6 6 6 6 6 6 6 6 6 6 6 6 7 7 7 6 6 6 7 6 6 6 6 6 6 6 5 6 6 7 7 7 9 8 6 5 5 5 4 4 3 3 4 4 3 3 3 4 4 4 4 4 4 4 4 4 4 4 5 5 6 7 7 7 8 8 8 9 10 11 12 12 13 13 13 12 12 12 12 13 12 12 12 12 12 12 12 12 11 11 11 11 11 10
5 5 6 6 6 6 6 6 6 6 6 6 6 6 7 7 6 6 6 6 6 6 6 6 6 6 6 6 6 6 7 7 7 7 6 6 5 5 4 4 4 4 3 3 4 4 3 3 3 3 4 4 4 4 5 5 5 5 6 5 6 6 6 7 7 7 8 8 9 10 11 12 13 13 13 13 13 13 13 13 13 13 13 13 13 13 13 13 13 12 12 11 11 11 11 11
