data/handson/Instances_Belgium/Case2_Houffalize/slope.asc
ncols         601
nrows         601
xllcorner     745468.5234000001
yllcorner     591346.1043
cellsize      10.0
NODATA_value  -9999.0
[rows 142 to 212 of 601, columns 192 to 287 of 601]
8 6 5 8 11 14 16 17 18 20 21 19 16 13 7 7 20 28 29 29 28 26 26 27 28 27 24 18 10 6 6 6 6 6 6 6 6 6 6 5 5 5 5 5 4 4 4 4 4 4 4 4 4 4 4 4 4 4 4 4 4 4 4 5 6 7 7 8 7 6 6 5 6 6 7 7 7 6 6 7 7 7 7 7 6 6 6 6 7 6 5 4 3 3 4 4
9 9 10 11 11 12 14 14 14 15 17 17 15 14 13 5 10 19 23 27 28 28 27 27 28 27 25 19 12 7 5 5 6 6 6 6 6 6 6 6 5 5 5 5 4 4 4 4 4 4 4 3 3 4 4 4 4 4 4 4 4 4 4 5 6 7 7 7 6 6 5 5 6 7 7 7 7 7 7 8 8 8 7 7 6 6 6 6 6 6 4 3 3 3 4 4
14 15 14 14 13 14 16 16 15 14 15 14 13 14 16 11 1 10 16 23 29 30 29 28 26 26 25 21 14 9 6 6 7 7 7 7 7 6 6 5 5 5 4 4 4 4 3 4 3 3 3 3 3 3 3 4 3 3 3 3 4 4 5 5 6 7 7 6 6 5 5 6 7 8 8 7 8 8 8 8 8 8 7 6 6 6 6 6 6 5 4 3 3 3 4 4
18 19 19 17 16 17 19 19 18 16 15 14 13 14 16 15 9 1 9 19 28 31 31 30 28 26 24 19 12 9 9 9 9 9 9 9 8 7 6 5 5 4 3 3 3 3 3 3 3 3 3 3 3 3 3 3 2 2 3 3 3 4 5 6 7 7 6 6 5 5 6 7 8 8 8 8 8 8 8 8 8 7 6 6 6 6 6 6 6 4 3 2 3 3 4 4
17 18 18 17 17 18 20 20 20 19 17 15 13 13 14 15 14 8 1 13 26 31 32 32 32 29 24 18 12 12 12 11 11 10 9 8 8 7 6 5 5 4 3 3 3 3 2 3 3 2 2 2 2 2 2 2 2 3 3 3 4 5 6 6 6 6 6 5 5 6 7 8 8 8 8 9 9 9 8 8 7 7 6 6 6 6 6 6 5 4 2 2 3 3 4 4
13 12 13 14 16 18 20 20 20 20 18 16 14 12 12 13 15 12 6 7 22 29 32 34 34 29 21 19 18 17 16 14 12 11 9 8 8 7 6 5 4 3 2 2 2 2 2 1 2 2 2 2 2 2 2 2 3 3 4 4 5 6 6 6 6 5 5 5 6 6 7 8 9 9 9 10 10 9 8 7 7 7 6 6 6 6 6 6 5 4 3 3 3 3 4 4
10 9 9 11 13 17 21 21 21 20 19 18 16 14 12 12 13 12 10 1 17 28 34 35 35 28 18 20 20 18 16 13 11 10 10 9 9 8 7 5 4 3 2 1 2 1 1 1 1 1 1 2 2 2 2 3 3 4 4 5 5 6 6 6 5 5 5 6 6 7 8 9 9 10 11 11 10 9 7 7 7 6 6 6 6 6 6 5 4 2 3 4 4 4 4 3
9 8 8 9 11 15 19 21 20 21 21 20 18 16 14 14 14 13 12 2 12 26 36 36 31 26 21 20 19 17 14 11 9 10 11 11 11 9 7 5 4 3 2 1 1 1 1 1 1 1 1 2 2 2 3 3 4 4 5 5 6 6 6 5 5 5 6 6 7 8 9 10 11 12 12 11 10 8 6 6 6 6 5 5 6 5 5 4 3 1 4 4 4 4 4 3
7 7 7 8 10 13 17 18 18 19 21 20 17 16 14 14 16 15 13 5 6 24 40 37 25 23 20 17 16 14 13 11 10 11 14 14 12 9 6 4 3 2 1 1 1 1 1 1 1 1 2 2 2 3 3 3 4 4 4 5 5 5 5 5 5 6 7 8 9 10 10 11 13 14 12 10 8 6 6 6 6 5 5 5 5 5 4 3 2 2 4 5 5 4 3 3
6 7 7 9 10 13 16 17 16 17 19 18 16 14 14 15 17 16 12 6 3 20 38 38 28 23 18 14 15 15 14 13 13 14 16 14 11 8 5 4 3 2 1 0 1 1 1 1 2 2 2 2 3 3 3 4 4 4 4 5 5 4 4 5 6 7 8 9 10 11 12 13 14 13 10 8 6 6 5 6 6 6 5 5 5 5 3 2 2 3 5 5 5 4 3 3
5 5 6 8 10 13 16 17 17 17 18 17 15 15 15 16 18 15 11 5 1 15 29 32 27 23 21 20 19 18 16 15 16 16 15 12 9 6 4 2 1 1 1 1 1 1 2 2 2 2 2 3 3 3 3 3 4 4 4 4 4 4 5 6 8 9 10 11 12 13 14 14 13 11 8 6 5 5 5 6 6 6 6 6 5 4 2 2 3 4 5 5 5 4 3 3
4 5 5 7 9 13 16 17 18 18 18 17 16 16 16 17 17 15 11 5 2 14 27 29 25 24 25 24 22 20 17 16 16 15 12 9 6 4 3 2 2 2 2 2 2 2 2 2 2 3 3 3 3 3 3 3 3 4 4 4 4 5 6 8 10 12 12 13 14 14 14 13 12 9 7 5 5 5 6 6 6 6 6 6 4 2 1 3 4 5 5 5 5 4 3 3
4 5 5 7 9 13 16 18 18 18 17 16 16 16 17 17 17 15 11 4 3 17 31 32 26 25 26 25 22 19 16 15 14 12 9 6 4 3 3 3 2 2 3 3 2 2 2 2 2 2 3 3 3 3 3 3 4 4 5 5 5 6 8 11 12 13 13 14 14 14 13 12 10 7 6 5 5 5 6 6 6 6 5 4 2 1 3 4 5 6 5 5 4 4 3 3
4 5 6 7 9 12 16 18 19 18 17 17 16 16 17 17 17 15 12 4 7 20 31 31 26 25 26 24 21 17 14 12 12 9 6 4 4 3 3 3 3 3 2 2 2 2 2 2 2 2 2 3 3 3 3 4 4 5 5 5 7 9 11 12 13 13 13 13 13 12 12 10 8 7 5 5 5 6 6 6 6 5 4 2 2 3 4 5 6 6 5 5 4 4 4 3
5 6 6 7 8 12 16 18 19 19 19 18 16 16 17 17 17 16 13 3 12 22 29 30 27 26 26 23 19 16 13 11 10 7 4 3 3 4 3 3 3 2 2 2 2 2 2 2 2 2 2 3 3 3 4 4 5 5 5 6 8 10 12 13 13 13 13 13 12 12 10 9 7 6 5 5 6 6 6 6 5 3 2 1 3 5 5 6 6 5 5 5 4 4 3 3
5 6 6 7 8 11 15 17 19 20 21 19 17 17 18 18 18 16 12 1 14 23 28 29 28 27 26 23 19 16 12 10 7 6 4 4 4 4 4 3 2 2 2 2 2 2 1 1 2 2 3 3 4 4 5 5 5 5 6 7 9 11 12 13 13 14 13 13 12 11 9 7 6 5 5 6 6 6 6 5 3 1 1 3 5 6 6 6 6 6 5 5 4 4 4 4
5 6 6 7 7 10 13 16 19 21 23 21 18 18 18 18 18 15 10 1 14 22 28 30 30 28 26 23 20 16 11 7 4 4 5 4 4 4 4 3 2 2 2 2 2 2 2 2 2 3 3 4 4 5 5 5 5 6 7 9 11 12 14 15 15 15 14 12 11 9 8 6 5 5 5 6 6 6 5 3 1 2 4 5 6 6 7 6 6 5 5 5 4 4 4 4
5 6 6 7 7 9 12 16 20 22 24 23 21 20 19 19 19 15 8 4 15 24 30 32 31 28 25 22 20 15 9 6 5 5 5 4 4 3 3 3 2 2 2 2 2 2 3 3 3 3 4 4 5 5 5 5 6 7 8 10 13 15 17 18 18 16 14 12 10 8 6 5 5 6 6 5 5 4 3 1 2 4 6 7 7 7 7 6 6 5 5 5 4 4 4 4
5 5 6 6 7 8 10 15 21 23 24 24 24 22 20 20 20 15 5 8 18 27 33 33 29 26 23 20 17 12 7 6 5 5 5 4 4 3 3 3 2 2 2 2 3 3 3 3 4 4 4 4 5 5 5 6 7 9 11 14 17 19 19 18 17 14 11 9 7 6 5 5 6 6 5 5 4 2 1 3 5 6 8 8 8 7 6 6 6 5 5 4 4 4 4 4
5 5 5 6 6 8 9 14 21 24 24 25 27 25 23 22 19 12 3 9 21 29 34 32 27 24 22 19 16 13 8 6 5 5 5 4 4 3 3 3 2 3 3 3 3 4 3 3 4 4 4 4 5 5 6 7 9 11 15 19 21 21 19 16 13 10 8 6 5 5 5 6 6 6 5 4 2 1 3 5 7 8 9 8 7 6 6 5 5 5 4 4 4 4 4 3
4 5 5 5 6 7 9 14 21 24 25 27 29 28 26 22 15 7 2 10 24 30 32 30 25 23 22 20 17 14 10 7 6 5 5 5 4 3 3 3 3 3 4 4 4 4 4 4 4 4 4 5 5 6 7 9 12 16 20 22 21 19 15 12 9 7 5 4 4 5 5 6 5 4 3 2 2 4 5 7 9 10 9 8 7 6 6 5 5 4 4 4 4 4 4 4
4 4 4 5 5 7 9 14 21 24 26 28 31 29 27 20 11 5 2 10 25 30 31 29 26 23 21 20 18 16 13 9 7 6 5 5 4 4 4 4 4 5 4 4 4 4 4 4 4 4 4 5 6 7 9 12 16 20 22 21 18 14 10 8 6 5 4 4 4 5 5 5 4 2 1 2 4 6 8 10 11 10 9 8 7 6 6 5 5 4 4 4 4 4 4 4
3 4 4 4 5 7 10 16 22 25 28 30 31 29 25 18 8 4 2 8 23 29 30 30 28 24 21 20 19 17 16 12 9 7 6 5 4 4 5 5 5 5 5 4 4 3 3 4 4 4 5 6 7 9 12 16 20 22 21 18 13 9 7 5 5 4 4 4 5 6 5 3 2 2 3 5 7 9 12 12 11 10 8 7 7 6 6 5 5 5 5 4 4 4 4 4
3 3 3 4 5 8 12 18 24 28 29 30 29 26 23 17 8 4 2 6 19 26 30 31 30 27 23 22 21 18 17 14 11 8 6 6 6 6 7 6 6 5 5 4 4 3 3 3 4 4 5 6 8 11 15 20 22 20 17 12 8 6 5 4 4 4 4 5 6 6 3 0 2 4 5 7 10 13 14 13 11 9 8 7 7 6 5 5 4 5 5 4 4 4 4 4
3 3 3 4 5 9 13 20 27 29 29 27 25 23 22 17 10 5 2 4 14 23 28 30 31 29 26 24 24 22 18 16 13 10 7 7 7 7 7 7 6 5 5 4 4 3 3 3 4 5 6 8 11 15 19 21 20 16 12 8 6 5 4 5 5 5 5 5 5 4 2 3 4 6 8 11 15 16 14 11 9 8 7 7 6 5 5 4 5 5 5 4 4 4 4 4
3 3 3 4 5 9 14 20 28 29 27 25 23 22 21 18 13 7 2 2 8 19 27 29 30 30 27 26 26 25 22 18 14 11 8 8 7 7 7 7 6 5 4 4 3 3 3 3 5 6 8 10 14 18 20 18 15 12 8 6 5 5 5 5 5 5 5 6 4 0 3 5 7 10 13 16 17 15 12 9 8 7 7 6 5 5 4 4 5 5 4 4 4 4 4 3
3 3 3 4 5 8 13 20 28 29 27 25 23 22 22 21 16 10 3 0 4 13 24 27 27 28 28 27 26 26 25 21 14 11 10 9 8 7 7 7 6 5 4 4 3 3 3 5 7 8 10 13 17 18 17 14 12 9 8 7 6 6 6 6 6 6 5 4 2 4 6 9 11 14 17 17 15 12 9 7 7 6 6 5 4 4 4 4 4 4 4 4 4 4 3 3
3 3 3 4 5 8 11 18 26 28 27 26 25 23 23 24 23 15 6 2 2 6 18 23 24 26 27 27 27 26 26 21 14 12 11 10 9 8 7 7 6 5 5 4 3 2 4 7 9 10 12 16 17 15 13 12 10 9 9 8 8 7 7 6 6 6 4 1 5 8 10 13 16 18 17 15 12 9 7 6 6 5 5 4 4 3 3 4 4 4 4 4 3 3 3 3
3 3 4 4 5 7 10 15 22 27 28 28 27 25 22 24 27 21 10 4 1 4 12 19 22 24 26 28 30 29 28 24 18 16 15 12 10 9 8 7 6 5 5 4 3 3 6 9 11 12 15 16 14 12 11 11 11 11 10 9 8 8 7 6 5 3 3 6 9 12 15 17 18 17 14 11 9 7 6 6 5 4 4 4 3 3 3 4 4 4 4 3 3 3 3 2
3 3 4 4 4 5 8 12 18 24 28 30 30 29 25 24 27 23 14 7 2 1 8 15 20 23 26 28 31 30 30 29 26 23 20 16 12 10 8 7 6 6 5 3 3 6 10 12 13 14 15 13 11 11 12 13 13 13 12 10 9 7 7 6 2 4 8 12 15 17 18 18 17 13 10 8 7 6 5 5 4 4 4 3 4 4 4 4 4 4 4 3 3 3 2 2
4 4 4 4 3 4 6 8 12 18 24 29 31 32 31 28 27 23 17 11 5 0 4 10 16 22 26 29 31 31 30 30 28 26 23 19 15 11 9 8 7 6 6 4 6 10 13 14 14 14 12 10 10 12 14 16 16 14 12 10 8 6 3 2 6 10 13 16 18 19 18 16 13 10 8 6 6 5 4 4 4 4 3 3 4 4 4 4 4 4 3 3 3 2 2 2
4 4 3 3 3 3 4 6 7 11 17 25 29 32 34 32 29 26 21 15 9 4 2 6 12 18 24 28 31 32 31 30 28 25 24 22 18 13 9 8 7 6 5 6 11 14 15 15 14 12 10 10 13 16 18 19 17 15 12 10 7 3 2 8 12 15 17 19 19 17 14 11 9 7 6 5 5 4 3 3 3 3 3 3 3 3 3 4 4 3 3 3 2 2 2 2
4 4 3 3 3 3 4 4 5 6 8 17 25 31 35 34 30 27 24 19 14 9 4 2 7 13 19 24 29 30 29 28 27 24 22 20 19 15 10 8 9 6 6 11 14 16 16 14 13 11 11 13 17 20 21 20 17 13 9 5 4 7 10 14 16 17 18 19 17 13 10 8 6 6 5 4 4 3 3 3 3 3 3 3 3 3 3 3 3 3 3 2 2 2 1 1
4 3 3 3 3 4 4 4 4 4 3 8 18 27 33 34 31 27 24 21 17 14 9 3 2 8 13 19 23 26 26 26 26 24 22 20 19 15 9 7 8 7 10 15 16 16 14 13 12 13 16 19 22 22 22 19 14 8 2 5 10 14 16 17 18 18 18 16 13 10 8 6 5 5 4 4 3 3 3 3 3 3 3 3 3 3 4 3 3 2 2 2 1 1 1 1
3 3 3 3 4 4 4 4 4 4 3 6 10 20 30 33 33 29 24 21 19 18 15 9 3 3 8 14 19 23 24 25 27 27 26 23 18 13 9 6 7 10 14 16 16 14 14 14 15 18 20 23 23 22 20 14 7 4 8 12 16 17 18 18 18 17 15 12 9 7 6 5 4 4 3 3 3 3 3 3 3 2 3 3 3 3 3 3 2 2 2 1 1 1 0 0
3 3 3 4 4 4 4 4 4 4 4 5 6 15 26 30 31 29 25 22 21 20 20 15 8 2 4 10 15 21 24 26 28 29 29 24 16 12 9 8 10 15 16 15 14 13 15 19 21 23 24 24 23 20 13 3 6 11 14 17 18 18 18 18 16 14 12 9 7 6 5 4 4 3 3 3 3 3 3 3 2 3 3 3 3 3 2 2 2 1 1 1 1 1 0 0
3 3 4 4 4 5 5 5 4 4 5 5 6 13 22 26 27 26 24 22 20 20 22 21 15 8 2 4 11 19 25 28 28 29 31 26 17 13 12 12 13 15 14 13 14 16 20 23 24 25 24 22 18 12 5 8 13 16 17 18 18 18 17 16 13 11 8 7 5 4 4 3 3 3 3 3 3 3 2 2 2 3 3 3 3 2 2 1 1 1 1 1 1 1 0 0
3 4 4 5 5 5 5 5 4 5 5 6 8 13 20 22 23 23 21 20 18 18 20 24 22 15 8 1 5 16 26 28 27 28 30 28 23 21 19 17 14 11 11 13 17 22 25 25 24 24 21 17 9 3 11 15 18 18 18 18 18 17 15 12 10 7 6 5 4 3 3 3 3 3 3 3 3 2 2 2 2 3 2 2 2 2 1 1 1 1 1 0 1 1 0 0
4 4 4 4 5 4 4 4 4 5 6 7 9 13 17 18 20 20 19 18 18 17 17 23 25 21 14 6 0 12 26 30 28 28 29 30 28 25 22 19 14 9 12 17 22 26 26 25 23 20 14 8 8 13 17 18 19 19 18 17 16 14 12 9 6 5 4 3 3 2 2 3 3 3 3 3 2 2 2 2 3 3 2 2 2 2 1 1 1 1 0 0 0 0 0 0
4 4 4 4 4 4 4 4 4 5 6 7 10 12 13 15 17 17 17 16 17 17 16 20 26 24 17 11 5 6 21 30 33 34 33 33 31 28 24 19 15 9 15 22 26 27 26 24 19 11 5 8 15 18 19 19 18 18 17 16 14 11 8 6 4 3 3 3 2 2 2 3 3 3 3 3 2 2 2 2 3 2 2 1 2 1 1 1 0 0 0 0 0 0 0 0
4 4 4 4 4 4 4 4 4 5 6 7 9 11 11 12 14 15 15 15 15 16 15 18 25 25 20 16 11 3 9 22 30 33 34 32 30 27 24 19 16 13 22 28 28 27 24 18 10 6 11 16 19 20 19 19 18 17 16 13 11 8 5 3 2 2 2 2 2 2 3 3 3 3 3 3 3 3 3 3 2 2 1 1 2 1 0 0 0 0 0 0 0 0 1 1
5 5 4 4 3 3 3 4 4 5 5 7 9 9 9 11 12 13 14 14 14 15 14 16 23 24 22 20 17 10 3 8 18 26 29 30 28 26 24 17 12 20 29 31 29 26 18 7 6 12 17 20 21 20 19 19 18 17 14 10 7 4 3 2 2 2 2 2 2 3 3 3 3 3 3 3 3 3 2 2 2 1 0 1 1 1 1 0 0 0 0 0 0 0 1 1
5 4 3 3 3 3 3 4 4 4 5 6 7 8 9 9 10 11 12 13 13 14 16 17 20 21 21 22 22 17 9 1 8 18 25 28 28 28 28 17 14 26 32 31 26 19 10 8 14 18 20 21 21 20 19 18 17 13 9 5 3 2 2 2 2 2 2 2 3 3 3 3 3 3 3 3 3 3 2 2 2 1 0 0 1 1 1 0 0 0 0 0 0 0 0 0
3 3 3 3 3 3 3 3 4 4 5 5 6 7 8 8 9 9 10 11 11 13 16 18 19 20 19 21 24 21 14 6 1 10 19 25 29 29 29 20 22 30 32 28 19 8 10 15 19 21 21 21 21 20 18 16 12 7 3 2 2 3 3 3 3 3 3 3 3 3 3 3 3 3 3 3 3 2 2 2 1 1 0 1 1 1 0 0 0 0 0 0 0 0 1 1
2 2 2 2 2 3 3 3 3 4 4 5 6 6 7 7 7 8 8 9 10 11 14 17 19 19 18 20 24 23 17 11 4 3 13 22 29 30 30 24 28 32 30 21 10 10 17 20 22 22 22 21 20 18 15 11 5 3 3 4 4 4 3 3 3 3 3 3 3 3 3 4 4 4 3 3 2 2 2 2 1 1 1 1 1 1 0 0 0 0 0 0 0 0 1 1
2 2 2 2 2 2 3 3 3 3 4 5 5 6 6 6 6 7 7 7 8 10 12 15 17 19 18 19 23 22 18 14 9 1 7 17 26 30 31 29 32 32 23 9 9 17 22 24 23 22 21 20 18 14 9 6 4 5 5 5 5 4 4 4 4 4 4 4 4 4 4 4 4 3 3 2 2 2 2 2 1 1 1 1 1 0 0 0 0 0 0 0 0 1 1 1
2 2 2 2 2 2 2 3 3 3 4 4 4 5 5 5 6 6 6 6 7 8 10 12 14 17 20 21 23 22 18 15 12 7 1 10 20 26 29 30 30 26 14 8 16 22 26 25 22 21 19 17 13 8 4 5 7 6 6 5 5 5 5 4 4 4 4 4 4 4 4 3 3 3 3 2 2 2 2 2 1 1 1 1 0 0 0 0 0 0 0 0 1 1 1 1
2 2 2 2 2 2 2 3 3 3 4 4 4 4 4 4 5 5 5 5 6 7 8 10 11 15 19 22 23 22 18 16 14 11 5 2 12 20 25 28 25 15 12 18 22 25 26 24 21 18 16 12 8 7 7 8 8 7 6 6 5 5 5 5 4 4 5 4 4 4 4 3 3 3 3 2 2 2 2 2 1 1 1 1 0 0 1 1 1 1 1 1 1 1 1 1
2 2 2 2 2 2 3 3 3 3 3 3 3 4 4 4 4 4 4 4 5 5 7 8 10 13 17 20 23 23 20 17 15 14 11 6 2 11 16 20 17 13 21 25 26 25 24 21 19 16 12 7 5 8 9 8 8 7 7 6 6 5 5 5 5 5 5 5 4 4 4 3 3 3 3 3 2 2 2 1 1 1 1 1 1 0 0 1 1 1 1 1 1 1 1 1
2 2 2 2 3 3 3 3 3 3 3 3 3 4 4 4 4 4 4 4 4 5 6 7 9 11 14 18 21 23 21 19 17 16 15 13 8 3 4 8 9 15 28 30 26 24 22 20 16 11 7 7 8 8 8 7 7 7 7 6 6 6 6 6 6 5 5 5 4 4 4 3 3 3 3 3 2 2 2 1 1 1 1 1 1 0 0 0 0 0 0 0 1 1 1 1
2 2 2 2 3 3 3 3 3 3 3 3 4 4 4 4 4 4 4 4 4 4 6 7 8 10 12 14 17 20 21 20 17 15 15 14 13 9 4 2 4 16 32 33 26 23 22 18 11 6 5 8 9 8 7 7 7 7 7 7 7 6 6 6 6 6 5 5 4 4 3 3 3 3 3 2 2 2 2 1 1 1 1 1 1 1 0 0 0 0 0 0 1 1 1 1
1 2 2 2 3 3 3 3 3 3 3 3 4 4 4 4 4 4 4 4 3 4 6 7 7 9 10 12 14 16 19 19 17 15 13 13 13 12 8 3 2 16 33 34 27 22 20 16 12 10 9 9 8 7 7 7 6 7 7 7 8 7 7 6 6 6 5 5 4 4 4 3 3 3 3 2 2 2 2 1 1 1 1 1 1 1 1 0 0 0 0 1 1 1 1 1
2 2 2 2 2 3 3 3 3 3 3 4 4 4 4 4 4 4 4 4 4 4 6 6 7 8 9 10 11 13 16 18 19 17 15 13 12 12 11 7 1 15 33 34 28 22 17 16 15 14 11 9 8 7 7 7 7 7 7 8 8 8 7 7 6 6 5 5 4 4 4 3 3 2 2 2 2 2 2 1 1 1 1 0 0 1 1 0 0 0 0 1 1 1 1 1
2 2 2 2 2 2 3 3 3 3 4 4 4 4 4 4 4 4 4 4 4 5 6 6 6 7 8 9 9 10 12 16 18 20 20 18 16 14 13 9 1 13 30 33 28 24 20 18 16 14 12 10 9 8 8 7 7 7 8 9 9 9 8 7 6 6 5 5 4 4 3 3 3 2 2 2 2 2 2 1 1 0 0 0 0 0 0 0 0 0 0 0 1 1 1 1
2 2 2 2 2 3 3 3 3 4 4 4 4 4 5 5 5 5 4 5 6 6 6 6 6 6 7 8 8 8 9 11 15 18 20 22 21 18 15 9 2 11 27 29 25 24 22 19 17 15 13 12 10 9 8 7 7 8 9 10 11 10 8 7 6 5 5 4 4 4 3 3 3 3 2 2 2 2 1 1 0 0 1 0 0 0 0 0 0 0 0 1 1 1 1 1
1 1 1 2 2 3 3 3 4 4 4 4 4 5 5 5 5 5 5 6 6 6 6 6 6 6 6 6 7 7 6 8 10 14 18 23 25 23 18 11 2 10 24 25 22 21 21 19 16 15 14 14 12 10 8 8 8 9 11 12 12 10 8 7 6 5 5 4 4 4 3 3 3 3 2 2 2 2 1 1 0 0 0 0 0 0 0 0 0 0 1 1 1 1 1 1
1 1 2 2 3 3 3 3 3 4 4 4 5 5 5 5 5 5 6 7 6 6 6 6 6 6 5 5 5 5 5 5 5 8 11 19 27 27 22 13 3 9 21 23 20 20 21 20 18 16 14 13 13 11 9 9 9 11 13 13 12 9 7 6 5 5 4 4 4 4 3 3 3 3 2 2 2 2 1 1 0 0 1 0 0 0 0 0 0 0 1 1 1 1 1 1
1 2 2 3 3 3 3 3 3 4 5 5 5 6 6 6 6 6 7 6 6 6 7 7 7 6 5 5 5 5 4 4 3 5 7 15 25 27 24 16 4 6 18 21 19 20 21 21 20 19 15 12 13 12 11 10 11 13 14 13 11 8 6 5 5 4 4 4 4 4 4 3 3 3 2 2 2 2 2 1 1 1 1 0 0 0 0 0 0 0 1 1 1 1 1 1
1 2 2 2 2 3 3 3 4 5 5 5 6 6 6 6 7 7 7 6 7 7 7 7 6 6 5 5 6 6 6 6 6 7 9 14 21 25 26 20 8 3 14 18 18 19 20 20 19 18 17 16 15 14 13 13 13 13 13 12 9 7 6 5 5 4 5 5 5 4 3 3 3 3 3 2 2 2 1 1 1 1 1 0 0 0 0 0 0 0 1 1 1 1 1 1
1 2 2 2 2 3 4 4 5 5 5 6 6 7 7 7 7 7 7 7 7 7 7 7 6 6 6 6 7 7 8 8 9 10 10 12 16 20 24 26 19 5 8 15 16 17 17 18 17 17 20 20 18 17 15 14 14 13 12 10 8 6 6 5 5 5 5 5 4 4 3 3 3 3 3 2 2 2 1 1 1 0 0 0 0 0 0 0 0 0 1 1 1 1 1 1
1 2 2 2 3 4 4 5 5 6 5 6 7 8 7 7 7 7 7 7 8 7 7 7 6 7 7 7 8 9 9 10 10 11 10 11 12 12 13 19 25 16 3 11 14 16 17 18 19 20 22 22 21 19 16 13 12 11 10 8 7 6 5 5 5 5 5 4 4 4 4 4 3 3 2 2 2 1 1 1 0 0 0 0 0 0 0 1 1 1 1 1 1 1 1 1
2 2 2 3 4 4 5 5 6 6 6 7 8 7 7 7 7 7 8 8 7 7 7 7 7 7 8 8 9 10 10 11 11 12 12 14 17 18 17 19 23 16 3 7 11 15 17 19 22 24 25 24 22 18 14 11 10 9 8 7 6 5 5 5 5 5 4 4 4 4 4 4 3 3 3 2 2 1 1 0 0 0 0 0 0 0 1 1 1 1 1 1 1 1 1 1
2 2 2 3 4 5 5 5 6 7 7 8 8 7 7 8 7 7 8 7 7 7 7 7 7 7 8 9 10 11 11 11 12 13 14 16 19 19 18 17 13 10 6 1 7 13 18 22 25 27 27 24 20 16 12 10 9 8 7 6 6 5 5 5 5 4 4 4 4 4 4 3 3 3 3 2 1 1 1 0 0 0 0 0 0 1 2 2 1 1 1 2 1 1 1 1
2 2 3 3 4 5 5 6 7 7 8 8 7 7 8 7 7 7 7 7 7 7 7 7 7 8 9 10 11 11 11 12 13 14 14 14 15 13 9 5 8 17 16 7 2 11 18 24 29 29 27 24 19 15 12 10 9 8 7 6 6 5 5 5 5 4 4 4 4 4 4 3 3 3 3 2 1 1 1 1 1 1 1 1 1 2 2 1 1 1 2 2 2 1 1 1
2 2 3 4 4 5 6 7 7 8 8 8 8 8 8 8 8 7 7 7 7 7 7 7 8 9 10 11 11 11 11 11 12 11 10 9 10 7 6 11 16 19 22 17 6 6 17 25 32 31 27 23 19 16 14 11 10 9 7 6 5 5 5 5 5 5 5 4 4 4 3 3 3 3 3 2 1 1 1 1 1 1 1 2 2 2 2 1 1 1 1 1 1 1 1 1
2 2 3 4 5 6 6 7 7 8 9 9 9 9 9 8 8 7 6 7 7 7 7 8 8 10 11 11 11 10 10 9 8 6 4 5 9 13 17 20 20 18 24 23 14 1 13 24 32 32 28 25 21 19 17 14 11 9 7 6 6 5 5 5 5 5 5 4 4 3 3 3 3 3 2 2 2 1 1 1 1 1 2 2 2 2 2 1 1 1 1 1 1 1 1 1
2 3 4 5 5 6 6 7 8 9 10 10 10 9 8 8 7 6 6 7 7 7 7 8 9 10 10 10 9 8 6 5 4 4 6 9 13 18 21 22 19 15 23 24 19 7 7 20 30 32 29 26 23 21 21 17 12 9 7 6 6 5 5 5 5 5 5 4 4 3 3 3 2 2 2 2 2 1 1 1 2 2 2 2 2 2 1 1 1 1 1 0 1 1 1 1
2 3 4 5 5 6 7 8 9 10 10 10 9 8 7 7 6 6 6 7 7 7 8 9 9 9 8 7 6 4 3 3 6 9 12 14 17 19 20 19 15 15 22 23 21 11 3 16 28 30 29 27 24 22 22 19 13 10 8 7 6 6 5 5 5 5 4 4 3 3 3 3 2 2 2 2 2 2 2 2 2 2 2 2 1 1 1 1 1 1 0 0 1 1 1 1
3 3 4 5 6 7 8 9 10 10 10 10 9 7 6 6 6 6 6 7 6 7 7 8 7 7 6 4 3 3 5 7 10 13 15 16 17 17 16 12 13 17 22 23 22 14 2 12 26 29 28 26 25 24 22 19 14 11 10 8 7 6 6 5 5 4 4 4 3 3 3 3 2 2 2 2 2 2 2 2 2 2 2 1 1 1 1 1 1 0 0 0 1 1 1 1
3 4 5 6 7 8 9 10 10 10 10 9 8 6 6 5 6 6 6 6 6 5 6 6 6 5 4 2 3 7 9 12 14 16 17 15 14 12 8 5 13 19 22 22 22 15 4 9 23 28 27 26 25 25 23 20 14 11 10 9 7 7 6 5 5 4 4 4 3 3 3 3 2 2 2 3 2 2 2 2 2 2 2 1 1 1 1 1 1 0 1 1 1 1 1 1
3 4 5 6 7 9 9 10 11 10 9 8 6 6 5 5 6 6 6 5 4 3 3 5 7 6 5 5 7 10 12 13 15 15 14 12 9 7 4 8 15 19 21 21 21 14 4 7 20 26 28 27 24 24 25 22 16 12 10 9 8 7 6 5 4 4 4 4 3 3 3 3 3 3 3 3 3 3 3 3 2 2 2 1 1 1 1 1 1 1 1 1 1 1 0 0
