data/ScottAndBurgan/Hom_Fuel_101_40x40/py.asc
ncols 40
nrows 40
xllcorner 457900
yllcorner 5716800
cellsize 100
NODATA_value -9999
[rows 20 to 39 of 40, columns 0 to 39 of 40]
0.9467763718596068 0.27455556369041 0.944710616475483 0.18103007018450945 0.1759860448939019 0.11478975567389427 0.27349762600604144 0.6877954228072828 0.9688808156605047 0.0269199620182633 0.923577622327692 0.19880754829281533 0.4376633090286244 0.6466101530016636 0.344295160940434 0.4160756040056377 0.8168781808888678 0.2892112372601662 0.9018054436191385 0.8688043487415021 0.6443354124754859 0.5062673237530646 0.809024761893858 0.4635369323201466 0.3828174209841765 0.9113428637814193 0.01867790900515376 0.27797688007464105 0.5290540208031937 0.43414822571164735 0.45708607605331497 0.40630544392190804 0.8541019984098634 0.1817325046667032 0.7139560457412997 0.5621333002818785 0.14691282584553023 0.009692940301521236 0.6985441954250529 0.3717828508414869
0.7693671060617931 0.6593083323889121 0.015532766180810786 0.7849618301657569 0.5722649866867492 0.8139339029574562 0.8853960823075869 0.012250787002823782 0.6487170521367728 0.7608491964098939 0.9588841827310955 0.6885018770293561 0.8062753782136247 0.052372961569599696 0.30823114633820325 0.5581095075865027 0.28225391809887856 0.018052580191128098 0.31721385155246873 0.9263664827119883 0.33539355875116383 0.7256595116884906 0.5207124402197568 0.6433880463897376 0.16128696611856985 0.9788830592630078 0.6052565854400402 0.9074247602487371 0.7851330659138066 0.5998649966783115 0.5454669827577019 0.9525878753869813 0.9712426580475206 0.5455852370904241 0.8076485710480353 0.6543558418957686 0.5535327545643992 0.48357905672499324 0.2114708478793046 0.46401964941552865
0.5481704778154449 0.7051895925621912 0.1694495589338677 0.8496562991862477 0.24117512095504945 0.7222019918594398 0.8902188385846932 0.7384314246174769 0.3183266544760567 0.5413824164946636 0.8072283333562882 0.9422592831858885 0.6630462011843407 0.3160915089669214 0.2819244125371756 0.5395806002279878 0.9780548598653052 0.4661810729520348 0.595453821515883 0.5574232755970607 0.042479390775852166 0.9976862851824942 0.7020802516601656 0.007369514278056544 0.45514699385059665 0.40953735499012534 0.9980514369755769 0.19286125878793292 0.6233361682500387 0.7706841868448912 0.00972645483783563 0.6340882561669079 0.4904681050481642 0.014340468488668767 0.10248947336175396 0.8961733430835358 0.7945091026041683 0.47931244324454847 0.615488792758704 0.9711625801998639
0.4869510899805298 0.3328209272106031 0.01209022576232166 0.5717364737224527 0.3514087252997714 0.9721320264483256 0.08392047383037571 0.45739835726538614 0.8677439529562573 0.215822280104095 0.298106453989207 0.006018492896883942 0.023064442454538203 0.8074146202862053 0.539895142481097 0.24829001887786084 0.35445873405101547 0.8865770608946386 0.4415083290272269 0.5075112902278812 0.4482676144408594 0.060423662163320846 0.06008956448727454 0.8064156192897614 0.7953554503523498 0.9967877081757189 0.943771080364873 0.8839160421668971 0.1519819722739293 0.9774696179304895 0.48511026868506535 0.999935285469812 0.020825836299266487 0.5924410653096477 0.37917341848736763 0.15519870000754765 0.7300585266662276 0.8952126501591329 0.6174521047492877 0.9107772305279401
0.9582259661345371 0.4305168827798507 0.510270928853853 0.1289899890088898 0.4098106758983635 0.5163226564305148 0.2214713302534561 0.2718297295750538 0.2820027810062543 0.3884007637197364 0.14007914169340097 0.8933021834158501 0.4069255685862663 0.5325218919784941 0.52763409918294 0.44980620552587003 0.1932971230781041 0.9572660909161821 0.38209722542486946 0.5880565526474983 0.8294260032076128 0.2996712001955577 0.3322433976931225 0.2257034334286272 0.6249287827622592 0.4387415760469062 0.14634884605441534 0.6554621406508898 0.30622120598386904 0.1772349450128139 0.7631265315576873 0.06899584911982115 0.26606912776673697 0.1505142124674813 0.7336511627664605 0.9231491321401357 0.3386309231655862 0.31004572536865205 0.8544238068967822 0.2161598848103602
0.2975342567492859 0.0707145452875706 0.09979539230627665 0.394055858902968 0.8717656485742223 0.560161391716832 0.9400708628992274 0.8457426398497193 0.019533401039952936 0.005347740645117116 0.9296657241640081 0.3597033425140892 0.6203350349589096 0.632105590485026 0.6380234727064543 0.39554859922169117 0.5375691306813707 0.9872581770874893 0.5312181476190047 0.6398357589783432 0.12526749103884516 0.5653926840300063 0.7336389746672292 0.23567136011735046 0.30228509971635087 0.1756737283055979 0.21900511348626406 0.6426046183262376 0.08203799302777315 0.5080536408384153 0.7749650534636336 0.26779299440310556 0.07725060113653748 0.0030225410995594615 0.40619222791120946 0.5699057952629937 0.7703303248418563 0.7354724618746143 0.5194372786417784 0.38472906523865813
0.6234227129009454 0.1102212327115738 0.21228063377686612 0.06798301983239274 0.5704163014988214 0.046160895722244466 0.9682207815388769 0.07840381325760315 0.6953212252473722 0.02858868220442079 0.031465155533534794 0.6827429320956918 0.6755102885806757 0.38223889902075936 0.573599042883914 0.46195004802652295 0.43623905648025807 0.19833494958198405 0.04245710300529937 0.26738018875591063 0.5125482363939771 0.2678288477477986 0.2364665725533197 0.4638504341058578 0.6441267393173854 0.5638491964219876 0.32391849146484475 0.45098949297263413 0.2263150013294577 0.9872078541065794 0.8820602716611161 0.7331101374416056 0.8028557662721961 0.3427376645836021 0.5573829148286026 0.10991066873284838 0.6324444537014999 0.43720682126616084 0.26607573890868874 0.144865147268878
0.44288602208226 0.9926155541785922 0.7622005183464382 0.943509331235934 0.9880401497246223 0.9100197293072729 0.06151155255166241 0.9641093819858036 0.24645871566467603 0.4723773162210446 0.8363651522845189 0.591821619899398 0.2021921472658751 0.32928518681530417 0.6212320249461891 0.11563742220440498 0.5620631731343035 0.4064183957458195 0.3110667521095051 0.21555465440362087 0.21050395118274712 0.6958704096503667 0.1407983673727019 0.24614858101456716 0.9109501507035414 0.02309868017624428 0.7017848505162516 0.5969505629297546 0.22747953365921114 0.09486650018950504 0.0611244827684414 0.7923296243890504 0.9130743938072797 0.30448306831231275 0.9857699689490672 0.056774614290285186 0.08080175401298706 0.049729539055004324 0.5779403896584895 0.7145200134754134
0.8354125541695551 0.750308725076818 0.5975766533843755 0.5775709607372023 0.16603818089252087 0.7083862476403828 0.09984644383136332 0.1669757972436735 0.7017992402506688 0.2595924545388252 0.18301694165151183 0.45306154664469334 0.46024478168546523 0.5502006531642765 0.5955758666770797 0.5564517799077981 0.9913909437829133 0.7371805091487044 0.03148137153064501 0.5651548145093068 0.8978729986722525 0.18385531761491336 0.13889431010343412 0.46278249959729445 0.06689902978485152 0.12182059086253161 0.18025410714779488 0.5236946258860811 0.14477010416385905 0.38312992913330657 0.7806075587620495 0.21233704547922228 0.8158260712331977 0.8425209604621703 0.6235507555473733 0.4169901217146944 0.398059050452535 0.4693946802432273 0.5543042233049964 0.7045572098778587
0.4316723230094006 0.07318798461268838 0.6123083893072923 0.41669099965013945 0.3083383846601171 0.704156139590995 0.16441881927694568 0.8327746553596557 0.3168714227240683 0.9101987796708874 0.8396147387653983 0.7691292131901425 0.9443364280358899 0.4665638615553168 0.4193351344542229 0.9204303398637484 0.6310827415256995 0.22007645529010944 0.09653341568100826 0.5230753228769086 0.18153012547367564 0.04870687086500769 0.06010320407190384 0.3821191006188308 0.47721523344411154 0.46559761214067574 0.48860767626862767 0.12124085359697123 0.3524740435202687 0.424585650986413 0.36610312516663746 0.10150549586165114 0.18460497076172588 0.2296501626780143 0.44472177131931157 0.11765670484594726 0.1997324555488572 0.014677520065211724 0.008431251661577654 0.5620607710717779
0.6408400693930427 0.787950354650767 0.045211368493392357 0.2424830752948871 0.15966170434702243 0.2072877547532519 0.502370878166763 0.4308124461270376 0.03262874168544272 0.5571658014144811 0.17618653793965078 0.6737309483417746 0.7589092519829244 0.5428318007309847 0.4861795830684771 0.7674998841237035 0.3169014924450533 0.7510797892586674 0.8934755981589979 0.6169183842972982 0.32931394179670914 0.40001550709341627 0.9341139424453142 0.6340592884933638 0.3939325651976656 0.5317476418043159 0.039941597346499824 0.2732384959604046 0.20344351339631317 0.8392251209188244 0.7498395446959768 0.6340262821585696 0.13398013663090025 0.9696690938358754 0.7987438504158828 0.09693641439593081 0.5760096412401117 0.48195532733159696 0.007923107785796302 0.23025310121901366
0.47542897843800624 0.5715122810197693 0.1994553515561459 0.3550172265386481 0.7029189191085446 0.058137740948115524 0.9720314935987112 0.3507473869110106 0.3995230112160634 0.6320774990188784 0.46146598968037256 0.5998145290892849 0.7581066264216719 0.03047588672699475 0.3844333731339554 0.3070979011066177 0.8745534341132045 0.22117563825517206 0.8768841681880138 0.4513794986834554 0.10316175503288338 0.5378625191869683 0.6562586025381381 0.2581295099948431 0.9874197036350131 0.8586916708414739 0.23963975347164923 0.6724975853156718 0.9758607133180236 0.4733296527216837 0.13675353709598748 0.1496306558267766 0.26149049631493404 0.4547462726043101 0.06836689301459942 0.2797584111162307 0.7725032781579336 0.7961057465330748 0.8126593627933244 0.4547214894408539
0.9595700962690981 0.55019349581727 0.9790615933953485 0.8062582690738764 0.6357707294881789 0.5445305189108836 0.3028001565245564 0.09745731595844442 0.40021101806733106 0.5933086761171668 0.09599009810888359 0.7784265967454702 0.2951860772637086 0.9489909117844688 0.9709427996342922 0.7356098412849719 0.3110514313285605 0.6705500953914049 0.2456001746062948 0.04550251420573759 0.047394618613309736 0.737220777325026 0.211026023375944 0.07744297750927054 0.8144547449519111 0.9829952135523876 0.5853010637231292 0.5424200487336223 0.023673351063918102 0.7177666658570415 0.22094672195337728 0.933334898043049 0.7039340761710609 0.6469727273924893 0.8000430124348951 0.9671133348633353 0.8860858455604192 0.91081739611323 0.3106521346229981 0.9604774816060762
0.043672417682123266 0.32845569314458567 0.21521792988334132 0.8189072572855512 0.8258080508798672 0.8184411999538631 0.3437636511264256 0.6687407464548009 0.32344181465094524 0.0652991597499617 0.8085873716177164 0.3526845161153117 0.9494098274983422 0.8848799901564441 0.26163774156055564 0.20990798625130735 0.02144176427423039 0.45922539046277233 0.3304084467980404 0.6684062767278136 0.3611734770986098 0.8221029432316476 0.23061175798647082 0.6202286404885681 0.6206020970443235 0.5276604026640626 0.2730749703544403 0.3113824885855224 0.8209957326566264 0.25568645885284336 0.2409438405051859 0.3954548759030181 0.9709744017231371 0.19017639586534862 0.7624132863092797 0.9905283489983664 0.8776608608084928 0.1566367030578828 0.9143983870779039 0.34943207680820376
0.12484683260097085 0.0889281531918319 0.7516737684776229 0.22796138072646643 0.5833596754464844 0.039472885469229224 0.008381722513438605 0.6877246489932529 0.9100357063543039 0.5721345655126527 0.14154682713688949 0.5973810856385889 0.7351958911316124 0.8166233376125307 0.6351197155763139 0.8016446385296193 0.5665032346384284 0.8584544196448396 0.19742335428233604 0.7343128780470644 0.1578723760119647 0.3244133264653295 0.3287008018700991 0.3248868012918893 0.004410689681459523 0.4823093674580994 0.4342728628449529 0.37511596760327326 0.15670606208445137 0.967980243467916 0.9132289966806244 0.5143889218691163 0.0420039111161834 0.7204727183503253 0.3107237582261111 0.7548577959771462 0.7213008018349025 0.9634088908801426 0.5771870716567574 0.08451628553570367
0.38222111971753847 0.28988171976933264 0.43563534088730294 0.7942098952988634 0.529228909386313 0.4207687995884607 0.2722133151902121 0.8008761619867052 0.8417587627436858 0.2813368315278576 0.15309625052156162 0.23146876942396666 0.885844262066316 0.30768688954606216 0.5119535576753461 0.690644687712785 0.2708554456545006 0.06153702989651599 0.3264582319690674 0.16402538460910798 0.7914701952134877 0.6768685149139498 0.748137192398973 0.24478216873346048 0.246477496328673 0.7072763155796697 0.31659241020229056 0.9687972586856783 0.31660621830177793 0.7692832941697015 0.806387587609802 0.9377688557689886 0.05784005399865255 0.49211312562860454 0.8862434770133606 0.9854290681287277 0.2798288710526442 0.667850866966805 0.5075875291453724 0.8495380152657852
0.6643090569484539 0.39597948113449233 0.5479004224059599 0.42885091119163865 0.595667286878166 0.883709300672275 0.1359820345048488 0.053439386907727426 0.10468097777609231 0.19771419435129556 0.7891192017690484 0.41407484775002756 0.8666734285195151 0.062159050795711046 0.5830723091471508 0.35111414639207306 0.6180946168852809 0.6877949465185685 0.08746131196534779 0.07056192011407192 0.41187083751731124 0.9352269452470949 0.009971667088823577 0.5882612379128471 0.2119403210765013 0.16043921223975788 0.1958313589178876 0.10387807286221384 0.6664667926783185 0.7202748339291416 0.843810208697035 0.5046381378420008 0.14730964932012125 0.1832569510170744 0.6323973870192925 0.7292982533432286 0.14558315215223228 0.3415062615718667 0.09667999127770344 0.10911665137014825
0.35685511408866866 0.1800346694065299 0.9656308136934791 0.8560980833725113 0.27140809645482 0.07603980986609793 0.23538774964546594 0.02893985194904869 0.4986515074980492 0.4047109913066237 0.5674910838880953 0.23412166221172992 0.30406416598658503 0.11416222761196482 0.2441185328050801 0.3106182176411838 0.4079436063176899 0.764278373717621 0.09822938570384365 0.5673823056465734 0.19075291533723648 0.3322950999331269 0.301525728896644 0.7560032574426305 0.7195095699324772 0.9863309067478733 0.026541968532173943 0.13867057065278365 0.5349108806173085 0.6848682756982815 0.4701748227615541 0.3834277212670485 0.44469666386818174 0.6506401133439942 0.8172820633810132 0.6916014406868948 0.14901683493872442 0.8833103756780719 0.15046246435695776 0.601268778200764
0.5182514988293249 0.28820686519546235 0.4059308758283616 0.7132620524808362 0.6265778857208644 0.639995463403776 0.855011355729881 0.30740286897882385 0.4362521254133489 0.5730280497125171 0.47552506085167956 0.9167665481076236 0.3043269287163066 0.6172910284799545 0.9225601456354513 0.5887802810165731 0.17014099037803232 0.870848800614998 0.13389302341267528 0.8764600584069634 0.9786458128879206 0.47531938708867094 0.7677492211870669 0.4601408608777331 0.9497068054960057 0.24285317561248865 0.5734232278686028 0.7853449637020077 0.9237249682183298 0.8919922200214149 0.9312542404530071 0.6175598974144102 0.5310943596027814 0.6463081641899572 0.013893034541744176 0.7469533448809438 0.4093864997222382 0.1106009970537759 0.8606464134224379 0.4871883372522834
0.0803256330359623 0.9921094398866519 0.4932266890654804 0.08516343531868953 0.6127097082832907 0.8798143945020911 0.5217011535442684 0.06263502620622763 0.7421395831629164 0.9410099215821565 0.7770591713514406 0.5911496816562415 0.251540489738589 0.5405554456740347 0.11385578733010937 0.6210703511444972 0.5576559157235143 0.5728135374753177 0.7744738318712111 0.1306903091294438 0.330049271593301 0.6824890875756444 0.343205252669709 0.2557724179344537 0.8930120157466014 0.07965701616072274 0.7354702497352819 0.09381469220979943 0.49264917433939204 0.2806445402818969 0.9921746646900718 0.3654011266682198 0.9191064417340559 0.7635459652559095 0.16473789977733788 0.6788111004342772 0.21216382044609572 0.6860443981020199 0.8159392818904729 0.4118551393012093
