data/ScottAndBurgan/Hom_Fuel_101_40x40/py.asc
ncols 40
nrows 40
xllcorner 457900
yllcorner 5716800
cellsize 100
NODATA_value -9999
[rows 0 to 19 of 40, columns 0 to 39 of 40]
0.8113478870137721 0.5606176519114465 0.551507364252594 0.9335870633419323 0.9114663119228132 0.653325085880043 0.953442396420224 0.8472758818444628 0.3993378012221189 0.1102394618564233 0.9874233327878761 0.31731904796468846 0.806071517828639 0.07074505665586417 0.5924767231233009 0.4631599046924293 0.7931150411496594 0.02733312853165948 0.31933898902446545 0.11520173627521835 0.5919093763499569 0.06850948630667375 0.4545554223177285 0.9817704894924741 0.7166951565731463 0.29326142878611383 0.2602896408962003 0.6907901342430804 0.6812321666681055 0.5205252272094176 0.6651979668272372 0.44711512865089664 0.06276499611172481 0.5474913209901922 0.13832566500069143 0.12819096093990678 0.7081636887102957 0.6812209296170809 0.3611073263568455 0.3036942262569704
0.9188190790492407 0.3326568606849155 0.46774033305611773 0.8072264119089606 0.6878813325090577 0.18172077028854539 0.17754483497342421 0.7422807340017556 0.5910078018979225 0.057773885925817114 0.2654524981789953 0.542678360813875 0.25711850129051295 0.04984706274678574 0.8545336554118209 0.6739118235568468 0.16768366757293995 0.5646973358622887 0.902047603508573 0.06980429703090563 0.9165892449802956 0.8114321290345649 0.46693605335012855 0.3412088431584809 0.5060351426047054 0.5517472529495169 0.015467059943729655 0.1213414877069322 0.8162694165507526 0.017964220735204983 0.2474017067811819 0.7683266994660108 0.8432279057077882 0.004296188424146585 0.6191036018197374 0.14500699578922271 0.5372806112643697 0.8009302946039196 0.5281162534380707 0.48821110217047226
0.32777000919283084 0.989446205282031 0.45148009314295234 0.4317013708426497 0.5970855487162651 0.7516502395950612 0.043801633176102195 0.9910180188505574 0.5113158231638033 0.8278817323442506 0.5366864860453393 0.09323202394819485 0.46504667412587575 0.0137255809728003 0.32834648640683894 0.5233458682831726 0.30162450815096153 0.6864707438606089 0.5541676618675127 0.9708847875464306 0.7562288381160513 0.596008624538035 0.7597478740318442 0.23659042174025924 0.5991323013545461 0.04669367234693145 0.8020264257168425 0.47703480395910636 0.19497342277093588 0.40286080172345373 0.6412619690948168 0.015242683127601464 0.23562613762160234 0.0319058151781868 0.4773441073445337 0.8459686556057427 0.29061485040157 0.5073251115030075 0.7318682303037012 0.5086755054234201
0.8439477565642343 0.6942003220150208 0.10838565169613767 0.7378877523733978 0.6482158179792733 0.35890578838093323 0.6508903132021987 0.7392215593329213 0.8955564820141351 0.9490869614985694 0.41887825057000627 0.011552842452908552 0.07926889501384449 0.8785567439085864 0.4869102033214917 0.11909894220312045 0.5548390669141074 0.340805852440489 0.3268423913102734 0.6246136651256726 0.4367236613394393 0.22577296708713301 0.0482225741212704 0.4576774361233257 0.7771053431494578 0.4420694394417656 0.6792262643295314 0.29712243707975805 0.47837064625821146 0.551119918644546 0.691392000335123 0.8191462997109188 0.3183245820568472 0.0007690533492249463 0.10387148788008582 0.11571573560013726 0.8748529526995112 0.3185331001784335 0.9421361433760905 0.2096097725085848
0.13392474563097512 0.4510162940550074 0.44391861230342256 0.5228000882512057 0.3633925317883365 0.4490489716542163 0.12428038249274531 0.6365937220695296 0.36201072436680093 0.1701876003541385 0.06908197216477618 0.8733489083760425 0.7226612675868168 0.305930132552227 0.12030910932369121 0.7031829570597843 0.9160460269177606 0.6649803736804618 0.5686189264632088 0.26604098871439663 0.8794934026045381 0.21944588448912372 0.032162456974152875 0.14344790754007897 0.7948245677480736 0.6447882414646617 0.07459216947772329 0.7306279939014843 0.5340193027375187 0.5183637048217964 0.5418289498778069 0.6256963893854199 0.9808089641165337 0.4986400204783713 0.775610760628003 0.30577831894261087 0.3193481700164549 0.2267139931032125 0.5848001527876895 0.9275825782039885
0.29781415780784315 0.09465358789846678 0.5875842663014418 0.7465719090249597 0.030305569000382726 0.6204763185913733 0.7315213220951721 0.18537935081440626 0.42170107718154426 0.7086148905576728 0.17281669953885503 0.7652696410269755 0.2936520140598582 0.8093981246293344 0.06786593568083299 0.09448062364557042 0.8435885935271338 0.22276884827749177 0.7509586185012165 0.058814464922674836 0.18709118316259676 0.19467493069266106 0.9765319435667535 0.22602329603461369 0.719176411313812 0.45758939310858215 0.508991252983941 0.7161824258977421 0.7411950176725762 0.671259231106282 0.22281940749830198 0.8194787474342136 0.6321726574105732 0.4640808459800666 0.6132634938772417 0.735762605573818 0.6149831932624086 0.6890729348126742 0.34012526087976847 0.14058363625448056
0.8943246729372224 0.09923169173007096 0.17771698635277444 0.7893946984233485 0.8036825464625765 0.5793657616410282 0.531895501581798 0.3471706695386937 0.9829439988560756 0.7864487650037455 0.019105131080426774 0.9497973289248673 0.27836241239223247 0.25906237005324806 0.25290246460931787 0.14056958960832022 0.9921388776687103 0.8756340853516336 0.5080416819649014 0.22509855675127355 0.6927590393416065 0.10795193641095546 0.3747423011347645 0.36579002105132674 0.12503549786425272 0.6277606169217389 0.6634450393091083 0.17207593247232433 0.9741271761571965 0.616097348628552 0.9987296022586621 0.5617141878816005 0.4165420214229366 0.3660737271298251 0.4046456027921935 0.8182874973278359 0.572824635849935 0.3519105023453909 0.10058096748659251 0.33322059840959173
0.5345253626075093 0.3983712862021681 0.981520273277066 0.5168848468123534 0.9106300735465258 0.11150515674584183 0.18027333583864036 0.42117087882947424 0.6616182621873165 0.7959740122519194 0.9146455466085803 0.6980107333846383 0.43488159070554255 0.37140843306437243 0.3227917119311118 0.5531898842020122 0.5228521635158848 0.22151015496832038 0.1944742835005029 0.5765087698092098 0.19716754663571667 0.15004960231200326 0.038689832369314336 0.11243906039718365 0.6653741939478065 0.5100449299492139 0.5090372916494741 0.20235001992561086 0.7517596493153641 0.968547005304115 0.2308795417864148 0.5808555504527291 0.9682323371799184 0.041378431597528076 0.2601324972190555 0.10726888489128528 0.6358055183010365 0.9978571748137759 0.04760665727293001 0.09233158704750721
0.5358538206728184 0.2928881042763626 0.35574019343064744 0.7511991089971977 0.6240240154454693 0.0015071031814868352 0.4456699691153635 0.6428527614063505 0.17806693788661598 0.2674439601704427 0.2994393662962853 0.49705917034172575 0.33426691525498053 0.36791290364197893 0.09181014565478851 0.7756333367855724 0.5328916999975379 0.6513803837841273 0.3774755642138008 0.9836804843080381 0.007957885439678014 0.559642649978889 0.2544908951399495 0.06739247691150363 0.10041853311257742 0.24803176788236547 0.14882152422010542 0.6015226514374216 0.6697513167575404 0.4594754908178371 0.46105422774173765 0.8311314621681088 0.4325571999037612 0.5439709433567403 0.3889460927645346 0.034933406361245645 0.5037695741075459 0.17411450220034919 0.9363069288072038 0.2206463479254155
0.5922533140115313 0.49361107948561 0.024677776847296218 0.15749415624653385 0.4506628415918039 0.14492467129093012 0.8174224860275882 0.988878571659801 0.6216268146589361 0.47377544687397866 0.27231328744032435 0.3853157360187299 0.9112374050778591 0.9713811886461927 0.7806583442256237 0.42501487780632496 0.1520492941879671 0.3837794467886678 0.019429207517844937 0.13412799825640076 0.05646094926172596 0.2355543485001137 0.9478807669108347 0.17186478293842944 0.8043966962420225 0.1977704124635854 0.03865313791408831 0.6387205176267011 0.2363402875318148 0.7699766056886839 0.15496728513941482 0.9836222617965297 0.7024429450989745 0.30511224263774805 0.6153852559984367 0.10028571601435543 0.25707827491598223 0.5818845732663772 0.21016504419219895 0.824020178060404
0.2048309496209495 0.18281439351218554 0.5862621751196242 0.07747891663723194 0.12928901401741388 0.5606041392635334 0.9370464507294534 0.8595945463178115 0.9666537555002146 0.9650697839650761 0.26705419406726494 0.5187535290060626 0.7124640382118537 0.9995640438005506 0.3440211527435473 0.20510169400803624 0.1613594522262336 0.29780664056209527 0.15351090799861644 0.8315527063567657 0.46762125592675063 0.4550784837392572 0.6939071593770376 0.25637302849470167 0.6166269766805137 0.6656899839331333 0.21341589229717772 0.47029774692444126 0.14759939029816505 0.6157213104998378 0.9588608128127649 0.12989439588160334 0.17160976577914544 0.022391660307181427 0.06092996973258369 0.9928437562927099 0.8584808024662898 0.595197857804528 0.6593805737573974 0.29213291839806066
0.5265433519277545 0.4460731883783914 0.04735755642778383 0.16421246702960512 0.8294244848312049 0.6229773904851275 0.12557803696467706 0.5794923087060783 0.3589587433278074 0.7937024996759849 0.46268082252774545 0.06266860362639914 0.07539076040928416 0.1028875518829665 0.0681611939661999 0.7112642389754401 0.10991167115912215 0.9438767612105103 0.21686465553626633 0.7955229241827511 0.7378487211851202 0.43993369072682464 0.9283173058959422 0.19151612015631336 0.9695406678928112 0.37807142599347754 0.6508736113711936 0.06097437533007888 0.44671197494723724 0.8374461952600385 0.8294193220191627 0.032420558353771 0.2924915358507689 0.4823802311204428 0.5915989334456365 0.7787292863206031 0.4899525359522283 0.7044411123154778 0.40155698438842846 0.04148670602188442
0.4380177495426898 0.7012603848117775 0.8218479520510695 0.3126467655371692 0.7893196231839692 0.7664266618982725 0.0019357619554278838 0.023617403225775657 0.030995061726640016 0.6858222018345378 0.3542482771558937 0.4806302690083555 0.3483156441620129 0.5638759931321412 0.46954066974699304 0.8681340830844408 0.30637889336425916 0.1981168902602929 0.7802239614018781 0.16179706327112964 0.7913018068204172 0.8256422960244051 0.31785497800565277 0.9132181603327703 0.5111440868000713 0.14621386414292725 0.013887692502755677 0.08443063203820544 0.891345946295378 0.9664544018382828 0.6765527894697926 0.7071558943035563 0.011823088949663663 0.4337991573775636 0.9369977687146033 0.33038482185856355 0.9152411527231246 0.9729429074998488 0.2706271867669515 0.10233773223578813
0.056513883205363435 0.0007884453394506608 0.4030605901034856 0.24850646222633233 0.7549700068366891 0.973747305395528 0.7994435380135065 0.5662319674191698 0.38322887278052187 0.6269604753403683 0.9272200964094598 0.3516820690449678 0.8897728824100476 0.5808137220484014 0.37510698058677894 0.41630207362046523 0.42940872028711063 0.14246146553648753 0.9523035918061211 0.3692867089687769 0.9693303758324656 0.020738078892357348 0.5327809599056018 0.5575082866525573 0.6339870864811028 0.9987960572249942 0.2842814775625184 0.454966250346178 0.11650165984917582 0.136438241652866 0.5817049784761239 0.014404073551030572 0.2199343602644528 0.5441317523762395 0.5879122610324787 0.7632162958436237 0.49752471866714654 0.08071958831515147 0.23619638007346488 0.024596735811397985
0.8441767707968001 0.16348738927307882 0.4389854604115945 0.19083516939469702 0.9864505158098638 0.5881760907894467 0.35743895078643173 0.3404584655502143 0.20381322529756085 0.6878581335987247 0.9401459116621254 0.06683050980984873 0.771465692234387 0.5102720825626097 0.9886684840684015 0.012107665701894588 0.3742248666645879 0.11699378559012485 0.9491287635337141 0.018939534711154615 0.39110965144141063 0.5637074298216181 0.017677150735170843 0.42377719636617883 0.283463484047046 0.3185458367244627 0.9614700941415114 0.7076054748261641 0.5966126227780952 0.2225258117440162 0.8851562587505539 0.07066012082493511 0.5887424541317514 0.5832453528896523 0.7393823480071984 0.2477620464821435 0.5308304189013494 0.3743526145055597 0.7814521227251614 0.9382998839258856
0.5777296049931261 0.9761462166759272 0.9983417735320146 0.47274861432056925 0.0645755482168977 0.5579416494982719 0.29923994921244534 0.8442252487667441 0.4584691668100147 0.7000636507518966 0.32748872916599525 0.9912511616037177 0.30346489146006705 0.871862412480512 0.22469167926549138 0.3115795570052977 0.658399294350287 0.45760728648604787 0.18812087539953326 0.02092837417074589 0.6526771266848296 0.645208652934893 0.5147868369386945 0.0694297452201249 0.11920754174797477 0.6794760593618876 0.15248805543316946 0.021339132144691297 0.5340278174894859 0.6402165197559796 0.09490396581836591 0.7967330615932361 0.5222381155317963 0.1445546920362576 0.0028868041263796496 0.12823907099048104 0.7856378583941637 0.49627694587952553 0.8968417183664956 0.22146751942177223
0.5204106799084169 0.10247527067973206 0.4861596399260717 0.2083626253146803 0.9280782021238169 0.6110097360850818 0.7944935882533765 0.36079896722520244 0.5483311904592086 0.24404538462682102 0.4228797836358158 0.4671272969005088 0.4245156759067179 0.8944063274188851 0.5522238716167257 0.9939446794727027 0.9183502060628982 0.48431020847842066 0.7204317834845277 0.18258057630022895 0.2982239117133668 0.2967174299995692 0.22523512357469855 0.12333941755452349 0.38726932511177514 0.025484650307736945 0.21659315686619618 0.39382735205641983 0.09497173472891685 0.6623087106636172 0.1519897981068432 0.5938741405944205 0.9409403931607293 0.9320127860054164 0.17303941592432737 0.2156569235926027 0.27450620728641073 0.10017356487161033 0.7665554390290693 0.2409373787772222
0.6364363058544599 0.16050181394538465 0.5009546856496354 0.5729252573667167 0.8374819848107563 0.841706415852929 0.8426272451828555 0.4451217074474674 0.9647490969176624 0.41566810758366335 0.8027230311983695 0.4105142341302299 0.9949134924169286 0.052600356798761405 0.5598509947926197 0.8874545724925413 0.12294779722946969 0.13864226168887028 0.542760613526007 0.9371299790677978 0.7308620846410807 0.6400373067623016 0.9729887688809511 0.7143331260621799 0.10486842076741598 0.3091238889686706 0.973182818903863 0.20032685299218855 0.9444054107609139 0.003539828186770122 0.7650217372896513 0.6849888295783051 0.6932728882803192 0.5199347404079238 0.40547357018381547 0.16476571063385104 0.8234167096293837 0.837911516562876 0.40976952952834333 0.7517755792454335
0.9000863732169471 0.07492001121104641 0.2581145841789607 0.7571636269603577 0.6792402584972085 0.7336222988112308 0.19832348865276261 0.8336636374953976 0.25676952868655634 0.2286427280396206 0.6707127651291409 0.32295704507647527 0.5958107586500289 0.4844634321746297 0.07763041711995267 0.699704841973853 0.6776260721397275 0.8377351778327791 0.013725748340306043 0.25396283273600406 0.7457739590192128 0.6550517921450144 0.1550934447652359 0.5586867667781164 0.6917688292413744 0.8360015997986874 0.8871800742311156 0.8517917764144427 0.4826086352139124 0.1521009598045615 0.44076423486874206 0.8396605105030511 0.5172582361319668 0.7278860241107851 0.8177988451483105 0.14735271545199746 0.49376346720239905 0.4422066295095656 0.6335698467453054 0.6229822678166473
0.05470036260991218 0.9240952431391549 0.6543808903444994 0.3476240587184378 0.4409643077689429 0.15195147034738454 0.7215837174265586 0.33342711496393673 0.13794002562221452 0.6397245279791705 0.3592548812372378 0.5262972729394498 0.8388718507413715 0.3254032811367601 0.4845932142830305 0.28808068278518917 0.8361657834061771 0.78163182264621 0.7966909077558407 0.6187269402895648 0.02522008869285941 0.1503622811756603 0.372080099906997 0.528591373971404 0.7369119387592575 0.7481196372501537 0.2987894539584137 0.5365781477434344 0.5647587061515469 0.19587196766470039 0.48426266920943284 0.980147709381072 0.3665624169405163 0.4766671163927386 0.4377166817473028 0.3914530532663739 0.4122663035056724 0.7436306215549288 0.8597378060287929 0.1745698261314237
