213378,212722,10,2.93
213378,214034,10,2.93
213378,213379,10,2.93
213378,213377,10,2.93
214034,214690,13,10.99
214034,214035,13,10.99
214034,214033,13,10.99
214034,214691,14,10.99
214034,214689,14,10.99
213378,212723,14,2.93
213378,212721,14,2.93
214035,214036,16,10.99
214691,215347,17,10.99
214691,214692,17,10.99
214035,213380,17,10.99
214035,214692,17,10.99
214691,215348,18,10.99
214691,215346,18,10.99
215347,216003,20,10.99
215346,216002,21,10.99
215346,215345,21,10.99
215348,216004,21,10.99
215348,215349,21,10.99
215347,216004,21,10.99
215347,216002,21,10.99
213377,213376,21,2.93
212722,212066,21,2.93
215346,216001,22,10.99
215348,214693,22,10.99
215348,216005,22,10.99
216003,216659,23,10.99
215349,215350,24,10.99
212066,211410,24,14.29
212066,211411,24,14.29
212066,211409,24,14.29
212066,212067,24,14.29
212066,212065,24,14.29
216004,216660,24,10.99
216002,216658,24,10.99
216003,216660,24,10.99
216003,216658,24,10.99
214033,214032,24,2.93
216005,216661,25,10.99
216005,216006,25,10.99
214693,214037,25,10.99
214693,214694,25,10.99
215349,214694,25,10.99
215349,216006,25,10.99
216004,216661,25,10.99
216002,216657,25,10.99
214689,214688,25,2.93
212721,212720,25,2.93
212723,212724,25,2.93
213377,212720,25,2.93
213379,212724,25,2.93
216659,217315,26,10.99
216005,216662,26,10.99
214693,214038,26,10.99
212067,211412,27,14.29
212067,212068,27,14.29
211409,210753,27,14.29
211409,210754,27,14.29
211409,210752,27,14.29
211409,212064,27,14.29
211409,211408,27,14.29
215350,215351,27,10.99
211411,210755,27,14.29
211411,210756,27,14.29
211411,210754,27,14.29
211411,212068,27,14.29
211411,211412,27,14.29
211410,210754,27,14.29
211410,210755,27,14.29
211410,210753,27,14.29
216660,217316,27,10.99
216658,217314,27,10.99
216659,217316,27,10.99
216659,217314,27,10.99
216006,216007,28,10.99
216661,217317,28,10.99
214694,214695,28,10.99
215350,214695,28,10.99
215350,216007,28,10.99
216660,217317,28,10.99
216658,217313,28,10.99
213380,213381,28,2.93
217315,217971,29,10.99
216662,217318,29,10.99
216662,216663,29,10.99
216006,216663,29,10.99
216661,217318,29,10.99
214694,214039,29,10.99
214689,215344,29,2.93
211408,210751,30,14.29
211408,212063,30,14.29
211408,211407,30,14.29
210752,210096,30,14.29
210752,210097,30,14.29
210752,210095,30,14.29
210752,211407,30,14.29
210752,210751,30,14.29
210756,210100,30,14.29
210756,210101,30,14.29
210756,210099,30,14.29
210756,211413,30,14.29
210756,210757,30,14.29
210753,210097,30,14.29
210753,210098,30,14.29
210753,210096,30,14.29
212068,211413,30,14.29
212068,212725,30,14.29
212068,212069,30,14.29
210755,210099,30,14.29
210755,210100,30,14.29
210755,210098,30,14.29
210754,210098,30,14.29
210754,210099,30,14.29
210754,210097,30,14.29
215351,215352,30,10.99
211412,210757,30,14.29
211412,212069,30,14.29
211412,211413,30,14.29
217314,217970,30,10.99
217316,217972,30,10.99
217315,217972,30,10.99
217315,217970,30,10.99
216662,217319,30,10.99
216007,216008,31,10.99
214695,214696,31,10.99
217317,217973,31,10.99
217313,217969,31,10.99
217313,217312,31,10.99
215351,214696,31,10.99
215351,216008,31,10.99
217314,217969,31,10.99
217316,217973,31,10.99
217971,218627,32,10.99
216663,216664,32,10.99
217318,217974,32,10.99
216007,216664,32,10.99
214695,214040,32,10.99
217317,217974,32,10.99
217313,216656,32,10.99
217313,217968,32,10.99
213376,213375,32,2.93
210098,209442,33,14.29
210098,209443,33,14.29
210098,209441,33,14.29
217319,217975,33,10.99
217319,217320,33,10.99
217970,218626,33,10.99
210751,210094,33,14.29
210751,211406,33,14.29
210751,210750,33,14.29
217972,218628,33,10.99
210101,209445,33,14.29
210101,209446,33,14.29
210101,209444,33,14.29
210101,210758,33,14.29
210101,210102,33,14.29
210095,209439,33,14.29
210095,209440,33,14.29
210095,209438,33,14.29
210095,210750,33,14.29
210095,210094,33,14.29
210757,210102,33,14.29
210757,211414,33,14.29
210757,210758,33,14.29
210100,209444,33,14.29
210100,209445,33,14.29
210100,209443,33,14.29
215352,215353,33,10.99
211413,210758,33,14.29
211413,212070,33,14.29
211413,211414,33,14.29
210099,209443,33,14.29
210099,209444,33,14.29
210099,209442,33,14.29
212069,211414,33,14.29
212069,212726,33,14.29
212069,212070,33,14.29
210097,209441,33,14.29
210097,209442,33,14.29
210097,209440,33,14.29
210096,209440,33,14.29
210096,209441,33,14.29
210096,209439,33,14.29
217971,218628,33,10.99
217971,218626,33,10.99
216663,217320,33,10.99
217318,217975,33,10.99
216001,216000,33,2.93
216008,216009,34,10.99
214696,214697,34,10.99
217969,218625,34,10.99
217973,218629,34,10.99
217319,217976,34,10.99
217970,218625,34,10.99
217972,218629,34,10.99
215352,214697,34,10.99
215352,216009,34,10.99
218627,219283,35,10.99
216664,216665,35,10.99
216008,216665,35,10.99
214696,214041,35,10.99
217969,218624,35,10.99
217973,218630,35,10.99
214032,214031,35,2.93
209440,208784,36,14.29
209440,208785,36,14.29
209440,208783,36,14.29
218628,219284,36,10.99
210102,209447,36,14.29
210102,210759,36,14.29
210102,210103,36,14.29
209442,208786,36,14.29
209442,208787,36,14.29
209442,208785,36,14.29
211414,210759,36,14.29
211414,212071,36,14.29
211414,211415,36,14.29
217320,217321,36,10.99
218626,219282,36,10.99
210758,210103,36,14.29
210758,211415,36,14.29
210758,210759,36,14.29
209438,208782,36,14.29
209438,208783,36,14.29
209438,208781,36,14.29
209438,210093,36,14.29
209438,209437,36,14.29
215353,215354,36,10.99
210094,209437,36,14.29
210094,210749,36,14.29
210094,210093,36,14.29
212070,211415,36,14.29
212070,212727,36,14.29
212070,212071,36,14.29
209441,208785,36,14.29
209441,208786,36,14.29
209441,208784,36,14.29
209439,208783,36,14.29
209439,208784,36,14.29
209439,208782,36,14.29
209443,208787,36,14.29
209443,208788,36,14.29
209443,208786,36,14.29
212726,212071,36,14.29
212726,213382,36,14.29
212726,213383,36,14.29
212726,212727,36,14.29
210750,210093,36,14.29
210750,211405,36,14.29
210750,210749,36,14.29
209445,208789,36,14.29
209445,208790,36,14.29
209445,208788,36,14.29
209446,208790,36,14.29
209446,208791,36,14.29
209446,208789,36,14.29
209446,210103,36,14.29
209446,209447,36,14.29
209444,208788,36,14.29
209444,208789,36,14.29
209444,208787,36,14.29
218627,219284,36,10.99
218627,219282,36,10.99
216664,217321,36,10.99
214688,214687,36,2.93
212720,212719,36,2.93
213376,212719,36,2.93
218625,219281,37,10.99
216009,216010,37,10.99
214697,214698,37,10.99
218628,219285,37,10.99
217320,217977,37,10.99
218626,219281,37,10.99
215353,214698,37,10.99
215353,216010,37,10.99
216665,216666,38,10.99
219283,219939,38,10.99
218624,219280,38,10.99
218624,218623,38,10.99
214041,213385,38,10.99
214041,214042,38,10.99
218625,219280,38,10.99
216009,216666,38,10.99
214697,214042,38,10.99
208786,208130,39,14.29
208786,208131,39,14.29
208786,208129,39,14.29
219284,219940,39,10.99
212727,212072,39,14.29
212727,213384,39,14.29
212727,212728,39,14.29
208783,208127,39,14.29
208783,208128,39,14.29
208783,208126,39,14.29
215354,215355,39,10.99
208782,208126,39,14.29
208782,208127,39,14.29
208782,208125,39,14.29
208785,208129,39,14.29
208785,208130,39,14.29
208785,208128,39,14.29
211415,210760,39,14.29
211415,212072,39,14.29
211415,211416,39,14.29
208781,208125,39,14.29
208781,208126,39,14.29
208781,208124,39,14.29
208781,209436,39,14.29
208781,208780,39,14.29
209437,208780,39,14.29
209437,210092,39,14.29
209437,209436,39,14.29
208784,208128,39,14.29
208784,208129,39,14.29
208784,208127,39,14.29
219282,219938,39,10.99
208791,208135,39,14.29
208791,208136,39,14.29
208791,208134,39,14.29
208791,209448,39,14.29
208791,208792,39,14.29
210093,209436,39,14.29
210093,210748,39,14.29
210093,210092,39,14.29
208788,208132,39,14.29
208788,208133,39,14.29
208788,208131,39,14.29
208789,208133,39,14.29
208789,208134,39,14.29
208789,208132,39,14.29
210759,210104,39,14.29
210759,211416,39,14.29
210759,210760,39,14.29
208787,208131,39,14.29
208787,208132,39,14.29
208787,208130,39,14.29
208790,208134,39,14.29
208790,208135,39,14.29
208790,208133,39,14.29
210103,209448,39,14.29
210103,210760,39,14.29
210103,210104,39,14.29
209447,208792,39,14.29
209447,210104,39,14.29
209447,209448,39,14.29
217321,217322,39,10.99
212071,211416,39,14.29
212071,212728,39,14.29
212071,212072,39,14.29
216665,217322,39,10.99
219283,219940,39,10.99
219283,219938,39,10.99
218624,217967,39,10.99
218624,219279,39,10.99
214041,213386,39,10.99
214041,213384,39,10.99
219285,219941,40,10.99
219285,219286,40,10.99
219281,219937,40,10.99
216010,216011,40,10.99
214698,214699,40,10.99
219284,219941,40,10.99
215354,214699,40,10.99
215354,216011,40,10.99
219282,219937,40,10.99
217321,217978,40,10.99
215344,215343,40,2.93
214688,215343,40,2.93
218623,218622,41,10.99
213385,212729,41,14.29
213385,212730,41,14.29
219280,219936,41,10.99
216666,216667,41,10.99
214042,213387,41,14.29
214042,214043,41,14.29
219285,219942,41,10.99
219281,219936,41,10.99
216010,216667,41,10.99
214698,214043,41,10.99
212063,212062,41,2.93
210092,209435,42,14.29
210092,210747,42,14.29
210092,210091,42,14.29
208130,207474,42,14.29
208130,207475,42,14.29
208130,207473,42,14.29
209436,208779,42,14.29
209436,210091,42,14.29
209436,209435,42,14.29
208131,207475,42,14.29
208131,207476,42,14.29
208131,207474,42,14.29
208780,208123,42,14.29
208780,209435,42,14.29
208780,208779,42,14.29
208133,207477,42,14.29
208133,207478,42,14.29
208133,207476,42,14.29
213386,212731,42,14.29
208135,207479,42,14.29
208135,207480,42,14.29
208135,207478,42,14.29
210760,210105,42,14.29
210760,211417,42,14.29
210760,210761,42,14.29
215355,215356,42,10.99
210104,209449,42,14.29
210104,210761,42,14.29
210104,210105,42,14.29
208134,207478,42,14.29
208134,207479,42,14.29
208134,207477,42,14.29
208124,207468,42,14.29
208124,207469,42,14.29
208124,207467,42,14.29
208124,208779,42,14.29
208124,208123,42,14.29
208132,207476,42,14.29
208132,207477,42,14.29
208132,207475,42,14.29
208792,208137,42,14.29
208792,209449,42,14.29
208792,208793,42,14.29
208125,207469,42,14.29
208125,207470,42,14.29
208125,207468,42,14.29
209448,208793,42,14.29
209448,210105,42,14.29
209448,209449,42,14.29
219279,219935,42,10.99
219279,219278,42,10.99
208128,207472,42,14.29
208128,207473,42,14.29
208128,207471,42,14.29
212072,211417,42,14.29
212072,212073,42,14.29
211416,210761,42,14.29
211416,212073,42,14.29
211416,211417,42,14.29
208129,207473,42,14.29
208129,207474,42,14.29
208129,207472,42,14.29
208136,207480,42,14.29
208136,207481,42,14.29
208136,207479,42,14.29
208136,208793,42,14.29
208136,208137,42,14.29
208127,207471,42,14.29
208127,207472,42,14.29
208127,207470,42,14.29
212728,212073,42,14.29
208126,207470,42,14.29
208126,207471,42,14.29
208126,207469,42,14.29
218623,217966,42,10.99
218623,219278,42,10.99
219280,219935,42,10.99
216666,217323,42,10.99
217312,217311,42,2.93
219286,219287,43,10.99
219941,220597,43,10.99
214699,214700,43,10.99
216011,216012,43,10.99
215355,214700,43,10.99
215355,216012,43,10.99
219279,219934,43,10.99
216656,216655,43,2.93
213375,213374,43,2.93
212729,212074,44,14.29
216667,216668,44,10.99
212730,212074,44,14.29
212730,212075,44,14.29
214043,213388,44,14.29
214043,214044,44,14.29
213387,212732,44,14.29
213387,214044,44,14.29
213387,213388,44,14.29
219942,220598,44,10.99
219942,219943,44,10.99
219286,218631,44,10.99
219286,219943,44,10.99
219941,220598,44,10.99
219941,220596,44,10.99
214699,214044,44,10.99
216011,216668,44,10.99
217975,218631,44,2.93
216000,215999,44,2.93
215344,215999,44,2.93
209435,208778,45,14.29
209435,210090,45,14.29
209435,209434,45,14.29
208137,207482,45,14.29
208137,208794,45,14.29
208137,208138,45,14.29
209449,208794,45,14.29
209449,210106,45,14.29
209449,209450,45,14.29
212731,212076,45,14.29
207480,206824,45,14.29
207480,206825,45,14.29
207480,206823,45,14.29
207473,206817,45,14.29
207473,206818,45,14.29
207473,206816,45,14.29
211417,210762,45,14.29
211417,211418,45,14.29
207479,206823,45,14.29
207479,206824,45,14.29
207479,206822,45,14.29
207478,206822,45,14.29
207478,206823,45,14.29
207478,206821,45,14.29
219278,219277,45,10.99
207469,206813,45,14.29
207469,206814,45,14.29
207469,206812,45,14.29
207467,206811,45,14.29
207467,206812,45,14.29
207467,206810,45,14.29
207467,208122,45,14.29
207467,207466,45,14.29
212073,211418,45,14.29
207471,206815,45,14.29
207471,206816,45,14.29
207471,206814,45,14.29
207472,206816,45,14.29
207472,206817,45,14.29
207472,206815,45,14.29
210761,210106,45,14.29
210761,211418,45,14.29
210761,210762,45,14.29
207481,206825,45,14.29
207481,206826,45,14.29
207481,206824,45,14.29
207481,208138,45,14.29
207481,207482,45,14.29
208779,208122,45,14.29
208779,209434,45,14.29
208779,208778,45,14.29
207475,206819,45,14.29
207475,206820,45,14.29
207475,206818,45,14.29
207477,206821,45,14.29
207477,206822,45,14.29
207477,206820,45,14.29
207476,206820,45,14.29
207476,206821,45,14.29
207476,206819,45,14.29
207468,206812,45,14.29
207468,206813,45,14.29
207468,206811,45,14.29
215356,215357,45,10.99
210105,209450,45,14.29
210105,210762,45,14.29
210105,210106,45,14.29
207474,206818,45,14.29
207474,206819,45,14.29
207474,206817,45,14.29
208123,207466,45,14.29
208123,208778,45,14.29
208123,208122,45,14.29
207470,206814,45,14.29
207470,206815,45,14.29
207470,206813,45,14.29
208793,208138,45,14.29
208793,209450,45,14.29
208793,208794,45,14.29
219935,220591,45,10.99
216667,217324,45,10.99
219942,220599,45,10.99
217976,218632,45,2.93
212063,212718,45,2.93
219287,219288,46,10.99
216012,216013,46,10.99
219934,220590,46,10.99
219934,219933,46,10.99
214700,214701,46,10.99
219278,218621,46,10.99
219278,219933,46,10.99
215356,214701,46,10.99
215356,216013,46,10.99
219935,220592,46,10.99
219935,220590,46,10.99
214031,214030,46,2.93
212074,211419,47,14.29
212075,211419,47,14.29
212075,211420,47,14.29
213388,212733,47,14.29
213388,214045,47,14.29
213388,213389,47,14.29
212732,212077,47,14.29
212732,213389,47,14.29
212732,212733,47,14.29
220598,221254,47,10.99
214044,213389,47,14.29
214044,214045,47,14.29
216668,216669,47,10.99
219287,219944,47,10.99
216012,216669,47,10.99
219934,220589,47,10.99
214700,214045,47,10.99
214687,214686,47,2.93
211405,212061,47,2.93
211405,211404,47,2.93
206825,206169,48,14.29
206825,206170,48,14.29
206825,206168,48,14.29
212076,211421,48,14.29
208794,208139,48,14.29
208794,209451,48,14.29
208794,208795,48,14.29
206822,206166,48,14.29
206822,206167,48,14.29
206822,206165,48,14.29
217324,217980,48,10.99
217324,217325,48,10.99
206823,206167,48,14.29
206823,206168,48,14.29
206823,206166,48,14.29
207466,206809,48,14.29
207466,208121,48,14.29
207466,207465,48,14.29
206817,206161,48,14.29
206817,206162,48,14.29
206817,206160,48,14.29
206818,206162,48,14.29
206818,206163,48,14.29
206818,206161,48,14.29
219277,219276,48,10.99
211418,210763,48,14.29
206816,206160,48,14.29
206816,206161,48,14.29
206816,206159,48,14.29
208122,207465,48,14.29
208122,208777,48,14.29
208122,208121,48,14.29
206824,206168,48,14.29
206824,206169,48,14.29
206824,206167,48,14.29
206811,206155,48,14.29
206811,206156,48,14.29
206811,206154,48,14.29
209450,208795,48,14.29
209450,210107,48,14.29
209450,209451,48,14.29
218632,218633,48,10.99
208778,208121,48,14.29
208778,209433,48,14.29
208778,208777,48,14.29
209434,208777,48,14.29
209434,210089,48,14.29
209434,209433,48,14.29
208138,207483,48,14.29
208138,208795,48,14.29
208138,208139,48,14.29
210762,210107,48,14.29
210762,210763,48,14.29
206810,206154,48,14.29
206810,206155,48,14.29
206810,206153,48,14.29
206810,207465,48,14.29
206810,206809,48,14.29
215357,215358,48,10.99
210106,209451,48,14.29
210106,210763,48,14.29
210106,210107,48,14.29
206821,206165,48,14.29
206821,206166,48,14.29
206821,206164,48,14.29
206820,206164,48,14.29
206820,206165,48,14.29
206820,206163,48,14.29
206819,206163,48,14.29
206819,206164,48,14.29
206819,206162,48,14.29
207482,206827,48,14.29
207482,208139,48,14.29
207482,207483,48,14.29
220598,221255,48,10.99
220598,221253,48,10.99
216668,217325,48,10.99
217977,218633,48,2.93
219288,219289,49,10.99
216013,216014,49,10.99
214701,214046,49,14.29
214701,214702,49,14.29
217324,217981,49,10.99
217324,217979,49,10.99
219277,218620,49,10.99
219277,219932,49,10.99
218632,219289,49,10.99
215357,214702,49,10.99
215357,216014,49,10.99
219939,220595,49,2.93
211420,210764,50,14.29
211420,210765,50,14.29
212733,212078,50,14.29
212733,213390,50,14.29
212733,212734,50,14.29
212077,211422,50,14.29
212077,212734,50,14.29
212077,212078,50,14.29
211419,210764,50,14.29
214045,213390,50,14.29
213389,212734,50,14.29
213389,213390,50,14.29
219944,220600,50,10.99
219944,219945,50,10.99
219288,219945,50,10.99
216013,216670,50,10.99
219938,220594,50,2.93
217980,218636,51,10.99
206166,205510,51,14.29
206166,205511,51,14.29
206166,205509,51,14.29
206154,205498,51,14.29
206154,205499,51,14.29
206154,205497,51,14.29
215358,214703,51,14.29
215358,216015,51,14.29
215358,215359,51,14.29
210107,209452,51,14.29
210107,210108,51,14.29
206163,205507,51,14.29
206163,205508,51,14.29
206163,205506,51,14.29
218633,218634,51,10.99
210763,210108,51,14.29
206809,206152,51,14.29
206809,207464,51,14.29
206809,206808,51,14.29
206164,205508,51,14.29
206164,205509,51,14.29
206164,205507,51,14.29
206153,205497,51,14.29
206153,205498,51,14.29
206153,205496,51,14.29
206153,206808,51,14.29
206153,206152,51,14.29
208121,207464,51,14.29
208121,208776,51,14.29
208121,208120,51,14.29
206156,205500,51,14.29
206156,205501,51,14.29
206156,205499,51,14.29
206156,206157,51,14.29
206155,205499,51,14.29
206155,205500,51,14.29
206155,205498,51,14.29
206168,205512,51,14.29
206168,205513,51,14.29
206168,205511,51,14.29
208777,208120,51,14.29
208777,209432,51,14.29
208777,208776,51,14.29
208139,207484,51,14.29
208139,208796,51,14.29
208139,208140,51,14.29
206167,205511,51,14.29
206167,205512,51,14.29
206167,205510,51,14.29
207465,206808,51,14.29
207465,208120,51,14.29
207465,207464,51,14.29
206165,205509,51,14.29
206165,205510,51,14.29
206165,205508,51,14.29
209451,208796,51,14.29
209451,210108,51,14.29
209451,209452,51,14.29
208795,208140,51,14.29
208795,209452,51,14.29
208795,208796,51,14.29
209433,208776,51,14.29
209433,210088,51,14.29
209433,209432,51,14.29
211421,210766,51,14.29
219944,220601,51,10.99
217978,218634,51,2.93
219937,220593,51,2.93
215343,215342,51,2.93
214687,215342,51,2.93
211405,212060,51,2.93
214046,213391,52,14.29
214046,214047,52,14.29
217979,218635,52,10.99
219289,219290,52,10.99
214702,214047,52,14.29
217980,218637,52,10.99
217980,218635,52,10.99
218633,219290,52,10.99
206814,206158,52,4.59
210765,210109,53,14.29
210765,210110,53,14.29
212078,211423,53,14.29
212078,212735,53,14.29
212078,212079,53,14.29
210764,210109,53,14.29
213390,212735,53,14.29
212734,212079,53,14.29
212734,212735,53,14.29
211422,210767,53,14.29
211422,212079,53,14.29
211422,211423,53,14.29
219945,219946,53,10.99
219289,219946,53,10.99
216014,216671,53,10.99
210747,211403,53,2.93
210747,210746,53,2.93
217966,217310,53,2.93
217966,217965,53,2.93
217311,217310,53,2.93
206808,206151,54,14.29
206808,207463,54,14.29
206808,206807,54,14.29
205510,204854,54,14.29
205510,204855,54,14.29
205510,204853,54,14.29
206152,205495,54,14.29
206152,206807,54,14.29
206152,206151,54,14.29
205509,204853,54,14.29
205509,204854,54,14.29
205509,204852,54,14.29
205500,204844,54,14.29
205500,204845,54,14.29
205500,204843,54,14.29
205501,204845,54,14.29
205501,204846,54,14.29
205501,204844,54,14.29
205501,205502,54,14.29
207464,206807,54,14.29
207464,208119,54,14.29
207464,207463,54,14.29
215359,214704,54,14.29
215359,216016,54,14.29
215359,215360,54,14.29
210108,209453,54,14.29
216015,215360,54,14.29
216015,216672,54,14.29
216015,216016,54,14.29
209452,208797,54,14.29
209452,209453,54,14.29
205499,204843,54,14.29
205499,204844,54,14.29
205499,204842,54,14.29
214703,214048,54,14.29
214703,215360,54,14.29
214703,214704,54,14.29
205508,204852,54,14.29
205508,204853,54,14.29
205508,204851,54,14.29
206157,205502,54,14.29
208776,208119,54,14.29
208776,209431,54,14.29
208776,208775,54,14.29
208120,207463,54,14.29
208120,208775,54,14.29
208120,208119,54,14.29
205497,204841,54,14.29
205497,204842,54,14.29
205497,204840,54,14.29
205498,204842,54,14.29
205498,204843,54,14.29
205498,204841,54,14.29
205496,204840,54,14.29
205496,204841,54,14.29
205496,204839,54,14.29
205496,206151,54,14.29
205496,205495,54,14.29
219945,220602,54,10.99
216655,216654,54,2.93
213374,213373,54,2.93
213391,212736,55,14.29
213391,213392,55,14.29
214047,213392,55,14.29
218635,219291,55,10.99
219290,219291,55,10.99
218634,219291,55,10.99
206161,205505,55,4.59
206159,205503,55,4.59
206160,205504,55,4.59
206827,206171,55,4.59
206827,206828,55,4.59
206170,205514,55,4.59
206170,206171,55,4.59
206826,206171,55,4.59
220596,221252,55,2.93
215999,215998,55,2.93
215343,215998,55,2.93
211423,210768,56,14.29
211423,212080,56,14.29
211423,211424,56,14.29
210767,210111,56,14.29
210767,210112,56,14.29
210767,211424,56,14.29
210767,210768,56,14.29
210109,209454,56,14.29
212735,212080,56,14.29
212079,211424,56,14.29
212079,212080,56,14.29
218635,219292,56,10.99
219290,219947,56,10.99
212718,212717,56,2.93
220591,221247,56,2.93
212062,212717,56,2.93
215360,214705,57,14.29
215360,216017,57,14.29
215360,215361,57,14.29
204845,204189,57,14.29
204845,204190,57,14.29
204845,204188,57,14.29
214704,214049,57,14.29
214704,215361,57,14.29
214704,214705,57,14.29
204844,204188,57,14.29
204844,204189,57,14.29
204844,204187,57,14.29
214048,213393,57,14.29
214048,214705,57,14.29
214048,214049,57,14.29
205495,204838,57,14.29
205495,206150,57,14.29
205495,205494,57,14.29
204846,204190,57,14.29
204846,204191,57,14.29
204846,204189,57,14.29
204846,204847,57,14.29
216672,216017,57,14.29
216672,217328,57,14.29
216672,217329,57,14.29
216672,217327,57,14.29
216672,216673,57,14.29
204840,204184,57,14.29
204840,204185,57,14.29
204840,204183,57,14.29
216016,215361,57,14.29
216016,216673,57,14.29
216016,216017,57,14.29
204843,204187,57,14.29
204843,204188,57,14.29
204843,204186,57,14.29
204842,204186,57,14.29
204842,204187,57,14.29
204842,204185,57,14.29
208119,207462,57,14.29
208119,208774,57,14.29
208119,208118,57,14.29
206807,206150,57,14.29
206807,207462,57,14.29
206807,206806,57,14.29
205502,204847,57,14.29
206151,205494,57,14.29
206151,206806,57,14.29
206151,206150,57,14.29
204839,204183,57,14.29
204839,204184,57,14.29
204839,204182,57,14.29
204839,205494,57,14.29
204839,204838,57,14.29
207463,206806,57,14.29
207463,208118,57,14.29
207463,207462,57,14.29
204841,204185,57,14.29
204841,204186,57,14.29
204841,204184,57,14.29
220590,221246,57,2.93
220592,221248,57,2.93
214030,214029,57,2.93
210747,211402,57,2.93
217966,217309,57,2.93
205503,204848,58,14.29
213392,212737,58,14.29
212736,212081,58,14.29
212736,212737,58,14.29
208140,208141,58,4.59
205506,204850,58,4.59
205513,204857,58,4.59
207484,207485,58,4.59
205512,204856,58,4.59
206827,206172,58,4.59
206170,205515,58,4.59
214686,214685,58,2.93
221254,221910,58,2.93
220589,221245,58,2.93
220589,220588,58,2.93
210768,210113,59,14.29
210768,211425,59,14.29
210768,210769,59,14.29
211424,210769,59,14.29
211424,211425,59,14.29
212080,211425,59,14.29
221253,221909,59,2.93
221255,221911,59,2.93
221255,221256,59,2.93
217325,217326,59,2.93
219276,219275,59,2.93
210089,210745,59,2.93
220596,221251,59,2.93
204191,203535,60,14.29
204191,203536,60,14.29
204191,203534,60,14.29
204191,204192,60,14.29
204188,203532,60,14.29
204188,203533,60,14.29
204188,203531,60,14.29
204187,203531,60,14.29
204187,203532,60,14.29
204187,203530,60,14.29
214705,214050,60,14.29
214705,215362,60,14.29
214705,214706,60,14.29
206150,205493,60,14.29
206150,206805,60,14.29
206150,206149,60,14.29
204847,204192,60,14.29
216673,216018,60,14.29
216673,217330,60,14.29
216673,216674,60,14.29
213393,212738,60,14.29
213393,214050,60,14.29
213393,213394,60,14.29
204838,204181,60,14.29
204838,205493,60,14.29
204838,204837,60,14.29
204189,203533,60,14.29
204189,203534,60,14.29
204189,203532,60,14.29
204190,203534,60,14.29
204190,203535,60,14.29
204190,203533,60,14.29
204184,203528,60,14.29
204184,203529,60,14.29
204184,203527,60,14.29
205494,204837,60,14.29
205494,206149,60,14.29
205494,205493,60,14.29
214049,213394,60,14.29
214049,214706,60,14.29
214049,214050,60,14.29
204182,203526,60,14.29
204182,203527,60,14.29
204182,203525,60,14.29
204182,204837,60,14.29
204182,204181,60,14.29
204183,203527,60,14.29
204183,203528,60,14.29
204183,203526,60,14.29
215361,214706,60,14.29
215361,216018,60,14.29
215361,215362,60,14.29
206806,206149,60,14.29
206806,207461,60,14.29
206806,206805,60,14.29
204186,203530,60,14.29
204186,203531,60,14.29
204186,203529,60,14.29
204185,203529,60,14.29
204185,203530,60,14.29
204185,203528,60,14.29
207462,206805,60,14.29
207462,208117,60,14.29
207462,207461,60,14.29
216017,215362,60,14.29
216017,216674,60,14.29
216017,216018,60,14.29
217329,216674,60,14.29
217329,217985,60,14.29
217329,217986,60,14.29
217329,217984,60,14.29
217329,217330,60,14.29
219932,219931,60,2.93
218620,217964,60,2.93
218620,218619,60,2.93
217981,217982,60,2.93
212737,212082,61,14.29
212081,211426,61,14.29
212081,212082,61,14.29
204848,204193,61,14.29
204848,204849,61,14.29
204851,204195,61,4.59
208797,208798,61,4.59
204852,204196,61,4.59
204854,204198,61,4.59
204855,204199,61,4.59
204853,204197,61,4.59
205506,204849,61,4.59
205513,204858,61,4.59
207484,206829,61,4.59
220594,221250,61,2.93
220592,221249,61,2.93
210113,209457,62,14.29
210113,209458,62,14.29
210113,209456,62,14.29
210113,210770,62,14.29
210113,210114,62,14.29
210769,210114,62,14.29
210769,210770,62,14.29
211425,210770,62,14.29
210088,210744,62,2.93
210088,210087,62,2.93
215342,215341,62,2.93
220601,221257,62,2.93
212060,212716,62,2.93
212060,212059,62,2.93
214686,215341,62,2.93
220589,221244,62,2.93
212061,212716,62,2.93
211404,212059,62,2.93
204837,204180,63,14.29
204837,205492,63,14.29
204837,204836,63,14.29
204192,203537,63,14.29
203525,202869,63,14.29
203525,202870,63,14.29
203525,202868,63,14.29
203525,204180,63,14.29
203525,203524,63,14.29
203527,202871,63,14.29
203527,202872,63,14.29
203527,202870,63,14.29
214706,214051,63,14.29
214706,215363,63,14.29
214706,214707,63,14.29
203531,202875,63,14.29
203531,202876,63,14.29
203531,202874,63,14.29
217986,217331,63,14.29
217986,218642,63,14.29
217986,218643,63,14.29
217986,218641,63,14.29
217986,217987,63,14.29
216674,216019,63,14.29
216674,217331,63,14.29
216674,216675,63,14.29
203530,202874,63,14.29
203530,202875,63,14.29
203530,202873,63,14.29
203528,202872,63,14.29
203528,202873,63,14.29
203528,202871,63,14.29
206805,206148,63,14.29
206805,207460,63,14.29
206805,206804,63,14.29
203529,202873,63,14.29
203529,202874,63,14.29
203529,202872,63,14.29
213394,212739,63,14.29
213394,214051,63,14.29
213394,213395,63,14.29
205493,204836,63,14.29
205493,206148,63,14.29
205493,205492,63,14.29
214050,213395,63,14.29
214050,214707,63,14.29
214050,214051,63,14.29
215362,214707,63,14.29
215362,216019,63,14.29
215362,215363,63,14.29
216018,215363,63,14.29
216018,216675,63,14.29
216018,216019,63,14.29
217330,216675,63,14.29
217330,217987,63,14.29
217330,217331,63,14.29
203526,202870,63,14.29
203526,202871,63,14.29
203526,202869,63,14.29
206149,205492,63,14.29
206149,206804,63,14.29
206149,206148,63,14.29
203535,202879,63,14.29
203535,202880,63,14.29
203535,202878,63,14.29
204181,203524,63,14.29
204181,204836,63,14.29
204181,204180,63,14.29
203532,202876,63,14.29
203532,202877,63,14.29
203532,202875,63,14.29
203536,202880,63,14.29
203536,202881,63,14.29
203536,202879,63,14.29
203536,203537,63,14.29
212738,212083,63,14.29
212738,213395,63,14.29
212738,212739,63,14.29
203534,202878,63,14.29
203534,202879,63,14.29
203534,202877,63,14.29
203533,202877,63,14.29
203533,202878,63,14.29
203533,202876,63,14.29
210111,209455,63,4.59
209454,209455,63,4.59
210110,209455,63,4.59
218637,219293,63,2.93
218637,218638,63,2.93
221253,221908,63,2.93
221255,221912,63,2.93
211426,210771,64,14.29
211426,211427,64,14.29
212082,211427,64,14.29
204851,204194,64,4.59
208797,208142,64,4.59
204855,204200,64,4.59
219932,220587,64,2.93
218620,217963,64,2.93
209458,208802,65,14.29
209458,208803,65,14.29
209458,208801,65,14.29
209458,210115,65,14.29
209458,209459,65,14.29
210114,209459,65,14.29
210114,210115,65,14.29
210770,210115,65,14.29
207485,207486,65,4.59
204857,204201,65,4.59
206828,206173,65,4.59
205514,204859,65,4.59
206171,205516,65,4.59
216654,216653,65,2.93
213373,213372,65,2.93
220602,221258,65,2.93
220602,220603,65,2.93
209431,209430,65,2.93
205515,204859,65,4.59
205515,205516,65,4.59
206172,205516,65,4.59
206172,206173,65,4.59
215363,214708,66,14.29
215363,216020,66,14.29
215363,215364,66,14.29
202876,202220,66,14.29
202876,202221,66,14.29
202876,202219,66,14.29
217331,216676,66,14.29
217331,217988,66,14.29
217331,217332,66,14.29
204836,204179,66,14.29
204836,205491,66,14.29
204836,204835,66,14.29
202872,202216,66,14.29
202872,202217,66,14.29
202872,202215,66,14.29
202873,202217,66,14.29
202873,202218,66,14.29
202873,202216,66,14.29
206148,205491,66,14.29
206148,206803,66,14.29
206148,206147,66,14.29
202871,202215,66,14.29
202871,202216,66,14.29
202871,202214,66,14.29
202874,202218,66,14.29
202874,202219,66,14.29
202874,202217,66,14.29
202881,202225,66,14.29
202881,202226,66,14.29
202881,202224,66,14.29
202881,203538,66,14.29
202881,202882,66,14.29
202877,202221,66,14.29
202877,202222,66,14.29
202877,202220,66,14.29
204180,203523,66,14.29
204180,204835,66,14.29
204180,204179,66,14.29
214707,214052,66,14.29
214707,215364,66,14.29
214707,214708,66,14.29
202878,202222,66,14.29
202878,202223,66,14.29
202878,202221,66,14.29
202880,202224,66,14.29
202880,202225,66,14.29
202880,202223,66,14.29
212083,211428,66,14.29
212083,212740,66,14.29
212083,212084,66,14.29
202879,202223,66,14.29
202879,202224,66,14.29
202879,202222,66,14.29
205492,204835,66,14.29
205492,206147,66,14.29
205492,205491,66,14.29
216019,215364,66,14.29
216019,216676,66,14.29
216019,216020,66,14.29
214051,213396,66,14.29
214051,214708,66,14.29
214051,214052,66,14.29
202875,202219,66,14.29
202875,202220,66,14.29
202875,202218,66,14.29
203524,202867,66,14.29
203524,204179,66,14.29
203524,203523,66,14.29
212739,212084,66,14.29
212739,213396,66,14.29
212739,212740,66,14.29
213395,212740,66,14.29
213395,214052,66,14.29
213395,213396,66,14.29
203537,202882,66,14.29
203537,203538,66,14.29
216675,216020,66,14.29
216675,217332,66,14.29
216675,216676,66,14.29
209454,208799,66,4.59
215998,215997,66,2.93
210088,210743,66,2.93
215342,215997,66,2.93
212060,212715,66,2.93
210771,210116,67,14.29
210771,210772,67,14.29
211427,210772,67,14.29
219292,219948,67,2.93
219947,219948,67,2.93
221247,221903,67,2.93
218637,219294,67,2.93
209459,208804,68,14.29
209459,209460,68,14.29
210115,209460,68,14.29
204196,203540,68,4.59
204197,203541,68,4.59
204198,203542,68,4.59
204199,203543,68,4.59
204195,203539,68,4.59
204858,204202,68,4.59
207485,206830,68,4.59
204857,204202,68,4.59
206829,206830,68,4.59
221246,221902,68,2.93
217309,217308,68,2.93
211402,212058,68,2.93
211402,211401,68,2.93
214029,214028,68,2.93
217327,217983,68,2.93
221248,221904,68,2.93
208774,208773,68,2.93
217965,217308,68,2.93
210746,211401,68,2.93
211403,212058,68,2.93
205515,204860,68,4.59
206172,205517,68,4.59
202882,202227,69,14.29
202882,202883,69,14.29
211428,210773,69,14.29
211428,212085,69,14.29
211428,211429,69,14.29
202224,201568,69,14.29
202224,201569,69,14.29
202224,201567,69,14.29
203523,202866,69,14.29
203523,204178,69,14.29
203523,203522,69,14.29
202225,201569,69,14.29
202225,201570,69,14.29
202225,201568,69,14.29
202222,201566,69,14.29
202222,201567,69,14.29
202222,201565,69,14.29
214708,214053,69,14.29
214708,215365,69,14.29
214708,214709,69,14.29
213396,212741,69,14.29
213396,214053,69,14.29
213396,213397,69,14.29
204179,203522,69,14.29
204179,204834,69,14.29
204179,204178,69,14.29
212084,211429,69,14.29
212084,212741,69,14.29
212084,212085,69,14.29
212740,212085,69,14.29
212740,213397,69,14.29
212740,212741,69,14.29
202223,201567,69,14.29
202223,201568,69,14.29
202223,201566,69,14.29
202226,201570,69,14.29
202226,201571,69,14.29
202226,201569,69,14.29
202226,202883,69,14.29
202226,202227,69,14.29
204835,204178,69,14.29
204835,205490,69,14.29
204835,204834,69,14.29
214052,213397,69,14.29
214052,214709,69,14.29
214052,214053,69,14.29
202220,201564,69,14.29
202220,201565,69,14.29
202220,201563,69,14.29
215364,214709,69,14.29
215364,216021,69,14.29
215364,215365,69,14.29
216020,215365,69,14.29
216020,216677,69,14.29
216020,216021,69,14.29
202221,201565,69,14.29
202221,201566,69,14.29
202221,201564,69,14.29
216676,216021,69,14.29
216676,217333,69,14.29
216676,216677,69,14.29
209456,208800,69,4.59
214685,214684,69,2.93
221910,222566,69,2.93
221245,221901,69,2.93
220602,221259,69,2.93
209431,210086,69,2.93
218643,219299,70,4.59
218643,218644,70,4.59
202868,202212,70,4.59
202869,202213,70,4.59
221251,221907,70,2.93
219275,219274,70,2.93
221909,222565,70,2.93
221911,222567,70,2.93
221252,221907,70,2.93
208804,208148,71,14.29
208804,208149,71,14.29
208804,208147,71,14.29
208804,209461,71,14.29
208804,208805,71,14.29
209460,208805,71,14.29
209460,210117,71,14.29
209460,209461,71,14.29
208142,208143,71,4.59
204200,203544,71,4.59
208798,208143,71,4.59
204199,203544,71,4.59
217984,218640,71,2.93
218619,218618,71,2.93
208117,208116,71,2.93
204858,204203,71,4.59
206829,206174,71,4.59
219292,219949,71,2.93
219947,220604,71,2.93
219931,219930,71,2.93
201569,200913,72,14.29
201569,200914,72,14.29
201569,200912,72,14.29
202883,202228,72,14.29
202883,202884,72,14.29
212741,212086,72,14.29
212741,213398,72,14.29
212741,212742,72,14.29
214053,213398,72,14.29
214053,214710,72,14.29
214053,214054,72,14.29
202227,201572,72,14.29
202227,202884,72,14.29
202227,202228,72,14.29
203522,202865,72,14.29
203522,204177,72,14.29
203522,203521,72,14.29
216021,215366,72,14.29
216021,216678,72,14.29
216021,216022,72,14.29
201566,200910,72,14.29
201566,200911,72,14.29
201566,200909,72,14.29
213397,212742,72,14.29
213397,214054,72,14.29
213397,213398,72,14.29
201565,200909,72,14.29
201565,200910,72,14.29
201565,200908,72,14.29
201571,200915,72,14.29
201571,200916,72,14.29
201571,200914,72,14.29
201571,202228,72,14.29
201571,201572,72,14.29
217333,216678,72,14.29
217333,217989,72,14.29
217333,217990,72,14.29
217333,217334,72,14.29
201570,200914,72,14.29
201570,200915,72,14.29
201570,200913,72,14.29
215365,214710,72,14.29
215365,216022,72,14.29
215365,215366,72,14.29
201568,200912,72,14.29
201568,200913,72,14.29
201568,200911,72,14.29
214709,214054,72,14.29
214709,215366,72,14.29
214709,214710,72,14.29
216677,216022,72,14.29
216677,217334,72,14.29
216677,216678,72,14.29
204178,203521,72,14.29
204178,204833,72,14.29
204178,204177,72,14.29
212085,211430,72,14.29
212085,212742,72,14.29
212085,212086,72,14.29
201567,200911,72,14.29
201567,200912,72,14.29
201567,200910,72,14.29
204201,203545,72,4.59
208802,208146,72,4.59
207486,207487,72,4.59
208801,208145,72,4.59
221249,221905,72,2.93
221250,221906,72,2.93
217309,216652,72,2.93
211402,212057,72,2.93
221248,221905,72,2.93
208774,209429,72,2.93
202216,201560,73,4.59
202215,201559,73,4.59
202867,202211,73,4.59
202218,201562,73,4.59
202217,201561,73,4.59
202214,201558,73,4.59
218643,219300,73,4.59
218643,219298,73,4.59
202868,202211,73,4.59
210744,211400,73,2.93
215341,215340,73,2.93
221257,221913,73,2.93
221244,221900,73,2.93
221244,221243,73,2.93
214685,215340,73,2.93
221245,221900,73,2.93
220588,221243,73,2.93
208805,208150,74,14.29
208805,209462,74,14.29
208805,208806,74,14.29
209461,208806,74,14.29
209461,210118,74,14.29
209461,209462,74,14.29
221912,222568,74,2.93
218638,218639,74,2.93
207460,207459,74,2.93
221908,222564,74,2.93
218641,219297,74,2.93
221909,222564,74,2.93
221911,222568,74,2.93
200913,200257,75,14.29
200913,200258,75,14.29
200913,200256,75,14.29
216678,216023,75,14.29
216678,217335,75,14.29
216678,216679,75,14.29
200911,200255,75,14.29
200911,200256,75,14.29
200911,200254,75,14.29
215366,214711,75,14.29
215366,216023,75,14.29
215366,215367,75,14.29
200914,200258,75,14.29
200914,200259,75,14.29
200914,200257,75,14.29
200915,200259,75,14.29
200915,200260,75,14.29
200915,200258,75,14.29
202228,201573,75,14.29
202228,202885,75,14.29
202228,202229,75,14.29
200916,200260,75,14.29
200916,200261,75,14.29
200916,200259,75,14.29
200916,201573,75,14.29
200916,200917,75,14.29
212086,211431,75,14.29
212086,212743,75,14.29
212086,212087,75,14.29
214054,213399,75,14.29
214054,214711,75,14.29
214054,214055,75,14.29
213398,212743,75,14.29
213398,214055,75,14.29
213398,213399,75,14.29
201572,200917,75,14.29
201572,202229,75,14.29
201572,201573,75,14.29
200910,200254,75,14.29
200910,200255,75,14.29
200910,200253,75,14.29
212742,212087,75,14.29
212742,213399,75,14.29
212742,212743,75,14.29
214710,214055,75,14.29
214710,215367,75,14.29
214710,214711,75,14.29
216022,215367,75,14.29
216022,216679,75,14.29
216022,216023,75,14.29
217334,216679,75,14.29
217334,217991,75,14.29
217334,217335,75,14.29
202884,202229,75,14.29
202884,202885,75,14.29
200912,200256,75,14.29
200912,200257,75,14.29
200912,200255,75,14.29
204860,204204,75,4.59
204860,204861,75,4.59
203541,202885,75,4.59
205517,204861,75,4.59
205517,205518,75,4.59
203543,202887,75,4.59
203542,202886,75,4.59
204859,204204,75,4.59
204201,203546,75,4.59
206173,205518,75,4.59
207486,206831,75,4.59
205516,204861,75,4.59
208801,208144,75,4.59
220587,220586,75,2.93
217963,217307,75,2.93
217963,217962,75,2.93
217964,217307,75,2.93
204202,203546,75,4.59
218619,217962,75,2.93
208117,208772,75,2.93
206830,206831,75,4.59
219931,220586,75,2.93
210773,210774,76,4.59
201563,200907,76,4.59
202866,202210,76,4.59
202867,202210,76,4.59
202214,201557,76,4.59
217988,218645,76,4.59
221258,221914,76,2.93
213372,213371,76,2.93
209462,208807,77,14.29
209462,210119,77,14.29
209462,209463,77,14.29
219299,219955,77,4.59
202212,201556,77,4.59
215997,215996,77,2.93
212715,212714,77,2.93
210743,211399,77,2.93
210743,210742,77,2.93
206803,206802,77,2.93
206147,206146,77,2.93
210087,210742,77,2.93
210744,211399,77,2.93
215341,215996,77,2.93
221244,221899,77,2.93
212059,212714,77,2.93
200259,199603,78,14.29
200259,199604,78,14.29
200259,199602,78,14.29
200917,200262,78,14.29
200917,201574,78,14.29
200917,200918,78,14.29
201573,200918,78,14.29
201573,202230,78,14.29
201573,201574,78,14.29
214711,214056,78,14.29
214711,215368,78,14.29
214711,214712,78,14.29
200256,199600,78,14.29
200256,199601,78,14.29
200256,199599,78,14.29
213399,212744,78,14.29
213399,214056,78,14.29
213399,213400,78,14.29
200255,199599,78,14.29
200255,199600,78,14.29
200255,199598,78,14.29
212087,211432,78,14.29
212087,212744,78,14.29
212087,212088,78,14.29
200261,199605,78,14.29
200261,199606,78,14.29
200261,199604,78,14.29
200261,200918,78,14.29
200261,200262,78,14.29
216679,216024,78,14.29
216679,217336,78,14.29
216679,216680,78,14.29
217335,216680,78,14.29
217335,217992,78,14.29
217335,217336,78,14.29
200257,199601,78,14.29
200257,199602,78,14.29
200257,199600,78,14.29
200260,199604,78,14.29
200260,199605,78,14.29
200260,199603,78,14.29
214055,213400,78,14.29
214055,214712,78,14.29
214055,214056,78,14.29
212743,212088,78,14.29
212743,213400,78,14.29
212743,212744,78,14.29
202229,201574,78,14.29
202229,202230,78,14.29
200254,199598,78,14.29
200254,199599,78,14.29
200254,199597,78,14.29
216023,215368,78,14.29
216023,216680,78,14.29
216023,216024,78,14.29
215367,214712,78,14.29
215367,216024,78,14.29
215367,215368,78,14.29
200258,199602,78,14.29
200258,199603,78,14.29
200258,199601,78,14.29
208147,207491,78,4.59
204203,203547,78,4.59
203544,202888,78,4.59
206174,206175,78,4.59
208148,207492,78,4.59
208149,207493,78,4.59
204860,204205,78,4.59
205517,204862,78,4.59
203543,202888,78,4.59
219294,219950,78,2.93
219294,219295,78,2.93
221903,222559,78,2.93
221912,222569,78,2.93
218638,219295,78,2.93
207460,208115,78,2.93
221908,222563,78,2.93
219293,219950,78,2.93
218641,219296,78,2.93
204202,203547,78,4.59
206830,206175,78,4.59
217990,218646,79,4.59
208145,207489,79,4.59
208146,207490,79,4.59
203545,202889,79,4.59
200908,200252,79,4.59
202865,202209,79,4.59
202865,202864,79,4.59
201563,200906,79,4.59
202866,202209,79,4.59
207487,207488,79,4.59
221904,222560,79,2.93
214028,214027,79,2.93
220587,221242,79,2.93
217963,217306,79,2.93
221902,222558,79,2.93
201558,200902,80,4.59
201559,200903,80,4.59
201560,200904,80,4.59
219300,219956,80,4.59
219300,219301,80,4.59
202211,201555,80,4.59
201561,200905,80,4.59
219299,219956,80,4.59
219299,219954,80,4.59
218644,219301,80,4.59
202212,201555,80,4.59
210086,210085,80,2.93
214684,214683,80,2.93
222566,223222,80,2.93
221901,222557,80,2.93
221259,221915,80,2.93
221259,221260,80,2.93
205490,205489,80,2.93
221258,221915,80,2.93
209430,210085,80,2.93
220603,221260,80,2.93
200262,199607,81,14.29
200262,200919,81,14.29
200262,200263,81,14.29
215368,214713,81,14.29
215368,216025,81,14.29
215368,215369,81,14.29
199605,198949,81,14.29
199605,198950,81,14.29
199605,198948,81,14.29
212088,211433,81,14.29
212088,212745,81,14.29
212088,212089,81,14.29
199598,198942,81,14.29
199598,198943,81,14.29
199598,198941,81,14.29
216024,215369,81,14.29
216024,216681,81,14.29
216024,216025,81,14.29
199604,198948,81,14.29
199604,198949,81,14.29
199604,198947,81,14.29
213400,212745,81,14.29
213400,214057,81,14.29
213400,213401,81,14.29
199603,198947,81,14.29
199603,198948,81,14.29
199603,198946,81,14.29
199606,198950,81,14.29
199606,198951,81,14.29
199606,198949,81,14.29
199606,200263,81,14.29
199606,199607,81,14.29
216680,216025,81,14.29
216680,217337,81,14.29
216680,216681,81,14.29
199599,198943,81,14.29
199599,198944,81,14.29
199599,198942,81,14.29
199602,198946,81,14.29
199602,198947,81,14.29
199602,198945,81,14.29
199600,198944,81,14.29
199600,198945,81,14.29
199600,198943,81,14.29
211432,210776,81,14.29
211432,210777,81,14.29
211432,210775,81,14.29
211432,212089,81,14.29
211432,211433,81,14.29
212744,212089,81,14.29
212744,213401,81,14.29
212744,212745,81,14.29
199601,198945,81,14.29
199601,198946,81,14.29
199601,198944,81,14.29
214056,213401,81,14.29
214056,214713,81,14.29
214056,214057,81,14.29
214712,214057,81,14.29
214712,215369,81,14.29
214712,214713,81,14.29
204203,203548,81,4.59
206174,205519,81,4.59
219274,219273,81,2.93
222565,223221,81,2.93
208150,207494,81,4.59
208150,208151,81,4.59
222567,223223,81,2.93
208149,207494,81,4.59
212715,213370,81,2.93
210743,211398,81,2.93
206803,207458,81,2.93
202887,202231,82,4.59
217991,218647,82,4.59
206831,206832,82,4.59
217990,218647,82,4.59
203545,202890,82,4.59
200908,200251,82,4.59
202865,202208,82,4.59
202865,203520,82,4.59
219930,219929,82,2.93
220604,220605,82,2.93
219949,220605,82,2.93
207487,206832,82,4.59
219948,220605,82,2.93
219294,219951,82,2.93
218618,218617,82,2.93
203546,202890,82,4.59
202210,201554,83,4.59
201557,200901,83,4.59
201558,200901,83,4.59
219300,219957,83,4.59
202211,201554,83,4.59
212057,212713,83,2.93
212057,212056,83,2.93
204833,204832,83,2.93
216652,216651,83,2.93
221905,222561,83,2.93
209429,209428,83,2.93
221906,222562,83,2.93
204177,204176,83,2.93
208773,209428,83,2.93
212058,212713,83,2.93
217308,216651,83,2.93
221904,222561,83,2.93
211401,212056,83,2.93
198947,198291,84,14.29
198947,198292,84,14.29
198947,198290,84,14.29
211433,210778,84,14.29
211433,212090,84,14.29
211433,211434,84,14.29
198943,198287,84,14.29
198943,198288,84,14.29
198943,198286,84,14.29
212745,212090,84,14.29
212745,213402,84,14.29
212745,212746,84,14.29
212089,211434,84,14.29
212089,212746,84,14.29
212089,212090,84,14.29
213401,212746,84,14.29
213401,214058,84,14.29
213401,213402,84,14.29
198946,198290,84,14.29
198946,198291,84,14.29
198946,198289,84,14.29
198945,198289,84,14.29
198945,198290,84,14.29
198945,198288,84,14.29
198942,198286,84,14.29
198942,198287,84,14.29
198942,198285,84,14.29
198941,198285,84,14.29
198941,198286,84,14.29
198941,198284,84,14.29
198941,199596,84,14.29
198941,198940,84,14.29
216681,216026,84,14.29
216681,217338,84,14.29
216681,216682,84,14.29
214057,213402,84,14.29
214057,214714,84,14.29
214057,214058,84,14.29
198948,198292,84,14.29
198948,198293,84,14.29
198948,198291,84,14.29
214713,214058,84,14.29
214713,215370,84,14.29
214713,214714,84,14.29
216025,215370,84,14.29
216025,216682,84,14.29
216025,216026,84,14.29
198944,198288,84,14.29
198944,198289,84,14.29
198944,198287,84,14.29
215369,214714,84,14.29
215369,216026,84,14.29
215369,215370,84,14.29
198949,198293,84,14.29
198949,198294,84,14.29
198949,198292,84,14.29
198950,198294,84,14.29
198950,198295,84,14.29
198950,198293,84,14.29
209463,209464,84,4.59
210119,210120,84,4.59
208807,208808,84,4.59
215340,215339,84,2.93
201556,200900,84,4.59
221900,222556,84,2.93
208150,207495,84,4.59
210086,210741,84,2.93
214684,215339,84,2.93
221901,222556,84,2.93
221259,221916,84,2.93
205490,206145,84,2.93
206175,206176,85,4.59
204862,204206,85,4.59
204862,204863,85,4.59
207492,206836,85,4.59
203547,202891,85,4.59
204205,203549,85,4.59
204205,204206,85,4.59
217992,218648,85,4.59
217992,217993,85,4.59
202888,202232,85,4.59
201574,201575,85,4.59
207493,206837,85,4.59
204861,204206,85,4.59
205518,204863,85,4.59
202887,202232,85,4.59
217991,218648,85,4.59
204204,203549,85,4.59
206831,206176,85,4.59
219297,219953,85,2.93
222568,223224,85,2.93
222564,223220,85,2.93
222565,223220,85,2.93
222567,223224,85,2.93
203546,202891,85,4.59
207491,206835,85,4.59
200906,200250,86,4.59
202209,201553,86,4.59
202889,202233,86,4.59
218646,219302,86,4.59
218645,219302,86,4.59
202210,201553,86,4.59
200907,200250,86,4.59
220586,220585,86,2.93
208772,208771,86,2.93
217962,217961,86,2.93
207489,206833,86,4.59
208116,208771,86,2.93
219930,220585,86,2.93
220604,221261,86,2.93
219949,220606,86,2.93
207490,206834,86,4.59
218618,217961,86,2.93
198290,197634,87,14.29
198290,197635,87,14.29
198290,197633,87,14.29
215370,214715,87,14.29
215370,216027,87,14.29
215370,215371,87,14.29
198289,197633,87,14.29
198289,197634,87,14.29
198289,197632,87,14.29
198287,197631,87,14.29
198287,197632,87,14.29
198287,197630,87,14.29
212746,212091,87,14.29
212746,213403,87,14.29
212746,212747,87,14.29
198291,197635,87,14.29
198291,197636,87,14.29
198291,197634,87,14.29
198284,197628,87,14.29
198284,197629,87,14.29
198284,197627,87,14.29
198284,198939,87,14.29
198284,198283,87,14.29
212090,211435,87,14.29
212090,212747,87,14.29
212090,212091,87,14.29
198292,197636,87,14.29
198292,197637,87,14.29
198292,197635,87,14.29
214714,214059,87,14.29
214714,215371,87,14.29
214714,214715,87,14.29
213402,212747,87,14.29
213402,214059,87,14.29
213402,213403,87,14.29
198294,197638,87,14.29
198294,197639,87,14.29
198294,197637,87,14.29
216026,215371,87,14.29
216026,216683,87,14.29
216026,216027,87,14.29
198285,197629,87,14.29
198285,197630,87,14.29
198285,197628,87,14.29
198286,197630,87,14.29
198286,197631,87,14.29
198286,197629,87,14.29
216682,216027,87,14.29
216682,217339,87,14.29
216682,216683,87,14.29
214058,213403,87,14.29
214058,214715,87,14.29
214058,214059,87,14.29
198293,197637,87,14.29
198293,197638,87,14.29
198293,197636,87,14.29
198288,197632,87,14.29
198288,197633,87,14.29
198288,197631,87,14.29
200903,200247,87,4.59
200904,200248,87,4.59
200905,200249,87,4.59
200902,200246,87,4.59
208807,208152,87,4.59
221914,222570,87,2.93
201556,200899,87,4.59
212057,212712,87,2.93
204833,205488,87,2.93
216652,215995,87,2.93
209429,210084,87,2.93
201555,200899,87,4.59
219956,220612,87,4.59
207494,206838,88,4.59
205519,205520,88,4.59
203548,202892,88,4.59
210777,210121,88,4.59
198951,198952,88,4.59
200263,200264,88,4.59
199607,199608,88,4.59
200919,200920,88,4.59
206175,205520,88,4.59
204862,204207,88,4.59
203547,202892,88,4.59
204205,203550,88,4.59
217992,218649,88,4.59
207493,206838,88,4.59
221899,222555,88,2.93
221899,221898,88,2.93
206802,206801,88,2.93
211399,212055,88,2.93
211400,212055,88,2.93
221900,222555,88,2.93
219955,220611,88,2.93
221243,221898,88,2.93
202208,201552,89,4.59
202208,202207,89,4.59
200251,199595,89,4.59
218647,219303,89,4.59
200252,199595,89,4.59
202209,201552,89,4.59
202889,202234,89,4.59
218646,219303,89,4.59
219296,219952,89,2.93
208115,208114,89,2.93
222569,223225,89,2.93
222559,223215,89,2.93
202890,202234,89,4.59
207459,208114,89,2.93
219297,219952,89,2.93
222568,223225,89,2.93
222563,223219,89,2.93
222564,223219,89,2.93
197632,196976,90,14.29
197632,196977,90,14.29
197632,196975,90,14.29
197629,196973,90,14.29
197629,196974,90,14.29
197629,196972,90,14.29
197631,196975,90,14.29
197631,196976,90,14.29
197631,196974,90,14.29
197635,196979,90,14.29
197635,196980,90,14.29
197635,196978,90,14.29
197630,196974,90,14.29
197630,196975,90,14.29
197630,196973,90,14.29
216683,216028,90,14.29
216683,217340,90,14.29
216683,216684,90,14.29
197634,196978,90,14.29
197634,196979,90,14.29
197634,196977,90,14.29
216027,215372,90,14.29
216027,216684,90,14.29
216027,216028,90,14.29
198283,197626,90,14.29
198283,198938,90,14.29
198283,198282,90,14.29
214715,214060,90,14.29
214715,215372,90,14.29
214715,214716,90,14.29
214059,213404,90,14.29
214059,214716,90,14.29
214059,214060,90,14.29
215371,214716,90,14.29
215371,216028,90,14.29
215371,215372,90,14.29
197627,196971,90,14.29
197627,196972,90,14.29
197627,196970,90,14.29
197627,198282,90,14.29
197627,197626,90,14.29
213403,212748,90,14.29
213403,214060,90,14.29
213403,213404,90,14.29
197637,196981,90,14.29
197637,196982,90,14.29
197637,196980,90,14.29
197638,196982,90,14.29
197638,196983,90,14.29
197638,196981,90,14.29
212747,212092,90,14.29
212747,213404,90,14.29
212747,212748,90,14.29
197636,196980,90,14.29
197636,196981,90,14.29
197636,196979,90,14.29
197628,196972,90,14.29
197628,196973,90,14.29
197628,196971,90,14.29
197633,196977,90,14.29
197633,196978,90,14.29
197633,196976,90,14.29
197639,196983,90,14.29
197639,196984,90,14.29
197639,196982,90,14.29
197639,198296,90,14.29
197639,197640,90,14.29
219957,220613,90,4.59
219957,219958,90,4.59
214027,214026,90,2.93
221242,221241,90,2.93
222558,223214,90,2.93
217306,216650,90,2.93
217306,217305,90,2.93
202864,202863,90,2.93
200902,200245,90,4.59
200901,200245,90,4.59
219301,219958,90,4.59
220586,221241,90,2.93
208772,209427,90,2.93
217307,216650,90,2.93
201554,200898,90,4.59
217962,217305,90,2.93
222560,223216,90,2.93
201555,200898,90,4.59
219956,220613,90,4.59
207495,206839,91,4.59
207495,207496,91,4.59
208808,208809,91,4.59
209464,209465,91,4.59
217338,217994,91,4.59
200900,200244,91,4.59
210778,210122,91,4.59
210778,210779,91,4.59
207494,206839,91,4.59
205519,204864,91,4.59
203548,202893,91,4.59
210777,210122,91,4.59
217337,217994,91,4.59
200919,201576,91,4.59
223222,223878,91,2.93
221915,222571,91,2.93
214683,214682,91,2.93
222557,223213,91,2.93
221914,222571,91,2.93
219954,220610,91,2.93
208151,207496,91,4.59
202891,202235,92,4.59
206835,206179,92,4.59
206836,206180,92,4.59
206837,206181,92,4.59
206176,206177,92,4.59
202208,201551,92,4.59
206832,206177,92,4.59
200251,199594,92,4.59
207458,207457,92,2.93
219273,219272,92,2.93
213370,213369,92,2.93
223221,223877,92,2.93
211398,212054,92,2.93
211398,211397,92,2.93
218647,219304,92,4.59
218648,219304,92,4.59
221899,222554,92,2.93
206802,207457,92,2.93
210742,211397,92,2.93
211399,212054,92,2.93
212714,213369,92,2.93
202890,202235,92,4.59
223223,223879,92,2.93
212748,212093,93,14.29
212748,213405,93,14.29
212748,212749,93,14.29
196977,196321,93,14.29
196977,196322,93,14.29
196977,196320,93,14.29
197626,196969,93,14.29
197626,198281,93,14.29
197626,197625,93,14.29
196984,196328,93,14.29
196984,196329,93,14.29
196984,196327,93,14.29
196984,197641,93,14.29
196984,196985,93,14.29
213404,212749,93,14.29
213404,214061,93,14.29
213404,213405,93,14.29
216028,215373,93,14.29
216028,216685,93,14.29
216028,216029,93,14.29
196972,196316,93,14.29
196972,196317,93,14.29
196972,196315,93,14.29
214716,214061,93,14.29
214716,215373,93,14.29
214716,214717,93,14.29
196976,196320,93,14.29
196976,196321,93,14.29
196976,196319,93,14.29
196970,196314,93,10.99
196970,196969,93,10.99
196975,196319,93,14.29
196975,196320,93,14.29
196975,196318,93,14.29
196983,196327,93,14.29
196983,196328,93,14.29
196983,196326,93,14.29
214060,213405,93,14.29
214060,214717,93,14.29
214060,214061,93,14.29
196979,196323,93,14.29
196979,196324,93,14.29
196979,196322,93,14.29
197640,196985,93,14.29
197640,198297,93,14.29
197640,197641,93,14.29
217340,216685,93,14.29
217340,217996,93,14.29
217340,217997,93,14.29
217340,217995,93,14.29
217340,217341,93,14.29
196978,196322,93,14.29
196978,196323,93,14.29
196978,196321,93,14.29
216684,216029,93,14.29
216684,217341,93,14.29
216684,216685,93,14.29
196974,196318,93,14.29
196974,196319,93,14.29
196974,196317,93,14.29
196973,196317,93,14.29
196973,196318,93,14.29
196973,196316,93,14.29
196980,196324,93,14.29
196980,196325,93,14.29
196980,196323,93,14.29
196971,196315,93,14.29
196971,196316,93,14.29
196971,196314,93,14.29
215372,214717,93,14.29
215372,216029,93,14.29
215372,215373,93,14.29
206834,206178,93,4.59
202233,201577,93,4.59
219957,220614,93,4.59
198296,197641,93,14.29
198296,198953,93,14.29
198296,198297,93,14.29
219951,220607,93,2.93
203520,203519,93,2.93
219929,219928,93,2.93
218617,218616,93,2.93
196981,196325,93,14.29
196981,196326,93,14.29
196981,196324,93,14.29
219950,220607,93,2.93
208115,208770,93,2.93
222569,223226,93,2.93
196982,196326,93,14.29
196982,196327,93,14.29
196982,196325,93,14.29
201553,200897,93,4.59
201554,200897,93,4.59
222563,223218,93,2.93
196970,196313,94,10.99
211435,211436,94,4.59
200246,199590,94,4.59
200247,199591,94,4.59
200899,200243,94,4.59
200249,199593,94,4.59
207495,206840,94,4.59
208808,208153,94,4.59
200900,200243,94,4.59
210778,210123,94,4.59
204176,204175,94,2.93
204832,204831,94,2.93
222561,223217,94,2.93
221242,221897,94,2.93
217306,216649,94,2.93
208152,208153,94,4.59
200248,199592,94,4.59
222560,223217,94,2.93
205520,205521,95,4.59
203550,202894,95,4.59
203550,203551,95,4.59
206838,206182,95,4.59
200920,200921,95,4.59
202892,202236,95,4.59
200264,200265,95,4.59
199608,199609,95,4.59
218649,219305,95,4.59
218649,218650,95,4.59
204207,203551,95,4.59
204207,204208,95,4.59
202891,202236,95,4.59
204863,204208,95,4.59
204206,203551,95,4.59
217993,218650,95,4.59
203549,202894,95,4.59
206837,206182,95,4.59
206176,205521,95,4.59
221916,222572,95,2.93
221916,221917,95,2.93
210741,210740,95,2.93
206145,206144,95,2.93
215339,215338,95,2.93
222556,223212,95,2.93
218648,219305,95,4.59
210085,210740,95,2.93
205489,206144,95,2.93
221915,222572,95,2.93
221260,221917,95,2.93
214683,215338,95,2.93
222557,223212,95,2.93
219954,220609,95,2.93
196315,195659,96,10.99
213405,212750,96,14.29
213405,214062,96,14.29
213405,213406,96,14.29
196322,195666,96,14.29
196322,195667,96,14.29
196322,195665,96,14.29
196323,195667,96,14.29
196323,195668,96,14.29
196323,195666,96,14.29
216029,215374,96,14.29
216029,216686,96,14.29
216029,216030,96,14.29
196969,196968,96,10.99
196320,195664,96,14.29
196320,195665,96,14.29
196320,195663,96,14.29
196319,195663,96,14.29
196319,195664,96,14.29
196319,195662,96,14.29
196985,196330,96,14.29
196985,197642,96,14.29
196985,196986,96,14.29
196318,195662,96,14.29
196318,195663,96,14.29
196318,195661,96,14.29
216685,216030,96,14.29
216685,217342,96,14.29
216685,216686,96,14.29
196327,195671,96,14.29
196327,195672,96,14.29
196327,195670,96,14.29
196321,195665,96,14.29
196321,195666,96,14.29
196321,195664,96,14.29
217341,216686,96,14.29
217341,217998,96,14.29
217341,217342,96,14.29
198297,197642,96,14.29
198297,198954,96,14.29
198297,198298,96,14.29
196328,195672,96,14.29
196328,195673,96,14.29
196328,195671,96,14.29
196326,195670,96,14.29
196326,195671,96,14.29
196326,195669,96,14.29
215373,214718,96,14.29
215373,216030,96,14.29
215373,215374,96,14.29
214061,213406,96,14.29
214061,214718,96,14.29
214061,214062,96,14.29
196317,195661,96,14.29
196317,195662,96,14.29
196317,195660,96,14.29
212093,211437,96,14.29
212093,211438,96,14.29
212093,212750,96,14.29
212093,212094,96,14.29
212749,212094,96,14.29
212749,213406,96,14.29
212749,212750,96,14.29
196314,195658,96,10.99
196329,195673,96,14.29
196329,195674,96,14.29
196329,195672,96,14.29
196329,196986,96,14.29
196329,196330,96,14.29
197641,196986,96,14.29
197641,198298,96,14.29
197641,197642,96,14.29
196325,195669,96,14.29
196325,195670,96,14.29
196325,195668,96,14.29
196316,195660,96,14.29
196316,195661,96,14.29
196316,195659,96,14.29
214717,214062,96,14.29
214717,215374,96,14.29
214717,214718,96,14.29
219303,219959,96,4.59
219302,219959,96,4.59
202233,201578,96,4.59
223220,223876,96,2.93
196324,195668,96,14.29
196324,195669,96,14.29
196324,195667,96,14.29
202234,201578,96,4.59
207458,208113,96,2.93
213370,214025,96,2.93
223221,223876,96,2.93
211398,212053,96,2.93
201552,200896,96,4.59
223224,223880,96,2.93
223223,223880,96,2.93
201553,200896,96,4.59
196313,195657,97,10.99
196313,196312,97,10.99
210123,209467,97,14.29
210123,209468,97,14.29
210123,209466,97,14.29
210123,210780,97,14.29
210123,210124,97,14.29
211436,210780,97,14.29
211436,210781,97,14.29
196969,196312,97,10.99
196969,197624,97,10.99
196314,195657,97,10.99
220613,221269,97,4.59
200245,199589,97,4.59
200898,200242,97,4.59
198938,198937,97,4.59
211435,210780,97,4.59
200246,199589,97,4.59
200899,200242,97,4.59
220585,220584,97,2.93
221261,221262,97,2.93
220606,221262,97,2.93
217961,217960,97,2.93
219951,220608,97,2.93
219929,220584,97,2.93
220605,221262,97,2.93
218617,217960,97,2.93
208152,207497,97,4.59
196313,195656,98,10.99
204864,204865,98,4.59
206839,206183,98,4.59
202893,202237,98,4.59
208809,208810,98,4.59
200244,199588,98,4.59
205520,204865,98,4.59
203550,202895,98,4.59
206838,206183,98,4.59
202892,202237,98,4.59
218649,219306,98,4.59
204207,203552,98,4.59
210084,210083,98,2.93
205488,205487,98,2.93
215995,215994,98,2.93
220612,221268,98,2.93
212712,213368,98,2.93
212712,212711,98,2.93
212056,212711,98,2.93
209428,210083,98,2.93
204832,205487,98,2.93
212713,213368,98,2.93
216651,215994,98,2.93
195663,195007,99,14.29
195663,195008,99,14.29
195663,195006,99,14.29
197642,196987,99,14.29
197642,198299,99,14.29
197642,197643,99,14.29
195672,195016,99,14.29
195672,195017,99,14.29
195672,195015,99,14.29
216030,215375,99,14.29
216030,216687,99,14.29
216030,216031,99,14.29
195671,195015,99,14.29
195671,195016,99,14.29
195671,195014,99,14.29
217342,216687,99,14.29
217342,217999,99,14.29
217342,217343,99,14.29
195669,195013,99,14.29
195669,195014,99,14.29
195669,195012,99,14.29
212750,212095,99,14.29
212750,213407,99,14.29
212750,212751,99,14.29
212094,211439,99,14.29
212094,212751,99,14.29
212094,212095,99,14.29
211438,210782,99,14.29
211438,210783,99,14.29
211438,212095,99,14.29
211438,211439,99,14.29
216686,216031,99,14.29
216686,217343,99,14.29
216686,216687,99,14.29
211437,210782,99,14.29
195673,195017,99,14.29
195673,195018,99,14.29
195673,195016,99,14.29
195660,195004,99,10.99
198954,198299,99,14.29
198954,199610,99,14.29
198954,199611,99,14.29
198954,198955,99,14.29
195674,195018,99,14.29
195674,195019,99,14.29
195674,195017,99,14.29
195674,196331,99,14.29
195674,195675,99,14.29
195658,195002,99,10.99
213406,212751,99,14.29
213406,214063,99,14.29
213406,213407,99,14.29
198298,197643,99,14.29
198298,198955,99,14.29
198298,198299,99,14.29
195659,195003,99,10.99
217998,217343,99,14.29
217998,218654,99,14.29
217998,218655,99,14.29
217998,218653,99,14.29
217998,217999,99,14.29
196330,195675,99,14.29
196330,196987,99,14.29
196330,196331,99,14.29
195670,195014,99,14.29
195670,195015,99,14.29
195670,195013,99,14.29
196968,196967,99,10.99
196986,196331,99,14.29
196986,197643,99,14.29
196986,196987,99,14.29
195664,195008,99,14.29
195664,195009,99,14.29
195664,195007,99,14.29
195665,195009,99,14.29
195665,195010,99,14.29
195665,195008,99,14.29
214718,214063,99,14.29
214718,215375,99,14.29
214718,214719,99,14.29
195668,195012,99,14.29
195668,195013,99,14.29
195668,195011,99,14.29
215374,214719,99,14.29
215374,216031,99,14.29
215374,215375,99,14.29
195666,195010,99,14.29
195666,195011,99,14.29
195666,195009,99,14.29
195661,195005,99,10.99
214062,213407,99,14.29
214062,214719,99,14.29
214062,214063,99,14.29
206181,205525,99,4.59
201551,200895,99,4.59
201551,201550,99,4.59
206179,205523,99,4.59
202235,201579,99,4.59
219304,219960,99,4.59
206180,205524,99,4.59
219303,219960,99,4.59
206801,206800,99,2.93
222555,223211,99,2.93
220611,221267,99,2.93
195667,195011,99,14.29
195667,195012,99,14.29
195667,195010,99,14.29
221916,222573,99,2.93
210741,211396,99,2.93
206145,206800,99,2.93
222556,223211,99,2.93
202234,201579,99,4.59
201552,200895,99,4.59
210781,210125,100,14.29
210781,210126,100,14.29
209468,208812,100,14.29
209468,208813,100,14.29
209468,208811,100,14.29
209468,210125,100,14.29
209468,209469,100,14.29
196312,196311,100,10.99
195657,195001,100,10.99
209467,208811,100,14.29
209467,208812,100,14.29
210780,210125,100,14.29
210124,209469,100,14.29
210124,210125,100,14.29
195658,195001,100,10.99
196968,196311,100,10.99
196968,197623,100,10.99
200897,200241,100,4.59
220614,221270,100,4.59
220614,220615,100,4.59
217995,218651,100,4.59
198281,198280,100,4.59
217996,218652,100,4.59
206178,205522,100,4.59
220613,221270,100,4.59
219958,220615,100,4.59
200898,200241,100,4.59
223215,223871,100,2.93
223219,223875,100,2.93
223220,223875,100,2.93
223225,223881,100,2.93
202207,202206,100,2.93
223224,223881,100,2.93
221268,221924,101,10.99
195656,195000,101,10.99
195656,195655,101,10.99
196312,195655,101,10.99
195657,195000,101,10.99
206840,206184,101,4.59
206840,206841,101,4.59
199590,198934,101,4.59
200243,199587,101,4.59
199592,198936,101,4.59
199591,198935,101,4.59
207496,206841,101,4.59
204864,204209,101,4.59
206839,206184,101,4.59
202893,202238,101,4.59
208809,208154,101,4.59
200244,199587,101,4.59
223216,223872,101,2.93
221241,221240,101,2.93
202863,202862,101,2.93
223214,223870,101,2.93
217305,217304,101,2.93
209427,209426,101,2.93
208153,208154,101,4.59
208771,209426,101,2.93
220585,221240,101,2.93
221261,221918,101,2.93
220606,221263,101,2.93
217961,217304,101,2.93
214063,213408,102,14.29
214063,214720,102,14.29
214063,214064,102,14.29
195003,194347,102,10.99
215375,214720,102,14.29
215375,216032,102,14.29
215375,215376,102,14.29
196967,196966,102,10.99
195015,194359,102,14.29
195015,194360,102,14.29
195015,194358,102,14.29
196987,196332,102,14.29
196987,197644,102,14.29
196987,196988,102,14.29
195005,194349,102,10.99
195008,194352,102,14.29
195008,194353,102,14.29
195008,194351,102,14.29
195019,194363,102,14.29
195019,194364,102,14.29
195019,194362,102,14.29
195019,195676,102,14.29
195019,195020,102,14.29
198955,198300,102,14.29
198955,199612,102,14.29
198955,198956,102,14.29
195002,194346,102,10.99
217999,217344,102,14.29
217999,218656,102,14.29
217999,218000,102,14.29
196331,195676,102,14.29
196331,196988,102,14.29
196331,196332,102,14.29
197643,196988,102,14.29
197643,198300,102,14.29
197643,197644,102,14.29
195004,194348,102,10.99
195675,195020,102,14.29
195675,196332,102,14.29
195675,195676,102,14.29
221267,221923,102,10.99
221267,221266,102,10.99
195012,194356,102,14.29
195012,194357,102,14.29
195012,194355,102,14.29
211439,210784,102,14.29
211439,212096,102,14.29
211439,211440,102,14.29
195011,194355,102,14.29
195011,194356,102,14.29
195011,194354,102,14.29
198299,197644,102,14.29
198299,198956,102,14.29
198299,198300,102,14.29
195009,194353,102,14.29
195009,194354,102,14.29
195009,194352,102,14.29
195017,194361,102,14.29
195017,194362,102,14.29
195017,194360,102,14.29
195018,194362,102,14.29
195018,194363,102,14.29
195018,194361,102,14.29
195016,194360,102,14.29
195016,194361,102,14.29
195016,194359,102,14.29
216031,215376,102,14.29
216031,216688,102,14.29
216031,216032,102,14.29
210782,210127,102,14.29
217343,216688,102,14.29
217343,218000,102,14.29
217343,217344,102,14.29
214719,214064,102,14.29
214719,215376,102,14.29
214719,214720,102,14.29
195013,194357,102,14.29
195013,194358,102,14.29
195013,194356,102,14.29
216687,216032,102,14.29
216687,217344,102,14.29
216687,216688,102,14.29
212751,212096,102,14.29
212751,213408,102,14.29
212751,212752,102,14.29
212095,211440,102,14.29
212095,212752,102,14.29
212095,212096,102,14.29
195014,194358,102,14.29
195014,194359,102,14.29
195014,194357,102,14.29
210783,210127,102,14.29
210783,210128,102,14.29
210783,211440,102,14.29
210783,210784,102,14.29
221268,221925,102,10.99
221268,221923,102,10.99
195656,194999,102,10.99
213407,212752,102,14.29
213407,214064,102,14.29
213407,213408,102,14.29
206182,205526,102,4.59
219305,219961,102,4.59
200921,200922,102,4.59
202236,201580,102,4.59
206181,205526,102,4.59
201551,200894,102,4.59
202235,201580,102,4.59
219304,219961,102,4.59
220610,221266,102,2.93
223878,224534,102,2.93
200265,200266,102,4.59
214682,214681,102,2.93
223213,223869,102,2.93
222571,223227,102,2.93
195010,194354,102,14.29
195010,194355,102,14.29
195010,194353,102,14.29
210084,210739,102,2.93
205488,206143,102,2.93
222570,223227,102,2.93
212712,213367,102,2.93
195001,194345,103,10.99
210125,209470,103,14.29
196311,196310,103,10.99
208812,208156,103,14.29
208812,208157,103,14.29
208812,208155,103,14.29
210126,209470,103,14.29
210126,209471,103,14.29
208813,208157,103,14.29
208813,208158,103,14.29
208813,208156,103,14.29
208813,209470,103,14.29
208813,208814,103,14.29
209469,208814,103,14.29
209469,209470,103,14.29
196967,196310,103,10.99
196967,197622,103,10.99
195005,194350,103,10.99
195002,194345,103,10.99
221267,221922,103,10.99
200896,200240,103,4.59
200897,200240,103,4.59
220614,221271,103,4.59
219272,219271,103,2.93
207457,207456,103,2.93
222554,223210,103,2.93
222554,222553,103,2.93
212054,212710,103,2.93
223879,224535,103,2.93
223877,224533,103,2.93
206801,207456,103,2.93
222555,223210,103,2.93
221898,222553,103,2.93
212055,212710,103,2.93
195000,194344,104,10.99
195655,195654,104,10.99
221924,222580,104,10.99
195001,194344,104,10.99
196311,195654,104,10.99
199589,198933,104,4.59
207497,207498,104,4.59
200242,199586,104,4.59
206840,206185,104,4.59
199590,198933,104,4.59
200243,199586,104,4.59
203519,203518,104,2.93
208770,208769,104,2.93
219928,219927,104,2.93
218616,218615,104,2.93
223218,223874,104,2.93
223226,223882,104,2.93
208114,208769,104,2.93
223219,223874,104,2.93
208153,207498,104,4.59
223225,223882,104,2.93
213408,212753,105,14.29
213408,214065,105,14.29
213408,213409,105,14.29
195676,195021,105,14.29
195676,196333,105,14.29
195676,195677,105,14.29
195020,194365,105,14.29
195020,195677,105,14.29
195020,195021,105,14.29
197644,196989,105,14.29
197644,198301,105,14.29
197644,197645,105,14.29
194360,193704,105,14.29
194360,193705,105,14.29
194360,193703,105,14.29
194348,193692,105,10.99
218000,217345,105,14.29
218000,218657,105,14.29
218000,218001,105,14.29
221923,222579,105,10.99
214720,214065,105,14.29
214720,215377,105,14.29
214720,214721,105,14.29
196988,196333,105,14.29
196988,197645,105,14.29
196988,196989,105,14.29
194349,193693,105,10.99
194356,193700,105,14.29
194356,193701,105,14.29
194356,193699,105,14.29
198300,197645,105,14.29
198300,198957,105,14.29
198300,198301,105,14.29
194347,193691,105,10.99
194361,193705,105,14.29
194361,193706,105,14.29
194361,193704,105,14.29
215376,214721,105,14.29
215376,216033,105,14.29
215376,215377,105,14.29
221925,222581,105,10.99
221925,221926,105,10.99
194346,193690,105,10.99
194355,193699,105,14.29
194355,193700,105,14.29
194355,193698,105,14.29
198956,198301,105,14.29
198956,199613,105,14.29
198956,198957,105,14.29
194354,193698,105,14.29
194354,193699,105,14.29
194354,193697,105,14.29
196332,195677,105,14.29
196332,196989,105,14.29
196332,196333,105,14.29
194999,194343,105,10.99
194999,194998,105,10.99
194359,193703,105,14.29
194359,193704,105,14.29
194359,193702,105,14.29
216032,215377,105,14.29
216032,216689,105,14.29
216032,216033,105,14.29
214064,213409,105,14.29
214064,214721,105,14.29
214064,214065,105,14.29
194358,193702,105,14.29
194358,193703,105,14.29
194358,193701,105,14.29
216688,216033,105,14.29
216688,217345,105,14.29
216688,216689,105,14.29
194357,193701,105,14.29
194357,193702,105,14.29
194357,193700,105,14.29
212096,211441,105,14.29
212096,212753,105,14.29
212096,212097,105,14.29
217344,216689,105,14.29
217344,218001,105,14.29
217344,217345,105,14.29
194363,193707,105,14.29
194363,193708,105,14.29
194363,193706,105,14.29
194364,193708,105,14.29
194364,193709,105,14.29
194364,193707,105,14.29
194364,195021,105,14.29
194364,194365,105,14.29
194362,193706,105,14.29
194362,193707,105,14.29
194362,193705,105,14.29
195000,194343,105,10.99
195655,194998,105,10.99
221924,222581,105,10.99
221924,222579,105,10.99
212752,212097,105,14.29
212752,213409,105,14.29
212752,212753,105,14.29
210127,209472,105,14.29
206183,205527,105,4.59
219306,219962,105,4.59
219306,219307,105,4.59
202237,201581,105,4.59
199588,198932,105,4.59
202895,202239,105,4.59
202895,202896,105,4.59
204865,204866,105,4.59
203552,202896,105,4.59
203552,203553,105,4.59
211440,210785,105,14.29
211440,212097,105,14.29
211440,211441,105,14.29
203551,202896,105,4.59
205521,204866,105,4.59
202894,202239,105,4.59
206182,205527,105,4.59
219305,219962,105,4.59
204208,203553,105,4.59
218650,219307,105,4.59
202236,201581,105,4.59
221897,221896,105,2.93
204175,204174,105,2.93
216649,215993,105,2.93
216649,216648,105,2.93
223217,223873,105,2.93
204831,204830,105,2.93
194353,193697,105,14.29
194353,193698,105,14.29
194353,193696,105,14.29
210784,210129,105,14.29
210784,211441,105,14.29
210784,210785,105,14.29
223216,223873,105,2.93
221241,221896,105,2.93
217305,216648,105,2.93
209427,210082,105,2.93
210128,209472,105,14.29
210128,209473,105,14.29
210128,210785,105,14.29
210128,210129,105,14.29
216650,215993,105,2.93
194345,193689,106,10.99
221922,222578,106,10.99
221922,221921,106,10.99
196310,196309,106,10.99
221923,222578,106,10.99
194349,193694,106,10.99
221925,222582,106,10.99
194346,193689,106,10.99
194999,194342,106,10.99
209470,208815,106,14.29
219960,220616,106,4.59
205525,204869,106,4.59
218655,219311,106,4.59
218653,219309,106,4.59
205524,204868,106,4.59
201550,201549,106,4.59
205523,204867,106,4.59
218654,219310,106,4.59
200895,200239,106,4.59
199611,200267,106,4.59
201579,200923,106,4.59
208814,208159,106,14.29
208814,208815,106,14.29
200896,200239,106,4.59
219959,220616,106,4.59
222572,223228,106,2.93
209471,208815,106,14.29
209471,208816,106,14.29
223212,223868,106,2.93
220609,221265,106,2.93
215338,215337,106,2.93
220610,221265,106,2.93
214682,215337,106,2.93
223213,223868,106,2.93
222571,223228,106,2.93
201578,200923,106,4.59
195654,195653,107,10.99
222580,223236,107,10.99
194344,193688,107,10.99
194345,193688,107,10.99
221922,222577,107,10.99
196310,195653,107,10.99
196310,196965,107,10.99
200241,199585,107,4.59
197623,198279,107,4.59
198280,198279,107,4.59
218652,219308,107,4.59
207497,206842,107,4.59
200242,199585,107,4.59
197624,198279,107,4.59
212053,212709,107,2.93
212053,212052,107,2.93
223876,224532,107,2.93
214025,214024,107,2.93
223880,224536,107,2.93
208113,208112,107,2.93
207457,208112,107,2.93
222554,223209,107,2.93
212054,212709,107,2.93
223879,224536,107,2.93
223877,224532,107,2.93
211397,212052,107,2.93
213369,214024,107,2.93
193693,193037,108,10.99
218001,217346,108,14.29
218001,218658,108,14.29
218001,218002,108,14.29
194365,193710,108,14.29
194365,195022,108,14.29
194365,194366,108,14.29
196989,196334,108,14.29
196989,197646,108,14.29
196989,196990,108,14.29
222579,223235,108,10.99
198957,198302,108,14.29
198957,199614,108,14.29
198957,198958,108,14.29
193690,193034,108,10.99
196333,195678,108,14.29
196333,196990,108,14.29
196333,196334,108,14.29
195021,194366,108,14.29
195021,195678,108,14.29
195021,195022,108,14.29
214065,213410,108,14.29
214065,214722,108,14.29
214065,214066,108,14.29
193701,193045,108,14.29
193701,193046,108,14.29
193701,193044,108,14.29
194998,194997,108,10.99
193700,193044,108,14.29
193700,193045,108,14.29
193700,193043,108,14.29
193692,193036,108,10.99
222581,223237,108,10.99
193705,193049,108,14.29
193705,193050,108,14.29
193705,193048,108,14.29
193703,193047,108,14.29
193703,193048,108,14.29
193703,193046,108,14.29
193698,193042,108,14.29
193698,193043,108,14.29
193698,193041,108,14.29
193691,193035,108,10.99
216689,216034,108,14.29
216689,217346,108,14.29
216689,216690,108,14.29
193702,193046,108,14.29
193702,193047,108,14.29
193702,193045,108,14.29
217345,216690,108,14.29
217345,218002,108,14.29
217345,217346,108,14.29
193707,193051,108,14.29
193707,193052,108,14.29
193707,193050,108,14.29
215377,214722,108,14.29
215377,216034,108,14.29
215377,215378,108,14.29
216033,215378,108,14.29
216033,216690,108,14.29
216033,216034,108,14.29
195677,195022,108,14.29
195677,196334,108,14.29
195677,195678,108,14.29
193704,193048,108,14.29
193704,193049,108,14.29
193704,193047,108,14.29
213409,212754,108,14.29
213409,214066,108,14.29
213409,213410,108,14.29
193699,193043,108,14.29
193699,193044,108,14.29
193699,193042,108,14.29
198301,197646,108,14.29
198301,198958,108,14.29
198301,198302,108,14.29
193706,193050,108,14.29
193706,193051,108,14.29
193706,193049,108,14.29
214721,214066,108,14.29
214721,215378,108,14.29
214721,214722,108,14.29
194343,193687,108,10.99
197645,196990,108,14.29
197645,198302,108,14.29
197645,197646,108,14.29
193708,193052,108,14.29
193708,193053,108,14.29
193708,193051,108,14.29
193709,193053,108,14.29
193709,193054,108,14.29
193709,193052,108,14.29
193709,194366,108,14.29
193709,193710,108,14.29
195654,194997,108,10.99
222580,223237,108,10.99
222580,223235,108,10.99
194344,193687,108,10.99
202238,201582,108,4.59
199587,198931,108,4.59
204209,204210,108,4.59
198934,198278,108,4.59
206184,205528,108,4.59
212753,212098,108,14.29
212753,213410,108,14.29
212753,212754,108,14.29
206183,205528,108,4.59
219306,219963,108,4.59
202237,201582,108,4.59
199588,198931,108,4.59
202895,202240,108,4.59
204865,204210,108,4.59
203552,202897,108,4.59
220584,220583,108,2.93
217960,217959,108,2.93
220608,221264,108,2.93
212097,211442,108,14.29
212097,212754,108,14.29
212097,212098,108,14.29
208770,209425,108,2.93
219928,220583,108,2.93
218616,217959,108,2.93
223226,223883,108,2.93
220607,221264,108,2.93
222582,223238,109,10.99
222582,222583,109,10.99
193689,193033,109,10.99
196309,196308,109,10.99
222578,223234,109,10.99
193694,193038,109,10.99
193694,193695,109,10.99
194342,193686,109,10.99
194342,194341,109,10.99
221921,221920,109,10.99
193693,193038,109,10.99
222579,223234,109,10.99
193690,193033,109,10.99
194998,194341,109,10.99
222581,223238,109,10.99
194343,193686,109,10.99
218656,219312,109,4.59
199612,200268,109,4.59
200894,200238,109,4.59
200894,200893,109,4.59
219961,220617,109,4.59
205526,204870,109,4.59
201580,200924,109,4.59
219960,220617,109,4.59
205525,204870,109,4.59
218655,219312,109,4.59
201550,200893,109,4.59
201550,202205,109,4.59
200895,200238,109,4.59
199611,200268,109,4.59
194351,193695,109,4.59
201579,200924,109,4.59
205487,205486,109,2.93
221897,222552,109,2.93
216649,215992,109,2.93
204831,205486,109,2.93
195653,195652,110,10.99
223236,223892,110,10.99
222577,223233,110,10.99
222577,222576,110,10.99
193688,193032,110,10.99
222582,221927,110,10.99
222582,223239,110,10.99
193689,193032,110,10.99
196309,195652,110,10.99
196309,196964,110,10.99
222578,223233,110,10.99
193694,193039,110,10.99
194342,193685,110,10.99
221921,222576,110,10.99
197622,197621,110,4.59
221271,221927,110,4.59
221271,221272,110,4.59
200240,199584,110,4.59
208157,207501,110,4.59
200241,199584,110,4.59
221270,221927,110,4.59
220615,221272,110,4.59
208156,207500,110,4.59
222573,223229,110,2.93
222573,222574,110,2.93
211396,211395,110,2.93
206800,206799,110,2.93
223211,223867,110,2.93
208155,207499,110,4.59
222572,223229,110,2.93
206144,206799,110,2.93
223212,223867,110,2.93
221917,222574,110,2.93
208158,207502,110,4.59
210740,211395,110,2.93
216690,216035,111,14.29
216690,217347,111,14.29
216690,216691,111,14.29
223237,223893,111,10.99
212754,212099,111,14.29
212754,213411,111,14.29
212754,212755,111,14.29
215378,214723,111,14.29
215378,216035,111,14.29
215378,215379,111,14.29
193037,192381,111,10.99
196990,196335,111,14.29
196990,197647,111,14.29
196990,196991,111,14.29
216034,215379,111,14.29
216034,216691,111,14.29
216034,216035,111,14.29
193050,192394,111,14.29
193050,192395,111,14.29
193050,192393,111,14.29
194997,194996,111,10.99
195022,194367,111,14.29
195022,195679,111,14.29
195022,195023,111,14.29
196334,195679,111,14.29
196334,196991,111,14.29
196334,196335,111,14.29
223235,223891,111,10.99
214722,214067,111,14.29
214722,215379,111,14.29
214722,214723,111,14.29
193051,192395,111,14.29
193051,192396,111,14.29
193051,192394,111,14.29
198302,197647,111,14.29
198302,198959,111,14.29
198302,198303,111,14.29
193054,192398,111,14.29
193054,192399,111,14.29
193054,192397,111,14.29
193054,193711,111,14.29
193054,193055,111,14.29
193034,192378,111,10.99
193053,192397,111,14.29
193053,192398,111,14.29
193053,192396,111,14.29
193687,193031,111,10.99
217346,216691,111,14.29
217346,218003,111,14.29
217346,217347,111,14.29
193049,192393,111,14.29
193049,192394,111,14.29
193049,192392,111,14.29
193035,192379,111,10.99
197646,196991,111,14.29
197646,198303,111,14.29
197646,197647,111,14.29
195678,195023,111,14.29
195678,196335,111,14.29
195678,195679,111,14.29
218002,217347,111,14.29
218002,218659,111,14.29
218002,218003,111,14.29
193036,192380,111,10.99
193710,193055,111,14.29
193710,194367,111,14.29
193710,193711,111,14.29
193052,192396,111,14.29
193052,192397,111,14.29
193052,192395,111,14.29
194366,193711,111,14.29
194366,195023,111,14.29
194366,194367,111,14.29
195653,194996,111,10.99
223236,223893,111,10.99
223236,223891,111,10.99
222577,223232,111,10.99
193688,193031,111,10.99
199586,198930,111,4.59
198933,198277,111,4.59
206185,205529,111,4.59
206185,206186,111,4.59
214066,213411,111,14.29
214066,214723,111,14.29
214066,214067,111,14.29
202238,201583,111,4.59
199587,198930,111,4.59
206841,206186,111,4.59
204209,203554,111,4.59
198934,198277,111,4.59
206184,205529,111,4.59
223875,224531,111,2.93
223881,224537,111,2.93
223871,224527,111,2.93
212053,212708,111,2.93
223876,224531,111,2.93
214025,214680,111,2.93
223880,224537,111,2.93
208113,208768,111,2.93
213410,212755,111,14.29
213410,214067,111,14.29
213410,213411,111,14.29
223234,223890,112,10.99
194341,194340,112,10.99
223238,223894,112,10.99
196308,196307,112,10.99
193038,192382,112,10.99
193686,193030,112,10.99
223237,223894,112,10.99
193037,192382,112,10.99
194997,194340,112,10.99
223235,223890,112,10.99
193034,192377,112,10.99
193687,193030,112,10.99
209473,208817,112,4.59
209473,209474,112,4.59
198932,198276,112,4.59
218657,219313,112,4.59
219962,220618,112,4.59
201581,200925,112,4.59
210785,210786,112,4.59
199613,200269,112,4.59
205527,204871,112,4.59
210129,210130,112,4.59
218656,219313,112,4.59
199612,200269,112,4.59
200894,200237,112,4.59
219961,220618,112,4.59
205526,204871,112,4.59
201580,200925,112,4.59
221240,221239,112,2.93
221918,221919,112,2.93
223872,224528,112,2.93
223870,224526,112,2.93
217304,217303,112,2.93
220584,221239,112,2.93
217960,217303,112,2.93
221262,221919,112,2.93
193696,193040,112,4.59
221263,221919,112,2.93
202862,202861,112,2.93
193685,193029,113,10.99
193685,193684,113,10.99
223239,223895,113,10.99
223239,223240,113,10.99
223892,224548,113,10.99
195652,195651,113,10.99
223234,223889,113,10.99
194341,193684,113,10.99
223238,223895,113,10.99
196308,195651,113,10.99
196308,196963,113,10.99
193038,192383,113,10.99
193686,193029,113,10.99
204868,204212,113,4.59
219310,219966,113,4.59
200239,199583,113,4.59
201549,201548,113,4.59
223233,223889,113,10.99
208816,208160,113,4.59
222576,222575,113,10.99
208159,207503,113,4.59
208159,208160,113,4.59
219311,219967,113,4.59
204869,204213,113,4.59
204867,204211,113,4.59
219309,219965,113,4.59
221271,221928,113,4.59
200240,199583,113,4.59
223869,224525,113,2.93
213367,214023,113,2.93
213367,213366,113,2.93
224534,225190,113,2.93
206143,206142,113,2.93
210739,210738,113,2.93
212711,213366,113,2.93
205487,206142,113,2.93
213368,214023,113,2.93
210083,210738,113,2.93
208158,207503,113,4.59
214067,213412,114,14.29
214067,214724,114,14.29
214067,214068,114,14.29
213411,212756,114,14.29
213411,214068,114,14.29
213411,213412,114,14.29
194367,193712,114,14.29
194367,195024,114,14.29
194367,194368,114,14.29
192395,191739,114,14.29
192395,191740,114,14.29
192395,191738,114,14.29
198303,197648,114,14.29
198303,198960,114,14.29
198303,198304,114,14.29
195023,194368,114,14.29
195023,195680,114,14.29
195023,195024,114,14.29
192378,191722,114,10.99
192379,191723,114,10.99
192381,191725,114,10.99
216691,216036,114,14.29
216691,217348,114,14.29
216691,216692,114,14.29
217347,216692,114,14.29
217347,218004,114,14.29
217347,217348,114,14.29
192396,191740,114,14.29
192396,191741,114,14.29
192396,191739,114,14.29
197647,196992,114,14.29
197647,198304,114,14.29
197647,197648,114,14.29
194996,194995,114,10.99
223891,224547,114,10.99
218003,217348,114,14.29
218003,218660,114,14.29
218003,218004,114,14.29
192397,191741,114,14.29
192397,191742,114,14.29
192397,191740,114,14.29
216035,215380,114,14.29
216035,216692,114,14.29
216035,216036,114,14.29
223893,224549,114,10.99
192380,191724,114,10.99
195679,195024,114,14.29
195679,196336,114,14.29
195679,195680,114,14.29
196991,196336,114,14.29
196991,197648,114,14.29
196991,196992,114,14.29
196335,195680,114,14.29
196335,196992,114,14.29
196335,196336,114,14.29
192398,191742,114,14.29
192398,191743,114,14.29
192398,191741,114,14.29
193711,193056,114,14.29
193711,194368,114,14.29
193711,193712,114,14.29
193055,192400,114,14.29
193055,193712,114,14.29
193055,193056,114,14.29
193685,193028,114,10.99
223239,222584,114,10.99
223239,223896,114,10.99
223892,224549,114,10.99
223892,224547,114,10.99
195652,194995,114,10.99
193032,192376,114,9.62
193033,192376,114,9.62
215379,214724,114,14.29
215379,216036,114,14.29
215379,215380,114,14.29
206842,206843,114,4.59
199585,198929,114,4.59
219308,219964,114,4.59
223232,223888,114,10.99
223232,223231,114,10.99
223233,223888,114,10.99
222576,223231,114,10.99
199586,198929,114,4.59
206185,205530,114,4.59
207498,206843,114,4.59
224533,225189,114,2.93
224535,225191,114,2.93
219271,219270,114,2.93
223210,223866,114,2.93
207456,207455,114,2.93
222573,223230,114,2.93
214723,214068,114,14.29
214723,215380,114,14.29
214723,214724,114,14.29
211396,212051,114,2.93
206800,207455,114,2.93
223211,223866,114,2.93
193030,192374,115,10.99
196307,196306,115,10.99
223894,224550,115,10.99
194340,194339,115,10.99
192378,191721,115,10.99
192381,191726,115,10.99
194996,194339,115,10.99
223891,224546,115,10.99
223893,224550,115,10.99
193031,192375,115,9.62
192382,191726,115,10.99
193032,192375,115,9.62
198931,198275,115,4.59
219963,220619,115,4.59
201582,200926,115,4.59
205528,204872,115,4.59
199614,200270,115,4.59
199614,199615,115,4.59
202897,202241,115,4.59
202897,202898,115,4.59
193044,192388,115,4.59
193047,192391,115,4.59
193046,192390,115,4.59
193045,192389,115,4.59
202240,201584,115,4.59
202240,202241,115,4.59
193043,192387,115,4.59
193042,192386,115,4.59
218658,219314,115,4.59
223232,223887,115,10.99
223890,224546,115,10.99
209473,208818,115,4.59
198932,198275,115,4.59
202239,201584,115,4.59
218657,219314,115,4.59
203553,202898,115,4.59
202896,202241,115,4.59
211442,211443,115,4.59
219962,220619,115,4.59
201581,200926,115,4.59
193041,192385,115,4.59
199613,200270,115,4.59
205527,204872,115,4.59
219927,219926,115,2.93
218615,218614,115,2.93
223882,224538,115,2.93
223874,224530,115,2.93
223875,224530,115,2.93
223881,224538,115,2.93
203518,203517,115,2.93
223889,224545,116,10.99
195651,195650,116,10.99
193684,193683,116,10.99
193029,192373,116,10.99
223895,224551,116,10.99
193030,192373,116,10.99
196307,195650,116,10.99
196307,196962,116,10.99
223894,224551,116,10.99
194340,193683,116,10.99
192382,191727,116,10.99
200238,199582,116,4.59
200893,200892,116,4.59
220617,221273,116,4.59
219312,219968,116,4.59
204870,204214,116,4.59
200239,199582,116,4.59
201549,200892,116,4.59
201549,202204,116,4.59
208816,208161,116,4.59
208159,207504,116,4.59
219311,219968,116,4.59
220616,221273,116,4.59
204869,204214,116,4.59
223890,224545,116,10.99
223873,224529,116,2.93
221896,221895,116,2.93
216648,216647,116,2.93
210082,210081,116,2.93
204830,204829,116,2.93
221240,221895,116,2.93
204174,204173,116,2.93
223872,224529,116,2.93
217304,216647,116,2.93
209426,210081,116,2.93
191739,191083,117,14.29
191739,191084,117,14.29
191739,191082,117,14.29
196992,196337,117,14.29
196992,197649,117,14.29
196992,196993,117,14.29
223896,224552,117,10.99
223896,223897,117,10.99
193056,192401,117,14.29
193056,193713,117,14.29
193056,193057,117,14.29
191723,191067,117,10.99
216692,216037,117,14.29
216692,217349,117,14.29
216692,216693,117,14.29
193028,192372,117,10.99
193028,193027,117,10.99
213412,212757,117,14.29
213412,214069,117,14.29
213412,213413,117,14.29
212756,212100,117,14.29
212756,212101,117,14.29
212756,213413,117,14.29
212756,212757,117,14.29
195024,194369,117,14.29
195024,195681,117,14.29
195024,195025,117,14.29
194995,194994,117,10.99
196336,195681,117,14.29
196336,196993,117,14.29
196336,196337,117,14.29
214068,213413,117,14.29
214068,214725,117,14.29
214068,214069,117,14.29
193712,193057,117,14.29
193712,194369,117,14.29
193712,193713,117,14.29
195680,195025,117,14.29
195680,196337,117,14.29
195680,195681,117,14.29
214724,214069,117,14.29
214724,215381,117,14.29
214724,214725,117,14.29
215380,214725,117,14.29
215380,216037,117,14.29
215380,215381,117,14.29
218004,217349,117,14.29
218004,218661,117,14.29
218004,218005,117,14.29
191724,191068,117,10.99
194368,193713,117,14.29
194368,195025,117,14.29
194368,194369,117,14.29
197648,196993,117,14.29
197648,198305,117,14.29
197648,197649,117,14.29
198304,197649,117,14.29
198304,198961,117,14.29
198304,198305,117,14.29
217348,216693,117,14.29
217348,218005,117,14.29
217348,217349,117,14.29
223889,224544,117,10.99
195651,194994,117,10.99
193684,193027,117,10.99
193029,192372,117,10.99
191725,191069,117,10.99
223895,224552,117,10.99
224547,225203,117,10.99
192377,191720,117,9.62
199584,198928,117,4.59
207502,206846,117,4.59
197621,197620,117,4.59
196964,197620,117,4.59
206842,206187,117,4.59
216036,215381,117,14.29
216036,216693,117,14.29
216036,216037,117,14.29
199585,198928,117,4.59
196965,197620,117,4.59
215337,215336,117,2.93
223868,224524,117,2.93
223228,223884,117,2.93
223869,224524,117,2.93
213367,214022,117,2.93
214681,215336,117,2.93
206143,206798,117,2.93
210739,211394,117,2.93
207501,206845,117,4.59
192383,192384,117,9.62
223227,223884,117,2.93
207500,206844,117,4.59
194339,194338,118,10.99
196306,196305,118,10.99
224546,225202,118,10.99
223896,223241,118,10.99
223896,224553,118,10.99
191723,191066,118,10.99
193028,192371,118,10.99
194995,194338,118,10.99
191725,191070,118,10.99
224547,225204,118,10.99
224547,225202,118,10.99
205529,204873,118,4.59
203554,203555,118,4.59
192393,191737,118,4.59
218659,219315,118,4.59
192392,191736,118,4.59
201583,200927,118,4.59
198930,198274,118,4.59
198931,198274,118,4.59
204210,203555,118,4.59
219963,220620,118,4.59
201582,200927,118,4.59
205528,204873,118,4.59
199614,200271,118,4.59
202897,202242,118,4.59
191722,191066,118,9.62
202240,201585,118,4.59
218658,219315,118,4.59
208112,208111,118,2.93
224532,225188,118,2.93
223209,223865,118,2.93
223209,223208,118,2.93
212709,213365,118,2.93
192375,191719,118,10.99
224536,225192,118,2.93
211442,210787,118,4.59
222553,223208,118,2.93
224533,225188,118,2.93
192374,191718,118,10.99
224535,225192,118,2.93
223210,223865,118,2.93
207456,208111,118,2.93
212710,213365,118,2.93
191726,191070,118,10.99
192383,191728,118,9.62
193683,193682,119,10.99
192373,191717,119,10.99
195650,195649,119,10.99
194339,193682,119,10.99
224551,225207,119,10.99
196306,195649,119,10.99
196306,196961,119,10.99
224546,225201,119,10.99
210130,210131,119,4.59
200237,199581,119,4.59
200237,200236,119,4.59
204871,204215,119,4.59
220618,221274,119,4.59
219313,219969,119,4.59
209474,209475,119,4.59
200238,199581,119,4.59
200893,200236,119,4.59
220617,221274,119,4.59
219312,219969,119,4.59
204870,204215,119,4.59
220583,220582,119,2.93
191722,191065,119,9.62
223883,224539,119,2.93
209425,209424,119,2.93
217959,217958,119,2.93
219927,220582,119,2.93
218615,217958,119,2.93
191721,191065,119,9.62
223882,224539,119,2.93
192374,191717,119,10.99
191726,191071,119,10.99
208769,209424,119,2.93
191720,191064,120,10.99
197649,196994,120,14.29
197649,198306,120,14.29
197649,197650,120,14.29
194994,194993,120,10.99
194369,193714,120,14.29
194369,195026,120,14.29
194369,194370,120,14.29
218005,217350,120,14.29
218005,218662,120,14.29
218005,218006,120,14.29
195025,194370,120,14.29
195025,195682,120,14.29
195025,195026,120,14.29
195681,195026,120,14.29
195681,196338,120,14.29
195681,195682,120,14.29
196993,196338,120,14.29
196993,197650,120,14.29
196993,196994,120,14.29
198305,197650,120,14.29
198305,198962,120,14.29
198305,198306,120,14.29
215381,214726,120,14.29
215381,216038,120,14.29
215381,215382,120,14.29
196337,195682,120,14.29
196337,196994,120,14.29
196337,196338,120,14.29
193057,192402,120,14.29
193057,193714,120,14.29
193057,193058,120,14.29
217349,216694,120,14.29
217349,218006,120,14.29
217349,217350,120,14.29
213413,212758,120,14.29
213413,214070,120,14.29
213413,213414,120,14.29
212757,212102,120,14.29
212757,213414,120,14.29
212757,212758,120,14.29
214069,213414,120,14.29
214069,214726,120,14.29
214069,214070,120,14.29
193027,193026,120,10.99
193713,193058,120,14.29
193713,194370,120,14.29
193713,193714,120,14.29
214725,214070,120,14.29
214725,215382,120,14.29
214725,214726,120,14.29
193683,193026,120,10.99
192373,191716,120,10.99
195650,194993,120,10.99
203517,203516,120,6.67
224551,225208,120,10.99
224551,225206,120,10.99
224552,225208,120,10.99
204212,203556,120,4.59
196963,197619,120,4.59
204213,203557,120,4.59
201548,201547,120,4.59
219965,220621,120,4.59
219967,220623,120,4.59
221928,221929,120,4.59
216693,216038,120,14.29
216693,217350,120,14.29
216693,216694,120,14.29
199583,198927,120,4.59
219966,220622,120,4.59
221272,221929,120,4.59
199584,198927,120,4.59
207502,206847,120,4.59
191068,190412,120,10.99
196964,197619,120,4.59
191069,190413,120,10.99
205486,205485,120,2.93
207503,206847,120,4.59
215992,215991,120,2.93
222552,222551,120,2.93
221896,222551,120,2.93
216648,215991,120,2.93
210082,210737,120,2.93
191721,191064,120,9.62
192372,191716,120,10.99
216037,215382,120,14.29
216037,216694,120,14.29
216037,216038,120,14.29
204830,205485,120,2.93
196305,196304,121,10.99
194338,194337,121,10.99
191718,191062,121,10.99
191719,191063,121,10.99
191720,191063,121,10.99
194994,194337,121,10.99
193027,192370,121,10.99
224552,225209,121,10.99
191741,191085,121,4.59
191743,191087,121,4.59
191743,191744,121,4.59
192400,191744,121,4.59
218660,219316,121,4.59
191727,191072,121,9.62
198929,198273,121,4.59
222584,222585,121,4.59
191070,190414,121,10.99
205530,204874,121,4.59
205530,205531,121,4.59
198960,199616,121,4.59
191742,191086,121,4.59
205529,204874,121,4.59
203554,202899,121,4.59
212099,211444,121,4.59
218659,219316,121,4.59
224553,225209,121,10.99
224553,224554,121,10.99
192392,191735,121,4.59
201583,200928,121,4.59
198930,198273,121,4.59
198959,199616,121,4.59
192399,191744,121,4.59
206186,205531,121,4.59
223867,224523,121,2.93
191068,190411,121,10.99
223229,223885,121,2.93
191069,190414,121,10.99
192371,191715,121,10.99
192371,192370,121,10.99
223868,224523,121,2.93
191067,190411,121,9.62
223228,223885,121,2.93
192372,191715,121,10.99
193682,193681,122,10.99
191071,190415,122,10.99
191717,191061,122,10.99
191065,190409,122,10.99
195649,195648,122,10.99
196305,195648,122,10.99
196305,196960,122,10.99
191066,190410,122,9.62
194338,193681,122,10.99
191728,191729,122,9.62
191718,191061,122,10.99
208818,208162,122,4.59
192389,191733,122,4.59
203517,202860,122,6.67
203517,204172,122,6.67
192390,191734,122,4.59
219314,219970,122,4.59
204872,204216,122,4.59
192385,191729,122,4.59
220619,221275,122,4.59
192388,191732,122,4.59
191070,190415,122,10.99
192387,191731,122,4.59
192386,191730,122,4.59
200237,199580,122,4.59
204871,204216,122,4.59
220618,221275,122,4.59
219313,219970,122,4.59
224527,225183,122,2.93
208768,208767,122,2.93
224553,223898,122,10.99
224553,225210,122,10.99
214680,214679,122,2.93
212708,213364,122,2.93
212708,212707,122,2.93
224531,225187,122,2.93
224537,225193,122,2.93
208817,208162,122,4.59
214024,214679,122,2.93
212052,212707,122,2.93
208112,208767,122,2.93
192371,191714,122,10.99
224532,225187,122,2.93
223209,223864,122,2.93
212709,213364,122,2.93
224536,225193,122,2.93
191067,190410,122,9.62
214726,215383,123,14.29
214726,214727,123,14.29
191716,191060,123,10.99
192402,191746,123,14.29
192402,191747,123,14.29
192402,191745,123,14.29
192402,193059,123,14.29
192402,192403,123,14.29
215382,214727,123,14.29
215382,216039,123,14.29
215382,215383,123,14.29
218006,217351,123,14.29
218006,218663,123,14.29
218006,218007,123,14.29
214070,213415,123,14.29
214070,214727,123,14.29
213414,212759,123,14.29
213414,213415,123,14.29
194993,194992,123,10.99
212758,213415,123,14.29
212758,212759,123,14.29
216694,216039,123,14.29
216694,217351,123,14.29
216694,216695,123,14.29
225208,225864,123,10.99
193714,193059,123,14.29
193714,194371,123,14.29
193714,193715,123,14.29
193058,192403,123,14.29
193058,193715,123,14.29
193058,193059,123,14.29
195682,195027,123,14.29
195682,196339,123,14.29
195682,195683,123,14.29
196994,196339,123,14.29
196994,197651,123,14.29
196994,196995,123,14.29
196338,195683,123,14.29
196338,196995,123,14.29
196338,196339,123,14.29
216038,215383,123,14.29
216038,216695,123,14.29
216038,216039,123,14.29
197650,196995,123,14.29
197650,198307,123,14.29
197650,197651,123,14.29
195026,194371,123,14.29
195026,195683,123,14.29
195026,195027,123,14.29
191064,190408,123,10.99
194370,193715,123,14.29
194370,195027,123,14.29
194370,194371,123,14.29
193682,193025,123,10.99
191071,190416,123,10.99
191717,191060,123,10.99
191065,190408,123,10.99
195649,194992,123,10.99
191728,191073,123,9.62
207504,206848,123,4.59
207504,207505,123,4.59
200892,200891,123,4.59
199582,198926,123,4.59
208161,207505,123,4.59
219968,220624,123,4.59
204214,203558,123,4.59
196962,197618,123,4.59
217350,216695,123,14.29
217350,218007,123,14.29
217350,217351,123,14.29
196963,197618,123,4.59
204213,203558,123,4.59
201548,200891,123,4.59
201548,202203,123,4.59
208160,207505,123,4.59
219967,220624,123,4.59
199583,198926,123,4.59
217303,217302,123,2.93
221239,221238,123,2.93
224526,225182,123,2.93
224528,225184,123,2.93
207503,206848,123,4.59
220583,221238,123,2.93
223883,224540,123,2.93
209425,210080,123,2.93
217959,217302,123,2.93
190413,189757,123,10.99
191062,190406,124,10.99
194337,194336,124,10.99
225209,225865,124,10.99
191063,190407,124,10.99
190414,189758,124,10.99
191716,191059,124,10.99
194993,194336,124,10.99
225208,225865,124,10.99
225208,225863,124,10.99
191064,190407,124,10.99
198961,199617,124,4.59
206846,206190,124,4.59
218661,219317,124,4.59
191082,190426,124,4.59
191082,191081,124,4.59
191084,190428,124,4.59
206845,206189,124,4.59
198928,198272,124,4.59
191083,190427,124,4.59
206187,206188,124,4.59
212101,211445,124,4.59
190412,189756,124,9.62
206844,206188,124,4.59
206843,206188,124,4.59
191743,191088,124,4.59
218660,219317,124,4.59
191738,191081,124,4.59
198929,198272,124,4.59
205530,204875,124,4.59
198960,199617,124,4.59
225190,225846,124,2.93
206142,206141,124,2.93
224525,225181,124,2.93
205486,206141,124,2.93
215992,215335,124,2.93
222552,223207,124,2.93
190413,189758,124,10.99
190413,189756,124,10.99
190415,189759,125,10.99
225210,225866,125,10.99
225210,225211,125,10.99
190409,189753,125,10.99
193681,193680,125,10.99
191061,190405,125,10.99
191062,190405,125,10.99
194337,193680,125,10.99
190411,189755,125,9.62
225209,225866,125,10.99
190414,189759,125,10.99
219315,219971,125,4.59
200271,200272,125,4.59
204873,204217,125,4.59
201585,200929,125,4.59
201585,201586,125,4.59
220620,221276,125,4.59
210787,210788,125,4.59
223241,223242,125,4.59
202242,201586,125,4.59
202242,202243,125,4.59
191736,191080,125,4.59
190412,189755,125,9.62
202241,201586,125,4.59
211443,210788,125,4.59
202898,202243,125,4.59
219314,219971,125,4.59
204872,204217,125,4.59
201584,200929,125,4.59
220619,221276,125,4.59
199615,200272,125,4.59
203516,203515,125,6.67
223866,224522,125,2.93
224549,225205,125,2.93
225189,225845,125,2.93
219270,219269,125,2.93
207455,207454,125,2.93
212051,212050,125,2.93
225191,225847,125,2.93
206799,207454,125,2.93
223867,224522,125,2.93
223229,223886,125,2.93
223230,223886,125,2.93
211395,212050,125,2.93
194371,193716,126,14.29
194371,195028,126,14.29
194371,194372,126,14.29
193059,192404,126,14.29
193059,193716,126,14.29
193059,193060,126,14.29
193715,193060,126,14.29
193715,194372,126,14.29
193715,193716,126,14.29
191060,190404,126,10.99
225864,226520,126,10.99
217351,216696,126,14.29
217351,218008,126,14.29
217351,217352,126,14.29
216695,216040,126,14.29
216695,217352,126,14.29
216695,216696,126,14.29
192403,191748,126,14.29
192403,193060,126,14.29
192403,192404,126,14.29
195683,195028,126,14.29
195683,196340,126,14.29
195683,195684,126,14.29
195027,194372,126,14.29
195027,195684,126,14.29
195027,195028,126,14.29
216039,216696,126,14.29
216039,216040,126,14.29
196339,195684,126,14.29
196339,196996,126,14.29
196339,196340,126,14.29
197651,196996,126,14.29
197651,198308,126,14.29
197651,197652,126,14.29
196995,196340,126,14.29
196995,197652,126,14.29
196995,196996,126,14.29
190408,189752,126,10.99
215383,216040,126,14.29
190415,189760,126,10.99
190410,189754,126,9.62
225210,224555,126,10.99
225210,225867,126,10.99
190409,189754,126,10.99
190409,189752,126,10.99
193681,193024,126,10.99
191061,190404,126,10.99
191072,190417,126,9.62
190411,189754,126,9.62
199581,198925,126,4.59
204215,203559,126,4.59
221274,221930,126,4.59
219969,220625,126,4.59
200236,200235,126,4.59
209475,209476,126,4.59
196961,197617,126,4.59
207504,206849,126,4.59
200892,200235,126,4.59
199582,198925,126,4.59
208161,207506,126,4.59
219968,220625,126,4.59
221273,221930,126,4.59
204214,203559,126,4.59
196962,197617,126,4.59
224530,225186,126,2.93
218614,218613,126,2.93
219926,219925,126,2.93
210131,210132,126,4.59
224538,225194,126,2.93
208768,209423,126,2.93
218007,217352,126,14.29
218007,218664,126,14.29
218007,218008,126,14.29
212708,213363,126,2.93
224531,225186,126,2.93
224537,225194,126,2.93
223887,224543,126,2.93
190406,189750,127,10.99
225865,226521,127,10.99
189758,189102,127,10.99
190407,189751,127,10.99
191060,190403,127,10.99
225864,226521,127,10.99
225864,226519,127,10.99
189757,189101,127,9.62
190408,189751,127,10.99
204172,204828,127,6.67
204172,204171,127,6.67
201547,201546,127,4.59
220621,221277,127,4.59
220622,221278,127,4.59
198962,199618,127,4.59
198962,198963,127,4.59
212102,211446,127,4.59
203557,202901,127,4.59
203556,202900,127,4.59
198927,198271,127,4.59
206847,206191,127,4.59
218662,219318,127,4.59
220623,221279,127,4.59
198961,199618,127,4.59
206846,206191,127,4.59
218661,219318,127,4.59
191082,190425,127,4.59
191084,190429,127,4.59
198928,198271,127,4.59
202860,202859,127,6.67
206187,205532,127,4.59
212101,211446,127,4.59
224529,225185,127,2.93
216647,216646,127,2.93
204829,204828,127,2.93
221895,221894,127,2.93
203516,202859,127,6.67
203516,204171,127,6.67
217303,216646,127,2.93
221239,221894,127,2.93
224528,225185,127,2.93
193680,193679,128,10.99
189759,189103,128,10.99
190405,189749,128,10.99
225866,226522,128,10.99
189753,189097,128,10.99
190406,189749,128,10.99
225865,226522,128,10.99
189758,189103,128,10.99
189757,189100,128,9.62
191086,190430,128,4.59
222585,222586,128,4.59
191735,191079,128,4.59
196304,196303,128,4.59
191087,190431,128,4.59
219316,219972,128,4.59
204874,204218,128,4.59
219315,219972,128,4.59
204873,204218,128,4.59
201585,200930,128,4.59
223241,222586,128,4.59
202242,201587,128,4.59
224524,225180,128,2.93
211394,211393,128,2.93
191736,191079,128,4.59
214022,214678,128,2.93
214022,214021,128,2.93
206798,206797,128,2.93
202203,202202,128,6.67
214023,214678,128,2.93
210738,211393,128,2.93
190416,189761,128,9.62
213366,214021,128,2.93
206142,206797,128,2.93
224525,225180,128,2.93
192370,192369,128,4.59
225203,225859,128,2.93
224544,225200,128,2.93
189756,189100,128,9.62
195684,195029,129,14.29
195684,196341,129,14.29
195684,195685,129,14.29
196340,195685,129,14.29
196340,196997,129,14.29
196340,196341,129,14.29
193716,193061,129,14.29
193716,194373,129,14.29
193716,193717,129,14.29
226520,227176,129,10.99
217352,216697,129,14.29
217352,218009,129,14.29
217352,217353,129,14.29
218664,218009,129,14.29
218664,219320,129,14.29
218664,219321,129,14.29
218664,219319,129,14.29
218664,218665,129,14.29
189754,189098,129,10.99
218008,217353,129,14.29
218008,218665,129,14.29
218008,218009,129,14.29
194372,193717,129,14.29
194372,195029,129,14.29
194372,194373,129,14.29
197652,196997,129,14.29
197652,198309,129,14.29
197652,197653,129,14.29
189752,189096,129,10.99
225867,226523,129,10.99
225867,225868,129,10.99
190404,189748,129,10.99
216040,216697,129,14.29
216040,216041,129,14.29
196996,196341,129,14.29
196996,197653,129,14.29
196996,196997,129,14.29
216696,216041,129,14.29
216696,217353,129,14.29
216696,216697,129,14.29
195028,194373,129,14.29
195028,195685,129,14.29
195028,195029,129,14.29
193060,192405,129,14.29
193060,193717,129,14.29
193060,193061,129,14.29
193680,193023,129,10.99
193680,194335,129,10.99
189759,189104,129,10.99
190405,189748,129,10.99
225866,226523,129,10.99
189753,189098,129,10.99
189753,189096,129,10.99
192404,191749,129,14.29
192404,193061,129,14.29
192404,192405,129,14.29
189755,189099,129,9.62
204172,204827,129,6.67
219970,220626,129,4.59
196960,197616,129,4.59
196960,196959,129,4.59
221275,221931,129,4.59
191732,191076,129,4.59
204216,203560,129,4.59
191730,191074,129,4.59
191714,191058,129,4.59
191714,191713,129,4.59
195648,195647,129,4.59
191733,191077,129,4.59
199580,198924,129,4.59
199580,199579,129,4.59
191734,191078,129,4.59
199581,198924,129,4.59
204215,203560,129,4.59
221274,221931,129,4.59
219969,220626,129,4.59
200236,199579,129,4.59
191731,191075,129,4.59
196961,197616,129,4.59
225202,225858,129,2.93
223865,224521,129,2.93
225204,225860,129,2.93
208111,208110,129,2.93
225192,225848,129,2.93
223898,223899,129,4.59
225188,225844,129,2.93
223866,224521,129,2.93
225189,225844,129,2.93
207455,208110,129,2.93
212051,212706,129,2.93
225191,225848,129,2.93
189756,189099,129,9.62
189750,189094,130,10.99
226521,227177,130,10.99
189751,189095,130,10.99
226520,227177,130,10.99
226520,227175,130,10.99
189752,189095,130,10.99
225867,225212,130,10.99
225867,226524,130,10.99
190404,189747,130,10.99
203515,203514,130,6.67
191747,191091,130,4.59
194992,194991,130,4.59
191745,191089,130,4.59
203558,202902,130,4.59
220624,221280,130,4.59
198926,198270,130,4.59
206848,206192,130,4.59
200891,200890,130,4.59
191746,191090,130,4.59
201547,200890,130,4.59
198962,199619,130,4.59
203557,202902,130,4.59
198927,198270,130,4.59
206847,206192,130,4.59
220623,221280,130,4.59
220582,220581,130,2.93
224539,225195,130,2.93
217958,217957,130,2.93
225201,225857,130,2.93
190417,190418,130,9.62
218614,217957,130,2.93
219926,220581,130,2.93
202203,202858,130,6.67
224538,225195,130,2.93
223887,224542,130,2.93
226522,227178,131,10.99
189097,188441,131,10.99
189749,189093,131,10.99
189101,188445,131,9.62
189750,189093,131,10.99
226521,227178,131,10.99
206190,205534,131,4.59
219317,219973,131,4.59
204875,204219,131,4.59
204875,204876,131,4.59
211445,210789,131,4.59
190428,189772,131,4.59
199617,200273,131,4.59
190426,189770,131,4.59
190427,189771,131,4.59
191088,190432,131,4.59
206189,205533,131,4.59
211444,210789,131,4.59
200928,200273,131,4.59
199616,200273,131,4.59
191087,190432,131,4.59
219316,219973,131,4.59
202899,202244,131,4.59
222551,222550,131,2.93
225206,225862,131,2.93
204874,204219,131,4.59
215991,215990,131,2.93
210737,210736,131,2.93
189102,188446,131,9.62
189760,189105,131,9.62
216647,215990,131,2.93
190417,189762,131,9.62
210081,210736,131,2.93
204829,205484,131,2.93
205531,204876,131,4.59
221895,222550,131,2.93
205485,205484,131,2.93
227176,227832,132,10.99
192405,191750,132,14.29
192405,193062,132,14.29
192405,192406,132,14.29
225868,225869,132,10.99
195685,195030,132,14.29
195685,196342,132,14.29
195685,195686,132,14.29
196341,195686,132,14.29
196341,196998,132,14.29
196341,196342,132,14.29
196997,196342,132,14.29
196997,197654,132,14.29
196997,196998,132,14.29
197653,196998,132,14.29
197653,198310,132,14.29
197653,197654,132,14.29
226523,227179,132,10.99
189748,189092,132,10.99
189096,188440,132,10.99
195029,194374,132,14.29
195029,195686,132,14.29
195029,195030,132,14.29
226522,227179,132,10.99
189097,188442,132,10.99
189097,188440,132,10.99
189749,189092,132,10.99
189100,188444,132,9.62
189101,188444,132,9.62
204171,204170,132,6.67
204217,203561,132,4.59
189098,188442,132,10.99
203515,204170,132,6.67
221276,221932,132,4.59
219971,220627,132,4.59
223242,223243,132,4.59
194373,193718,132,14.29
194373,195030,132,14.29
194373,194374,132,14.29
219970,220627,132,4.59
196960,197615,132,4.59
221275,221932,132,4.59
204216,203561,132,4.59
208162,207507,132,4.59
191714,191057,132,4.59
199580,198923,132,4.59
224523,225179,132,2.93
223885,224541,132,2.93
193717,193062,132,14.29
193717,194374,132,14.29
193717,193718,132,14.29
189103,188447,132,9.62
201546,201545,132,6.67
191080,190424,132,4.59
223898,223243,132,4.59
224524,225179,132,2.93
211394,212049,132,2.93
189102,188447,132,9.62
214022,214677,132,2.93
206798,207453,132,2.93
193061,192406,132,14.29
193061,193718,132,14.29
193061,193062,132,14.29
223884,224541,132,2.93
224544,225199,132,2.93
189095,188439,133,10.99
227177,227833,133,10.99
189094,188438,133,10.99
226524,227180,133,10.99
226524,226525,133,10.99
227176,227833,133,10.99
227176,227831,133,10.99
225868,225213,133,10.99
225868,226525,133,10.99
226523,227180,133,10.99
189099,188443,133,9.62
189748,189091,133,10.99
189096,188439,133,10.99
202202,202201,133,6.67
189100,188443,133,9.62
207506,206850,133,4.59
193024,192368,133,4.59
203559,202903,133,4.59
198308,198964,133,4.59
198925,198269,133,4.59
206849,206193,133,4.59
206849,206850,133,4.59
200235,200234,133,4.59
224555,224556,133,4.59
210132,210133,133,4.59
220625,221281,133,4.59
189098,188443,133,10.99
191747,191092,133,4.59
203558,202903,133,4.59
198307,198964,133,4.59
189761,189106,133,9.62
207505,206850,133,4.59
193025,192368,133,4.59
220624,221281,133,4.59
198926,198269,133,4.59
193023,192367,133,9.62
193023,193022,133,9.62
189104,188448,133,9.62
206848,206193,133,4.59
200891,200234,133,4.59
223864,224520,133,2.93
223864,223863,133,2.93
208767,208766,133,2.93
209476,209477,133,4.59
225183,225839,133,2.93
225193,225849,133,2.93
213364,214020,133,2.93
189103,188448,133,9.62
225187,225843,133,2.93
191748,191092,133,4.59
223865,224520,133,2.93
213365,214020,133,2.93
223208,223863,133,2.93
225204,225861,133,2.93
208111,208766,133,2.93
225192,225849,133,2.93
225188,225843,133,2.93
227178,227834,134,10.99
189093,188437,134,10.99
227177,227834,134,10.99
189094,188437,134,10.99
226524,227181,134,10.99
221279,221935,134,4.59
190429,189773,134,4.59
190403,190402,134,4.59
202901,202245,134,4.59
221277,221933,134,4.59
206191,205535,134,4.59
221278,221934,134,4.59
190425,189769,134,4.59
199618,200274,134,4.59
204171,204826,134,6.67
206190,205535,134,4.59
219317,219974,134,4.59
204875,204220,134,4.59
211445,210790,134,4.59
190428,189773,134,4.59
199617,200274,134,4.59
190426,189769,134,4.59
211446,210790,134,4.59
191088,190433,134,4.59
191059,190402,134,4.59
221238,221237,134,2.93
224540,225196,134,2.93
225182,225838,134,2.93
193023,192366,134,9.62
193023,193678,134,9.62
225184,225840,134,2.93
210080,210079,134,2.93
217302,217301,134,2.93
189104,188449,134,9.62
190418,190419,134,9.62
219318,219974,134,4.59
220582,221237,134,2.93
224539,225196,134,2.93
217958,217301,134,2.93
209424,210079,134,2.93
225201,225856,134,2.93
201546,200889,134,6.67
192406,191751,135,14.29
192406,193063,135,14.29
192406,192407,135,14.29
193718,193063,135,14.29
193718,194375,135,14.29
193718,193719,135,14.29
195686,195031,135,14.29
195686,196343,135,14.29
195686,195687,135,14.29
193062,192407,135,14.29
193062,193719,135,14.29
193062,193063,135,14.29
227832,228488,135,10.99
191750,191094,135,14.29
191750,191095,135,14.29
191750,191093,135,14.29
191750,192407,135,14.29
191750,191751,135,14.29
189092,188436,135,10.99
196998,196343,135,14.29
196998,197655,135,14.29
196998,196999,135,14.29
196342,195687,135,14.29
196342,196999,135,14.29
196342,196343,135,14.29
227179,227835,135,10.99
227178,227835,135,10.99
189093,188436,135,10.99
202858,202857,135,6.67
202202,202857,135,6.67
200930,200931,135,4.59
191079,190423,135,4.59
219972,220628,135,4.59
190430,189774,135,4.59
201587,200931,135,4.59
201587,201588,135,4.59
190431,189775,135,4.59
196303,196302,135,4.59
222586,222587,135,4.59
189762,189763,135,9.62
201586,200931,135,4.59
202243,201588,135,4.59
204217,203562,135,4.59
219971,220628,135,4.59
223242,222587,135,4.59
188446,187790,135,9.62
223207,223206,135,2.93
225846,226502,135,2.93
225181,225837,135,2.93
188445,187789,135,9.62
204218,203562,135,4.59
195030,194375,135,14.29
195030,195687,135,14.29
195030,195031,135,14.29
190418,189763,135,9.62
206141,206140,135,2.93
222551,223206,135,2.93
215991,215334,135,2.93
210737,211392,135,2.93
215335,215334,135,2.93
194374,193719,135,14.29
194374,195031,135,14.29
194374,194375,135,14.29
191080,190423,135,4.59
205485,206140,135,2.93
227833,228489,136,10.99
227180,227836,136,10.99
226525,226526,136,10.99
188438,187782,136,10.99
188439,187783,136,10.99
189091,188435,136,10.99
189091,189090,136,10.99
227831,228487,136,10.99
227831,227830,136,10.99
227832,228489,136,10.99
227832,228487,136,10.99
188444,187788,136,9.62
189092,188435,136,10.99
188442,187786,136,8.63
227179,227836,136,10.99
191078,190422,136,4.59
198924,198268,136,4.59
191077,190421,136,4.59
223899,223900,136,4.59
219319,219975,136,4.59
199579,199578,136,4.59
196959,196958,136,4.59
219320,219976,136,4.59
194335,194334,136,4.59
220626,221282,136,4.59
219321,219977,136,4.59
203560,202904,136,4.59
198309,198965,136,4.59
195647,195646,136,4.59
191713,191712,136,4.59
191076,190420,136,4.59
188447,187791,136,9.62
189762,189107,136,9.62
207506,206851,136,4.59
203559,202904,136,4.59
198308,198965,136,4.59
198925,198268,136,4.59
189105,188450,136,9.62
206849,206194,136,4.59
200235,199578,136,4.59
224555,223900,136,4.59
220625,221282,136,4.59
219269,219268,136,2.93
225847,226503,136,2.93
225845,226501,136,2.93
224522,225178,136,2.93
188446,187791,136,9.62
188445,187788,136,9.62
224523,225178,136,2.93
227181,227837,137,10.99
227181,227182,137,10.99
188437,187781,137,10.99
227834,228490,137,10.99
227833,228490,137,10.99
188443,187787,137,8.63
227180,227837,137,10.99
226525,225870,137,10.99
226525,227182,137,10.99
188438,187781,137,10.99
188439,187784,137,10.99
189091,188434,137,10.99
189091,189746,137,10.99
227831,227174,137,10.99
227831,228486,137,10.99
201545,201544,137,6.67
188444,187787,137,9.62
188442,187787,137,8.63
188442,187785,137,8.63
202858,203513,137,6.67
202902,202246,137,4.59
191090,190434,137,4.59
198270,197614,137,4.59
199619,200275,137,4.59
199619,199620,137,4.59
221280,221936,137,4.59
194991,194990,137,4.59
189747,189746,137,4.59
188448,187792,137,9.62
206192,205536,137,4.59
198963,199620,137,4.59
221279,221936,137,4.59
205532,204877,137,4.59
190403,189746,137,4.59
198271,197614,137,4.59
202901,202246,137,4.59
188447,187792,137,9.62
206191,205536,137,4.59
190425,189768,137,4.59
199618,200275,137,4.59
213363,214019,137,2.93
213363,213362,137,2.93
218613,218612,137,2.93
191091,190435,137,4.59
219925,219924,137,2.93
209423,209422,137,2.93
225194,225850,137,2.93
225186,225842,137,2.93
223864,224519,137,2.93
208767,209422,137,2.93
193022,193021,137,9.62
225193,225850,137,2.93
212707,213362,137,2.93
213364,214019,137,2.93
225187,225842,137,2.93
192407,191752,138,14.29
192407,193064,138,14.29
192407,192408,138,14.29
195031,194376,138,14.29
195031,195688,138,14.29
195031,195032,138,14.29
227835,228491,138,10.99
228488,229144,138,10.99
193063,192408,138,14.29
193063,193720,138,14.29
193063,193064,138,14.29
196999,196344,138,14.29
196999,197656,138,14.29
196999,197000,138,14.29
191095,190439,138,14.29
191095,190440,138,14.29
191095,190438,138,14.29
191095,191752,138,14.29
191095,191096,138,14.29
194375,193720,138,14.29
194375,195032,138,14.29
194375,194376,138,14.29
196343,195688,138,14.29
196343,197000,138,14.29
196343,196344,138,14.29
188436,187780,138,10.99
193719,193064,138,14.29
193719,194376,138,14.29
193719,193720,138,14.29
191751,191096,138,14.29
191751,192408,138,14.29
191751,191752,138,14.29
227181,227838,138,10.99
188437,187780,138,10.99
227834,228491,138,10.99
192366,191710,138,9.62
192366,192365,138,9.62
202201,202200,138,6.67
188449,187793,138,9.62
189106,188451,138,9.62
205534,204878,138,4.59
189771,189115,138,4.59
190432,189776,138,4.59
189772,189116,138,4.59
204219,203563,138,4.59
188448,187793,138,9.62
195687,195032,138,14.29
195687,196344,138,14.29
195687,195688,138,14.29
189770,189114,138,4.59
219972,220629,138,4.59
201587,200932,138,4.59
190431,189776,138,4.59
219973,220629,138,4.59
216646,216645,138,2.93
225185,225841,138,2.93
221894,221893,138,2.93
221238,221893,138,2.93
224540,225197,138,2.93
225184,225841,138,2.93
210080,210735,138,2.93
217302,216645,138,2.93
204218,203563,138,4.59
193022,192365,138,9.62
193022,193677,138,9.62
226519,226518,138,2.93
187782,187126,139,10.99
227836,228492,139,10.99
188435,187779,139,10.99
228487,229143,139,10.99
228489,229145,139,10.99
227835,228492,139,10.99
228488,229145,139,10.99
228488,229143,139,10.99
188436,187779,139,10.99
192366,191711,139,9.62
192366,191709,139,9.62
188449,187794,139,9.62
223243,223244,139,4.59
201545,200888,139,6.67
191057,190401,139,4.59
191057,191056,139,4.59
189763,189764,139,9.62
220627,221283,139,4.59
198923,198267,139,4.59
198923,198922,139,4.59
203561,202905,139,4.59
198310,198966,139,4.59
198310,198311,139,4.59
187790,187134,139,9.62
221932,222588,139,4.59
187789,187133,139,9.62
198924,198267,139,4.59
223899,223244,139,4.59
191058,190401,139,4.59
199579,198922,139,4.59
220626,221283,139,4.59
219321,219978,139,4.59
221931,222588,139,4.59
203560,202905,139,4.59
198309,198966,139,4.59
191713,191056,139,4.59
206797,206796,139,2.93
225859,226515,139,2.93
225180,225836,139,2.93
223207,223862,139,2.93
225181,225836,139,2.93
206141,206796,139,2.93
227182,227183,140,10.99
187781,187125,140,10.99
228490,229146,140,10.99
227837,228493,140,10.99
228486,229142,140,10.99
228486,228485,140,10.99
187782,187127,140,10.99
187782,187125,140,10.99
227836,228493,140,10.99
187786,187130,140,8.63
188435,187778,140,10.99
228487,229142,140,10.99
189107,189108,140,9.62
228489,229146,140,10.99
194334,194333,140,9.62
187791,187135,140,9.62
225213,224557,140,4.59
225213,225214,140,4.59
191092,190436,140,4.59
202201,202856,140,6.67
198269,197613,140,4.59
206193,205537,140,4.59
221281,221937,140,4.59
202903,202247,140,4.59
224556,224557,140,4.59
189763,189108,140,9.62
200234,200233,140,4.59
187790,187135,140,9.62
187789,187132,140,9.62
202902,202247,140,4.59
198270,197613,140,4.59
199619,200276,140,4.59
221280,221937,140,4.59
206192,205537,140,4.59
225212,224557,140,4.59
224521,225177,140,2.93
225858,226514,140,2.93
204827,205483,140,2.93
225860,226516,140,2.93
208110,208109,140,2.93
225844,226500,140,2.93
225848,226504,140,2.93
212706,212705,140,2.93
187788,187132,140,8.63
191091,190436,140,4.59
225847,226504,140,2.93
207454,208109,140,2.93
212050,212705,140,2.93
200890,200233,140,4.59
225845,226500,140,2.93
224522,225177,140,2.93
229144,229800,141,10.99
189115,188459,141,10.99
191096,190441,141,14.29
191096,191753,141,14.29
191096,191097,141,14.29
227838,228494,141,10.99
227838,227839,141,10.99
189114,188458,141,10.99
189114,189113,141,10.99
192408,191753,141,14.29
192408,193065,141,14.29
192408,192409,141,14.29
194376,193721,141,14.29
194376,195033,141,14.29
194376,194377,141,14.29
197656,197001,141,14.29
197656,198312,141,14.29
197656,198313,141,14.29
197656,197657,141,14.29
193064,192409,141,14.29
193064,193721,141,14.29
193064,193065,141,14.29
228491,229147,141,10.99
193720,193065,141,14.29
193720,194377,141,14.29
193720,193721,141,14.29
191752,191097,141,14.29
191752,192409,141,14.29
191752,191753,141,14.29
187780,187124,141,10.99
197000,196345,141,14.29
197000,197657,141,14.29
197000,197001,141,14.29
195032,194377,141,14.29
195032,195689,141,14.29
195032,195033,141,14.29
187787,187131,141,8.63
194990,194989,141,9.62
227182,226527,141,10.99
227182,227839,141,10.99
193021,193020,141,9.62
187781,187124,141,10.99
228490,229147,141,10.99
187792,187136,141,9.62
227837,228494,141,10.99
228486,227829,141,10.99
228486,229141,141,10.99
188450,187795,141,9.62
187786,187131,141,8.63
187786,187129,141,8.63
190420,189765,141,9.62
196344,195689,141,14.29
196344,197001,141,14.29
196344,196345,141,14.29
189107,188452,141,9.62
194334,194989,141,9.62
221934,222590,141,4.59
189773,189117,141,4.59
221935,222591,141,4.59
187791,187136,141,9.62
205535,204879,141,4.59
204220,203564,141,4.59
204220,204221,141,4.59
219974,220630,141,4.59
190433,189777,141,4.59
202245,201589,141,4.59
205534,204879,141,4.59
202244,201589,141,4.59
190432,189777,141,4.59
221933,222589,141,4.59
189772,189117,141,4.59
204219,203564,141,4.59
204876,204221,141,4.59
217957,217956,141,2.93
225195,225851,141,2.93
225857,226513,141,2.93
189770,189113,141,4.59
187788,187131,141,8.63
219973,220630,141,4.59
213363,214018,141,2.93
189769,189113,141,4.59
218613,217956,141,2.93
219925,220580,141,2.93
209423,210078,141,2.93
225194,225851,141,2.93
224543,225198,141,2.93
195688,195033,141,14.29
195688,196345,141,14.29
195688,195689,141,14.29
220581,220580,141,2.93
224542,225198,141,2.93
187779,187123,142,10.99
229145,229801,142,10.99
229143,229799,142,10.99
187126,186470,142,10.99
228492,229148,142,10.99
229144,229801,142,10.99
229144,229799,142,10.99
192365,192364,142,9.62
189115,188460,142,10.99
227838,228495,142,10.99
189114,188457,142,10.99
187793,187137,142,9.62
228491,229148,142,10.99
187780,187123,142,10.99
194990,195645,142,9.62
193021,192364,142,9.62
193021,193676,142,9.62
201544,201543,142,6.67
187792,187137,142,9.62
196302,196301,142,4.59
189775,189119,142,4.59
191093,190437,142,4.59
190423,189767,142,4.59
220628,221284,142,4.59
189774,189118,142,4.59
193677,193676,142,9.62
190424,189767,142,4.59
191057,190400,142,4.59
207507,206852,142,4.59
220627,221284,142,4.59
198923,198266,142,4.59
203561,202906,142,4.59
198310,198967,142,4.59
222550,222549,142,2.93
216646,215989,142,2.93
203562,202906,142,4.59
221894,222549,142,2.93
215990,215989,142,2.93
229142,229798,143,10.99
228493,229149,143,10.99
227183,227184,143,10.99
229146,229802,143,10.99
187125,186469,143,10.99
189108,189109,143,10.99
187779,187122,143,10.99
229145,229802,143,10.99
229143,229798,143,10.99
187126,186471,143,10.99
187126,186469,143,10.99
228492,229149,143,10.99
189764,189109,143,10.99
187794,187138,143,9.62
192365,191708,143,9.62
188451,187796,143,9.62
187134,186478,143,9.62
187793,187138,143,9.62
202200,202199,143,6.67
190422,189766,143,4.59
219977,220633,143,4.59
221282,221938,143,4.59
206194,205538,143,4.59
206194,206195,143,4.59
196958,196957,143,4.59
189090,189089,143,4.59
223900,223901,143,4.59
219975,220631,143,4.59
198965,199621,143,4.59
202904,202248,143,4.59
206851,206195,143,4.59
198268,197612,143,4.59
199578,199577,143,4.59
219976,220632,143,4.59
193677,194332,143,9.62
225213,224558,143,4.59
198964,199621,143,4.59
198269,197612,143,4.59
206193,205538,143,4.59
206850,206195,143,4.59
221281,221938,143,4.59
202903,202248,143,4.59
224556,223901,143,4.59
204170,204169,143,2.93
225179,225835,143,2.93
214677,215333,143,2.93
214677,214676,143,2.93
207453,207452,143,2.93
212049,212048,143,2.93
225199,225855,143,2.93
200234,199577,143,4.59
214021,214676,143,2.93
206797,207452,143,2.93
225200,225855,143,2.93
211393,212048,143,2.93
225180,225835,143,2.93
214678,215333,143,2.93
227839,227840,144,10.99
229147,229803,144,10.99
195689,195034,144,14.29
195689,196346,144,14.29
195689,195690,144,14.29
189113,189112,144,10.99
193065,192410,144,14.29
193065,193722,144,14.29
193065,193066,144,14.29
188452,188453,144,10.99
228494,229150,144,10.99
191097,190442,144,14.29
191097,191754,144,14.29
191097,191098,144,14.29
187124,186468,144,10.99
188458,187802,144,10.99
193721,193066,144,14.29
193721,194378,144,14.29
193721,193722,144,14.29
192409,191754,144,14.29
192409,193066,144,14.29
192409,192410,144,14.29
229141,229797,144,10.99
229141,229140,144,10.99
191753,191098,144,14.29
191753,192410,144,14.29
191753,191754,144,14.29
194377,193722,144,14.29
194377,195034,144,14.29
194377,194378,144,14.29
197001,196346,144,14.29
197001,197658,144,14.29
197001,197002,144,14.29
229800,230456,144,10.99
188459,187803,144,10.99
197657,197002,144,14.29
197657,198314,144,14.29
197657,197658,144,14.29
195033,194378,144,14.29
195033,195690,144,14.29
195033,195034,144,14.29
187135,186479,144,9.62
229142,229797,144,10.99
228493,229150,144,10.99
227183,226528,144,10.99
227183,227840,144,10.99
229146,229803,144,10.99
187125,186468,144,10.99
189108,188453,144,10.99
187130,186474,144,8.63
187794,187139,144,9.62
187134,186479,144,9.62
187134,186477,144,9.62
189768,189112,144,4.59
225870,225871,144,4.59
201544,200887,144,6.67
202246,201590,144,4.59
189746,189745,144,4.59
188434,188433,144,4.59
205536,204880,144,4.59
190434,189778,144,4.59
221936,222592,144,4.59
200889,200232,144,4.59
221935,222592,144,4.59
205535,204880,144,4.59
204220,203565,144,4.59
190402,189745,144,4.59
190433,189778,144,4.59
202245,201590,144,4.59
225849,226505,144,2.93
208766,208765,144,2.93
225843,226499,144,2.93
225839,226495,144,2.93
225861,226517,144,2.93
224520,225176,144,2.93
196345,195690,144,14.29
196345,197002,144,14.29
196345,196346,144,14.29
224521,225176,144,2.93
204827,205482,144,2.93
225860,226517,144,2.93
208110,208765,144,2.93
225844,226499,144,2.93
225848,226505,144,2.93
212706,213361,144,2.93
189769,189112,144,4.59
190435,189779,144,4.59
228495,229151,145,10.99
228495,228496,145,10.99
187123,186467,145,10.99
188457,187801,145,10.99
188457,188456,145,10.99
186470,185814,145,10.99
229799,230455,145,10.99
229148,229804,145,10.99
229801,230457,145,10.99
227839,228496,145,10.99
187129,186473,145,8.63
187129,187128,145,8.63
189765,189110,145,10.99
229147,229804,145,10.99
189113,188456,145,10.99
188452,187797,145,10.99
228494,229151,145,10.99
187124,186467,145,10.99
188458,187801,145,10.99
187136,186480,145,9.62
194989,194988,145,9.62
229141,228484,145,10.99
229141,229796,145,10.99
187131,186475,145,8.63
193020,193019,145,9.62
229800,230457,145,10.99
229800,230455,145,10.99
188459,187804,145,10.99
187135,186480,145,9.62
202856,203512,145,6.67
202856,202855,145,6.67
187130,186475,145,8.63
187130,186473,145,8.63
190440,189784,145,4.59
191710,191054,145,4.59
203563,202907,145,4.59
204878,204222,145,4.59
189776,189120,145,4.59
200932,200933,145,4.59
190438,189782,145,4.59
190439,189783,145,4.59
202200,202855,145,6.67
189775,189120,145,4.59
201588,200933,145,4.59
225856,226512,145,2.93
220628,221285,145,4.59
217301,217300,145,2.93
225196,225852,145,2.93
225838,226494,145,2.93
221237,221236,145,2.93
204826,204825,145,2.93
217957,217300,145,2.93
225195,225852,145,2.93
225857,226512,145,2.93
225840,226496,145,2.93
203562,202907,145,4.59
220581,221236,145,2.93
220629,221285,145,4.59
229802,230458,146,10.99
186469,185813,146,10.99
187796,187140,146,10.99
227184,227185,146,10.99
229798,230454,146,10.99
229149,229805,146,10.99
192364,192363,146,9.62
228495,229152,146,10.99
187123,186466,146,10.99
188457,187800,146,10.99
187137,186481,146,9.62
186470,185815,146,10.99
186470,185813,146,10.99
229799,230454,146,10.99
229148,229805,146,10.99
229801,230458,146,10.99
187129,186472,146,8.63
187795,187140,146,9.62
187136,186481,146,9.62
194989,195644,146,9.62
187131,186476,146,8.63
193020,192363,146,9.62
193020,193675,146,9.62
223244,223245,146,4.59
191056,191055,146,4.59
198267,197611,146,4.59
198922,198921,146,4.59
219978,220634,146,4.59
219978,219979,146,4.59
221283,221939,146,4.59
191709,191053,146,4.59
198966,199622,146,4.59
191711,191055,146,4.59
219977,220634,146,4.59
221282,221939,146,4.59
206194,205539,146,4.59
223900,223245,146,4.59
198965,199622,146,4.59
202904,202249,146,4.59
191712,191055,146,4.59
206851,206196,146,4.59
198268,197611,146,4.59
202905,202249,146,4.59
199578,198921,146,4.59
223206,223205,146,2.93
206140,206139,146,2.93
211392,211391,146,2.93
193676,193675,146,9.62
225837,226493,146,2.93
226502,227158,146,2.93
210736,211391,146,2.93
205484,206139,146,2.93
222550,223205,146,2.93
229803,230459,147,10.99
229150,229806,147,10.99
196346,195691,147,14.29
196346,197003,147,14.29
196346,196347,147,14.29
229797,230453,147,10.99
226528,225872,147,10.99
226528,226529,147,10.99
195034,194379,147,14.29
195034,195691,147,14.29
195034,195035,147,14.29
192410,191755,147,14.29
192410,193067,147,14.29
192410,192411,147,14.29
187803,187147,147,10.99
230456,231112,147,10.99
227840,227841,147,10.99
193722,193067,147,14.29
193722,194379,147,14.29
193722,193723,147,14.29
193066,192411,147,14.29
193066,193723,147,14.29
193066,193067,147,14.29
186468,185812,147,10.99
187802,187146,147,10.99
188453,188454,147,10.99
195690,195035,147,14.29
195690,196347,147,14.29
195690,195691,147,14.29
189112,189111,147,10.99
198314,197659,147,14.29
198314,198970,147,14.29
198314,198971,147,14.29
198314,198969,147,14.29
198314,198315,147,14.29
197658,197003,147,14.29
197658,198315,147,14.29
197658,197659,147,14.29
194378,193723,147,14.29
194378,195035,147,14.29
194378,194379,147,14.29
229802,230459,147,10.99
186469,185812,147,10.99
187796,187141,147,10.99
189109,188454,147,10.99
194332,194331,147,9.62
187138,186482,147,9.62
227184,226529,147,10.99
227184,227841,147,10.99
229798,230453,147,10.99
229149,229806,147,10.99
192364,191707,147,9.62
187137,186482,147,9.62
202247,201591,147,4.59
202856,203511,147,6.67
200276,200277,147,4.59
225214,225215,147,4.59
190436,189780,147,4.59
187778,187777,147,4.59
197002,196347,147,14.29
197002,197659,147,14.29
197002,197003,147,14.29
205537,204881,147,4.59
221937,222593,147,4.59
189768,189111,147,4.59
225870,225215,147,4.59
202246,201591,147,4.59
188434,187777,147,4.59
205536,204881,147,4.59
199620,200277,147,4.59
226503,227159,147,2.93
226501,227157,147,2.93
225178,225834,147,2.93
219268,219267,147,2.93
221936,222593,147,4.59
193676,194331,147,9.62
225179,225834,147,2.93
214677,215332,147,2.93
207453,208108,147,2.93
212049,212704,147,2.93
225199,225854,147,2.93
190435,189780,147,4.59
230457,231113,148,10.99
230455,231111,148,10.99
187797,187798,148,10.99
187804,187148,148,10.99
187804,187805,148,10.99
229151,229807,148,10.99
188456,188455,148,10.99
187801,187145,148,10.99
186467,185811,148,10.99
228496,228497,148,10.99
229803,230460,148,10.99
229150,229807,148,10.99
229797,230452,148,10.99
226528,225873,148,10.99
186479,185823,148,9.62
187803,187148,148,10.99
230456,231113,148,10.99
230456,231111,148,10.99
227840,228497,148,10.99
186468,185811,148,10.99
187802,187145,148,10.99
188453,187798,148,10.99
189112,188455,148,10.99
187139,186483,148,9.62
186474,185818,148,8.63
194332,194987,148,9.62
187138,186483,148,9.62
189117,188461,148,4.59
222591,223247,148,4.59
220630,221286,148,4.59
222590,223246,148,4.59
190441,189785,148,4.59
198312,198968,148,4.59
203564,202908,148,4.59
189777,189121,148,4.59
204879,204223,148,4.59
190440,189785,148,4.59
189116,188461,148,4.59
203563,202908,148,4.59
204878,204223,148,4.59
189776,189121,148,4.59
190438,189781,148,4.59
225842,226498,148,2.93
227174,227173,148,2.93
224519,225175,148,2.93
224519,224518,148,2.93
209422,209421,148,2.93
214019,214675,148,2.93
218612,218611,148,2.93
225850,226506,148,2.93
225849,226506,148,2.93
208766,209421,148,2.93
225843,226498,148,2.93
223863,224518,148,2.93
214020,214675,148,2.93
224520,225175,148,2.93
219924,219923,148,2.93
220629,221286,148,4.59
227185,227186,149,10.99
187800,187144,149,10.99
187800,187799,149,10.99
229805,230461,149,10.99
230454,231110,149,10.99
187140,186484,149,10.99
229152,229808,149,10.99
229152,229153,149,10.99
230458,231114,149,10.99
186473,185817,149,8.63
230457,231114,149,10.99
230455,231110,149,10.99
187797,187142,149,10.99
187804,187149,149,10.99
186480,185824,149,9.62
229151,229808,149,10.99
188456,187799,149,10.99
187801,187144,149,10.99
186467,185810,149,10.99
228496,229153,149,10.99
186475,185819,149,8.63
193019,193018,149,9.62
186479,185824,149,9.62
186479,185822,149,9.62
187139,186484,149,9.62
186474,185819,149,8.63
186474,185817,149,8.63
198266,197610,149,4.59
198266,198265,149,4.59
202906,202250,149,4.59
189118,188462,149,4.59
189119,188463,149,4.59
198967,199623,149,4.59
190400,189744,149,4.59
190400,190399,149,4.59
196301,196300,149,4.59
206852,206853,149,4.59
191056,190399,149,4.59
190401,189744,149,4.59
198267,197610,149,4.59
200888,200231,149,4.59
198922,198265,149,4.59
219978,219323,149,4.59
219978,220635,149,4.59
221283,221940,149,4.59
191709,191052,149,4.59
198966,199623,149,4.59
221893,221892,149,2.93
225841,226497,149,2.93
210735,210734,149,2.93
202905,202250,149,4.59
225856,226511,149,2.93
217301,216644,149,2.93
225196,225853,149,2.93
221237,221892,149,2.93
210079,210734,149,2.93
204826,205481,149,2.93
225197,225853,149,2.93
221284,221940,149,4.59
216645,216644,149,2.93
225840,226497,149,2.93
231112,231768,150,10.99
230459,231115,150,10.99
187141,186485,150,10.99
187146,186490,150,10.99
226529,226530,150,10.99
193723,193068,150,14.29
193723,194380,150,14.29
193723,193724,150,14.29
196347,195692,150,14.29
196347,197004,150,14.29
196347,196348,150,14.29
227841,227842,150,10.99
230453,231109,150,10.99
187147,186491,150,10.99
194379,193724,150,14.29
194379,195036,150,14.29
194379,194380,150,14.29
227185,226530,150,10.99
227185,227842,150,10.99
187800,187143,150,10.99
186481,185825,150,9.62
186472,185816,150,8.63
229805,230462,150,10.99
230454,231109,150,10.99
187140,186485,150,10.99
229152,229809,150,10.99
230458,231115,150,10.99
186473,185816,150,8.63
198315,197660,150,14.29
198315,198972,150,14.29
198315,198316,150,14.29
194988,195643,150,9.62
202855,202854,150,6.67
203512,204168,150,6.67
186480,185825,150,9.62
186475,185820,150,8.63
193019,192362,150,9.62
193019,193674,150,9.62
185815,185159,150,8.63
185815,185816,150,8.63
192363,192362,150,9.62
197612,196956,150,4.59
202248,201592,150,4.59
223901,223902,150,4.59
189089,189088,150,4.59
220631,221287,150,4.59
220632,221288,150,4.59
220633,221289,150,4.59
196957,196956,150,4.59
195035,194380,150,14.29
195035,195692,150,14.29
195035,195036,150,14.29
224558,223902,150,4.59
224558,224559,150,4.59
197659,197004,150,14.29
197659,198316,150,14.29
197659,197660,150,14.29
187122,187121,150,4.59
195691,195036,150,14.29
195691,196348,150,14.29
195691,195692,150,14.29
221938,222594,150,4.59
200233,199576,150,4.59
202247,201592,150,4.59
197613,196956,150,4.59
225214,224559,150,4.59
224557,223902,150,4.59
187778,187121,150,4.59
226515,227171,150,2.93
223862,223861,150,2.93
193675,193674,150,9.62
225836,226492,150,2.93
205538,204882,150,4.59
206796,206795,150,2.93
205537,204882,150,4.59
221937,222594,150,4.59
199577,199576,150,4.59
223206,223861,150,2.93
206140,206795,150,2.93
211392,212047,150,2.93
197003,196348,150,14.29
197003,197660,150,14.29
197003,197004,150,14.29
225837,226492,150,2.93
225873,225217,151,10.99
225873,225874,151,10.99
187145,186489,151,10.99
231113,231769,151,10.99
228497,228498,151,10.99
229807,230463,151,10.99
187148,186492,151,10.99
231111,231767,151,10.99
231112,231769,151,10.99
231112,231767,151,10.99
230459,231116,151,10.99
187141,186486,151,10.99
187146,186489,151,10.99
226529,225874,151,10.99
227841,228498,151,10.99
186482,185826,151,9.62
230453,231108,151,10.99
187147,186492,151,10.99
186481,185826,151,9.62
191707,191051,151,9.62
191707,191706,151,9.62
189779,189123,151,4.59
190442,189786,151,4.59
190442,190443,151,4.59
185815,185160,151,8.63
185815,185158,151,8.63
191098,191099,151,4.59
222592,223248,151,4.59
188433,188432,151,4.59
201590,200934,151,4.59
192363,191706,151,9.62
203565,202909,151,4.59
203565,203566,151,4.59
194331,194330,151,9.62
200887,200886,151,4.59
201589,200934,151,4.59
204221,203566,151,4.59
222591,223248,151,4.59
204880,204224,151,4.59
190441,189786,151,4.59
203564,202909,151,4.59
189777,189122,151,4.59
204879,204224,151,4.59
226516,227172,151,2.93
225177,225833,151,2.93
226500,227156,151,2.93
226504,227160,151,2.93
226514,227170,151,2.93
193675,194330,151,9.62
189778,189122,151,4.59
226503,227160,151,2.93
226501,227156,151,2.93
225178,225833,151,2.93
187144,186488,152,10.99
229808,230464,152,10.99
227186,227187,152,10.99
231114,231770,152,10.99
186484,185828,152,10.99
229153,229154,152,10.99
231110,231766,152,10.99
225873,225218,152,10.99
225873,225216,152,10.99
186483,185827,152,9.62
187145,186488,152,10.99
185818,185162,152,8.63
194987,194986,152,9.62
231113,231770,152,10.99
228497,229154,152,10.99
229807,230464,152,10.99
187148,186493,152,10.99
231111,231766,152,10.99
186482,185827,152,9.62
189782,189126,152,4.59
191054,190398,152,4.59
202855,202198,152,6.67
202855,203510,152,6.67
203512,204167,152,6.67
189784,189128,152,4.59
202907,202251,152,4.59
189120,188464,152,4.59
221285,221941,152,4.59
189783,189127,152,4.59
191707,191050,152,9.62
194331,194986,152,9.62
198266,197609,152,4.59
202906,202251,152,4.59
189119,188464,152,4.59
198967,199624,152,4.59
190400,189743,152,4.59
226513,227169,152,2.93
225851,226507,152,2.93
214018,214674,152,2.93
214018,214017,152,2.93
227829,227828,152,2.93
220580,220579,152,2.93
210078,210077,152,2.93
206852,206197,152,4.59
217956,217955,152,2.93
224519,225174,152,2.93
209422,210077,152,2.93
213362,214017,152,2.93
214019,214674,152,2.93
218612,217955,152,2.93
225850,226507,152,2.93
219924,220579,152,2.93
221284,221941,152,4.59
195692,195037,153,14.29
195692,196349,153,14.29
195692,195693,153,14.29
226530,226531,153,10.99
186491,185835,153,10.99
187143,186487,153,10.99
196348,195693,153,14.29
196348,197005,153,14.29
196348,196349,153,14.29
227842,227843,153,10.99
229809,230465,153,10.99
229809,229810,153,10.99
195036,194381,153,14.29
195036,195693,153,14.29
195036,195037,153,14.29
197004,196349,153,14.29
197004,197661,153,14.29
197004,197005,153,14.29
186490,185834,153,10.99
231768,232424,153,10.99
186485,185829,153,10.99
187144,186487,153,10.99
229808,230465,153,10.99
185817,185161,153,8.63
227186,226531,153,10.99
227186,227843,153,10.99
231114,231771,153,10.99
186484,185829,153,10.99
185824,185168,153,9.62
229153,229810,153,10.99
193018,193017,153,9.62
187142,186487,153,10.99
231110,231765,153,10.99
185818,185163,153,8.63
185818,185161,153,8.63
194987,195642,153,9.62
186466,186465,153,4.59
197611,196955,153,4.59
194380,193725,153,14.29
194380,195037,153,14.29
194380,194381,153,14.29
191053,190397,153,4.59
219979,219980,153,4.59
206196,205540,153,4.59
220634,221290,153,4.59
199622,200278,153,4.59
199621,200278,153,4.59
197612,196955,153,4.59
198921,198920,153,4.59
202248,201593,153,4.59
220633,221290,153,4.59
224558,223903,153,4.59
187122,186465,153,4.59
215989,215988,153,2.93
222549,222548,153,2.93
205539,204883,153,4.59
205539,205540,153,4.59
221938,222595,153,4.59
197660,197005,153,14.29
197660,198317,153,14.29
197660,197661,153,14.29
201543,201542,153,2.93
202249,201593,153,4.59
205538,204883,153,4.59
221893,222548,153,2.93
206195,205540,153,4.59
210735,211390,153,2.93
221939,222595,153,4.59
199577,198920,153,4.59
216645,215988,153,2.93
228498,228499,154,10.99
230463,231119,154,10.99
231769,232425,154,10.99
186492,185836,154,10.99
225874,225875,154,10.99
231767,232423,154,10.99
186486,185830,154,10.99
186489,185833,154,10.99
192362,192361,154,9.62
226530,225875,154,10.99
186491,185836,154,10.99
227842,228499,154,10.99
229809,230466,154,10.99
186490,185833,154,10.99
185159,184503,154,8.63
185825,185169,154,9.62
231768,232425,154,10.99
231768,232423,154,10.99
186485,185830,154,10.99
185824,185169,154,9.62
185824,185167,154,9.62
193018,192361,154,9.62
193018,193673,154,9.62
191755,191756,154,4.59
187777,187776,154,4.59
198970,199626,154,4.59
189780,189124,154,4.59
222593,223249,154,4.59
201591,200935,154,4.59
198969,199625,154,4.59
185812,185156,154,4.59
192411,192412,154,4.59
198971,199627,154,4.59
189779,189124,154,4.59
190442,189787,154,4.59
200232,199575,154,4.59
222592,223249,154,4.59
188433,187776,154,4.59
201590,200935,154,4.59
203565,202910,154,4.59
204881,204225,154,4.59
200887,200230,154,4.59
204880,204225,154,4.59
193674,193673,154,9.62
225835,226491,154,2.93
223862,224517,154,2.93
225836,226491,154,2.93
206796,207451,154,2.93
207452,207451,154,2.93
185828,185172,155,10.99
227187,227188,155,10.99
229154,229155,155,10.99
230464,231120,155,10.99
186493,185837,155,10.99
186493,186494,155,10.99
186488,185832,155,10.99
225218,224562,155,10.99
225218,225219,155,10.99
231766,232422,155,10.99
185826,185170,155,9.62
228498,229155,155,10.99
230463,231120,155,10.99
230463,231118,155,10.99
191051,190395,155,9.62
231769,232426,155,10.99
194330,194329,155,9.62
185158,184502,155,8.63
185158,185157,155,8.63
186492,185837,155,10.99
225874,225219,155,10.99
231767,232422,155,10.99
191706,191705,155,9.62
186486,185831,155,10.99
186489,185832,155,10.99
192362,191705,155,9.62
185159,184504,155,8.63
185159,184502,155,8.63
185825,185170,155,9.62
185811,185155,155,4.59
202908,202252,155,4.59
189781,189125,155,4.59
221286,221942,155,4.59
189785,189129,155,4.59
189121,188465,155,4.59
187805,187806,155,4.59
189782,189125,155,4.59
189784,189129,155,4.59
202907,202252,155,4.59
189120,188465,155,4.59
221285,221942,155,4.59
226499,227155,155,2.93
226495,227151,155,2.93
204223,203567,155,4.59
229140,229139,155,2.93
208765,208764,155,2.93
205482,206138,155,2.93
213361,213360,155,2.93
225176,225832,155,2.93
226505,227161,155,2.93
204222,203567,155,4.59
186477,185821,155,2.93
193674,194329,155,9.62
205483,206138,155,2.93
225177,225832,155,2.93
212705,213360,155,2.93
226500,227155,155,2.93
226504,227161,155,2.93
208109,208764,155,2.93
185160,184504,155,8.63
185834,185178,156,10.99
197005,196350,156,14.29
197005,197662,156,14.29
197005,197006,156,14.29
229810,229811,156,10.99
185829,185173,156,10.99
230465,231121,156,10.99
195037,194382,156,14.29
195037,195694,156,14.29
195037,195038,156,14.29
226531,226532,156,10.99
232424,233080,156,10.99
196349,195694,156,14.29
196349,197006,156,14.29
196349,196350,156,14.29
185835,185179,156,10.99
227843,227844,156,10.99
195693,195038,156,14.29
195693,196350,156,14.29
195693,195694,156,14.29
194986,194985,156,9.62
185828,185173,156,10.99
185828,185171,156,10.99
227187,226532,156,10.99
227187,227844,156,10.99
229154,229811,156,10.99
230464,231121,156,10.99
191050,190394,156,9.62
191050,191049,156,9.62
186493,185838,156,10.99
186493,187150,156,10.99
225218,224563,156,10.99
225218,224561,156,10.99
185827,185171,156,9.62
231766,232421,156,10.99
185826,185171,156,9.62
191051,190396,156,9.62
191051,190394,156,9.62
194330,194985,156,9.62
185158,184501,156,8.63
191706,191049,156,9.62
220635,221291,156,4.59
220635,220636,156,4.59
187149,187150,156,4.59
199623,200279,156,4.59
206853,206854,156,4.59
219323,219324,156,4.59
198265,198264,156,4.59
188463,187807,156,4.59
185810,185154,156,4.59
185810,185809,156,4.59
197610,196954,156,4.59
202250,201594,156,4.59
196300,196299,156,4.59
191052,190396,156,4.59
186466,185809,156,4.59
197611,196954,156,4.59
191053,190396,156,4.59
219979,219324,156,4.59
219979,220636,156,4.59
206196,205541,156,4.59
220634,221291,156,4.59
195644,196299,156,4.59
199622,200279,156,4.59
204825,204824,156,2.93
228484,228483,156,2.93
217300,217299,156,2.93
225852,226508,156,2.93
229796,229795,156,2.93
226496,227152,156,2.93
221236,221235,156,2.93
226512,227168,156,2.93
197661,197006,156,14.29
197661,198318,156,14.29
197661,197662,156,14.29
221940,222596,156,4.59
198921,198264,156,4.59
185162,184506,156,8.63
226513,227168,156,2.93
205539,204884,156,4.59
225851,226508,156,2.93
214018,214673,156,2.93
220580,221235,156,2.93
210078,210733,156,2.93
226494,227150,156,2.93
202249,201594,156,4.59
217956,217299,156,2.93
221939,222596,156,4.59
185160,184505,156,8.63
232425,233081,157,10.99
185830,185174,157,10.99
185833,185177,157,10.99
231119,231775,157,10.99
228499,228500,157,10.99
185836,185180,157,10.99
230466,231122,157,10.99
230466,230467,157,10.99
232423,233079,157,10.99
185834,185177,157,10.99
193017,193016,157,9.62
229810,230467,157,10.99
185829,185174,157,10.99
230465,231122,157,10.99
225875,225876,157,10.99
226531,225876,157,10.99
232424,233081,157,10.99
232424,233079,157,10.99
185835,185180,157,10.99
227843,228500,157,10.99
194986,195641,157,9.62
191050,190393,157,9.62
224559,224560,157,4.59
198972,199628,157,4.59
198972,198973,157,4.59
221287,221943,157,4.59
221288,221944,157,4.59
189088,189087,157,4.59
187121,187120,157,4.59
221289,221945,157,4.59
204882,204226,157,4.59
193068,193069,157,4.59
201592,200936,157,4.59
191755,191100,157,4.59
187777,187120,157,4.59
222593,223250,157,4.59
201591,200936,157,4.59
222594,223250,157,4.59
225215,224560,157,4.59
223205,223204,157,2.93
227158,227814,157,2.93
198971,199628,157,4.59
226493,227149,157,2.93
185162,184507,157,8.63
204881,204226,157,4.59
222549,223204,157,2.93
231120,231776,158,10.99
185831,185175,158,10.99
185172,184516,158,10.99
232422,233078,158,10.99
185832,185176,158,10.99
229155,229156,158,10.99
185837,185181,158,10.99
186494,186495,158,10.99
232425,233082,158,10.99
185830,185175,158,10.99
185833,185176,158,10.99
231119,231776,158,10.99
231119,231774,158,10.99
228499,229156,158,10.99
185169,184513,158,9.62
185836,185181,158,10.99
192361,192360,158,9.62
230466,231123,158,10.99
232423,233078,158,10.99
193017,192360,158,9.62
193017,193672,158,9.62
225875,225220,158,10.99
184503,183847,158,8.63
190443,190444,158,4.59
200886,200885,158,4.59
188432,188431,158,4.59
189786,189130,158,4.59
223248,223904,158,4.59
204224,203568,158,4.59
202909,202253,158,4.59
227188,227189,158,10.99
225219,225220,158,10.99
202908,202253,158,4.59
223247,223904,158,4.59
189785,189130,158,4.59
189121,188466,158,4.59
227159,227815,158,2.93
212704,212703,158,2.93
193673,193672,158,9.62
225834,226490,158,2.93
215332,215331,158,2.93
227157,227813,158,2.93
225854,226510,158,2.93
219267,219266,158,2.93
208108,208107,158,2.93
204223,203568,158,4.59
212048,212703,158,2.93
225855,226510,158,2.93
214676,215331,158,2.93
225835,226490,158,2.93
189122,188466,158,4.59
207452,208107,158,2.93
189123,188467,158,4.59
229811,229812,159,10.99
195694,195039,159,14.29
195694,196351,159,14.29
195694,195695,159,14.29
185838,185182,159,10.99
185838,185839,159,10.99
197006,196351,159,14.29
197006,197663,159,14.29
197006,197007,159,14.29
185179,184523,159,10.99
233080,233736,159,10.99
195038,194383,159,14.29
195038,195695,159,14.29
195038,195039,159,14.29
194382,193726,159,14.29
194382,193727,159,14.29
194382,195039,159,14.29
194382,194383,159,14.29
185178,184522,159,10.99
185173,184517,159,10.99
196350,195695,159,14.29
196350,197007,159,14.29
196350,196351,159,14.29
231121,231777,159,10.99
194329,194328,159,9.62
190395,189739,159,9.62
184502,183846,159,8.63
231120,231777,159,10.99
185172,184517,159,10.99
185172,184515,159,10.99
191705,191704,159,9.62
232422,233077,159,10.99
229155,229812,159,10.99
185170,184514,159,9.62
185837,185182,159,10.99
186494,185839,159,10.99
186494,187151,159,10.99
185169,184514,159,9.62
185169,184512,159,9.62
192361,191704,159,9.62
227844,227845,159,10.99
184503,183848,159,8.63
184503,183846,159,8.63
202251,201595,159,4.59
189743,189742,159,4.59
206197,206198,159,4.59
199624,200280,159,4.59
188464,187808,159,4.59
197609,196953,159,4.59
197609,197608,159,4.59
190398,189742,159,4.59
227188,226533,159,10.99
227188,227845,159,10.99
189126,188470,159,4.59
189127,188471,159,4.59
189128,188472,159,4.59
220635,221292,159,4.59
199623,200280,159,4.59
225219,224564,159,10.99
206853,206198,159,4.59
206853,207510,159,4.59
219323,218668,159,4.59
190399,189742,159,4.59
198265,197608,159,4.59
188463,187808,159,4.59
185810,185153,159,4.59
197610,196953,159,4.59
202250,201595,159,4.59
226498,227154,159,2.93
230452,230451,159,2.93
225175,225831,159,2.93
226506,227162,159,2.93
219923,219922,159,2.93
209421,209420,159,2.93
193673,194328,159,9.62
221941,222597,159,4.59
226532,226533,159,10.99
200231,199574,159,4.59
226499,227154,159,2.93
221940,222597,159,4.59
208765,209420,159,2.93
205482,206137,159,2.93
213361,214016,159,2.93
225176,225831,159,2.93
226505,227162,159,2.93
184504,183848,159,8.63
218611,218610,159,2.93
228500,228501,160,10.99
185174,184518,160,10.99
230467,230468,160,10.99
231122,231778,160,10.99
185180,184524,160,10.99
233079,233735,160,10.99
185177,184521,160,10.99
229811,230468,160,10.99
191049,191048,160,9.62
185838,185183,160,10.99
184501,183845,160,8.63
184501,184500,160,8.63
190394,189738,160,9.62
185179,184524,160,10.99
233080,233737,160,10.99
233080,233735,160,10.99
185178,184521,160,10.99
185173,184518,160,10.99
231121,231778,160,10.99
194985,194984,160,9.62
194329,194984,160,9.62
190395,189740,160,9.62
190395,189738,160,9.62
184502,183845,160,8.63
191705,191048,160,9.62
227844,228501,160,10.99
204883,204227,160,4.59
222595,223251,160,4.59
219980,219981,160,4.59
186465,186464,160,4.59
221290,221946,160,4.59
198920,198919,160,4.59
201593,200937,160,4.59
190397,189741,160,4.59
198972,199629,160,4.59
187121,186464,160,4.59
199576,198919,160,4.59
221289,221946,160,4.59
204882,204227,160,4.59
193068,192413,160,4.59
226497,227153,160,2.93
216644,216643,160,2.93
205481,205480,160,2.93
226511,227167,160,2.93
221892,221891,160,2.93
185822,185166,160,2.93
201592,200937,160,4.59
184506,183850,160,8.63
230461,231117,160,2.93
195643,196298,160,4.59
222594,223251,160,4.59
195642,196298,160,4.59
226532,225877,160,10.99
204825,205480,160,2.93
228484,227827,160,2.93
217300,216643,160,2.93
225852,226509,160,2.93
226496,227153,160,2.93
221236,221891,160,2.93
226512,227167,160,2.93
184504,183849,160,8.63
225876,225877,160,10.99
225853,226509,160,2.93
184505,183849,160,8.63
185176,184520,161,10.99
229156,229157,161,10.99
185181,184525,161,10.99
227189,227190,161,10.99
231776,232432,161,10.99
185175,184519,161,10.99
186495,186496,161,10.99
184516,183860,161,10.99
225220,225221,161,10.99
233078,233734,161,10.99
231123,231779,161,10.99
231123,231124,161,10.99
228500,229157,161,10.99
185174,184519,161,10.99
190393,189737,161,9.62
190393,190392,161,9.62
193016,193015,161,9.62
230467,231124,161,10.99
231122,231779,161,10.99
185180,184525,161,10.99
189087,189086,161,9.62
233079,233734,161,10.99
185177,184520,161,10.99
191049,190392,161,9.62
184501,183844,161,8.63
190394,189737,161,9.62
194985,195640,161,9.62
199626,200282,161,4.59
187776,187775,161,4.59
204225,203569,161,4.59
223249,223905,161,4.59
202910,202254,161,4.59
202910,202911,161,4.59
199625,200281,161,4.59
191756,191757,161,4.59
189787,189131,161,4.59
189787,189788,161,4.59
190443,189788,161,4.59
200886,200229,161,4.59
200886,201541,161,4.59
188432,187775,161,4.59
189786,189131,161,4.59
223248,223905,161,4.59
204224,203569,161,4.59
202909,202254,161,4.59
206795,206794,161,2.93
223861,223860,161,2.93
212047,212046,161,2.93
202854,202853,161,2.93
203566,202911,161,4.59
184506,183851,161,8.63
199627,200283,161,4.59
223205,223860,161,2.93
206139,206794,161,2.93
200230,200229,161,4.59
211391,212046,161,2.93
189124,188468,161,4.59
226492,227148,161,2.93
226493,227148,161,2.93
225876,225221,161,10.99
185820,185164,161,2.93
189123,188468,161,4.59
184522,183866,162,10.99
229812,229813,162,10.99
197007,196352,162,14.29
197007,197664,162,14.29
197007,197008,162,14.29
193727,193071,162,14.29
193727,193072,162,14.29
193727,193070,162,14.29
193727,194384,162,14.29
193727,193728,162,14.29
184523,183867,162,10.99
233077,233733,162,10.99
233077,233076,162,10.99
188472,187816,162,10.99
188472,188473,162,10.99
226533,226534,162,10.99
184517,183861,162,10.99
224564,223908,162,10.99
224564,224565,162,10.99
194383,193728,162,14.29
194383,195040,162,14.29
194383,194384,162,14.29
233736,234392,162,10.99
185182,184526,162,10.99
195039,194384,162,14.29
195039,195696,162,14.29
195039,195040,162,14.29
188471,187815,162,10.99
231777,232433,162,10.99
196351,195696,162,14.29
196351,197008,162,14.29
196351,196352,162,14.29
195695,195040,162,14.29
195695,196352,162,14.29
195695,195696,162,14.29
229156,229813,162,10.99
185181,184526,162,10.99
227189,226534,162,10.99
227189,227846,162,10.99
231776,232433,162,10.99
231776,232431,162,10.99
186495,185840,162,10.99
186495,187152,162,10.99
184516,183861,162,10.99
184516,183859,162,10.99
225220,224565,162,10.99
233078,233733,162,10.99
192360,192359,162,9.62
231123,231780,162,10.99
190393,189736,162,9.62
193016,192359,162,9.62
193016,193671,162,9.62
189087,188430,162,9.62
185839,185840,162,10.99
188465,187809,162,4.59
185155,184499,162,4.59
224562,223906,162,4.59
202252,201596,162,4.59
189129,188473,162,4.59
202251,201596,162,4.59
206197,205542,162,4.59
188464,187809,162,4.59
197609,196952,162,4.59
227160,227816,162,2.93
227170,227826,162,2.93
193672,193671,162,9.62
225833,226489,162,2.93
231108,231764,162,2.93
231108,231107,162,2.93
231116,231772,162,2.93
227156,227812,162,2.93
189126,188469,162,4.59
189128,188473,162,4.59
227845,227846,162,10.99
221942,222598,162,4.59
189125,188469,162,4.59
227159,227816,162,2.93
212704,213359,162,2.93
225834,226489,162,2.93
215332,215987,162,2.93
221941,222598,162,4.59
203511,204166,162,2.93
227157,227812,162,2.93
183847,183191,162,8.63
208108,208763,162,2.93
184521,183865,163,10.99
225877,225878,163,10.99
184518,183862,163,10.99
231778,232434,163,10.99
184524,183868,163,10.99
233735,234391,163,10.99
230468,230469,163,10.99
184522,183865,163,10.99
184514,183858,163,9.62
229812,230469,163,10.99
183846,183190,163,8.63
184523,183868,163,10.99
233077,232420,163,10.99
233077,233732,163,10.99
188472,187817,163,10.99
226533,225878,163,10.99
184517,183862,163,10.99
224564,223909,163,10.99
224564,223907,163,10.99
233736,234393,163,10.99
233736,234391,163,10.99
185182,184527,163,10.99
188471,187814,163,10.99
231777,232434,163,10.99
189739,189083,163,9.62
194328,194327,163,9.62
191704,191703,163,9.62
192360,191703,163,9.62
220636,220637,163,4.59
201594,200938,163,4.59
206854,206855,163,4.59
219324,219325,163,4.59
222596,223252,163,4.59
221291,221947,163,4.59
198318,198974,163,4.59
198318,198319,163,4.59
204884,204228,163,4.59
204884,204885,163,4.59
185839,185184,163,10.99
185809,185808,163,4.59
185154,184498,163,4.59
205541,204885,163,4.59
204883,204228,163,4.59
222595,223252,163,4.59
205540,204885,163,4.59
219980,219325,163,4.59
219980,220637,163,4.59
186465,185808,163,4.59
221290,221947,163,4.59
198317,198974,163,4.59
198920,198263,163,4.59
201593,200938,163,4.59
214674,215330,163,2.93
220579,220578,163,2.93
210077,210076,163,2.93
204167,204823,163,2.93
228501,228502,163,10.99
225174,225830,163,2.93
225174,225173,163,2.93
226507,227163,163,2.93
203510,203509,163,2.93
227169,227825,163,2.93
202198,202197,163,2.93
193672,194327,163,9.62
183848,183192,163,8.63
214675,215330,163,2.93
227845,228502,163,10.99
224518,225173,163,2.93
225175,225830,163,2.93
226506,227163,163,2.93
219923,220578,163,2.93
209421,210076,163,2.93
217955,217954,163,2.93
183847,183192,163,8.63
183847,183190,163,8.63
198264,198263,163,4.59
195642,196297,163,4.59
224563,223907,163,4.59
218611,217954,163,2.93
184519,183863,164,10.99
229157,229158,164,10.99
225221,225222,164,10.99
184525,183869,164,10.99
233734,234390,164,10.99
231124,231125,164,10.99
184520,183864,164,10.99
231779,232435,164,10.99
227190,227191,164,10.99
184521,183864,164,10.99
191048,191047,164,9.62
194984,194983,164,9.62
189740,189084,164,9.62
225877,225222,164,10.99
184518,183863,164,10.99
189738,189082,164,9.62
231778,232435,164,10.99
184524,183869,164,10.99
233735,234390,164,10.99
183845,183189,164,8.63
230468,231125,164,10.99
184514,183857,164,9.62
183846,183189,164,8.63
189131,188475,164,10.99
189131,189132,164,10.99
189739,189084,164,9.62
189739,189082,164,9.62
194328,194983,164,9.62
191704,191047,164,9.62
221945,222601,164,4.59
199628,200284,164,4.59
187120,187119,164,4.59
204226,203570,164,4.59
191100,191101,164,4.59
221944,222600,164,4.59
221943,222599,164,4.59
183850,183194,164,8.63
187776,187119,164,4.59
204225,203570,164,4.59
202910,202255,164,4.59
191756,191101,164,4.59
189787,189132,164,4.59
222548,222547,164,2.93
231771,232427,164,2.93
211390,211389,164,2.93
183849,183193,164,8.63
228501,229158,164,10.99
199575,198918,164,4.59
205481,206136,164,2.93
226511,227166,164,2.93
210734,211389,164,2.93
221892,222547,164,2.93
185822,185165,164,2.93
183848,183193,164,8.63
199627,200284,164,4.59
200230,199573,164,4.59
227846,227847,165,10.99
196352,195697,165,14.29
196352,197009,165,14.29
196352,196353,165,14.29
233733,234389,165,10.99
183861,183205,165,10.99
229813,229814,165,10.99
183867,183211,165,10.99
234392,235048,165,10.99
194384,193729,165,14.29
194384,195041,165,14.29
194384,194385,165,14.29
193728,193073,165,14.29
193728,194385,165,14.29
193728,193729,165,14.29
224565,224566,165,10.99
183866,183210,165,10.99
188473,188474,165,10.99
231780,232436,165,10.99
231780,231781,165,10.99
187816,187160,165,10.99
232433,233089,165,10.99
226534,226535,165,10.99
195696,195041,165,14.29
195696,196353,165,14.29
195696,195697,165,14.29
195040,194385,165,14.29
195040,195697,165,14.29
195040,195041,165,14.29
187815,187159,165,10.99
189737,189081,165,9.62
193015,193014,165,9.62
183860,183204,165,9.62
195640,196296,165,9.62
195640,195639,165,9.62
229157,229814,165,10.99
225221,224566,165,10.99
190392,190391,165,9.62
202853,202852,165,8.63
184525,183870,165,10.99
201541,201540,165,8.63
233734,234389,165,10.99
231124,231781,165,10.99
231779,232436,165,10.99
227190,226535,165,10.99
227190,227847,165,10.99
191048,190391,165,9.62
194984,195639,165,9.62
189740,189085,165,9.62
189738,189081,165,9.62
183845,183188,165,8.63
189086,189085,165,9.62
189131,188476,165,10.99
189131,188474,165,10.99
183851,183195,165,8.63
183851,183852,165,8.63
202253,201597,165,4.59
188467,187811,165,4.59
200885,200884,165,4.59
190444,190445,165,4.59
203568,202912,165,4.59
183850,183195,165,8.63
189130,188474,165,4.59
188465,187810,165,4.59
202252,201597,165,4.59
185167,184511,165,2.93
207451,207450,165,2.93
224517,224516,165,2.93
189129,188474,165,4.59
226491,227147,165,2.93
206795,207450,165,2.93
223861,224516,165,2.93
212047,212702,165,2.93
203567,202912,165,4.59
188466,187810,165,4.59
226492,227147,165,2.93
230469,230470,166,10.99
187817,187161,166,10.99
187817,187818,166,10.99
234391,235047,166,10.99
225878,225879,166,10.99
232434,233090,166,10.99
183862,183206,166,10.99
183865,183209,166,10.99
183868,183212,166,10.99
227846,228503,166,10.99
233733,234388,166,10.99
183861,183206,166,10.99
229813,230470,166,10.99
183867,183212,166,10.99
187814,187158,166,10.99
187814,187813,166,10.99
234392,235049,166,10.99
234392,235047,166,10.99
189736,189080,166,9.62
189736,189735,166,9.62
224565,223910,166,10.99
183866,183209,166,10.99
188473,187818,166,10.99
231780,232437,166,10.99
192359,192358,166,9.62
187816,187161,166,10.99
183859,183203,166,9.62
232433,233090,166,10.99
232433,233088,166,10.99
226534,225879,166,10.99
187815,187158,166,10.99
189737,189080,166,9.62
193015,192358,166,9.62
193015,193670,166,9.62
183860,183203,166,9.62
195640,196295,166,9.62
190392,189735,166,9.62
202853,202196,166,8.63
202853,203508,166,8.63
188430,187774,166,9.62
188430,188429,166,9.62
201541,202196,166,8.63
189086,188429,166,9.62
207510,208166,166,4.59
207510,207511,166,4.59
206198,206199,166,4.59
218668,218669,166,4.59
222597,223253,166,4.59
221292,221948,166,4.59
221292,221293,166,4.59
185153,184497,166,4.59
185153,185152,166,4.59
183851,183196,166,8.63
183851,184508,166,8.63
201595,200939,166,4.59
220636,221293,166,4.59
201594,200939,166,4.59
206854,206199,166,4.59
206854,207511,166,4.59
219324,218669,166,4.59
222596,223253,166,4.59
221291,221948,166,4.59
198318,198975,166,4.59
204884,204229,166,4.59
185809,185152,166,4.59
185154,184497,166,4.59
205541,204886,166,4.59
229139,229138,166,2.93
227161,227817,166,2.93
227155,227811,166,2.93
193671,193670,166,9.62
225832,226488,166,2.93
183191,182535,166,8.63
197608,197607,166,4.59
227151,227807,166,2.93
227160,227817,166,2.93
225833,226488,166,2.93
231108,231763,166,2.93
231116,231773,166,2.93
227156,227811,166,2.93
228502,228503,166,10.99
198264,197607,166,4.59
234390,235046,167,10.99
232435,233091,167,10.99
189132,189133,167,10.99
231125,231126,167,10.99
183864,183208,167,10.99
225222,225223,167,10.99
183863,183207,167,10.99
230469,231126,167,10.99
187817,187162,167,10.99
183858,183202,167,9.62
194327,194326,167,9.62
189083,188427,167,9.62
227191,227192,167,10.99
191703,191702,167,9.62
234391,235046,167,10.99
225878,225223,167,10.99
183192,182536,167,8.63
232434,233091,167,10.99
183862,183207,167,10.99
183865,183208,167,10.99
183868,183213,167,10.99
187814,187157,167,10.99
189736,189079,167,9.62
192359,191702,167,9.62
183859,183202,167,9.62
188430,187773,167,9.62
204227,203571,167,4.59
186464,186463,167,4.59
199629,200285,167,4.59
199629,199630,167,4.59
221946,222602,167,4.59
219981,219982,167,4.59
192413,192414,167,4.59
229158,229159,167,10.99
183869,183213,167,10.99
221945,222602,167,4.59
199628,200285,167,4.59
187120,186463,167,4.59
204226,203571,167,4.59
193069,192414,167,4.59
198973,199630,167,4.59
188475,187819,167,10.99
228483,228482,167,2.93
227152,227808,167,2.93
214673,215329,167,2.93
214673,214672,167,2.93
227168,227824,167,2.93
210733,210732,167,2.93
229795,229794,167,2.93
193671,194326,167,9.62
226508,227164,167,2.93
217299,217298,167,2.93
221235,221234,167,2.93
183191,182536,167,8.63
183191,182534,167,8.63
214674,215329,167,2.93
220579,221234,167,2.93
210077,210732,167,2.93
214017,214672,167,2.93
204167,204822,167,2.93
225174,225829,167,2.93
226507,227164,167,2.93
203510,204165,167,2.93
227169,227824,167,2.93
227150,227806,167,2.93
228502,229159,167,10.99
217955,217298,167,2.93
229814,229815,168,10.99
196353,195698,168,14.29
196353,197010,168,14.29
196353,196354,168,14.29
187160,186504,168,10.99
224566,224567,168,10.99
195041,194386,168,14.29
195041,195698,168,14.29
195041,195042,168,14.29
195697,195042,168,14.29
195697,196354,168,14.29
195697,195698,168,14.29
183211,182555,168,10.99
232436,233092,168,10.99
234389,235045,168,10.99
183210,182554,168,10.99
231781,231782,168,10.99
194385,193730,168,14.29
194385,195042,168,14.29
194385,194386,168,14.29
183205,182549,168,10.99
234390,235045,168,10.99
232435,233092,168,10.99
183193,182537,168,8.63
189132,188477,168,10.99
189132,189789,168,10.99
189084,188428,168,9.62
226535,226536,168,10.99
231125,231782,168,10.99
194983,194982,168,9.62
189082,188426,168,9.62
225222,224567,168,10.99
183858,183201,168,9.62
194327,194982,168,9.62
189083,188428,168,9.62
189083,188426,168,9.62
227191,226536,168,10.99
227191,227848,168,10.99
191703,191046,168,9.62
183194,182538,168,8.63
183192,182537,168,8.63
188476,187820,168,10.99
188476,188477,168,10.99
227847,227848,168,10.99
200229,200228,168,4.59
202254,201598,168,4.59
189788,189789,168,4.59
203569,202913,168,4.59
191757,191758,168,4.59
186496,186497,168,4.59
188468,187812,168,4.59
187159,186503,168,10.99
229158,229815,168,10.99
235048,235704,168,10.99
202253,201598,168,4.59
188467,187812,168,4.59
200885,200228,168,4.59
190444,189789,168,4.59
183869,183214,168,10.99
203568,202913,168,4.59
227814,228470,168,2.93
227149,227805,168,2.93
188475,187820,168,10.99
222548,223203,168,2.93
231771,232428,168,2.93
211390,212045,168,2.93
223204,223203,168,2.93
223910,223254,169,10.99
223910,223911,169,10.99
233090,233746,169,10.99
187161,186505,169,10.99
183206,182550,169,10.99
187158,186502,169,10.99
183209,182553,169,10.99
230470,230471,169,10.99
183204,182548,169,9.62
229814,230471,169,10.99
187160,186505,169,10.99
224566,223911,169,10.99
183211,182556,169,10.99
232436,233093,169,10.99
189081,188425,169,9.62
183195,182539,169,8.63
234389,235044,169,10.99
195639,195638,169,9.62
183210,182553,169,10.99
231781,232438,169,10.99
225879,225880,169,10.99
202852,202851,169,8.63
183205,182550,169,10.99
183205,182548,169,10.99
226535,225880,169,10.99
194983,195638,169,9.62
189082,188425,169,9.62
183194,182539,169,8.63
188476,187821,169,10.99
197664,198320,169,4.59
197664,197665,169,4.59
193071,192415,169,4.59
235047,235703,169,10.99
193072,192416,169,4.59
222598,223254,169,4.59
196952,196951,169,4.59
184499,183843,169,4.59
187152,187153,169,4.59
227847,228504,169,10.99
201596,200940,169,4.59
205542,205543,169,4.59
183212,182556,169,10.99
187809,187153,169,4.59
187159,186502,169,10.99
207510,208167,169,4.59
206198,205543,169,4.59
235048,235705,169,10.99
235048,235703,169,10.99
222597,223254,169,4.59
221292,221949,169,4.59
185153,184496,169,4.59
187808,187153,169,4.59
201595,200940,169,4.59
233082,233738,169,2.93
233082,233083,169,2.93
208107,208106,169,2.93
227813,228469,169,2.93
219266,219265,169,2.93
231774,232430,169,2.93
227815,228471,169,2.93
226490,227146,169,2.93
199574,198917,169,4.59
197608,196951,169,4.59
185167,184510,169,2.93
207451,208106,169,2.93
224517,225172,169,2.93
185840,185841,169,4.59
226491,227146,169,2.93
197663,198320,169,4.59
193014,193013,169,9.62
189133,189134,170,10.99
187157,186501,170,10.99
187157,187156,170,10.99
187162,186506,170,10.99
187162,187163,170,10.99
233091,233747,170,10.99
183213,182557,170,10.99
187819,187163,170,10.99
227192,227193,170,10.99
183207,182551,170,10.99
231126,231127,170,10.99
183208,182552,170,10.99
187818,187163,170,10.99
202196,202195,170,8.63
183203,182547,170,9.62
223910,223255,170,10.99
233090,233747,170,10.99
233090,233745,170,10.99
183196,182540,170,8.63
183196,183197,170,8.63
187161,186506,170,10.99
183206,182551,170,10.99
187158,186501,170,10.99
183209,182552,170,10.99
203508,204164,170,8.63
203508,203507,170,8.63
230470,231127,170,10.99
225223,225224,170,10.99
183204,182547,170,9.62
189081,188424,170,9.62
183195,182540,170,8.63
195639,196294,170,9.62
225879,225224,170,10.99
202852,202195,170,8.63
202852,203507,170,8.63
184527,183871,170,4.59
184527,184528,170,4.59
206855,206856,170,4.59
219325,219326,170,4.59
184498,183842,170,4.59
187813,187156,170,10.99
221947,222603,170,4.59
185184,184528,170,4.59
185184,185185,170,4.59
204228,203572,170,4.59
185808,185807,170,4.59
220637,220638,170,4.59
235047,235702,170,10.99
183212,182557,170,10.99
235046,235702,170,10.99
204227,203572,170,4.59
186464,185807,170,4.59
199629,200286,170,4.59
221946,222603,170,4.59
219981,219326,170,4.59
219981,220638,170,4.59
209420,209419,170,2.93
198263,198262,170,4.59
218610,218609,170,2.93
193670,193669,170,9.62
225831,226487,170,2.93
230451,230450,170,2.93
206137,206793,170,2.93
227162,227818,170,2.93
227154,227810,170,2.93
214016,214015,170,2.93
184512,183856,170,2.93
198919,198262,170,4.59
227161,227818,170,2.93
227155,227810,170,2.93
225832,226487,170,2.93
208764,209419,170,2.93
213360,214015,170,2.93
206138,206793,170,2.93
219922,219921,170,2.93
185183,184528,170,4.59
193014,192357,170,9.62
193014,193669,170,9.62
182554,181898,171,10.99
226536,226537,171,10.99
233092,233748,171,10.99
235704,236360,171,10.99
188477,188478,171,10.99
195698,195043,171,14.29
195698,196355,171,14.29
195698,195699,171,14.29
195042,194387,171,14.29
195042,195699,171,14.29
195042,195043,171,14.29
196354,195699,171,14.29
196354,197011,171,14.29
196354,196355,171,14.29
189133,188478,171,10.99
189133,189790,171,10.99
187157,186500,171,10.99
187162,186507,171,10.99
233091,233748,171,10.99
183213,182558,171,10.99
187819,187164,171,10.99
227192,226537,171,10.99
227192,227849,171,10.99
188427,187771,171,9.62
182536,181880,171,8.63
224567,224568,171,10.99
231126,231783,171,10.99
202196,201539,171,8.63
183203,182546,171,9.62
183196,182541,171,8.63
183196,183853,171,8.63
188429,187772,171,9.62
203508,204163,171,8.63
225223,224568,171,10.99
194326,194325,171,9.62
191101,191102,171,4.59
187119,187118,171,4.59
222601,223257,171,4.59
183189,182533,171,4.59
222600,223256,171,4.59
202255,201599,171,4.59
202255,202256,171,4.59
182555,181899,171,10.99
199573,199572,171,4.59
203570,202914,171,4.59
187775,187118,171,4.59
200229,199572,171,4.59
202254,201599,171,4.59
203569,202914,171,4.59
191757,191102,171,4.59
235046,235701,171,10.99
205480,205479,171,2.93
226509,227165,171,2.93
216643,216642,171,2.93
227153,227809,171,2.93
221891,221890,171,2.93
227167,227823,171,2.93
187820,187164,171,10.99
193670,194325,171,9.62
186504,185848,171,10.99
235045,235701,171,10.99
186503,185847,171,10.99
204824,205479,171,2.93
227152,227809,171,2.93
214673,215328,171,2.93
227168,227823,171,2.93
210733,211388,171,2.93
226508,227165,171,2.93
217299,216642,171,2.93
221235,221890,171,2.93
202911,202256,171,4.59
186502,185846,172,10.99
182553,181897,172,10.99
235705,236361,172,10.99
235705,235706,172,10.99
182556,181900,172,10.99
235703,236359,172,10.99
225880,225881,172,10.99
233746,234402,172,10.99
182550,181894,172,10.99
186505,185849,172,10.99
223911,223912,172,10.99
182538,181882,172,8.63
182554,181897,172,10.99
226536,225881,172,10.99
233092,233749,172,10.99
235704,236361,172,10.99
235704,236359,172,10.99
188477,187822,172,10.99
182537,181881,172,8.63
182549,181893,172,9.62
188427,187770,172,9.62
187821,187165,172,10.99
187821,187822,172,10.99
182536,181881,172,8.63
182536,181879,172,8.63
224567,223912,172,10.99
194982,194981,172,9.62
194326,194981,172,9.62
200884,200883,172,4.59
201597,200941,172,4.59
187811,187155,172,4.59
190445,190446,172,4.59
183188,182532,172,4.59
183188,183187,172,4.59
187810,187154,172,4.59
193073,192417,172,4.59
193073,193074,172,4.59
182555,181900,172,10.99
197664,198321,172,4.59
193072,192417,172,4.59
201596,200941,172,4.59
205542,204887,172,4.59
223860,223859,172,2.93
227148,227804,172,2.93
187809,187154,172,4.59
187820,187165,172,10.99
186504,185849,172,10.99
235045,235700,172,10.99
186503,185846,172,10.99
227149,227804,172,2.93
223204,223859,172,2.93
225224,225225,173,10.99
182552,181896,173,10.99
235702,236358,173,10.99
227193,227194,173,10.99
186506,185850,173,10.99
182551,181895,173,10.99
189134,189135,173,10.99
186501,185845,173,10.99
233745,234401,173,10.99
233745,233744,173,10.99
182557,181901,173,10.99
202851,202850,173,8.63
186502,185845,173,10.99
182553,181896,173,10.99
235705,235050,173,10.99
235705,236362,173,10.99
182556,181901,173,10.99
235703,236358,173,10.99
225880,225225,173,10.99
233746,234403,173,10.99
233746,234401,173,10.99
182550,181895,173,10.99
182548,181892,173,9.62
186505,185850,173,10.99
182538,181883,173,8.63
182549,181892,173,9.62
187821,187166,173,10.99
207511,207512,173,4.59
218669,218670,173,4.59
204229,203573,173,4.59
204229,204230,173,4.59
221948,222604,173,4.59
185152,185151,173,4.59
204886,204230,173,4.59
198975,199631,173,4.59
198975,198976,173,4.59
184497,183841,173,4.59
206199,206200,173,4.59
194982,195637,173,9.62
221293,221294,173,4.59
184527,183872,173,4.59
197607,197606,173,4.59
206855,206200,173,4.59
206855,207512,173,4.59
219325,218670,173,4.59
184498,183841,173,4.59
221947,222604,173,4.59
198974,199631,173,4.59
185184,184529,173,4.59
204228,203573,173,4.59
185808,185151,173,4.59
220637,221294,173,4.59
204885,204230,173,4.59
215987,215986,173,2.93
227816,228472,173,2.93
227812,228468,173,2.93
231107,231106,173,2.93
232431,233087,173,2.93
182539,181883,173,8.63
213359,213358,173,2.93
198319,198976,173,4.59
198263,197606,173,4.59
226489,227145,173,2.93
233082,233739,173,2.93
208107,208762,173,2.93
227813,228468,173,2.93
231774,232429,173,2.93
215331,215986,173,2.93
212703,213358,173,2.93
227815,228472,173,2.93
226490,227145,173,2.93
208763,208762,173,2.93
233076,233075,173,2.93
186500,185844,174,10.99
186500,186499,174,10.99
226537,226538,174,10.99
185847,185191,174,10.99
185848,185192,174,10.99
186507,185851,174,10.99
186507,186508,174,10.99
188478,188479,174,10.99
236360,237016,174,10.99
235701,236357,174,10.99
195699,195044,174,14.29
195699,196356,174,14.29
195699,195700,174,14.29
225224,224569,174,10.99
187163,186508,174,10.99
204164,204820,174,8.63
235702,236357,174,10.99
227193,226538,174,10.99
227193,227850,174,10.99
186506,185851,174,10.99
203507,203506,174,8.63
187156,186499,174,10.99
189134,188479,174,10.99
189134,189791,174,10.99
186501,185844,174,10.99
202195,202194,174,8.63
183197,183198,174,8.63
233745,234400,174,10.99
182557,181902,174,10.99
202851,202194,174,8.63
202851,203506,174,8.63
182548,181891,174,9.62
203571,202915,174,4.59
219982,219983,174,4.59
181898,181242,174,10.99
186463,186462,174,4.59
222602,223258,174,4.59
187773,187117,174,4.59
224568,224569,174,10.99
182540,181884,174,8.63
187119,186462,174,4.59
198918,198261,174,4.59
222601,223258,174,4.59
202255,201600,174,4.59
199573,198916,174,4.59
203570,202915,174,4.59
227163,227819,174,2.93
187164,186508,174,10.99
227825,228481,174,2.93
217954,217953,174,2.93
232420,232419,174,2.93
233732,233731,174,2.93
220578,220577,174,2.93
210076,210075,174,2.93
234393,234394,174,2.93
182539,181884,174,8.63
225830,226486,174,2.93
209420,210075,174,2.93
218610,217953,174,2.93
225831,226486,174,2.93
206137,206792,174,2.93
227162,227819,174,2.93
214016,214671,174,2.93
184512,183855,174,2.93
181899,181243,174,10.99
219922,220577,174,2.93
181894,181238,175,10.99
236359,237015,175,10.99
181897,181241,175,10.99
181900,181244,175,10.99
187822,187823,175,10.99
225881,225882,175,10.99
185846,185190,175,10.99
186500,185843,175,10.99
226537,225882,175,10.99
185847,185190,175,10.99
185848,185193,175,10.99
182546,181890,175,8.63
182546,182545,175,8.63
186507,185852,175,10.99
188478,187823,175,10.99
236360,237017,175,10.99
236360,237015,175,10.99
181880,181224,175,8.63
235701,236356,175,10.99
204164,204821,175,8.63
204164,204819,175,8.63
187165,186509,175,10.99
192417,191761,175,10.99
192417,192418,175,10.99
203507,204162,175,8.63
202195,201538,175,8.63
183197,182542,175,8.63
183197,183854,175,8.63
181893,181237,175,10.99
200228,200227,175,4.59
197010,197666,175,4.59
202913,202257,175,4.59
183214,183215,175,4.59
191758,191759,175,4.59
193730,193731,175,4.59
201598,200942,175,4.59
182541,181885,175,8.63
182541,182542,175,8.63
181898,181241,175,10.99
224568,223913,175,10.99
200884,200227,175,4.59
201597,200942,175,4.59
183188,182531,175,4.59
183870,183215,175,4.59
197009,197666,175,4.59
204163,204819,175,8.63
204163,204162,175,8.63
193073,192418,175,4.59
182540,181885,175,8.63
222547,222546,175,2.93
185849,185193,175,10.99
185165,184509,175,2.93
227166,227822,175,2.93
206136,206135,175,2.93
187164,186509,175,10.99
205480,206135,175,2.93
221891,222546,175,2.93
227167,227822,175,2.93
186497,186498,175,4.59
181899,181244,175,10.99
185166,184509,175,2.93
202912,202257,175,4.59
187166,186510,176,10.99
187166,187167,176,10.99
181895,181239,176,10.99
185845,185189,176,10.99
225225,225226,176,10.99
236358,237014,176,10.99
181896,181240,176,10.99
181894,181239,176,10.99
236359,237014,176,10.99
181897,181240,176,10.99
181900,181245,176,10.99
187822,187167,176,10.99
181882,181226,176,8.63
225881,225226,176,10.99
181881,181225,176,8.63
185846,185189,176,10.99
182546,181889,176,8.63
181880,181225,176,8.63
181880,181223,176,8.63
187165,186510,176,10.99
192417,191762,176,10.99
192417,191760,176,10.99
181893,181236,176,10.99
185841,185842,176,4.59
221949,222605,176,4.59
221949,221950,176,4.59
208167,208823,176,4.59
208167,208168,176,4.59
184496,183840,176,4.59
184496,184495,176,4.59
205543,205544,176,4.59
192416,191760,176,4.59
185850,185194,176,10.99
182541,181886,176,8.63
196951,196950,176,4.59
207511,208168,176,4.59
218669,218014,176,4.59
204229,203574,176,4.59
221948,222605,176,4.59
196295,196950,176,4.59
185152,184495,176,4.59
208166,208823,176,4.59
204886,204231,176,4.59
198975,199632,176,4.59
184497,183840,176,4.59
206199,205544,176,4.59
227147,227803,176,2.93
224516,224515,176,2.93
207450,207449,176,2.93
233093,233094,176,4.59
190391,190390,176,2.93
204163,204818,176,8.63
185849,185194,176,10.99
221293,221950,176,4.59
197607,196950,176,4.59
212702,212701,176,2.93
212046,212701,176,2.93
206794,207449,176,2.93
223860,224515,176,2.93
227148,227803,176,2.93
185191,184535,177,10.99
226538,226539,177,10.99
185844,185188,177,10.99
224569,224570,177,10.99
236357,237013,177,10.99
185192,184536,177,10.99
185851,185195,177,10.99
202850,202849,177,8.63
187166,186511,177,10.99
181883,181227,177,8.63
185845,185188,177,10.99
225225,224570,177,10.99
236358,237013,177,10.99
181882,181227,177,8.63
203572,202916,177,4.59
222603,223259,177,4.59
200286,200287,177,4.59
219326,219327,177,4.59
185807,185806,177,4.59
206856,206857,177,4.59
183842,183186,177,4.59
185850,185195,177,10.99
220638,220639,177,4.59
203571,202916,177,4.59
219982,219327,177,4.59
219982,220639,177,4.59
199630,200287,177,4.59
186463,185806,177,4.59
222602,223259,177,4.59
187773,187116,177,4.59
227817,228473,177,2.93
229138,229137,177,2.93
185185,185186,177,4.59
231763,231762,177,2.93
227811,228467,177,2.93
188479,188480,177,10.99
189735,189734,177,2.93
234388,234387,177,2.93
226488,227144,177,2.93
181242,180586,177,10.99
227816,228473,177,2.93
227812,228467,177,2.93
231107,231762,177,2.93
232431,233086,177,2.93
213359,214014,177,2.93
226489,227144,177,2.93
227807,228463,177,2.93
208763,209418,177,2.93
185193,184537,178,10.99
225882,225883,178,10.99
191761,191105,178,10.99
192418,192419,178,10.99
185843,185187,178,10.99
237015,237671,178,10.99
181237,180581,178,10.99
185190,184534,178,10.99
181884,181228,178,8.63
185191,184534,178,10.99
226538,225883,178,10.99
226538,227195,178,10.99
181241,180585,178,10.99
185844,185187,178,10.99
224569,223914,178,10.99
183198,183199,178,8.63
236357,237012,178,10.99
185192,184537,178,10.99
186509,185853,178,10.99
185851,185196,178,10.99
202850,202193,178,8.63
202850,203505,178,8.63
181883,181228,178,8.63
202914,202258,178,4.59
187771,187115,178,4.59
197011,197667,178,4.59
197011,197012,178,4.59
182558,182559,178,4.59
199572,199571,178,4.59
201599,200943,178,4.59
194387,194388,178,4.59
187823,187824,178,10.99
182533,181877,178,4.59
185852,185196,178,10.99
185852,185853,178,10.99
233748,234404,178,4.59
203506,203505,178,8.63
200228,199571,178,4.59
197010,197667,178,4.59
202913,202258,178,4.59
183214,182559,178,4.59
191758,191103,178,4.59
204820,205476,178,8.63
193730,193075,178,4.59
201598,200943,178,4.59
227806,228462,178,2.93
227824,228480,178,2.93
215329,215985,178,2.93
191702,191701,178,2.93
229794,229793,178,2.93
182534,181878,178,2.93
217298,217297,178,2.93
225829,226485,178,2.93
225829,225828,178,2.93
210732,210731,178,2.93
189079,188423,178,2.93
189079,189078,178,2.93
221234,221233,178,2.93
204822,205478,178,2.93
186508,185853,178,10.99
188479,187824,178,10.99
188479,189136,178,10.99
204823,205478,178,2.93
227163,227820,178,2.93
227825,228480,178,2.93
227808,228464,178,2.93
217954,217297,178,2.93
225173,225828,178,2.93
220578,221233,178,2.93
181242,180587,178,10.99
181242,180585,178,10.99
210076,210731,178,2.93
181238,180582,178,10.99
191102,191103,178,4.59
225830,226485,178,2.93
215330,215985,178,2.93
227164,227820,178,2.93
229159,229160,178,2.93
185194,184538,179,10.99
185189,184533,179,10.99
225226,225227,179,10.99
191762,191106,179,10.99
191762,191763,179,10.99
237014,237670,179,10.99
187167,187168,179,10.99
182545,182544,179,8.63
185193,184538,179,10.99
225882,225227,179,10.99
181885,181229,179,8.63
191761,191106,179,10.99
191761,191104,179,10.99
192418,191763,179,10.99
181224,180568,179,8.63
204162,204161,179,8.63
204821,205477,179,8.63
237015,237672,179,10.99
237015,237670,179,10.99
181237,180580,179,10.99
185190,184533,179,10.99
181884,181229,179,8.63
181241,180584,179,10.99
183198,182543,179,8.63
186509,185854,179,10.99
181890,181234,179,8.63
198321,198977,179,4.59
198321,198322,179,4.59
204887,204888,179,4.59
200883,200882,179,4.59
181240,180584,179,10.99
182542,182543,179,8.63
221949,222606,179,4.59
208167,208824,179,4.59
197665,198322,179,4.59
187823,187168,179,10.99
184496,183839,179,4.59
185852,185197,179,10.99
205543,204888,179,4.59
203506,204161,179,8.63
191046,191045,179,2.93
232428,233084,179,2.93
183201,183200,179,2.93
227805,228461,179,2.93
223203,223202,179,2.93
228470,229126,179,2.93
204820,205477,179,8.63
204820,205475,179,8.63
181239,180583,179,10.99
182532,181876,179,4.59
186510,185854,179,10.99
234402,235058,179,4.59
212045,212044,179,2.93
233093,233750,179,4.59
190446,190447,179,4.59
222547,223202,179,2.93
232427,233084,179,2.93
183857,183200,179,2.93
227166,227821,179,2.93
206136,206791,179,2.93
211389,212044,179,2.93
229815,229816,179,2.93
181238,180583,179,10.99
233749,234405,179,4.59
233749,233750,179,4.59
198917,198260,179,4.59
198320,198977,179,4.59
185188,184532,180,10.99
188480,188481,180,10.99
184536,183880,180,10.99
184535,183879,180,10.99
186511,185855,180,10.99
186511,186512,180,10.99
185195,184539,180,10.99
224570,224571,180,10.99
185194,184539,180,10.99
185189,184532,180,10.99
181236,181235,180,8.63
181889,181233,180,8.63
181889,181888,180,8.63
225226,224571,180,10.99
191762,191107,180,10.99
237014,237669,180,10.99
187167,186512,180,10.99
181225,180569,180,8.63
182545,181888,180,8.63
181885,181230,180,8.63
181224,180569,180,8.63
181224,180567,180,8.63
204162,204817,180,8.63
218670,218671,180,4.59
222604,223260,180,4.59
203573,202917,180,4.59
181890,181235,180,8.63
181890,181233,180,8.63
197606,197605,180,4.59
221294,221295,180,4.59
206200,206201,180,4.59
207512,207513,180,4.59
181226,180570,180,8.63
185151,185150,180,4.59
198262,197605,180,4.59
203572,202917,180,4.59
183872,183216,180,4.59
183872,183873,180,4.59
222603,223260,180,4.59
183871,183216,180,4.59
182542,181887,180,8.63
219326,218671,180,4.59
184528,183873,180,4.59
185807,185150,180,4.59
206856,206201,180,4.59
206856,207513,180,4.59
183842,183185,180,4.59
193013,193012,180,2.93
227146,227802,180,2.93
228471,229127,180,2.93
232438,232439,180,2.93
228504,228505,180,2.93
188425,187769,180,2.93
225172,225171,180,2.93
235044,235043,180,2.93
183841,183185,180,4.59
219265,219264,180,2.93
228469,229125,180,2.93
208106,208105,180,2.93
220638,221295,180,4.59
181886,181230,180,8.63
181886,181887,180,8.63
185185,184530,180,4.59
186510,185855,180,10.99
227147,227802,180,2.93
224516,225171,180,2.93
207450,208105,180,2.93
230471,230472,180,2.93
234403,235059,180,4.59
212702,213357,180,2.93
184529,183873,180,4.59
184529,184530,180,4.59
180586,179930,180,14.29
180586,179931,180,14.29
180586,179929,180,14.29
180582,179926,181,10.99
185196,184540,181,10.99
184537,183881,181,10.99
192419,192420,181,10.99
184534,183878,181,10.99
180581,179925,181,10.99
185188,184531,181,10.99
188480,187825,181,10.99
188480,189137,181,10.99
184536,183881,181,10.99
184535,183878,181,10.99
186511,185856,181,10.99
185195,184540,181,10.99
224570,223915,181,10.99
181236,180579,181,8.63
181889,181232,181,8.63
202849,202848,181,8.63
195044,195045,181,4.59
202915,202259,181,4.59
181902,181246,181,4.59
181902,181903,181,4.59
189791,189792,181,4.59
186462,186461,181,4.59
198916,198915,181,4.59
187117,186461,181,4.59
195700,195701,181,4.59
196356,196357,181,4.59
181226,180571,181,8.63
219983,219984,181,4.59
202914,202259,181,4.59
180587,179932,181,14.29
180587,180588,181,14.29
187771,187114,181,4.59
197011,197668,181,4.59
182558,181903,181,4.59
199572,198915,181,4.59
201599,200944,181,4.59
194387,193732,181,4.59
219921,219920,181,2.93
227818,228474,181,2.93
201600,200944,181,4.59
201600,201601,181,4.59
230450,230449,181,2.93
218609,218608,181,2.93
192357,192356,181,2.93
188424,187768,181,2.93
227810,228466,181,2.93
181227,180571,181,8.63
196294,196293,181,2.93
181886,181231,181,8.63
227817,228474,181,2.93
231763,232418,181,2.93
227811,228466,181,2.93
233088,233743,181,2.93
187824,187825,181,10.99
226487,227143,181,2.93
231127,231128,181,2.93
187118,186461,181,4.59
180585,179928,181,14.29
226488,227143,181,2.93
193669,193668,181,2.93
202256,201601,181,4.59
184533,183877,182,14.29
184533,183876,182,14.29
180580,179924,182,10.99
225227,225228,182,10.99
184538,183882,182,10.99
185197,184541,182,10.99
185197,185198,182,10.99
191763,191764,182,10.99
180583,179927,182,10.99
191106,190450,182,10.99
185854,185198,182,10.99
180582,179927,182,10.99
203505,203504,182,8.63
205476,206132,182,8.63
185196,184541,182,10.99
184537,183882,182,10.99
192419,191764,182,10.99
192419,193076,182,10.99
184534,183877,182,10.99
180581,179924,182,10.99
180584,179927,182,14.29
182531,181875,182,4.59
182531,182530,182,4.59
201538,201537,182,4.59
202849,202192,182,8.63
202849,203504,182,8.63
200227,200226,182,4.59
198321,198978,182,4.59
204887,204232,182,4.59
200883,200226,182,4.59
194325,194324,182,2.93
216642,216641,182,2.93
215328,215984,182,2.93
215328,215327,182,2.93
221890,221889,182,2.93
227823,228479,182,2.93
187168,187169,182,10.99
181227,180572,182,8.63
211388,211387,182,2.93
183187,182530,182,4.59
181228,180572,182,8.63
227824,228479,182,2.93
215329,215984,182,2.93
217298,216641,182,2.93
225829,226484,182,2.93
214672,215327,182,2.93
210732,211387,182,2.93
189079,188422,182,2.93
221234,221889,182,2.93
182532,181875,182,4.59
231783,231784,182,2.93
227809,228465,182,2.93
187824,187169,182,10.99
234402,235057,182,4.59
227808,228465,182,2.93
185853,185198,182,10.99
233749,234406,182,4.59
184539,183883,183,10.99
179931,179275,183,14.29
179931,179276,183,14.29
179931,179274,183,14.29
191107,190451,183,10.99
191107,191108,183,10.99
186512,186513,183,10.99
179929,179273,183,14.29
179929,179274,183,14.29
179929,179272,183,14.29
179930,179274,183,14.29
179930,179275,183,14.29
179930,179273,183,14.29
185855,185199,183,10.99
183879,183223,183,10.99
183880,183224,183,10.99
181229,180573,183,8.63
180580,179923,183,10.99
204161,204160,183,8.63
225227,224572,183,10.99
225227,225884,183,10.99
181234,180578,183,8.63
184538,183883,183,10.99
185197,184542,183,10.99
191763,191108,183,10.99
191106,190451,183,10.99
191106,190449,183,10.99
185854,185199,183,10.99
203505,204160,183,8.63
205476,206133,183,8.63
205476,206131,183,8.63
188481,188482,183,10.99
205544,205545,183,4.59
204231,203575,183,4.59
199632,200288,183,4.59
199632,199633,183,4.59
208168,208169,183,4.59
203574,202918,183,4.59
203574,203575,183,4.59
183840,183184,183,4.59
221950,221951,183,4.59
222605,223261,183,4.59
218670,218015,183,4.59
222604,223261,183,4.59
203573,202918,183,4.59
204230,203575,183,4.59
197606,196949,183,4.59
221294,221951,183,4.59
199631,200288,183,4.59
206200,205545,183,4.59
207512,208169,183,4.59
223859,223858,183,2.93
227804,228460,183,2.93
235700,235699,183,2.93
184495,184494,183,4.59
235706,235707,183,2.93
194981,194980,183,2.93
185151,184494,183,4.59
181245,180589,183,4.59
205477,206133,183,8.63
183872,183217,183,4.59
198976,199633,183,4.59
180568,179912,183,8.63
196950,196949,183,4.59
187168,186513,183,10.99
183841,183184,183,4.59
191046,190389,183,2.93
232428,233085,183,2.93
227805,228460,183,2.93
223203,223858,183,2.93
181228,180573,183,8.63
212045,212700,183,2.93
234403,235060,183,4.59
184529,183874,183,4.59
218014,217358,183,4.59
218014,218015,183,4.59
183881,183225,184,10.99
179925,179269,184,10.99
183878,183222,184,14.29
183878,183221,184,14.29
179926,179270,184,14.29
179926,179271,184,14.29
179926,179269,184,14.29
179932,179277,184,14.29
179932,179933,184,14.29
184540,183884,184,10.99
185856,185200,184,10.99
185856,185857,184,10.99
184539,183884,184,10.99
204817,205473,184,8.63
204817,204816,184,8.63
191107,190452,184,10.99
186512,185857,184,10.99
180570,179914,184,8.63
185855,185200,184,10.99
183879,183222,184,10.99
183880,183225,184,10.99
181229,180574,184,8.63
204161,204816,184,8.63
181234,180577,184,8.63
188481,187826,184,10.99
188481,189138,184,10.99
202916,202260,184,4.59
206857,206858,184,4.59
195044,194389,184,4.59
202915,202260,184,4.59
181902,181247,184,4.59
189791,190448,184,4.59
186462,185805,184,4.59
198916,198259,184,4.59
187117,186460,184,4.59
196356,197013,184,4.59
187116,186460,184,4.59
228468,229124,184,2.93
179928,179271,184,14.29
208762,208761,184,2.93
235050,235051,184,2.93
195637,195636,184,2.93
236362,237018,184,2.93
236362,236363,184,2.93
185806,185805,184,4.59
233739,234395,184,2.93
233739,233740,184,2.93
219327,219328,184,4.59
227145,227801,184,2.93
228472,229128,184,2.93
219983,219328,184,4.59
219983,220640,184,4.59
220639,220640,184,4.59
205477,206134,184,8.63
201600,200945,184,4.59
231106,231105,184,2.93
180568,179913,184,8.63
180568,179911,184,8.63
227146,227801,184,2.93
228471,229128,184,2.93
232438,233095,184,2.93
228504,229161,184,2.93
225172,225827,184,2.93
228469,229124,184,2.93
233083,233740,184,2.93
208106,208761,184,2.93
181233,180577,184,8.63
233738,234395,184,2.93
180569,179913,184,8.63
187825,187826,184,10.99
181230,180574,184,8.63
198261,197604,184,4.59
233075,233074,184,2.93
183882,183226,185,10.99
184541,183885,185,10.99
187169,187170,185,10.99
191764,191765,185,10.99
183881,183226,185,10.99
179924,179268,185,10.99
179925,179268,185,10.99
180571,179915,185,8.63
184540,183885,185,10.99
202848,202847,185,8.63
185856,185201,185,10.99
204817,205474,185,8.63
204817,205472,185,8.63
180570,179915,185,8.63
202258,201602,185,4.59
197667,198323,185,4.59
199571,199570,185,4.59
182559,182560,185,4.59
183215,182560,185,4.59
182531,181874,185,4.59
201538,200881,185,4.59
197666,198323,185,4.59
202257,201602,185,4.59
200227,199570,185,4.59
227819,228475,185,2.93
210075,210074,185,2.93
220577,220576,185,2.93
214671,214670,185,2.93
206792,207448,185,2.93
227850,228506,185,2.93
227850,227851,185,2.93
217953,217952,185,2.93
234400,235056,185,2.93
234400,234399,185,2.93
226486,227142,185,2.93
214015,214670,185,2.93
219921,220576,185,2.93
227818,228475,185,2.93
187115,186459,185,4.59
218609,217952,185,2.93
192357,191700,185,2.93
188424,187767,185,2.93
206793,207448,185,2.93
181232,180576,185,8.63
181877,181221,185,4.59
181233,180576,185,8.63
181231,180575,185,8.63
226487,227142,185,2.93
209419,210074,185,2.93
187825,187170,185,10.99
181230,180575,185,8.63
233731,233730,185,2.93
184542,183886,186,10.99
184542,184543,186,10.99
191108,191109,186,10.99
183223,182567,186,14.29
183223,182568,186,14.29
183223,182566,186,14.29
185199,184543,186,10.99
183224,182568,186,10.99
179276,178620,186,14.29
179276,178621,186,14.29
179276,178619,186,14.29
179273,178617,186,14.29
179273,178618,186,14.29
179273,178616,186,14.29
183883,183227,186,10.99
179274,178618,186,14.29
179274,178619,186,14.29
179274,178617,186,14.29
179275,178619,186,14.29
179275,178620,186,14.29
179275,178618,186,14.29
190451,189795,186,10.99
206132,206788,186,8.63
180572,179916,186,8.63
183882,183227,186,10.99
184541,183886,186,10.99
187169,186514,186,10.99
185198,184543,186,10.99
203504,203503,186,8.63
191764,191109,186,10.99
191764,192421,186,10.99
179924,179267,186,10.99
180579,179922,186,8.63
180571,179916,186,8.63
202848,202191,186,8.63
202848,203503,186,8.63
204888,204889,186,4.59
208824,209480,186,4.59
208824,208825,186,4.59
181876,181220,186,4.59
179923,179267,186,10.99
179923,179922,186,10.99
235058,235714,186,4.59
186513,186514,186,10.99
205544,204889,186,4.59
204231,203576,186,4.59
199632,200289,186,4.59
208168,208825,186,4.59
208823,209480,186,4.59
203574,202919,186,4.59
183840,183183,186,4.59
236356,236355,186,2.93
222546,222545,186,2.93
237017,237673,186,2.93
227822,228478,186,2.93
221950,222607,186,4.59
222605,223262,186,4.59
183839,183183,186,4.59
183839,183838,186,4.59
184495,183838,186,4.59
215328,215983,186,2.93
221890,222545,186,2.93
181245,180590,186,4.59
227823,228478,186,2.93
233750,233751,186,4.59
179272,178616,186,14.29
179272,178617,186,14.29
179272,178615,186,14.29
211388,212043,186,2.93
231783,232440,186,2.93
222606,223262,186,4.59
222606,222607,186,4.59
218014,217359,186,4.59
234405,235061,186,4.59
183884,183228,187,10.99
183225,182569,187,10.99
185200,184544,187,14.29
185200,184545,187,14.29
179933,179278,187,14.29
179933,179934,187,14.29
179277,178622,187,14.29
179277,179934,187,14.29
179277,179278,187,14.29
179270,178614,187,14.29
179270,178613,187,14.29
190452,189796,187,10.99
190452,190453,187,10.99
184542,183887,187,10.99
191108,190453,187,10.99
206133,206789,187,8.63
185199,184544,187,10.99
183224,182569,187,10.99
183883,183228,187,10.99
206131,206787,187,8.63
206131,206130,187,8.63
204160,204159,187,8.63
180573,179917,187,8.63
190451,189796,187,10.99
190451,189794,187,10.99
206132,206789,187,8.63
206132,206787,187,8.63
180572,179917,187,8.63
185857,185858,187,10.99
203504,204159,187,8.63
206201,206202,187,4.59
223260,223916,187,4.59
207513,207514,187,4.59
179271,178614,187,14.29
183185,182529,187,4.59
202917,202261,187,4.59
179923,179266,187,10.99
235059,235715,187,4.59
202916,202261,187,4.59
186513,185858,187,10.99
183186,182529,187,4.59
206857,206202,187,4.59
206857,207514,187,4.59
224515,224514,187,2.93
227803,228459,187,2.93
181223,181222,187,2.93
187826,187827,187,10.99
185806,185149,187,4.59
219327,218672,187,4.59
223859,224514,187,2.93
227804,228459,187,2.93
181879,181222,187,2.93
187770,187113,187,2.93
223259,223916,187,4.59
220639,221296,187,4.59
221295,221296,187,4.59
185150,185149,187,4.59
218671,218672,187,4.59
183226,182570,188,10.99
185201,184546,188,14.29
185201,185202,188,14.29
183885,183229,188,10.99
204816,204815,188,8.63
183884,183229,188,10.99
180577,179921,188,8.63
183225,182570,188,10.99
179913,179257,188,8.63
179914,179258,188,8.63
180574,179918,188,8.63
190452,189797,188,10.99
206133,206790,188,8.63
206131,206786,188,8.63
204160,204815,188,8.63
180573,179918,188,8.63
185857,185202,188,10.99
184531,183875,188,4.59
197668,198324,188,4.59
197668,197669,188,4.59
196357,196358,188,4.59
193732,193733,188,4.59
187114,186458,188,4.59
202259,201603,188,4.59
180578,179921,188,8.63
195701,195702,188,4.59
189792,189793,188,4.59
194388,193733,188,4.59
202258,201603,188,4.59
197667,198324,188,4.59
179268,178612,188,10.99
197012,197669,188,4.59
199571,198914,188,4.59
202193,201536,188,4.59
189136,189793,188,4.59
228473,229129,188,2.93
234387,234386,188,2.93
209418,209417,188,2.93
182559,181904,188,4.59
229137,229136,188,2.93
226539,226540,188,2.93
231762,231761,188,2.93
214014,214013,188,2.93
189734,189733,188,2.93
228467,229123,188,2.93
228463,229119,188,2.93
189137,189793,188,4.59
195045,195046,188,4.59
187826,187171,188,10.99
187826,188483,188,10.99
181903,181904,188,4.59
233087,233742,188,2.93
228468,229123,188,2.93
208762,209417,188,2.93
195637,196292,188,2.93
236362,237019,188,2.93
233739,234396,188,2.93
213358,214013,188,2.93
227145,227800,188,2.93
228472,229129,188,2.93
187115,186458,188,4.59
231106,231761,188,2.93
219984,219985,188,4.59
187170,187171,188,10.99
233086,233742,188,2.93
227144,227800,188,2.93
198915,198914,188,4.59
189795,189139,189,10.99
191109,191110,189,10.99
183227,182571,189,10.99
178616,177960,189,14.29
178616,177961,189,14.29
178616,177959,189,14.29
183886,183230,189,10.99
184543,183888,189,14.29
182568,181912,189,14.29
182568,181913,189,14.29
182568,181911,189,14.29
178617,177961,189,14.29
178617,177962,189,14.29
178617,177960,189,14.29
178618,177962,189,14.29
178618,177963,189,14.29
178618,177961,189,14.29
179267,178611,189,10.99
178620,177964,189,14.29
178620,177965,189,14.29
178620,177963,189,14.29
178621,177965,189,14.29
178621,177966,189,14.29
178621,177964,189,14.29
178619,177963,189,14.29
178619,177964,189,14.29
178619,177962,189,14.29
180576,179920,189,8.63
183226,182571,189,10.99
179915,179259,189,8.63
180575,179919,189,8.63
183885,183230,189,10.99
204816,205471,189,8.63
180577,179920,189,8.63
179913,179256,189,8.63
179914,179259,189,8.63
180574,179919,189,8.63
186514,186515,189,10.99
181875,181219,189,4.59
183876,183220,189,4.59
193076,193077,189,4.59
234406,235062,189,4.59
234406,234407,189,4.59
235057,235713,189,4.59
204232,204233,189,4.59
204888,204233,189,4.59
208824,209481,189,4.59
198322,198979,189,4.59
198978,199634,189,4.59
198978,198979,189,4.59
181876,181219,189,4.59
200882,200225,189,4.59
210731,210730,189,2.93
189078,189077,189,2.93
221233,221232,189,2.93
217297,217296,189,2.93
237671,238327,189,2.93
179268,178611,189,10.99
237012,237668,189,2.93
237012,237011,189,2.93
226485,227141,189,2.93
227195,227196,189,2.93
200226,200225,189,4.59
235058,235713,189,4.59
178615,177959,189,14.29
178615,177960,189,14.29
178615,177958,189,14.29
229793,229792,189,2.93
228462,229118,189,2.93
227819,228476,189,2.93
210075,210730,189,2.93
220577,221232,189,2.93
214671,215326,189,2.93
206792,207447,189,2.93
227850,228507,189,2.93
217953,217296,189,2.93
183839,183182,189,4.59
234400,235055,189,2.93
226486,227141,189,2.93
233750,234407,189,4.59
187170,186515,189,10.99
198260,197603,189,4.59
228464,229120,189,2.93
198977,199634,189,4.59
222606,223263,189,4.59
227820,228476,189,2.93
234405,235062,189,4.59
182569,181914,190,14.29
190453,190454,190,10.99
189796,189140,190,10.99
184545,183889,190,14.29
184545,183890,190,14.29
183887,183231,190,14.29
183887,183232,190,14.29
179278,178623,190,14.29
179278,179935,190,14.29
179278,179279,190,14.29
185858,185859,190,10.99
183228,182572,190,10.99
184544,183889,190,14.29
178622,177967,190,14.29
178622,179279,190,14.29
178622,178623,190,14.29
189795,189140,190,10.99
191109,190454,190,10.99
191109,191766,190,10.99
183227,182572,190,10.99
203503,203502,190,8.63
183886,183231,190,10.99
206788,207444,190,8.63
179916,179260,190,8.63
179267,178610,190,10.99
179915,179260,190,8.63
186514,185859,190,10.99
196949,196948,190,4.59
183184,182528,190,4.59
205545,205546,190,4.59
208169,208170,190,4.59
202918,202262,190,4.59
235060,235716,190,4.59
184494,184493,190,4.59
221951,221952,190,4.59
183217,182561,190,4.59
183217,183218,190,4.59
223261,223917,190,4.59
183874,183218,190,4.59
224572,224573,190,4.59
206201,205546,190,4.59
223260,223917,190,4.59
207513,208170,190,4.59
183185,182528,190,4.59
202917,202262,190,4.59
197605,196948,190,4.59
183873,183218,190,4.59
229816,229817,190,2.93
229126,229782,190,2.93
237672,238328,190,2.93
217358,216702,190,4.59
228461,229117,190,2.93
223202,223201,190,2.93
191045,191044,190,2.93
218015,218016,190,4.59
235059,235716,190,4.59
222546,223201,190,2.93
237017,237674,190,2.93
227822,228477,190,2.93
227821,228477,190,2.93
221295,221952,190,4.59
185150,184493,190,4.59
183216,182561,190,4.59
218671,218016,190,4.59
187827,187828,190,10.99
178612,177956,191,10.99
187171,187172,191,10.99
182570,181915,191,14.29
189797,189141,191,10.99
189797,189798,191,10.99
183229,182573,191,10.99
190453,189798,191,10.99
189796,189141,191,10.99
185858,185203,191,10.99
179917,179261,191,8.63
183228,182573,191,10.99
179266,179265,191,8.63
206787,207443,191,8.63
204159,204158,191,8.63
179922,179265,191,8.63
203503,202846,191,8.63
203503,204158,191,8.63
188483,188484,191,10.99
206788,207445,191,8.63
206788,207443,191,8.63
179916,179261,191,8.63
186460,185804,191,4.59
202260,201604,191,4.59
197013,197014,191,4.59
200945,200946,191,4.59
206858,206859,191,4.59
184546,184547,191,10.99
181247,180591,191,4.59
181247,181248,191,4.59
185805,185804,191,4.59
183221,182565,191,4.59
185202,185203,191,10.99
198259,198258,191,4.59
220640,220641,191,4.59
197668,198325,191,4.59
178613,177957,191,8.63
196357,197014,191,4.59
186461,185804,191,4.59
187114,186457,191,4.59
202259,201604,191,4.59
201601,200946,191,4.59
235043,235042,191,2.93
219264,219263,191,2.93
193012,193011,191,2.93
229125,229781,191,2.93
225171,225170,191,2.93
208105,208104,191,2.93
213357,213356,191,2.93
229127,229783,191,2.93
212701,213356,191,2.93
207449,208104,191,2.93
224515,225170,191,2.93
219328,219329,191,4.59
227803,228458,191,2.93
181223,180566,191,2.93
227802,228458,191,2.93
195045,194390,191,4.59
181903,181248,191,4.59
230472,230473,191,2.93
180567,180566,191,2.93
194389,194390,191,4.59
219984,219329,191,4.59
219984,220641,191,4.59
181246,180591,191,4.59
198915,198258,191,4.59
187827,187172,191,10.99
187827,188484,191,10.99
177964,177308,192,14.29
177964,177309,192,14.29
177964,177307,192,14.29
182571,181916,192,14.29
183230,182574,192,14.29
183230,182575,192,14.29
177963,177307,192,14.29
177963,177308,192,14.29
177963,177306,192,14.29
183182,182526,192,10.99
183182,183181,192,10.99
183888,183233,192,14.29
177965,177309,192,14.29
177965,177310,192,14.29
177965,177308,192,14.29
177961,177305,192,14.29
177961,177306,192,14.29
177961,177304,192,14.29
191110,191111,192,10.99
178611,177955,192,10.99
177962,177306,192,14.29
177962,177307,192,14.29
177962,177305,192,14.29
181913,181257,192,14.29
181913,181258,192,14.29
181913,181256,192,14.29
181912,181256,192,14.29
181912,181257,192,14.29
181912,181255,192,14.29
178612,177955,192,10.99
187171,186516,192,10.99
206786,207442,192,8.63
206786,206785,192,8.63
179918,179262,192,8.63
179257,178601,192,8.63
189797,189142,192,10.99
183229,182574,192,10.99
204815,204814,192,8.63
179258,178602,192,8.63
179917,179262,192,8.63
179266,178609,192,8.63
206787,207442,192,8.63
204159,204814,192,8.63
181221,180565,192,4.59
181874,181218,192,4.59
181874,181873,192,4.59
200881,200880,192,4.59
186459,185803,192,4.59
179256,178600,192,14.29
179256,178601,192,14.29
179256,178599,192,14.29
179256,179255,192,14.29
184546,183891,192,10.99
181875,181218,192,4.59
183876,183219,192,4.59
182530,181873,192,4.59
202192,201535,192,4.59
234406,235063,192,4.59
235057,235712,192,4.59
204232,203577,192,4.59
227143,227799,192,2.93
230449,230448,192,2.93
228474,229130,192,2.93
219920,219919,192,2.93
218608,218607,192,2.93
187768,187112,192,2.93
232418,232417,192,2.93
192356,192355,192,2.93
186515,186516,192,10.99
201537,200880,192,4.59
198978,199635,192,4.59
200226,199569,192,4.59
228473,229130,192,2.93
199570,199569,192,4.59
209418,210073,192,2.93
231762,232417,192,2.93
214014,214669,192,2.93
228467,229122,192,2.93
228466,229122,192,2.93
231128,231129,192,2.93
193668,193667,192,2.93
233086,233741,192,2.93
227144,227799,192,2.93
190454,190455,193,10.99
182572,181917,193,14.29
181914,181259,193,14.29
183231,182576,193,14.29
191766,192422,193,10.99
191766,191767,193,10.99
178610,177954,193,10.99
183889,183234,193,14.29
178623,177968,193,14.29
178623,179280,193,14.29
178623,178624,193,14.29
179279,178624,193,14.29
179279,179936,193,14.29
179279,179280,193,14.29
183232,182576,193,14.29
183232,182577,193,14.29
179920,179264,193,8.63
183182,182527,193,10.99
183182,182525,193,10.99
183182,183837,193,10.99
179259,178603,193,8.63
179919,179263,193,8.63
191110,190455,193,10.99
191110,191767,193,10.99
178611,177954,193,10.99
177959,177303,193,8.63
179921,179264,193,8.63
206786,206129,193,8.63
206786,207441,193,8.63
179918,179263,193,8.63
204815,205470,193,8.63
179258,178603,193,8.63
204889,204890,193,4.59
202919,202263,193,4.59
202919,202920,193,4.59
222607,222608,193,4.59
223262,223918,193,4.59
202191,202190,193,4.59
182566,181910,193,4.59
209480,210136,193,4.59
235061,235717,193,4.59
192421,192422,193,4.59
208825,208826,193,4.59
200289,200290,193,4.59
233751,233752,193,4.59
203576,202920,193,4.59
185859,185860,193,10.99
183184,182527,193,4.59
205545,204890,193,4.59
208169,208826,193,4.59
202918,202263,193,4.59
235060,235717,193,4.59
184494,183837,193,4.59
221951,222608,193,4.59
183217,182562,193,4.59
223261,223918,193,4.59
203575,202920,193,4.59
183890,183234,193,10.99
224572,225229,193,4.59
215984,216640,193,2.93
225228,225229,193,2.93
188422,187766,193,2.93
188422,188421,193,2.93
217359,216703,193,4.59
217359,217360,193,4.59
228479,229135,193,2.93
226484,227140,193,2.93
226484,226483,193,2.93
216641,216640,193,2.93
221889,221888,193,2.93
211387,211386,193,2.93
187828,187829,193,10.99
183838,183837,193,4.59
186515,185860,193,10.99
217358,216703,193,4.59
218015,217360,193,4.59
210731,211386,193,2.93
189078,188421,193,2.93
221233,221888,193,2.93
217297,216640,193,2.93
225828,226483,193,2.93
188423,187766,193,2.93
237012,237667,193,2.93
194324,194323,193,2.93
226485,227140,193,2.93
227195,227852,193,2.93
215985,216640,193,2.93
235714,236370,193,4.59
199633,200290,193,4.59
228480,229135,193,2.93
177958,177302,193,8.63
181220,180564,193,4.59
228465,229121,193,2.93
231784,231785,193,2.93
228464,229121,193,2.93
183183,182527,193,4.59
189798,189799,194,10.99
181915,181260,194,14.29
185203,185204,194,10.99
189141,188485,194,10.99
187172,187173,194,10.99
182573,181918,194,14.29
190454,189799,194,10.99
191766,192423,194,10.99
178610,177953,194,10.99
189140,188485,194,10.99
203502,203501,194,8.63
177967,177311,194,8.63
179260,178604,194,8.63
177966,177311,194,8.63
188484,188485,194,10.99
179259,178604,194,8.63
185149,185148,194,4.59
221296,221297,194,4.59
206202,206203,194,4.59
202261,201605,194,4.59
207514,207515,194,4.59
202260,201605,194,4.59
197013,197670,194,4.59
206858,206203,194,4.59
206858,207515,194,4.59
181247,180592,194,4.59
185805,185148,194,4.59
183221,182564,194,4.59
197604,196947,194,4.59
235707,235708,194,2.93
185859,185204,194,10.99
218672,218673,194,4.59
235699,235698,194,2.93
190389,190388,194,2.93
212700,212699,194,2.93
183890,183235,194,10.99
194980,194979,194,2.93
228460,229116,194,2.93
223858,223857,194,2.93
225884,225885,194,2.93
198259,197602,194,4.59
187828,187173,194,10.99
187828,188485,194,10.99
220640,221297,194,4.59
237672,238329,194,2.93
206791,207446,194,2.93
228461,229116,194,2.93
212044,212699,194,2.93
223202,223857,194,2.93
191045,190388,194,2.93
219328,218673,194,4.59
235715,236371,194,4.59
177958,177301,194,8.63
184547,184548,194,10.99
194389,193734,194,4.59
181257,180601,195,14.29
181257,180602,195,14.29
181257,180600,195,14.29
182574,181919,195,14.29
182575,181919,195,14.29
182575,181920,195,14.29
186516,186517,195,10.99
182526,181870,195,10.99
189142,188486,195,10.99
189142,189143,195,10.99
177306,176650,195,14.29
177306,176651,195,14.29
177306,176649,195,14.29
181916,181261,195,14.29
191111,191112,195,10.99
189798,189143,195,10.99
204158,204157,195,8.63
189141,188486,195,10.99
187172,186517,195,10.99
179261,178605,195,8.63
203502,202845,195,8.63
203502,204157,195,8.63
177967,177312,195,8.63
179260,178605,195,8.63
198324,198980,195,4.59
201603,200947,195,4.59
181904,181905,195,4.59
198914,198913,195,4.59
219985,219986,195,4.59
177956,177300,195,8.63
195046,195047,195,4.59
189733,189732,195,4.59
177955,177299,195,10.99
183891,183892,195,10.99
181874,181217,195,4.59
200881,200224,195,4.59
186459,185802,195,4.59
178601,177945,195,14.29
178601,177946,195,14.29
178601,177944,195,14.29
201602,200947,195,4.59
196358,196359,195,4.59
182560,181905,195,4.59
229124,229780,195,2.93
229161,229162,195,2.93
186458,185802,195,4.59
236363,236364,195,2.93
229128,229784,195,2.93
195636,195635,195,2.93
235051,235052,195,2.93
233074,233073,195,2.93
233095,233096,195,2.93
225827,225826,195,2.93
231105,231104,195,2.93
208761,208760,195,2.93
183233,182578,195,14.29
198323,198980,195,4.59
237669,238324,195,2.93
229125,229780,195,2.93
225171,225826,195,2.93
178600,177944,195,14.29
178600,177945,195,14.29
178600,177943,195,14.29
228505,229162,195,2.93
208105,208760,195,2.93
213357,214012,195,2.93
232439,233096,195,2.93
229127,229784,195,2.93
179911,179910,195,2.93
199570,198913,195,4.59
227801,228457,195,2.93
227802,228457,195,2.93
195702,195703,195,4.59
184547,183892,195,10.99
180567,179910,195,2.93
183181,183180,195,10.99
191767,191768,196,10.99
190455,190456,196,10.99
178624,177969,196,14.29
178624,179281,196,14.29
178624,178625,196,14.29
181917,181262,196,14.29
185860,185861,196,10.99
177954,177298,196,10.99
177968,177313,196,14.29
177968,178625,196,14.29
177968,177969,196,14.29
182525,181869,196,10.99
182525,182524,196,10.99
177304,176648,196,8.63
179262,178606,196,8.63
186516,185861,196,10.99
182526,181871,196,10.99
182526,181869,196,10.99
177310,176654,196,8.63
177308,176652,196,8.63
189142,188487,196,10.99
177309,176653,196,8.63
191111,190456,196,10.99
191111,191768,196,10.99
179265,178608,196,8.63
204158,204813,196,8.63
178609,178608,196,8.63
179261,178606,196,8.63
209481,210137,196,4.59
209481,209482,196,4.59
189077,189076,196,4.59
193077,193078,196,4.59
204233,204234,196,4.59
235062,235718,196,4.59
187829,187830,196,10.99
234407,234408,196,4.59
177955,177298,196,10.99
204889,204234,196,4.59
202919,202264,196,4.59
222607,223264,196,4.59
223262,223919,196,4.59
202191,201534,196,4.59
182566,181909,196,4.59
209480,210137,196,4.59
235061,235718,196,4.59
192421,193078,196,4.59
208825,209482,196,4.59
233751,234408,196,4.59
203576,202921,196,4.59
233730,233729,196,2.93
183891,183236,196,10.99
227142,227798,196,2.93
220576,220575,196,2.93
205472,206128,196,2.93
217952,217951,196,2.93
191700,191699,196,2.93
181219,180563,196,4.59
182576,181921,196,14.29
234399,234398,196,2.93
217359,216704,196,4.59
223263,223919,196,4.59
223263,223264,196,4.59
227143,227798,196,2.93
233743,234398,196,2.93
228474,229131,196,2.93
219920,220575,196,2.93
218608,217951,196,2.93
187768,187111,196,2.93
192356,191699,196,2.93
187767,187111,196,2.93
228475,229131,196,2.93
182577,181921,196,14.29
182577,181922,196,14.29
235714,236369,196,4.59
181220,180563,196,4.59
183181,182524,196,10.99
183181,183836,196,10.99
181918,181263,197,14.29
185204,185205,197,10.99
183235,182579,197,10.99
189799,189800,197,10.99
191767,192424,197,10.99
190455,189800,197,10.99
178603,177947,197,8.63
185860,185205,197,10.99
177954,177297,197,10.99
179263,178607,197,8.63
177303,176647,197,8.63
182525,181868,197,10.99
177304,176647,197,8.63
179262,178607,197,8.63
177310,176655,197,8.63
178609,177952,197,8.63
235716,236372,197,4.59
216702,216046,197,4.59
184493,184492,197,4.59
218016,218017,197,4.59
182528,181872,197,4.59
202262,201606,197,4.59
205546,205547,197,4.59
224573,224574,197,4.59
208170,208171,197,4.59
178602,177947,197,8.63
187829,187174,197,10.99
177302,176646,197,8.63
185149,184492,197,4.59
221296,221953,197,4.59
206202,205547,197,4.59
202261,201606,197,4.59
182529,181872,197,4.59
207514,208171,197,4.59
212043,212042,197,2.93
222545,222544,197,2.93
236355,236354,197,2.93
232440,232441,197,2.93
228478,229134,197,2.93
215983,216639,197,2.93
215983,215982,197,2.93
187173,187174,197,10.99
184548,184549,197,10.99
221952,221953,197,4.59
187113,186456,197,4.59
218672,218017,197,4.59
215984,216639,197,2.93
215327,215982,197,2.93
188422,187765,197,2.93
228479,229134,197,2.93
226484,227139,197,2.93
221889,222544,197,2.93
211387,212042,197,2.93
183234,182579,197,10.99
235715,236372,197,4.59
231784,232441,197,2.93
177944,177288,198,14.29
177944,177289,198,14.29
177944,177287,198,14.29
177943,177287,198,14.29
177943,177288,198,14.29
177943,177286,198,14.29
177943,178598,198,14.29
177943,177942,198,14.29
181261,180605,198,14.29
181261,180606,198,14.29
181261,180604,198,14.29
183180,183179,198,10.99
177945,177289,198,14.29
177945,177290,198,14.29
177945,177288,198,14.29
191112,191113,198,10.99
189143,189144,198,10.99
177301,176645,198,8.63
178604,177948,198,8.63
183235,182580,198,10.99
189799,189144,198,10.99
178603,177948,198,8.63
198325,198981,198,4.59
198325,198326,198,4.59
181919,181264,198,14.29
186457,185801,198,4.59
219329,219330,198,4.59
198258,198257,198,4.59
181248,181249,198,4.59
197014,197015,198,4.59
194390,194391,198,4.59
206859,206860,198,4.59
201604,200948,198,4.59
198324,198981,198,4.59
197669,198326,198,4.59
201603,200948,198,4.59
181904,181249,198,4.59
198914,198257,198,4.59
219985,219330,198,4.59
219985,220642,198,4.59
177302,176645,198,8.63
195046,194391,198,4.59
224514,224513,198,2.93
228459,229115,198,2.93
201536,200879,198,4.59
187173,186518,198,10.99
184548,183893,198,10.99
196358,197015,198,4.59
186458,185801,198,4.59
186517,186518,198,10.99
212700,213355,198,2.93
228460,229115,198,2.93
223858,224513,198,2.93
225884,226541,198,2.93
183892,183893,198,10.99
181920,181264,198,14.29
181920,181265,198,14.29
220641,220642,198,4.59
181922,181266,199,14.29
181922,181267,199,14.29
181922,181923,199,14.29
177969,177314,199,14.29
177969,178626,199,14.29
177969,177970,199,14.29
183236,183237,199,10.99
188487,187831,199,10.99
188487,188488,199,10.99
191768,191769,199,10.99
177298,176642,199,10.99
178625,177970,199,14.29
178625,179282,199,14.29
178625,178626,199,14.29
187830,187831,199,10.99
185861,185862,199,10.99
190456,190457,199,10.99
181262,180607,199,14.29
181869,181213,199,10.99
182524,182523,199,10.99
177312,176656,199,8.63
204157,204156,199,8.63
176649,175993,199,8.63
188486,187831,199,10.99
177300,176644,199,8.63
176651,175995,199,8.63
182578,181923,199,10.99
183180,182523,199,10.99
183180,183835,199,10.99
178605,177949,199,8.63
176650,175994,199,8.63
191112,190457,199,10.99
191112,191769,199,10.99
189143,188488,199,10.99
177301,176644,199,8.63
177311,176656,199,8.63
177953,177296,199,8.63
178604,177949,199,8.63
199635,200291,199,4.59
199635,199636,199,4.59
183836,183835,199,10.99
181218,180562,199,4.59
183219,182563,199,4.59
181255,180599,199,4.59
181255,181254,199,4.59
235063,235719,199,4.59
235063,235064,199,4.59
203577,203578,199,4.59
179255,179254,199,4.59
185803,185147,199,4.59
181921,181266,199,14.29
198979,199636,199,4.59
189077,188420,199,4.59
183220,182563,199,4.59
199634,200291,199,4.59
204233,203578,199,4.59
235062,235719,199,4.59
234407,235064,199,4.59
181911,181254,199,4.59
229129,229785,199,2.93
229119,229775,199,2.93
234386,234385,199,2.93
231761,231760,199,2.93
209417,209416,199,2.93
234396,234397,199,2.93
200225,199568,199,4.59
227800,228456,199,2.93
229123,229779,199,2.93
229124,229779,199,2.93
233740,234397,199,2.93
229161,229818,199,2.93
236363,237020,199,2.93
229128,229785,199,2.93
237018,237675,199,2.93
181219,180562,199,4.59
195636,196291,199,2.93
186517,185862,199,10.99
225827,226482,199,2.93
231105,231760,199,2.93
196292,196291,199,2.93
208761,209416,199,2.93
223263,223920,199,4.59
199569,199568,199,4.59
183892,183237,199,10.99
180565,179909,199,4.59
237019,237675,199,2.93
237019,237020,199,2.93
179911,179254,199,2.93
227801,228456,199,2.93
181868,181212,200,10.99
181868,181867,200,10.99
177297,176641,200,10.99
185205,185206,200,10.99
189800,189801,200,10.99
176654,175998,200,8.63
183236,182581,200,10.99
188487,187832,200,10.99
176652,175996,200,8.63
176648,175992,200,8.63
191768,192425,200,10.99
177313,176657,200,8.63
177298,176643,200,10.99
177298,176641,200,10.99
187830,187175,200,10.99
185861,185206,200,10.99
176653,175997,200,8.63
190456,189801,200,10.99
178606,177950,200,8.63
181869,181214,200,10.99
181869,181212,200,10.99
182524,181867,200,10.99
177312,176657,200,8.63
204157,203500,200,8.63
204157,204812,200,8.63
176649,175992,200,8.63
177300,176643,200,8.63
176651,175996,200,8.63
178605,177950,200,8.63
187174,187175,200,10.99
233752,233753,200,4.59
236370,237026,200,4.59
182562,181906,200,4.59
179936,179937,200,4.59
208826,208827,200,4.59
235717,236373,200,4.59
181259,180603,200,4.59
202263,201607,200,4.59
204890,204891,200,4.59
222608,222609,200,4.59
183836,184491,200,10.99
225229,225230,200,4.59
235716,236373,200,4.59
182561,181906,200,4.59
202262,201607,200,4.59
205546,204891,200,4.59
224573,225230,200,4.59
208170,208827,200,4.59
221232,221231,200,2.93
229120,229776,200,2.93
215326,215325,200,2.93
205471,206127,200,2.93
229792,229791,200,2.93
227196,227197,200,2.93
217296,217295,200,2.93
229118,229774,200,2.93
237011,237010,200,2.93
228476,229132,200,2.93
228507,229163,200,2.93
228507,228508,200,2.93
184549,184550,200,10.99
181263,180608,200,14.29
180564,179908,200,4.59
227142,227797,200,2.93
214670,215325,200,2.93
220576,221231,200,2.93
205472,206127,200,2.93
221952,222609,200,4.59
227851,228508,200,2.93
228506,229163,200,2.93
207448,208103,200,2.93
217952,217295,200,2.93
191700,191043,200,2.93
234399,235054,200,2.93
227141,227797,200,2.93
238327,238983,200,2.93
210730,210729,200,2.93
207447,208103,200,2.93
187767,187110,200,2.93
228475,229132,200,2.93
235056,235711,200,2.93
210074,210729,200,2.93
235055,235711,200,2.93
235055,235054,200,2.93
177286,176630,201,14.29
177286,176631,201,14.29
177286,176629,201,14.29
177286,177941,201,14.29
177286,177285,201,14.29
177288,176632,201,14.29
177288,176633,201,14.29
177288,176631,201,14.29
177287,176631,201,14.29
177287,176632,201,14.29
177287,176630,201,14.29
191113,191114,201,10.99
181264,180609,201,14.29
183179,183178,201,10.99
189144,189145,201,10.99
182580,181924,201,10.99
177289,176633,201,14.29
177289,176634,201,14.29
177289,176632,201,14.29
176647,175991,201,8.63
177952,177951,201,8.63
181868,181211,201,10.99
182579,181924,201,10.99
177297,176640,201,10.99
176655,175999,201,8.63
189800,189145,201,10.99
176654,175999,201,8.63
176648,175991,201,8.63
177313,176658,201,8.63
178606,177951,201,8.63
186518,186519,201,10.99
180592,180593,201,4.59
182564,181908,201,4.59
201605,200949,201,4.59
236371,237027,201,4.59
190388,190387,201,4.59
180606,179950,201,14.29
180606,179951,201,14.29
180606,179949,201,14.29
197670,197671,201,4.59
192423,193079,201,4.59
206203,206204,201,4.59
193734,193735,201,4.59
207515,207516,201,4.59
218673,218674,201,4.59
177947,177291,201,8.63
187174,186519,201,10.99
178607,177951,201,8.63
181265,180609,201,14.29
181265,180610,201,14.29
178608,177951,201,8.63
198325,198982,201,4.59
186457,185800,201,4.59
219329,218674,201,4.59
198258,197601,201,4.59
181248,180593,201,4.59
197014,197671,201,4.59
176646,175990,201,8.63
194390,193735,201,4.59
206859,206204,201,4.59
206859,207516,201,4.59
201604,200949,201,4.59
182565,181908,201,4.59
223201,223200,201,2.93
229117,229773,201,2.93
229782,230438,201,2.93
228477,229133,201,2.93
207444,208100,201,2.93
184549,183894,201,10.99
212043,212698,201,2.93
222545,223200,201,2.93
232440,233097,201,2.93
228478,229133,201,2.93
215983,216638,201,2.93
237673,238330,201,2.93
237674,238330,201,2.93
238328,238984,201,2.93
221297,221298,201,4.59
220641,221298,201,4.59
183893,183894,201,10.99
181266,180611,202,14.29
182523,182522,202,10.99
176642,175986,202,10.99
180607,179952,202,14.29
181213,180557,202,10.99
190457,190458,202,10.99
177970,177315,202,14.29
177970,178627,202,14.29
177970,177971,202,14.29
178626,177971,202,14.29
178626,179283,202,14.29
178626,178627,202,14.29
188488,188489,202,10.99
181267,180611,202,10.99
181267,181268,202,10.99
177314,176659,202,14.29
177314,177971,202,14.29
177314,177315,202,14.29
191113,190458,202,10.99
191113,191770,202,10.99
183179,182522,202,10.99
183179,183834,202,10.99
176645,175989,202,8.63
189144,188489,202,10.99
182580,181925,202,10.99
177948,177292,202,8.63
177952,177295,202,8.63
192424,193080,202,6.67
176655,176000,202,8.63
180602,179946,202,4.59
219986,219987,202,4.59
195703,195704,202,4.59
196359,196360,202,4.59
186518,185863,202,10.99
198913,198912,202,4.59
189732,189731,202,4.59
181217,180561,202,4.59
181217,181216,202,4.59
183237,183238,202,10.99
180600,179944,202,4.59
180601,179945,202,4.59
177947,177292,202,8.63
195047,195048,202,4.59
199635,200292,202,4.59
187112,186455,202,4.59
181218,180561,202,4.59
201535,200878,202,4.59
181255,180598,202,4.59
200224,200223,202,4.59
235063,235720,202,4.59
181873,181216,202,4.59
203577,202922,202,4.59
185803,185146,202,4.59
225170,225169,202,2.93
193011,193010,202,2.93
229783,230439,202,2.93
229781,230437,202,2.93
235042,235041,202,2.93
176646,175989,202,8.63
228458,229114,202,2.93
207443,208099,202,2.93
230473,230474,202,2.93
219263,219262,202,2.93
207445,208101,202,2.93
224514,225169,202,2.93
228459,229114,202,2.93
185862,185863,202,10.99
185802,185146,202,4.59
200880,200223,202,4.59
199569,198912,202,4.59
183893,183238,202,10.99
187832,187176,203,10.99
187832,187833,203,10.99
181214,180558,203,10.99
181214,181215,203,10.99
176641,175985,203,10.99
187175,187176,203,10.99
180608,179953,203,14.29
181212,180556,203,10.99
181867,181866,203,10.99
184550,184551,203,10.99
189801,189802,203,10.99
175995,175339,203,8.63
175994,175338,203,8.63
182523,181866,203,10.99
176642,175987,203,10.99
176642,175985,203,10.99
175993,175337,203,8.63
181213,180558,203,10.99
181213,180556,203,10.99
177949,177293,203,8.63
190457,189802,203,10.99
187831,187176,203,10.99
188488,187833,203,10.99
182581,182582,203,10.99
181267,180612,203,10.99
176645,175988,203,8.63
177948,177293,203,8.63
223264,223265,203,4.59
189076,189075,203,4.59
201534,201533,203,4.59
202921,202265,203,4.59
204234,204235,203,4.59
210137,210793,203,4.59
181909,181253,203,4.59
202264,201608,203,4.59
202264,202265,203,4.59
209482,209483,203,4.59
234408,234409,203,4.59
235718,236374,203,4.59
223919,224575,203,4.59
183237,182582,203,10.99
233752,234409,203,4.59
181910,181253,203,4.59
210136,210793,203,4.59
236370,237025,203,4.59
182562,181907,203,4.59
208826,209483,203,4.59
235717,236374,203,4.59
202263,201608,203,4.59
202920,202265,203,4.59
204890,204235,203,4.59
222608,223265,203,4.59
188421,187764,203,4.59
232417,232416,203,2.93
229130,229786,203,2.93
210073,210072,203,2.93
230448,230447,203,2.93
235712,236368,203,2.93
214669,214668,203,2.93
219919,219918,203,2.93
192355,192354,203,2.93
218607,218606,203,2.93
229122,229778,203,2.93
207442,208098,203,2.93
206785,206784,203,2.93
225229,225886,203,4.59
229129,229786,203,2.93
214013,214668,203,2.93
231761,232416,203,2.93
209417,210072,203,2.93
234396,235053,203,2.93
227800,228455,203,2.93
185862,185207,203,10.99
229123,229778,203,2.93
180564,179907,203,4.59
227799,228455,203,2.93
223918,224575,203,4.59
180563,179907,203,4.59
181871,181215,203,4.59
237019,237676,203,2.93
231129,231130,203,2.93
185206,185207,203,10.99
179951,179295,204,14.29
179951,179296,204,14.29
179951,179294,204,14.29
191114,191115,204,10.99
176629,175973,204,14.29
176629,175974,204,14.29
176629,175972,204,14.29
176629,177284,204,14.29
176629,176628,204,14.29
181211,180555,204,10.99
181211,181210,204,10.99
176634,175978,204,14.29
176634,175979,204,14.29
176634,175977,204,14.29
176634,176635,204,14.29
186519,186520,204,10.99
180610,179954,204,10.99
176630,175974,204,14.29
176630,175975,204,14.29
176630,175973,204,14.29
176632,175976,204,14.29
176632,175977,204,14.29
176632,175975,204,14.29
176633,175977,204,14.29
176633,175978,204,14.29
176633,175976,204,14.29
176631,175975,204,14.29
176631,175976,204,14.29
176631,175974,204,14.29
183894,183895,204,10.99
189145,189146,204,10.99
176640,175984,204,14.29
176640,175983,204,14.29
176640,176639,204,14.29
175998,175342,204,8.63
187832,187177,204,10.99
175997,175341,204,8.63
175996,175340,204,8.63
181214,180559,204,10.99
176641,175984,204,10.99
175992,175336,204,8.63
187175,186520,204,10.99
177950,177294,204,8.63
176657,176001,204,8.63
181212,180555,204,10.99
181867,181210,204,10.99
184550,183895,204,10.99
189801,189146,204,10.99
175995,175340,204,8.63
175993,175336,204,8.63
177296,176639,204,8.63
177949,177294,204,8.63
176656,176001,204,8.63
182581,181926,204,10.99
208171,208172,204,4.59
192424,193081,204,6.67
205547,205548,204,4.59
201606,200950,204,4.59
236372,237028,204,4.59
180609,179954,204,14.29
201605,200950,204,4.59
236371,237028,204,4.59
197670,198327,204,4.59
206203,205548,204,4.59
207515,208172,204,4.59
218673,218018,204,4.59
227852,227853,204,2.93
221888,221887,204,2.93
237667,238323,204,2.93
237667,237666,204,2.93
205470,206126,204,2.93
205470,205469,204,2.93
221953,221954,204,4.59
229121,229777,204,2.93
207441,208097,204,2.93
207441,207440,204,2.93
211386,211385,204,2.93
231785,231786,204,2.93
227140,227796,204,2.93
221232,221887,204,2.93
229120,229777,204,2.93
215326,215981,204,2.93
205471,206126,204,2.93
227196,227853,204,2.93
197603,196946,204,2.93
237011,237666,204,2.93
228507,229164,204,2.93
237668,238323,204,2.93
218017,218018,204,4.59
202190,202189,204,2.93
227141,227796,204,2.93
210730,211385,204,2.93
207447,208102,204,2.93
221297,221954,204,4.59
235055,235710,204,2.93
188489,188490,205,10.99
183238,183239,205,10.99
180557,179901,205,10.99
175986,175330,205,10.99
177315,176660,205,14.29
177315,177972,205,14.29
177315,177316,205,14.29
179952,179297,205,14.29
177971,177316,205,14.29
177971,178628,205,14.29
177971,177972,205,14.29
190458,190459,205,10.99
180611,179955,205,10.99
181924,181269,205,10.99
175999,175343,205,8.63
191114,190459,205,10.99
191114,191771,205,10.99
176658,176002,205,8.63
181211,180554,205,10.99
181268,181269,205,10.99
186519,185864,205,10.99
180610,179955,205,10.99
183894,183239,205,10.99
189145,188490,205,10.99
175991,175335,205,8.63
175998,175343,205,8.63
175992,175335,205,8.63
176657,176002,205,8.63
220642,220643,205,4.59
198981,199637,205,4.59
206860,206861,205,4.59
219330,219331,205,4.59
185801,185145,205,4.59
181249,181250,205,4.59
197015,197016,205,4.59
180604,179948,205,4.59
181925,181269,205,10.99
178598,178597,205,4.59
198257,198256,205,4.59
194391,194392,205,4.59
185863,185864,205,10.99
180602,179947,205,4.59
219986,219331,205,4.59
219986,220643,205,4.59
196359,197016,205,4.59
198980,199637,205,4.59
198913,198256,205,4.59
181217,180560,205,4.59
179910,179253,205,4.59
181905,181250,205,4.59
180600,179943,205,4.59
235698,235697,205,2.93
223857,223856,205,2.93
238329,238985,205,2.93
175990,175334,205,8.63
229116,229772,205,2.93
195047,194392,205,4.59
200224,199567,205,4.59
235708,235709,205,2.93
223201,223856,205,2.93
229117,229772,205,2.93
185802,185145,205,4.59
237674,238331,205,2.93
238328,238985,205,2.93
175985,175329,206,10.99
180558,179902,206,10.99
180556,179900,206,10.99
187833,187834,206,10.99
182582,182583,206,10.99
189802,189803,206,10.99
188489,187834,206,10.99
183238,182583,206,10.99
176659,176003,206,8.63
180557,179902,206,10.99
180557,179900,206,10.99
175986,175331,206,10.99
175986,175329,206,10.99
190458,189803,206,10.99
175989,175333,206,8.63
176000,175344,206,8.63
180611,179956,206,10.99
175999,175344,206,8.63
180612,179956,206,10.99
180612,180613,206,10.99
176658,176003,206,8.63
181268,180613,206,10.99
179953,179298,206,14.29
177292,176636,206,8.63
203578,203579,206,4.59
235719,236375,206,4.59
223920,224576,206,4.59
223920,223921,206,4.59
179282,179938,206,4.59
188420,188419,206,4.59
181925,181270,206,10.99
185863,185208,206,10.99
223264,223921,206,4.59
189076,188419,206,4.59
201534,200877,206,4.59
202921,202266,206,4.59
204234,203579,206,4.59
179281,179938,206,4.59
181909,181252,206,4.59
202264,201609,206,4.59
234408,235065,206,4.59
235718,236375,206,4.59
223919,224576,206,4.59
202845,202844,206,2.93
229784,230440,206,2.93
233073,233072,206,2.93
235064,235065,206,4.59
214012,214011,206,2.93
231104,231103,206,2.93
208760,208759,206,2.93
175990,175333,206,8.63
195635,195634,206,2.93
225826,225825,206,2.93
225170,225825,206,2.93
229783,230440,206,2.93
229781,230436,206,2.93
208104,208759,206,2.93
213356,214011,206,2.93
185207,185208,206,10.99
228458,229113,206,2.93
229780,230436,206,2.93
180562,179906,206,4.59
177291,176636,206,8.63
236364,236365,206,2.93
180563,179906,206,4.59
184551,184552,206,10.99
228457,229113,206,2.93
186520,186521,207,10.99
181210,181209,207,10.99
175974,175318,207,14.29
175974,175319,207,14.29
175974,175317,207,14.29
179296,178640,207,14.29
179296,178641,207,14.29
179296,178639,207,14.29
180555,179899,207,10.99
175984,175328,207,14.29
175984,175327,207,14.29
176635,175980,207,14.29
187177,186521,207,10.99
187177,187178,207,10.99
181926,181927,207,10.99
175983,175327,207,14.29
175983,175328,207,14.29
175983,175326,207,14.29
175983,176638,207,14.29
175983,175982,207,14.29
191115,191116,207,10.99
175976,175320,207,14.29
175976,175321,207,14.29
175976,175319,207,14.29
179295,178639,207,14.29
179295,178640,207,14.29
179295,178638,207,14.29
183895,183896,207,10.99
189146,189147,207,10.99
175977,175321,207,14.29
175977,175322,207,14.29
175977,175320,207,14.29
175975,175319,207,14.29
175975,175320,207,14.29
175975,175318,207,14.29
175338,174682,207,8.63
175985,175328,207,10.99
175339,174683,207,8.63
175337,174681,207,8.63
180558,179903,207,10.99
180556,179899,207,10.99
187176,186521,207,10.99
187833,187178,207,10.99
182582,181927,207,10.99
189802,189147,207,10.99
176659,176004,207,8.63
175989,175332,207,8.63
176000,175345,207,8.63
180612,179957,207,10.99
177293,176637,207,8.63
208827,208828,207,4.59
177292,176637,207,8.63
179908,179252,207,4.59
204891,204892,207,4.59
236373,237029,207,4.59
201607,200951,207,4.59
225230,225231,207,4.59
233753,233754,207,4.59
222609,222610,207,4.59
175978,175322,207,14.29
175978,175323,207,14.29
175978,175321,207,14.29
208171,208828,207,4.59
205547,204892,207,4.59
186456,185799,207,4.59
224574,225231,207,4.59
201606,200951,207,4.59
236372,237029,207,4.59
191699,191698,207,2.93
217951,217950,207,2.93
233729,233728,207,2.93
220575,220574,207,2.93
221953,222610,207,4.59
177295,176638,207,8.63
229130,229787,207,2.93
210073,210728,207,2.93
235712,236367,207,2.93
214669,215324,207,2.93
219919,220574,207,2.93
192355,191698,207,2.93
218607,217950,207,2.93
184491,184490,207,4.59
227799,228454,207,2.93
175979,175323,207,14.29
175979,175324,207,14.29
175979,175322,207,14.29
175979,175980,207,14.29
229131,229787,207,2.93
184551,183896,207,10.99
227798,228454,207,2.93
179901,179245,208,10.99
183239,183240,208,10.99
188490,188491,208,10.99
177972,177317,208,14.29
177972,178629,208,14.29
177972,177973,208,14.29
175330,174674,208,10.99
180554,179898,208,10.99
180554,180553,208,10.99
190459,190460,208,10.99
177316,176661,208,14.29
177316,177973,208,14.29
177316,177317,208,14.29
179954,179299,208,10.99
186520,185865,208,10.99
181210,180553,208,10.99
181210,181865,208,10.99
179955,179299,208,14.29
179955,179300,208,14.29
180555,179898,208,10.99
187177,186522,208,10.99
181926,181271,208,10.99
191115,190460,208,10.99
191115,191772,208,10.99
175342,174686,208,8.63
183895,183240,208,10.99
175340,174684,208,8.63
189146,188491,208,10.99
175341,174685,208,8.63
175339,174684,208,8.63
175337,174680,208,8.63
175336,174680,208,8.63
237027,237683,208,4.59
207516,207517,208,4.59
206204,206205,208,4.59
183178,183177,208,4.59
185800,185144,208,4.59
177941,177940,208,4.59
198982,199638,208,4.59
198982,198983,208,4.59
221298,221299,208,4.59
197671,197672,208,4.59
179949,179293,208,4.59
193735,193736,208,4.59
180593,180594,208,4.59
179297,178642,208,14.29
190387,190386,208,4.59
220642,221299,208,4.59
198981,199638,208,4.59
206860,206205,208,4.59
206860,207517,208,4.59
219330,218675,208,4.59
198326,198983,208,4.59
185801,185144,208,4.59
185864,185865,208,10.99
200879,200222,208,4.59
181249,180594,208,4.59
197015,197672,208,4.59
229134,229790,208,2.93
187765,187109,208,2.93
194391,193736,208,4.59
236354,236353,208,2.93
227139,227795,208,2.93
227139,227138,208,2.93
232441,232442,208,2.93
222544,222543,208,2.93
212042,212041,208,2.93
227852,228509,208,2.93
221888,222543,208,2.93
205470,206125,208,2.93
187766,187109,208,2.93
229135,229790,208,2.93
207441,208096,208,2.93
211386,212041,208,2.93
200949,200293,208,4.59
231785,232442,208,2.93
200948,200293,208,4.59
227140,227795,208,2.93
226483,227138,208,2.93
218674,218675,208,4.59
180613,180614,209,10.99
179956,179301,209,14.29
179900,179244,209,10.99
181270,180614,209,10.99
182583,182584,209,10.99
187834,187835,209,10.99
179298,178643,209,14.29
189803,189804,209,10.99
175329,174673,209,10.99
179902,179246,209,10.99
175334,174678,209,8.63
179901,179246,209,10.99
179901,179244,209,10.99
183239,182584,209,10.99
188490,187835,209,10.99
176002,175346,209,8.63
175330,174675,209,10.99
175330,174673,209,10.99
180554,179897,209,10.99
175343,174687,209,8.63
190459,189804,209,10.99
176001,175346,209,8.63
185208,185209,209,10.99
175342,174687,209,8.63
184552,184553,209,10.99
198912,198911,209,4.59
179946,179290,209,4.59
196360,196361,209,4.59
180598,179942,209,4.59
180598,180597,209,4.59
175336,174679,209,8.63
195704,195705,209,4.59
179945,179289,209,4.59
179283,179939,209,4.59
179283,179284,209,4.59
183834,183833,209,4.59
235720,236376,209,4.59
235720,235721,209,4.59
186455,186454,209,4.59
195048,195049,209,4.59
179944,179288,209,4.59
189731,189730,209,4.59
219987,219988,209,4.59
182522,182521,209,4.59
175335,174679,209,8.63
203578,202923,209,4.59
180599,179942,209,4.59
235719,236376,209,4.59
181254,180597,209,4.59
223920,224577,209,4.59
179282,179939,209,4.59
188420,187763,209,4.59
213355,213354,209,2.93
181269,180614,209,10.99
185864,185209,209,10.99
229115,229771,209,2.93
180561,179905,209,4.59
224513,224512,209,2.93
235064,235721,209,4.59
202922,202923,209,4.59
223857,224512,209,2.93
196947,196290,209,2.93
238329,238986,209,2.93
212699,213354,209,2.93
197602,196945,209,2.93
229116,229771,209,2.93
176636,175981,209,14.29
226541,226542,209,2.93
225885,226542,209,2.93
180562,179905,209,4.59
199568,198911,209,4.59
189147,189148,210,10.99
175328,174672,210,14.29
175328,174671,210,14.29
175318,174662,210,14.29
175318,174663,210,14.29
175318,174661,210,14.29
175982,175325,210,14.29
175320,174664,210,14.29
175320,174665,210,14.29
175320,174663,210,14.29
175326,174670,210,14.29
175326,174671,210,14.29
175326,174669,210,14.29
175326,175325,210,14.29
175317,174661,210,14.29
175317,174662,210,14.29
175317,174660,210,14.29
175317,175316,210,14.29
191116,191117,210,10.99
179957,179302,210,14.29
179957,179958,210,14.29
175327,174671,210,14.29
175327,174672,210,14.29
175327,174670,210,14.29
179899,179243,210,10.99
178640,177984,210,14.29
178640,177985,210,14.29
178640,177983,210,14.29
178639,177983,210,14.29
178639,177984,210,14.29
178639,177982,210,14.29
175323,174667,210,14.29
175323,174668,210,14.29
175323,174666,210,14.29
175324,174668,210,14.29
175324,174669,210,14.29
175324,174667,210,14.29
175324,175325,210,14.29
175319,174663,210,14.29
175319,174664,210,14.29
175319,174662,210,14.29
187178,187179,210,10.99
181927,181928,210,10.99
180613,179958,210,10.99
176003,175347,210,8.63
179900,179243,210,10.99
181270,180615,210,10.99
182583,181928,210,10.99
187834,187179,210,10.99
175333,174677,210,8.63
175344,174688,210,8.63
189803,189148,210,10.99
175329,174672,210,10.99
179902,179247,210,10.99
175334,174677,210,8.63
176002,175347,210,8.63
176660,176005,210,8.63
175343,174688,210,8.63
184552,183897,210,10.99
223265,223266,210,4.59
181907,181251,210,4.59
210793,211449,210,4.59
236374,237030,210,4.59
209483,209484,210,4.59
179907,179251,210,4.59
189075,189074,210,4.59
183896,183897,210,10.99
178641,177985,210,14.29
178641,177986,210,14.29
178641,177984,210,14.29
201608,200952,210,4.59
204235,204236,210,4.59
208827,209484,210,4.59
179908,179251,210,4.59
204891,204236,210,4.59
236373,237030,210,4.59
201607,200952,210,4.59
225230,225887,210,4.59
233753,233098,210,4.59
233753,234410,210,4.59
181906,181251,210,4.59
222609,223266,210,4.59
229818,229819,210,2.93
237020,237021,210,2.93
231760,231759,210,2.93
234385,234384,210,2.93
229775,230431,210,2.93
226482,226481,210,2.93
229779,230435,210,2.93
229785,230441,210,2.93
234409,234410,210,4.59
175322,174666,210,14.29
175322,174667,210,14.29
175322,174665,210,14.29
204156,204155,210,2.93
209416,209415,210,2.93
228456,229112,210,2.93
202845,202188,210,2.93
229162,229819,210,2.93
229784,230441,210,2.93
214012,214667,210,2.93
231104,231759,210,2.93
208760,209415,210,2.93
225826,226481,210,2.93
175980,175325,210,14.29
229780,230435,210,2.93
236364,237021,210,2.93
228457,229112,210,2.93
181271,181272,211,10.99
178642,177987,211,14.29
190460,190461,211,10.99
174674,174018,211,10.99
179898,179242,211,10.99
177317,176662,211,14.29
177317,177974,211,14.29
177317,177318,211,14.29
179245,178589,211,10.99
188491,188492,211,10.99
189147,188492,211,10.99
174682,174026,211,8.63
174683,174027,211,8.63
191116,190461,211,10.99
191116,191773,211,10.99
176004,175348,211,8.63
175345,174689,211,8.63
179899,179242,211,10.99
187178,186523,211,10.99
181927,181272,211,10.99
176003,175348,211,8.63
175333,174676,211,8.63
175331,174676,211,8.63
175344,174689,211,8.63
186521,185866,211,10.99
179299,178644,211,14.29
175972,175971,211,4.59
198327,198328,211,4.59
176628,176627,211,4.59
179300,178644,211,14.29
179300,178645,211,14.29
237028,237684,211,4.59
208172,208173,211,4.59
183896,183241,211,10.99
177284,177283,211,4.59
186522,185866,211,10.99
186522,186523,211,10.99
237027,237684,211,4.59
237027,237682,211,4.59
205548,205549,211,4.59
207516,208173,211,4.59
206204,205549,211,4.59
185800,185143,211,4.59
177941,178596,211,4.59
198982,199639,211,4.59
221298,221955,211,4.59
197671,198328,211,4.59
179949,179292,211,4.59
190387,191042,211,4.59
191043,191042,211,2.93
221231,221230,211,2.93
206127,206783,211,2.93
229132,229788,211,2.93
229776,230432,211,2.93
229774,230430,211,2.93
174681,174025,211,8.63
192425,192426,211,2.93
227197,227198,211,2.93
238983,239639,211,2.93
203500,203499,211,2.93
237026,237682,211,2.93
204812,205468,211,2.93
204812,204811,211,2.93
227797,228453,211,2.93
217295,217294,211,2.93
183240,183241,211,10.99
191699,191042,211,2.93
206128,206783,211,2.93
217951,217294,211,2.93
220575,221230,211,2.93
200950,200294,211,4.59
221954,221955,211,4.59
218018,218019,211,4.59
185865,185866,211,10.99
200949,200294,211,4.59
218674,218019,211,4.59
236369,237024,211,2.93
204813,205468,211,2.93
229131,229788,211,2.93
227798,228453,211,2.93
185209,185210,212,10.99
189804,189805,212,10.99
184553,184554,212,10.99
179897,179241,212,10.99
179897,179896,212,10.99
174673,174017,212,14.29
174673,174016,212,14.29
179301,178646,212,14.29
179246,178590,212,10.99
187835,187836,212,10.99
179244,178588,212,10.99
178643,177988,212,14.29
181271,180616,212,10.99
174684,174028,212,8.63
174686,174030,212,8.63
174680,174024,212,8.63
190460,189805,212,10.99
174674,174019,212,10.99
174674,174017,212,10.99
179898,179241,212,10.99
179245,178590,212,10.99
179245,178588,212,10.99
174685,174029,212,8.63
188491,187836,212,10.99
174683,174028,212,8.63
176004,175349,212,8.63
175345,174690,212,8.63
180560,179904,212,4.59
179947,179291,212,4.59
199567,199566,212,4.59
220643,220644,212,4.59
179943,179287,212,4.59
219331,219332,212,4.59
197016,197017,212,4.59
198256,198255,212,4.59
185145,184489,212,4.59
198912,198255,212,4.59
179946,179291,212,4.59
196360,197017,212,4.59
180598,179941,212,4.59
185146,184489,212,4.59
200878,200221,212,4.59
179283,179940,212,4.59
183834,184489,212,4.59
235720,236377,212,4.59
186455,185798,212,4.59
195048,194393,212,4.59
179944,179287,212,4.59
219987,219332,212,4.59
219987,220644,212,4.59
186522,185867,212,10.99
229773,230429,212,2.93
216638,216637,212,2.93
229133,229789,212,2.93
238984,239640,212,2.93
208100,208756,212,2.93
212698,212697,212,2.93
223200,223199,212,2.93
174681,174024,212,8.63
200223,199566,212,4.59
183240,182585,212,10.99
229134,229789,212,2.93
187765,187108,212,2.93
215982,216637,212,2.93
180561,179904,212,4.59
227139,227794,212,2.93
222544,223199,212,2.93
212042,212697,212,2.93
206861,206862,212,4.59
182584,182585,212,10.99
202922,202267,212,4.59
185865,185210,212,10.99
230438,231094,212,2.93
179243,178587,213,10.99
179302,178647,213,14.29
179302,179959,213,14.29
179302,179303,213,14.29
174660,174004,213,14.29
174660,174005,213,14.29
174660,174003,213,14.29
174660,175315,213,14.29
174660,174659,213,14.29
179958,179303,213,14.29
179958,179959,213,14.29
189148,189149,213,10.99
183897,183898,213,10.99
187179,187180,213,10.99
181928,181929,213,10.99
189804,189149,213,10.99
184553,183898,213,10.99
174687,174031,213,8.63
179897,179240,213,10.99
179897,180552,213,10.99
174672,174015,213,14.29
174664,174008,213,14.29
174664,174009,213,14.29
174664,174007,213,14.29
179246,178591,213,10.99
174679,174023,213,8.63
174678,174022,213,8.63
187835,187180,213,10.99
180614,179959,213,10.99
179244,178587,213,10.99
175316,174659,213,14.29
175316,175315,213,14.29
174686,174031,213,8.63
174680,174023,213,8.63
176661,176006,213,8.63
235065,235066,213,4.59
223921,223922,213,4.59
174671,174015,213,14.29
174671,174014,213,14.29
224576,225232,213,4.59
179906,179250,213,4.59
188419,188418,213,4.59
181252,180596,213,4.59
236375,237031,213,4.59
200877,200876,213,4.59
174663,174007,213,14.29
174663,174008,213,14.29
174663,174006,213,14.29
181253,180596,213,4.59
223265,223922,213,4.59
236374,237031,213,4.59
209483,210140,213,4.59
174670,174014,213,14.29
174670,174015,213,14.29
174670,174013,213,14.29
224575,225232,213,4.59
179907,179250,213,4.59
189075,188418,213,4.59
208101,208757,213,2.93
219262,219261,213,2.93
230437,231093,213,2.93
235041,235040,213,2.93
230474,230475,213,2.93
208099,208755,213,2.93
225169,225168,213,2.93
174662,174006,213,14.29
174662,174007,213,14.29
174662,174005,213,14.29
201608,200953,213,4.59
204235,203580,213,4.59
174661,174005,213,14.29
174661,174006,213,14.29
174661,174004,213,14.29
234409,235066,213,4.59
202265,201610,213,4.59
213355,214010,213,2.93
229115,229770,213,2.93
229114,229770,213,2.93
224513,225168,213,2.93
182584,181929,213,10.99
230439,231095,213,2.93
201609,200953,213,4.59
201609,201610,213,4.59
203579,203580,213,4.59
202266,201610,213,4.59
176662,176007,214,14.29
176662,177319,214,14.29
176662,176663,214,14.29
177318,176663,214,14.29
177318,177975,214,14.29
177318,177319,214,14.29
179242,178586,214,10.99
181272,181273,214,10.99
174688,174032,214,8.63
179243,178586,214,10.99
183241,183242,214,10.99
175347,174691,214,8.63
174677,174021,214,8.63
189148,188493,214,10.99
183897,183242,214,10.99
187179,186524,214,10.99
181928,181273,214,10.99
174687,174032,214,8.63
174678,174021,214,8.63
175346,174691,214,8.63
178638,178637,214,4.59
237029,237685,214,4.59
181209,181208,214,4.59
198327,198984,214,4.59
237028,237685,214,4.59
179294,178637,214,4.59
228455,229111,214,2.93
229778,230434,214,2.93
232416,232415,214,2.93
208098,208754,214,2.93
231130,231131,214,2.93
208828,208829,214,4.59
219918,219917,214,2.93
192354,192353,214,2.93
230447,230446,214,2.93
237676,238332,214,2.93
237676,237677,214,2.93
201533,201532,214,2.93
233754,233755,214,4.59
208172,208829,214,4.59
177284,177939,214,4.59
222610,222611,214,4.59
205548,204893,214,4.59
218606,218605,214,2.93
210072,210071,214,2.93
186523,186524,214,10.99
237675,238332,214,2.93
237020,237677,214,2.93
231760,232415,214,2.93
226482,227137,214,2.93
229779,230434,214,2.93
200951,200295,214,4.59
229785,230442,214,2.93
209416,210071,214,2.93
204892,204893,214,4.59
228456,229111,214,2.93
229786,230442,214,2.93
200950,200295,214,4.59
221954,222611,214,4.59
237025,237681,214,2.93
178588,177932,215,10.99
185210,185211,215,10.99
185867,185211,215,10.99
185867,185868,215,10.99
187836,187837,215,10.99
179241,178585,215,10.99
184554,184555,215,10.99
185866,185211,215,10.99
174676,174020,215,8.63
174689,174033,215,8.63
175348,174692,215,8.63
179242,178585,215,10.99
181272,180617,215,10.99
174688,174033,215,8.63
183241,182586,215,10.99
175347,174692,215,8.63
174677,174020,215,8.63
176005,175350,215,8.63
185144,184488,215,4.59
183177,183176,215,4.59
221299,221300,215,4.59
181865,181864,215,4.59
178629,179285,215,4.59
178629,178630,215,4.59
190386,190385,215,4.59
207517,207518,215,4.59
180594,180595,215,4.59
218675,218676,215,4.59
197672,197673,215,4.59
192426,193082,215,7.52
192426,192427,215,7.52
199567,198910,215,4.59
181250,180595,215,4.59
220643,221300,215,4.59
179943,179286,215,4.59
178628,179285,215,4.59
219331,218676,215,4.59
197016,197673,215,4.59
185145,184488,215,4.59
208097,208753,215,2.93
227853,227854,215,2.93
231786,231787,215,2.93
208102,208758,215,2.93
229777,230433,215,2.93
229164,229820,215,2.93
229164,229165,215,2.93
235710,236366,215,2.93
221887,221886,215,2.93
211385,211384,215,2.93
207440,207439,215,2.93
193081,193737,215,2.93
193081,193082,215,2.93
174026,173370,215,8.63
228508,229165,215,2.93
210729,211384,215,2.93
221231,221886,215,2.93
206127,206782,215,2.93
182585,182586,215,10.99
229163,229820,215,2.93
208103,208758,215,2.93
215325,215980,215,2.93
187110,186453,215,2.93
229776,230433,215,2.93
186523,185868,215,10.99
192425,193082,215,2.93
206126,206782,215,2.93
227197,227854,215,2.93
215981,215980,215,2.93
238983,239638,215,2.93
235711,236366,215,2.93
203500,202843,215,2.93
204812,205467,215,2.93
227797,228452,215,2.93
206205,206206,215,4.59
174025,173369,215,8.63
206861,206206,215,4.59
206861,207518,215,4.59
227796,228452,215,2.93
181929,181930,216,10.99
178587,177931,216,10.99
179240,178584,216,10.99
179240,179239,216,10.99
183898,183899,216,10.99
175315,174658,216,14.29
175315,175970,216,14.29
175315,175314,216,14.29
178588,177933,216,10.99
178588,177931,216,10.99
174019,173363,216,8.63
175349,174693,216,8.63
185867,185212,216,10.99
174024,173368,216,8.63
174030,173374,216,8.63
187836,187181,216,10.99
179241,178584,216,10.99
184554,183899,216,10.99
174029,173373,216,8.63
174689,174034,216,8.63
175348,174693,216,8.63
174659,174002,216,14.29
174659,175314,216,14.29
174659,174658,216,14.29
187180,187181,216,10.99
179905,179249,216,4.59
183833,183832,216,4.59
179290,178634,216,4.59
179289,178633,216,4.59
179288,178632,216,4.59
195049,195050,216,4.59
182521,182520,216,4.59
224577,225233,216,4.59
224577,224578,216,4.59
219988,219989,216,4.59
202923,202924,216,4.59
236376,237032,216,4.59
196361,196362,216,4.59
235721,235722,216,4.59
195705,195706,216,4.59
174028,173372,216,8.63
189730,189729,216,4.59
235065,235722,216,4.59
223921,224578,216,4.59
224576,225233,216,4.59
179906,179249,216,4.59
188419,187762,216,4.59
236375,237032,216,4.59
200877,200220,216,4.59
235697,235696,216,2.93
229772,230428,216,2.93
238985,239641,216,2.93
238331,238987,216,2.93
174026,173371,216,8.63
229773,230428,216,2.93
238330,238987,216,2.93
216638,217293,216,2.93
238984,239641,216,2.93
212698,213353,216,2.93
223200,223855,216,2.93
182585,181930,216,10.99
174025,173368,216,8.63
223856,223855,216,2.93
201609,200954,216,4.59
203579,202924,216,4.59
202266,201611,216,4.59
186524,186525,217,10.99
183242,183243,217,10.99
176663,176008,217,14.29
176663,177320,217,14.29
176663,176664,217,14.29
178586,177930,217,10.99
174023,173367,217,8.63
181929,181274,217,10.99
174031,173375,217,8.63
178587,177930,217,10.99
174022,173366,217,8.63
179240,178583,217,10.99
179240,179895,217,10.99
183898,183243,217,10.99
174019,173364,217,8.63
174019,173362,217,8.63
175349,174694,217,8.63
174024,173367,217,8.63
174030,173375,217,8.63
177982,177326,217,4.59
177982,177981,217,4.59
174667,174011,217,4.59
237030,237686,217,4.59
179251,178595,217,4.59
177986,177330,217,4.59
204236,204237,217,4.59
177983,177327,217,4.59
187180,186525,217,10.99
189074,189073,217,4.59
177984,177328,217,4.59
174668,174012,217,4.59
234410,234411,217,4.59
233098,233099,217,4.59
223266,223267,217,4.59
192426,193083,217,7.52
179252,178595,217,4.59
178638,177981,217,4.59
225231,225888,217,4.59
209484,209485,217,4.59
179903,179248,217,4.59
237029,237686,217,4.59
185799,185142,217,4.59
229113,229769,217,2.93
233072,233071,217,2.93
230436,231092,217,2.93
179247,179248,217,4.59
225825,225824,217,2.93
231103,231102,217,2.93
208828,209485,217,4.59
233754,233099,217,4.59
233754,234411,217,4.59
177985,177329,217,4.59
230437,231092,217,2.93
225169,225824,217,2.93
222610,223267,217,4.59
174666,174010,217,4.59
200951,200296,217,4.59
204892,204237,217,4.59
230440,231096,217,2.93
229114,229769,217,2.93
200952,200296,217,4.59
230439,231096,217,2.93
178585,177929,218,10.99
185868,185869,218,10.99
184555,184556,218,10.99
186524,185869,218,10.99
183242,182587,218,10.99
174032,173376,218,8.63
174021,173365,218,8.63
178586,177929,218,10.99
176007,175351,218,8.63
174031,173376,218,8.63
176006,175351,218,8.63
174022,173365,218,8.63
178645,177989,218,4.59
176627,176626,218,4.59
177283,177282,218,4.59
237684,238340,218,4.59
185143,184487,218,4.59
198328,198329,218,4.59
221955,221956,218,4.59
218019,218020,218,4.59
208173,208174,218,4.59
191042,191041,218,4.59
177987,177331,218,4.59
185144,184487,218,4.59
221299,221956,218,4.59
198983,199640,218,4.59
190386,191041,218,4.59
207517,208174,218,4.59
179292,178636,218,4.59
218675,218020,218,4.59
197672,198329,218,4.59
210728,210727,218,2.93
233728,233727,218,2.93
220574,220573,218,2.93
191698,191697,218,2.93
228454,229110,218,2.93
229787,230443,218,2.93
215324,215323,218,2.93
182586,182587,218,10.99
200222,199565,218,4.59
228455,229110,218,2.93
187764,187107,218,2.93
225886,226543,218,2.93
219918,220573,218,2.93
192354,191697,218,2.93
236368,237023,218,2.93
237676,238333,218,2.93
218606,217949,218,2.93
210072,210727,218,2.93
199639,199640,218,4.59
206205,205550,218,4.59
214668,215323,218,2.93
217950,217949,218,2.93
236367,237023,218,2.93
205549,205550,218,4.59
179293,178636,218,4.59
229786,230443,218,2.93
237025,237680,218,2.93
175314,174657,219,14.29
175314,175969,219,14.29
175314,175313,219,14.29
179239,179238,219,10.99
183899,183900,219,10.99
219989,219333,219,10.99
219989,220645,219,10.99
219989,219990,219,10.99
178584,177928,219,10.99
185212,185213,219,10.99
175970,175313,219,14.29
175970,176625,219,14.29
175970,175969,219,14.29
178585,177928,219,10.99
193082,193738,219,7.52
185868,185213,219,10.99
184555,183900,219,10.99
174032,173377,219,8.63
176007,175352,219,8.63
219332,219333,219,4.59
206862,206863,219,4.59
197017,197018,219,4.59
174017,173361,219,4.59
179287,178631,219,4.59
185798,185797,219,4.59
202267,202268,219,4.59
236377,237033,219,4.59
236377,236378,219,4.59
194393,194394,219,4.59
178646,177990,219,4.59
180616,179960,219,4.59
220644,220645,219,4.59
179291,178635,219,4.59
178590,177934,219,4.59
187181,187182,219,10.99
179290,178635,219,4.59
179288,178631,219,4.59
195049,194394,219,4.59
224577,225234,219,4.59
219988,219333,219,4.59
219988,220645,219,4.59
202923,202268,219,4.59
236376,237033,219,4.59
196361,197018,219,4.59
235721,236378,219,4.59
228509,228510,219,2.93
236353,236352,219,2.93
237683,238339,219,2.93
206125,206781,219,2.93
206125,206124,219,2.93
222543,222542,219,2.93
191772,192428,219,2.93
208096,208752,219,2.93
208096,208095,219,2.93
174016,173360,219,4.59
174002,173346,219,14.29
174002,173347,219,14.29
174002,173345,219,14.29
174002,174657,219,14.29
174002,174001,219,14.29
227795,228451,219,2.93
208097,208752,219,2.93
227853,228510,219,2.93
231786,232443,219,2.93
205469,206124,219,2.93
182586,181931,219,10.99
229164,229821,219,2.93
221887,222542,219,2.93
211385,212040,219,2.93
207440,208095,219,2.93
193081,193738,219,2.93
174658,174001,219,14.29
174658,175313,219,14.29
174658,174657,219,14.29
206126,206781,219,2.93
215981,216636,219,2.93
177988,177332,219,4.59
212041,212040,219,2.93
232442,232443,219,2.93
227796,228451,219,2.93
186525,186526,220,10.99
178583,177927,220,10.99
178583,178582,220,10.99
183243,183244,220,10.99
177930,177274,220,10.99
176664,176009,220,14.29
176664,177321,220,14.29
176664,176665,220,14.29
176008,175353,220,14.29
176008,176665,220,14.29
176008,176009,220,14.29
179239,178582,220,10.99
179239,179894,220,10.99
173368,172712,220,8.63
183899,183244,220,10.99
219989,219334,220,10.99
219989,220646,220,10.99
178584,177927,220,10.99
185212,184557,220,10.99
173374,172718,220,8.63
175350,174695,220,8.63
173363,172707,220,8.63
174006,173350,220,4.59
174007,173351,220,4.59
237031,237687,220,4.59
174014,173358,220,4.59
203580,203581,220,4.59
188418,188417,220,4.59
174005,173349,220,4.59
174013,173357,220,4.59
179250,178594,220,4.59
174015,173359,220,4.59
179303,179304,220,4.59
178647,177991,220,4.59
178647,178648,220,4.59
235066,235067,220,4.59
174004,173348,220,4.59
180552,180551,220,4.59
223922,223923,220,4.59
187181,186526,220,10.99
187181,187838,220,10.99
177982,177325,220,4.59
237030,237687,220,4.59
179251,178594,220,4.59
204236,203581,220,4.59
173373,172717,220,8.63
189074,188417,220,4.59
234410,235067,220,4.59
238986,239642,220,2.93
224512,224511,220,2.93
229771,230427,220,2.93
223266,223923,220,4.59
200953,200297,220,4.59
179247,178592,220,4.59
229772,230427,220,2.93
238985,239642,220,2.93
174009,173353,220,4.59
238331,238988,220,2.93
178591,177935,220,4.59
178591,178592,220,4.59
174008,173352,220,4.59
223856,224511,220,2.93
200952,200297,220,4.59
185869,185870,221,10.99
177929,177273,221,10.99
173366,172710,221,8.63
174694,174038,221,8.63
173364,172708,221,8.63
186525,185870,221,10.99
178583,177926,221,10.99
183243,182588,221,10.99
177930,177275,221,10.99
177930,177273,221,10.99
173367,172711,221,8.63
173368,172713,221,8.63
173368,172711,221,8.63
173374,172719,221,8.63
193082,193739,221,7.52
177975,177976,221,4.59
177939,177938,221,4.59
174691,174035,221,4.59
204893,204894,221,4.59
233755,233756,221,4.59
198984,198985,221,4.59
181208,181207,221,4.59
173363,172708,221,8.63
173363,172706,221,8.63
237685,238341,221,4.59
208829,208830,221,4.59
177283,177938,221,4.59
173362,172706,221,8.63
237684,238341,221,4.59
185143,184486,221,4.59
198328,198985,221,4.59
221955,222612,221,4.59
208173,208830,221,4.59
209415,209414,221,2.93
231759,231758,221,2.93
234384,234383,221,2.93
230431,231087,221,2.93
173373,172716,221,8.63
191117,191118,221,2.93
214667,214666,221,2.93
230435,231091,221,2.93
229112,229768,221,2.93
204155,204154,221,2.93
226481,226480,221,2.93
202844,202187,221,2.93
229113,229768,221,2.93
230436,231091,221,2.93
225825,226480,221,2.93
208759,209414,221,2.93
231103,231758,221,2.93
236365,237022,221,2.93
222611,222612,221,4.59
202188,202187,221,2.93
237021,237022,221,2.93
230441,231097,221,2.93
205549,204894,221,4.59
230440,231097,221,2.93
214011,214666,221,2.93
175969,175312,222,14.29
175969,176624,222,14.29
175969,175968,222,14.29
179238,179237,222,10.99
177928,177272,222,10.99
185213,185214,222,10.99
175313,174656,222,14.29
175313,175968,222,14.29
175313,175312,222,14.29
219990,219991,222,10.99
183900,183901,222,10.99
184556,183901,222,10.99
185869,185214,222,10.99
173365,172709,222,8.63
177929,177272,222,10.99
173366,172709,222,8.63
174694,174039,222,8.63
174694,174037,222,8.63
173364,172709,222,8.63
173345,172689,222,14.29
173345,172690,222,14.29
173345,172688,222,14.29
173345,174000,222,14.29
173345,173344,222,14.29
173370,172714,222,4.59
221300,221301,222,4.59
187182,187183,222,10.99
197673,197674,222,4.59
181864,181863,222,4.59
180617,179961,222,4.59
180617,180618,222,4.59
218676,218677,222,4.59
177932,177276,222,4.59
174692,174036,222,4.59
198910,198909,222,4.59
207518,207519,222,4.59
183176,183175,222,4.59
206206,206207,222,4.59
174001,173344,222,14.29
174001,174656,222,14.29
174001,174000,222,14.29
219332,218677,222,4.59
206862,206207,222,4.59
206862,207519,222,4.59
197017,197674,222,4.59
199566,198909,222,4.59
185798,185141,222,4.59
202267,201612,222,4.59
236377,237034,222,4.59
180616,179961,222,4.59
220644,221301,222,4.59
228453,229109,222,2.93
229788,230444,222,2.93
173362,172705,222,8.63
204811,204810,222,2.93
221230,221229,222,2.93
190461,190462,222,2.93
239639,240295,222,2.93
191773,192429,222,2.93
191773,191774,222,2.93
230432,231088,222,2.93
203499,203498,222,2.93
174657,174000,222,14.29
174657,175312,222,14.29
174657,174656,222,14.29
230430,231086,222,2.93
173346,172690,222,14.29
173346,172691,222,14.29
173346,172689,222,14.29
210728,211383,222,2.93
220574,221229,222,2.93
228454,229109,222,2.93
229787,230444,222,2.93
215324,215979,222,2.93
200221,199564,222,4.59
237682,238338,222,2.93
227198,227199,222,2.93
177988,177333,222,4.59
186526,186527,223,10.99
177927,177271,223,10.99
184557,184558,223,10.99
220646,221302,223,10.99
220646,220647,223,10.99
219334,218678,223,10.99
219334,219335,223,10.99
176009,175354,223,14.29
176009,176666,223,14.29
176009,176010,223,14.29
178582,178581,223,10.99
175352,174696,223,8.63
179238,178581,223,10.99
179238,179893,223,10.99
177928,177271,223,10.99
185213,184558,223,10.99
219990,219335,223,10.99
219990,220647,223,10.99
183900,183245,223,10.99
175351,174696,223,8.63
200220,200219,223,4.59
182520,182519,223,4.59
173371,172715,223,4.59
237032,237688,223,4.59
179249,178593,223,4.59
178633,177977,223,4.59
183832,183831,223,4.59
178634,177978,223,4.59
195050,195051,223,4.59
201611,200955,223,4.59
174034,173378,223,4.59
202924,202925,223,4.59
195706,195707,223,4.59
177933,177277,223,4.59
235722,235723,223,4.59
224578,224579,223,4.59
196362,196363,223,4.59
225233,225889,223,4.59
187182,186527,223,10.99
187182,187839,223,10.99
225232,225889,223,4.59
201610,200955,223,4.59
237031,237688,223,4.59
203580,202925,223,4.59
188418,187761,223,4.59
174013,173356,223,4.59
179250,178593,223,4.59
178647,177992,223,4.59
235066,235723,223,4.59
230429,231085,223,2.93
227794,228450,223,2.93
227794,227793,223,2.93
187108,186452,223,2.93
223922,224579,223,4.59
229789,230445,223,2.93
231094,231750,223,2.93
208756,209412,223,2.93
189805,189806,223,2.93
239640,240296,223,2.93
200954,200298,223,4.59
200954,200955,223,4.59
229790,230445,223,2.93
228509,229166,223,2.93
187109,186452,223,2.93
206125,206780,223,2.93
222543,223198,223,2.93
208096,208751,223,2.93
200953,200298,223,4.59
227795,228450,223,2.93
227138,227793,223,2.93
223199,223198,223,2.93
174009,173354,223,4.59
178591,177936,223,4.59
212697,212696,223,2.93
212041,212696,223,2.93
177926,177270,224,10.99
177926,177925,224,10.99
185870,185871,224,10.99
186526,185871,224,10.99
177927,177270,224,10.99
172707,172051,224,8.63
175353,174697,224,8.63
184557,183902,224,10.99
220646,221303,224,10.99
219334,218679,224,10.99
178582,177925,224,10.99
175352,174697,224,8.63
204237,204238,224,4.59
177327,176671,224,4.59
174011,173355,224,4.59
177326,176670,224,4.59
237686,238342,224,4.59
225888,226544,224,4.59
209485,209486,224,4.59
181274,181275,224,4.59
177981,177980,224,4.59
234411,234412,224,4.59
204893,204238,224,4.59
233755,233100,224,4.59
233755,234412,224,4.59
198984,199641,224,4.59
237685,238342,224,4.59
208829,209486,224,4.59
178637,177980,224,4.59
231095,231751,224,2.93
208757,209413,224,2.93
200876,200875,224,2.93
235040,235039,224,2.93
177328,176672,224,4.59
231093,231749,224,2.93
214010,214009,224,2.93
219261,219260,224,2.93
229770,230426,224,2.93
189149,189150,224,2.93
208755,209411,224,2.93
177330,176674,224,4.59
225168,225167,224,2.93
223267,223268,224,4.59
230475,230476,224,2.93
238986,239643,224,2.93
224512,225167,224,2.93
187763,187106,224,2.93
229771,230426,224,2.93
213354,214009,224,2.93
177329,176673,224,4.59
233099,233100,224,4.59
222611,223268,224,4.59
177272,176616,225,10.99
219991,219992,225,10.99
173344,172687,225,14.29
173344,173999,225,14.29
173344,173343,225,14.29
172689,172033,225,14.29
172689,172034,225,14.29
172689,172032,225,14.29
179237,179236,225,10.99
172688,172032,225,14.29
172688,172033,225,14.29
172688,172031,225,14.29
172688,173343,225,14.29
172688,172687,225,14.29
175312,174655,225,14.29
175312,175967,225,14.29
175312,175311,225,14.29
175968,175311,225,14.29
175968,176623,225,14.29
175968,175967,225,14.29
185214,185215,225,10.99
177926,177269,225,10.99
193739,194395,225,7.52
193739,193740,225,7.52
172708,172052,225,8.63
185870,185215,225,10.99
174695,174040,225,8.63
172707,172052,225,8.63
172707,172050,225,8.63
175353,174698,225,8.63
193738,194395,225,7.52
177282,177281,225,4.59
173376,172720,225,4.59
172690,172034,225,14.29
172690,172035,225,14.29
172690,172033,225,14.29
198329,198330,225,4.59
221956,221957,225,4.59
208174,208175,225,4.59
174000,173343,225,14.29
174000,174655,225,14.29
174000,173999,225,14.29
172710,172054,225,8.63
221300,221957,225,4.59
197673,198330,225,4.59
180617,179962,225,4.59
207518,208175,225,4.59
188493,188494,225,2.93
210071,210070,225,2.93
232415,232414,225,2.93
229111,229767,225,2.93
227137,227136,225,2.93
231131,231132,225,2.93
237681,238337,225,2.93
192353,192352,225,2.93
187183,187184,225,10.99
230434,231090,225,2.93
218605,218604,225,2.93
219917,219916,225,2.93
208754,209410,225,2.93
206206,205551,225,4.59
177331,176675,225,4.59
238340,238996,225,4.59
209415,210070,225,2.93
231759,232414,225,2.93
174656,173999,225,14.29
174656,175311,225,14.29
174656,174655,225,14.29
205550,205551,225,4.59
214667,215322,225,2.93
230435,231090,225,2.93
229112,229767,225,2.93
226481,227136,225,2.93
172706,172050,225,8.63
237677,237678,225,2.93
202188,201531,225,2.93
237021,237678,225,2.93
230442,231098,225,2.93
230441,231098,225,2.93
201532,201531,225,2.93
187839,188495,226,14.29
187839,188496,226,14.29
187839,187840,226,14.29
178581,178580,226,10.99
177271,176615,226,10.99
220647,220648,226,10.99
186527,186528,226,10.99
219335,219336,226,10.99
177272,176617,226,10.99
177272,176615,226,10.99
219991,219336,226,10.99
219991,220648,226,10.99
179237,178580,226,10.99
179237,179892,226,10.99
185214,184559,226,10.99
172708,172053,226,8.63
225234,225890,226,4.59
225234,225235,226,4.59
197018,197019,226,4.59
237033,237689,226,4.59
173377,172721,226,4.59
236378,236379,226,4.59
232443,232444,226,4.59
185797,185796,226,4.59
202268,202269,226,4.59
200220,199563,226,4.59
172710,172055,226,8.63
172710,172053,226,8.63
237032,237689,226,4.59
178634,177979,226,4.59
201611,200956,226,4.59
174034,173379,226,4.59
202924,202269,226,4.59
177933,177278,226,4.59
235722,236379,226,4.59
224578,225235,226,4.59
196362,197019,226,4.59
225233,225890,226,4.59
178635,177979,226,4.59
221886,221885,226,2.93
230433,231089,226,2.93
231787,231788,226,2.93
208753,209409,226,2.93
228452,229108,226,2.93
207439,207438,226,2.93
205467,206123,226,2.93
205467,205466,226,2.93
187183,186528,226,10.99
187183,187840,226,10.99
175354,174699,226,14.29
175354,176011,226,14.29
175354,175355,226,14.29
172709,172053,226,8.63
177332,176676,226,4.59
176010,175355,226,14.29
176010,176667,226,14.29
176010,176011,226,14.29
228453,229108,226,2.93
200954,200299,226,4.59
227854,227855,226,2.93
206783,207438,226,2.93
204811,205466,226,2.93
221230,221885,226,2.93
205468,206123,226,2.93
191773,192430,226,2.93
237024,237679,226,2.93
230432,231089,226,2.93
203499,202842,226,2.93
177934,177278,226,4.59
181931,181932,226,4.59
206863,206864,226,4.59
177990,177334,226,4.59
202843,202842,226,2.93
206782,207438,226,2.93
172706,172049,226,8.63
173360,172704,226,4.59
227198,227855,226,2.93
177925,177924,227,10.99
185871,185872,227,10.99
177270,176614,227,10.99
178581,177924,227,10.99
177271,176614,227,10.99
220647,221304,227,10.99
186527,185872,227,10.99
219335,218680,227,10.99
218678,218023,227,10.99
193739,193084,227,7.52
193739,194396,227,7.52
177935,177279,227,4.59
177325,176669,227,4.59
177325,177324,227,4.59
179894,180550,227,4.59
177321,177322,227,4.59
173348,172692,227,4.59
173357,172701,227,4.59
173349,172693,227,4.59
173351,172695,227,4.59
173352,172696,227,4.59
172718,172062,227,4.59
235067,235068,227,4.59
173353,172697,227,4.59
180551,180550,227,4.59
172712,172056,227,4.59
177274,176618,227,4.59
173350,172694,227,4.59
237687,238343,227,4.59
173358,172702,227,4.59
172051,171395,227,14.29
172051,171396,227,14.29
172051,171394,227,14.29
204237,203582,227,4.59
185142,184485,227,4.59
188417,188416,227,4.59
177326,176669,227,4.59
218679,218023,227,10.99
218679,218680,227,10.99
237686,238343,227,4.59
225888,226545,227,4.59
181274,180619,227,4.59
177981,177324,227,4.59
234411,235068,227,4.59
179895,180550,227,4.59
223855,223854,227,2.93
213353,213352,227,2.93
217293,217292,227,2.93
230428,231084,227,2.93
203581,203582,227,4.59
173359,172703,227,4.59
230429,231084,227,2.93
235696,235695,227,2.93
227794,228449,227,2.93
187108,186451,227,2.93
239641,240297,227,2.93
216637,217292,227,2.93
239640,240297,227,2.93
223923,223924,227,4.59
223267,223924,227,4.59
179304,179305,227,4.59
172717,172061,227,4.59
189073,188416,227,4.59
177991,177335,227,4.59
178648,178649,227,4.59
223199,223854,227,2.93
212697,213352,227,2.93
172032,171376,228,14.29
172032,171377,228,14.29
172032,171375,228,14.29
175311,174654,228,14.29
175311,175966,228,14.29
175311,175310,228,14.29
219992,219993,228,10.99
174655,173998,228,14.29
174655,175310,228,14.29
174655,174654,228,14.29
172052,171397,228,14.29
172054,171398,228,14.29
172054,171399,228,14.29
172054,171397,228,14.29
172687,172030,228,14.29
172687,173342,228,14.29
172687,172686,228,14.29
177269,176613,228,10.99
177269,177268,228,10.99
172050,171393,228,14.29
172034,171378,228,14.29
172034,171379,228,14.29
172034,171377,228,14.29
172033,171377,228,14.29
172033,171378,228,14.29
172033,171376,228,14.29
173343,172686,228,14.29
173343,173998,228,14.29
173343,173342,228,14.29
177925,177268,228,10.99
185871,185216,228,10.99
177270,176613,228,10.99
174697,174041,228,8.63
174696,174041,228,8.63
172031,171375,228,14.29
172031,171376,228,14.29
172031,171374,228,14.29
172031,172686,228,14.29
172031,172030,228,14.29
172719,172063,228,4.59
177938,177937,228,4.59
208830,208831,228,4.59
181207,181206,228,4.59
184486,183830,228,4.59
177275,176619,228,4.59
174038,173382,228,4.59
238341,238997,228,4.59
198985,198986,228,4.59
172716,172060,228,4.59
172713,172057,228,4.59
222612,222613,228,4.59
182588,182589,228,4.59
177282,177937,228,4.59
184487,183830,228,4.59
191041,191696,228,4.59
198329,198986,228,4.59
221956,222613,228,4.59
208174,208831,228,4.59
233071,233070,228,2.93
173999,173342,228,14.29
173999,174654,228,14.29
173999,173998,228,14.29
225824,225823,228,2.93
218679,218024,228,10.99
229769,230425,228,2.93
231096,231752,228,2.93
231102,231101,228,2.93
231092,231748,228,2.93
231095,231752,228,2.93
231093,231748,228,2.93
214010,214665,228,2.93
229770,230425,228,2.93
233756,233757,228,4.59
225168,225823,228,2.93
238340,238997,228,4.59
238340,238995,228,4.59
205550,204895,228,4.59
187184,186529,228,14.29
187184,187841,228,14.29
187184,187185,228,14.29
204894,204895,228,4.59
175355,174700,229,14.29
175355,176012,229,14.29
175355,175356,229,14.29
172049,171392,229,14.29
172049,172048,229,14.29
172055,171400,229,14.29
178580,178579,229,10.99
188495,189151,229,14.29
188495,189152,229,14.29
220648,220649,229,10.99
188496,189152,229,14.29
188496,189153,229,14.29
188496,189151,229,14.29
188496,188497,229,14.29
174699,174043,229,14.29
174699,174044,229,14.29
174699,174042,229,14.29
174699,175356,229,14.29
174699,174700,229,14.29
176615,175959,229,10.99
219992,219337,229,10.99
219992,220649,229,10.99
177269,176612,229,10.99
219336,219337,229,10.99
174697,174042,229,8.63
207519,207520,229,4.59
177333,176677,229,4.59
181863,181862,229,4.59
174036,173380,229,4.59
174037,173381,229,4.59
185141,185140,229,4.59
174039,173383,229,4.59
197674,197675,229,4.59
177276,176620,229,4.59
172714,172058,229,4.59
183175,183174,229,4.59
206207,206208,229,4.59
187840,188497,229,14.29
237034,237690,229,4.59
237034,237035,229,4.59
225234,225891,229,4.59
197018,197675,229,4.59
237033,237690,229,4.59
173377,172722,229,4.59
236378,237035,229,4.59
176625,177280,229,4.59
185797,185140,229,4.59
230443,231099,229,2.93
174698,174042,229,8.63
217949,217948,229,2.93
176624,177280,229,4.59
220573,220572,229,2.93
210727,210726,229,2.93
229110,229766,229,2.93
237680,238336,229,2.93
238333,238989,229,2.93
238333,238334,229,2.93
202268,201613,229,4.59
210071,210726,229,2.93
201612,201613,229,4.59
233727,233726,229,2.93
229111,229766,229,2.93
227137,227792,229,2.93
237681,238336,229,2.93
218605,217948,229,2.93
219917,220572,229,2.93
177332,176677,229,4.59
181931,181276,229,4.59
238332,238989,229,2.93
206863,206208,229,4.59
206863,207520,229,4.59
237677,238334,229,2.93
230442,231099,229,2.93
171394,170738,230,14.29
171394,170739,230,14.29
171394,170737,230,14.29
177924,177923,230,10.99
171395,170739,230,14.29
171395,170740,230,14.29
171395,170738,230,14.29
185872,185873,230,10.99
176614,175958,230,10.99
186528,185873,230,10.99
178580,177923,230,10.99
178580,179235,230,10.99
220648,221305,230,10.99
176615,175960,230,10.99
176615,175958,230,10.99
219336,218681,230,10.99
179893,180549,230,4.59
237688,238344,230,4.59
172715,172059,230,4.59
200298,199642,230,4.59
221302,221958,230,4.59
235723,235724,230,4.59
173356,172700,230,4.59
195707,195708,230,4.59
196363,196364,230,4.59
224579,224580,230,4.59
195051,195052,230,4.59
182519,182518,230,4.59
171396,170740,230,14.29
171396,170741,230,14.29
171396,170739,230,14.29
177325,176668,230,4.59
179894,180549,230,4.59
173357,172700,230,4.59
200297,199642,230,4.59
235067,235724,230,4.59
173353,172698,230,4.59
212040,212039,230,2.93
216636,216635,230,2.93
208095,208094,230,2.93
228451,229107,230,2.93
183245,183246,230,4.59
208752,209408,230,2.93
237687,238344,230,4.59
188417,187760,230,4.59
206781,207437,230,2.93
229821,230477,230,2.93
229821,229822,230,2.93
177277,176621,230,4.59
211384,212039,230,2.93
221886,222541,230,2.93
208753,209408,230,2.93
228452,229107,230,2.93
228510,228511,230,2.93
207439,208094,230,2.93
229165,229822,230,2.93
205467,206122,230,2.93
236352,236351,230,2.93
215980,216635,230,2.93
229820,230477,230,2.93
203581,202926,230,4.59
218680,218681,230,10.99
222542,222541,230,2.93
223923,224580,230,4.59
227854,228511,230,2.93
202925,202926,230,4.59
177992,177336,230,4.59
177992,177993,230,4.59
177991,177336,230,4.59
178648,177993,230,4.59
202843,202186,230,2.93
206782,207437,230,2.93
173354,172698,230,4.59
218024,217368,231,10.99
218024,218025,231,10.99
177268,177267,231,10.99
187185,186530,231,14.29
187185,187842,231,14.29
187185,187186,231,14.29
175310,174653,231,14.29
175310,175965,231,14.29
175310,175309,231,14.29
186529,185874,231,14.29
186529,187186,231,14.29
186529,186530,231,14.29
219993,219994,231,10.99
171377,170721,231,14.29
171377,170722,231,14.29
171377,170720,231,14.29
174654,173997,231,14.29
174654,175309,231,14.29
174654,174653,231,14.29
176613,175957,231,10.99
177924,177267,231,10.99
171399,170743,231,14.29
171399,170744,231,14.29
171399,170742,231,14.29
185872,185217,231,10.99
218023,217368,231,10.99
176614,175957,231,10.99
171376,170720,231,14.29
171376,170721,231,14.29
171376,170719,231,14.29
233100,233101,231,4.59
183902,183903,231,4.59
204238,204239,231,4.59
226544,227200,231,4.59
238342,238998,231,4.59
171398,170742,231,14.29
171398,170743,231,14.29
221303,221959,231,4.59
176670,176014,231,4.59
234412,234413,231,4.59
171397,170742,231,14.29
176671,176015,231,4.59
172719,172064,231,4.59
173342,172685,231,14.29
173342,173997,231,14.29
173342,173341,231,14.29
208830,209487,231,4.59
184486,183829,231,4.59
238341,238998,231,4.59
173998,173341,231,14.29
173998,174653,231,14.29
173998,173997,231,14.29
209486,209487,231,4.59
222612,223269,231,4.59
230427,231083,231,2.93
238988,239644,231,2.93
182588,181933,231,4.59
176674,176018,231,4.59
172686,172029,231,14.29
172686,173341,231,14.29
172686,172685,231,14.29
187841,187186,231,14.29
187841,188498,231,14.29
187841,187842,231,14.29
223855,224510,231,2.93
213353,214008,231,2.93
224511,224510,231,2.93
176672,176016,231,4.59
187762,187105,231,2.93
172030,171373,231,14.29
172030,172685,231,14.29
172030,172029,231,14.29
230428,231083,231,2.93
223268,223269,231,4.59
218680,218025,231,10.99
239642,240298,231,2.93
233756,233101,231,4.59
233756,234413,231,4.59
171374,170718,231,14.29
171374,170719,231,14.29
171374,170717,231,14.29
171374,172029,231,14.29
171374,171373,231,14.29
239641,240298,231,2.93
238987,239644,231,2.93
176673,176017,231,4.59
204894,204239,231,4.59
171375,170719,231,14.29
171375,170720,231,14.29
171375,170718,231,14.29
173355,172699,231,4.59
189152,189808,232,14.29
189152,189809,232,14.29
189152,189807,232,14.29
178579,178578,232,10.99
220649,220650,232,10.99
176612,175956,232,10.99
176612,176611,232,10.99
175356,174701,232,14.29
175356,176013,232,14.29
175356,175357,232,14.29
171400,170745,232,14.29
171400,171401,232,14.29
189153,189809,232,14.29
189153,189810,232,14.29
189153,189808,232,14.29
189153,189154,232,14.29
218024,217369,232,10.99
177268,176611,232,10.99
188497,189154,232,14.29
219993,219338,232,10.99
219993,220650,232,10.99
176613,175956,232,10.99
174700,174045,232,14.29
174700,175357,232,14.29
174700,174701,232,14.29
174041,173385,232,8.63
193740,193741,232,4.59
179962,179306,232,4.59
179962,179963,232,4.59
198330,198331,232,4.59
205551,205552,232,4.59
176623,176622,232,4.59
208175,208176,232,4.59
174040,173384,232,4.59
174044,173388,232,14.29
174044,173389,232,14.29
174044,173387,232,14.29
174044,174701,232,14.29
174044,174045,232,14.29
172035,172036,232,4.59
207519,208176,232,4.59
177333,176678,232,4.59
185141,184484,232,4.59
174039,173384,232,4.59
197674,198331,232,4.59
206207,205552,232,4.59
229768,230424,232,2.93
231091,231747,232,2.93
226480,226479,232,2.93
231087,231743,232,2.93
176675,176019,232,4.59
219337,219338,232,10.99
237034,237691,232,4.59
225824,226479,232,2.93
229769,230424,232,2.93
231096,231753,232,2.93
231102,231757,232,2.93
231092,231747,232,2.93
231097,231753,232,2.93
231758,231757,232,2.93
191118,191119,232,2.93
201612,200957,232,4.59
204154,204153,232,2.93
172691,172036,232,4.59
179961,179306,232,4.59
180618,179963,232,4.59
234383,234382,232,2.93
170740,170084,233,14.29
170740,170085,233,14.29
170740,170083,233,14.29
218681,218682,233,10.99
170741,170085,233,14.29
170741,170086,233,14.29
170741,170084,233,14.29
175958,175302,233,10.99
170739,170083,233,14.29
170739,170084,233,14.29
170739,170082,233,14.29
177923,177922,233,10.99
178579,177922,233,10.99
178579,179234,233,10.99
220649,221306,233,10.99
176612,175955,233,10.99
224580,223925,233,14.29
224580,225236,233,14.29
224580,225237,233,14.29
224580,224581,233,14.29
174041,173386,233,8.63
184559,184560,233,4.59
185796,185795,233,4.59
236379,236380,233,4.59
202269,202270,233,4.59
225890,226546,233,4.59
206864,206865,233,4.59
176617,175961,233,4.59
179892,180548,233,4.59
179892,179891,233,4.59
225235,225236,233,4.59
200299,199643,233,4.59
200299,200300,233,4.59
176667,177323,233,4.59
200956,200300,233,4.59
197019,197020,233,4.59
173379,172723,233,4.59
237689,238345,233,4.59
172721,172065,233,4.59
232444,232445,233,4.59
179893,180548,233,4.59
173378,172723,233,4.59
237688,238345,233,4.59
200298,199643,233,4.59
235723,236380,233,4.59
196363,197020,233,4.59
224579,225236,233,4.59
225889,226546,233,4.59
177978,177323,233,4.59
221229,221228,233,2.93
211383,211382,233,2.93
238338,238994,233,2.93
231086,231742,233,2.93
229109,229765,233,2.93
191774,191775,233,2.93
204810,204809,233,2.93
215979,215978,233,2.93
240295,240951,233,2.93
192429,193085,233,2.93
176676,176020,233,4.59
219337,218682,233,10.99
190462,190463,233,2.93
183245,182590,233,4.59
230443,231100,233,2.93
215323,215978,233,2.93
220573,221228,233,2.93
187107,186450,233,2.93
210727,211382,233,2.93
229110,229765,233,2.93
237680,238335,233,2.93
238333,238990,233,2.93
174042,173386,233,8.63
231088,231744,233,2.93
176666,177323,233,4.59
230444,231100,233,2.93
200955,200300,233,4.59
177979,177323,233,4.59
202925,202270,233,4.59
177992,177337,233,4.59
203498,203497,233,2.93
170742,170087,234,14.29
170743,170087,234,14.29
170743,170088,234,14.29
187186,186531,234,14.29
187186,187843,234,14.29
187186,187187,234,14.29
218025,218026,234,10.99
170721,170065,234,14.29
170721,170066,234,14.29
170721,170064,234,14.29
175957,175301,234,10.99
185874,185218,234,10.99
185874,185875,234,10.99
217368,216712,234,10.99
185217,184561,234,10.99
185217,185218,234,10.99
187842,187187,234,14.29
187842,188499,234,14.29
187842,187843,234,14.29
177267,177266,234,10.99
186530,185875,234,14.29
186530,187187,234,14.29
186530,186531,234,14.29
170718,170062,234,14.29
170718,170063,234,14.29
170718,170061,234,14.29
185873,185218,234,10.99
173341,172684,234,14.29
173341,173996,234,14.29
173341,173340,234,14.29
218681,218026,234,10.99
175958,175303,234,10.99
175958,175301,234,10.99
177923,177266,234,10.99
170720,170064,234,14.29
170720,170065,234,14.29
170720,170063,234,14.29
170744,170088,234,14.29
170744,170089,234,14.29
170744,170087,234,14.29
172685,172028,234,14.29
172685,173340,234,14.29
172685,172684,234,14.29
172029,171372,234,14.29
172029,172684,234,14.29
172029,172028,234,14.29
180619,180620,234,4.59
172702,172046,234,4.59
235068,235069,234,4.59
172703,172047,234,4.59
176618,175962,234,4.59
172695,172039,234,4.59
226545,227201,234,4.59
178649,178650,234,4.59
194396,194397,234,4.59
173997,173340,234,14.29
173997,174652,234,14.29
173997,173996,234,14.29
172696,172040,234,4.59
171373,170716,234,14.29
171373,172028,234,14.29
171373,171372,234,14.29
203582,203583,234,4.59
172061,171405,234,4.59
172693,172037,234,4.59
221304,221960,234,4.59
172694,172038,234,4.59
172701,172045,234,4.59
238343,238999,234,4.59
177335,176679,234,4.59
172697,172041,234,4.59
174653,173996,234,14.29
174653,175308,234,14.29
174653,174652,234,14.29
183902,183247,234,4.59
170717,170061,234,14.29
170717,170062,234,14.29
170717,170060,234,14.29
170717,171372,234,14.29
170717,170716,234,14.29
204238,203583,234,4.59
226544,227201,234,4.59
238342,238999,234,4.59
221303,221960,234,4.59
188498,187843,234,14.29
188498,189155,234,14.29
188498,188499,234,14.29
228450,229106,234,2.93
234412,235069,234,4.59
231085,231741,234,2.93
206780,207436,234,2.93
206780,206779,234,2.93
172062,171406,234,4.59
209412,210068,234,2.93
231750,232406,234,2.93
223198,223197,234,2.93
212696,212695,234,2.93
240296,240952,234,2.93
200219,200218,234,2.93
170719,170063,234,14.29
170719,170064,234,14.29
170719,170062,234,14.29
208751,209407,234,2.93
208751,208750,234,2.93
212040,212695,234,2.93
216636,217291,234,2.93
229166,229167,234,2.93
208095,208750,234,2.93
228451,229106,234,2.93
208752,209407,234,2.93
206781,207436,234,2.93
219994,219995,234,10.99
229821,230478,234,2.93
206124,206779,234,2.93
228510,229167,234,2.93
236352,237007,234,2.93
222542,223197,234,2.93
181275,180620,234,4.59
189154,189811,235,14.29
217369,216713,235,10.99
217369,217370,235,10.99
189809,190465,235,14.29
189809,190466,235,14.29
189809,190464,235,14.29
219338,219339,235,10.99
189810,190466,235,14.29
189810,190467,235,14.29
189810,190465,235,14.29
189810,189811,235,14.29
170745,170090,235,14.29
170745,171402,235,14.29
170745,170746,235,14.29
174701,174046,235,14.29
174701,175358,235,14.29
174701,174702,235,14.29
178578,178577,235,10.99
175956,175300,235,10.99
176611,176610,235,10.99
173389,172733,235,14.29
173389,172734,235,14.29
173389,172732,235,14.29
173389,174046,235,14.29
173389,173390,235,14.29
218025,217370,235,10.99
175957,175300,235,10.99
185874,185219,235,10.99
217368,216713,235,10.99
185217,184562,235,10.99
177267,176610,235,10.99
174045,173390,235,14.29
174045,174702,235,14.29
174045,174046,235,14.29
198986,198987,235,4.59
172060,171404,235,4.59
204895,204896,235,4.59
238997,239653,235,4.59
181206,181205,235,4.59
233757,233758,235,4.59
172063,171407,235,4.59
176619,175963,235,4.59
222613,222614,235,4.59
173382,172726,235,4.59
171379,170723,235,4.59
171379,171380,235,4.59
179962,179307,235,4.59
221957,222614,235,4.59
198330,198987,235,4.59
205551,204896,235,4.59
208175,208832,235,4.59
219260,219259,235,2.93
231751,232407,235,2.93
209413,210069,235,2.93
235039,235038,235,2.93
230426,231082,235,2.93
200875,200874,235,2.93
225167,225166,235,2.93
208831,208832,235,4.59
209411,210067,235,2.93
231749,232405,235,2.93
172035,171380,235,4.59
171401,170746,235,14.29
171401,171402,235,14.29
230427,231082,235,2.93
238988,239645,235,2.93
219994,219339,235,10.99
219994,220651,235,10.99
224511,225166,235,2.93
175357,174702,235,14.29
175357,175358,235,14.29
239642,240299,235,2.93
239643,240299,235,2.93
218682,218683,236,10.99
170085,169429,236,14.29
170085,169430,236,14.29
170085,169428,236,14.29
170084,169428,236,14.29
170084,169429,236,14.29
170084,169427,236,14.29
170086,169430,236,14.29
170086,169431,236,14.29
170086,169429,236,14.29
175302,174646,236,10.99
170083,169427,236,14.29
170083,169428,236,14.29
170083,169426,236,14.29
225237,224582,236,14.29
225237,225893,236,14.29
225237,225894,236,14.29
225237,225892,236,14.29
225237,225238,236,14.29
177922,177921,236,10.99
175955,175299,236,10.99
175955,175954,236,10.99
225236,225892,236,14.29
225236,225893,236,14.29
179234,179890,236,10.99
179234,179233,236,10.99
217369,216714,236,10.99
219338,218683,236,10.99
178578,177921,236,10.99
178578,179233,236,10.99
173387,172731,236,8.63
175956,175299,236,10.99
176611,175954,236,10.99
224581,223926,236,14.29
224581,225238,236,14.29
224581,224582,236,14.29
185140,185139,236,4.59
176677,176021,236,4.59
207520,207521,236,4.59
201613,201614,236,4.59
173381,172725,236,4.59
225891,226547,236,4.59
225891,225892,236,4.59
206208,206209,236,4.59
173383,172727,236,4.59
181862,181861,236,4.59
172722,172066,236,4.59
183174,183173,236,4.59
173380,172724,236,4.59
237690,238346,236,4.59
171392,170736,236,4.59
171392,171391,236,4.59
197675,197676,236,4.59
184559,183904,236,4.59
185796,185139,236,4.59
236379,237036,236,4.59
202269,201614,236,4.59
225890,226547,236,4.59
206864,206209,236,4.59
206864,207521,236,4.59
179892,180547,236,4.59
225235,225892,236,4.59
200299,199644,236,4.59
200956,200301,236,4.59
197019,197676,236,4.59
173379,172724,236,4.59
237689,238346,236,4.59
172721,172066,236,4.59
232444,231789,236,4.59
201531,201530,236,2.93
209410,210066,236,2.93
215322,215321,236,2.93
231098,231754,236,2.93
238337,238993,236,2.93
232414,232413,236,2.93
229767,230423,236,2.93
231132,231133,236,2.93
231090,231746,236,2.93
176620,175964,236,4.59
238996,239652,236,2.93
229768,230423,236,2.93
231091,231746,236,2.93
226480,227135,236,2.93
214666,215321,236,2.93
237035,237036,236,4.59
176676,176021,236,4.59
218604,218603,236,2.93
202187,201530,236,2.93
219916,219915,236,2.93
231097,231754,236,2.93
231758,232413,236,2.93
181932,181277,236,4.59
181276,181277,236,4.59
171372,170715,237,14.29
171372,172027,237,14.29
171372,171371,237,14.29
173340,172683,237,14.29
173340,173995,237,14.29
173340,173339,237,14.29
187843,187188,237,14.29
187843,188500,237,14.29
187843,187844,237,14.29
170087,169432,237,14.29
172028,171371,237,14.29
172028,172683,237,14.29
172028,172027,237,14.29
186531,186532,237,10.99
216712,216056,237,10.99
173996,173339,237,14.29
173996,174651,237,14.29
173996,173995,237,14.29
189155,188500,237,14.29
189155,189812,237,14.29
189155,189156,237,14.29
187187,186532,237,14.29
187187,187844,237,14.29
187187,187188,237,14.29
175301,174645,237,10.99
218026,218027,237,10.99
177266,177265,237,10.99
172684,172027,237,14.29
172684,173339,237,14.29
172684,172683,237,14.29
170716,170059,237,14.29
170716,171371,237,14.29
170716,170715,237,14.29
218682,218027,237,10.99
175302,174647,237,10.99
175302,174645,237,10.99
177922,177265,237,10.99
173386,172730,237,8.63
175955,175298,237,10.99
179234,179889,237,10.99
170064,169408,237,14.29
170064,169409,237,14.29
170064,169407,237,14.29
173387,172730,237,8.63
170062,169406,237,14.29
170062,169407,237,14.29
170062,169405,237,14.29
172698,172042,237,4.59
195708,195709,237,4.59
235724,235725,237,4.59
175960,175304,237,4.59
170737,170081,237,4.59
195052,195053,237,4.59
202926,202927,237,4.59
182518,182517,237,4.59
172700,172044,237,4.59
196364,196365,237,4.59
172059,171403,237,4.59
238344,239000,237,4.59
221305,221961,237,4.59
170088,169432,237,14.29
170088,169433,237,14.29
180619,179964,237,4.59
235068,235725,237,4.59
226545,227202,237,4.59
178649,177994,237,4.59
194396,195053,237,4.59
184485,183828,237,4.59
203582,202927,237,4.59
221304,221961,237,4.59
172701,172044,237,4.59
238343,239000,237,4.59
199563,199562,237,2.93
229108,229764,237,2.93
192430,193086,237,2.93
192430,192431,237,2.93
227855,227856,237,2.93
177335,176680,237,4.59
202842,202841,237,2.93
205466,205465,237,2.93
172697,172042,237,4.59
170063,169407,237,14.29
170063,169408,237,14.29
170063,169406,237,14.29
186451,185794,237,4.59
209409,210065,237,2.93
187760,187104,237,4.59
187760,187759,237,4.59
219995,219996,237,10.99
188499,187844,237,14.29
188499,189156,237,14.29
188499,188500,237,14.29
221229,221884,237,2.93
211383,212038,237,2.93
227199,227856,237,2.93
229109,229764,237,2.93
191774,192431,237,2.93
204810,205465,237,2.93
215979,216634,237,2.93
240295,240950,237,2.93
192429,193086,237,2.93
231089,231745,237,2.93
177993,177994,237,4.59
188416,187759,237,4.59
170089,169433,237,14.29
170089,169434,237,14.29
170089,169432,237,14.29
221885,221884,237,2.93
231088,231745,237,2.93
203498,202841,237,2.93
177336,176680,237,4.59
219339,219340,238,10.99
176610,176609,238,10.99
184562,183906,238,14.29
184562,183907,238,14.29
184562,183905,238,14.29
184562,184563,238,14.29
175358,174703,238,14.29
175358,175359,238,14.29
175300,174644,238,10.99
178577,178576,238,10.99
174702,174047,238,14.29
174702,175359,238,14.29
174702,174703,238,14.29
189811,190468,238,14.29
216713,216057,238,10.99
174046,173391,238,14.29
174046,174703,238,14.29
174046,174047,238,14.29
217370,217371,238,10.99
186531,185876,238,10.99
216712,216057,238,10.99
175301,174644,238,10.99
218026,217371,238,10.99
177266,176609,238,10.99
190467,191123,238,14.29
190467,191124,238,14.29
190467,191122,238,14.29
190467,190468,238,14.29
173386,172729,238,8.63
204239,204240,238,4.59
172064,171408,238,4.59
221959,222615,238,4.59
238998,239654,238,4.59
176015,175359,238,4.59
187105,186449,238,4.59
233101,233102,238,4.59
223269,223270,238,4.59
172699,172043,238,4.59
181933,181934,238,4.59
185219,184563,238,14.29
185219,184564,238,14.29
185219,185876,238,14.29
185219,185220,238,14.29
190466,191122,238,14.29
190466,191123,238,14.29
190466,191121,238,14.29
204895,204240,238,4.59
238997,239654,238,4.59
233757,233102,238,4.59
233757,234414,238,4.59
172063,171408,238,4.59
222613,223270,238,4.59
182589,181934,238,4.59
170746,170091,238,14.29
170746,170747,238,14.29
235695,235694,238,2.93
240297,240953,238,2.93
171379,170724,238,4.59
190465,191121,238,14.29
190465,191122,238,14.29
190465,191120,238,14.29
208831,209488,238,4.59
228450,229105,238,2.93
170090,169435,238,14.29
170090,170747,238,14.29
170090,170091,238,14.29
219995,219340,238,10.99
219995,220652,238,10.99
231085,231740,238,2.93
227793,228448,238,2.93
206780,207435,238,2.93
223198,223853,238,2.93
212696,213351,238,2.93
240296,240953,238,2.93
234413,234414,238,4.59
223854,223853,238,2.93
176016,175360,238,4.59
208751,209406,238,2.93
229166,229823,238,2.93
176017,175361,238,4.59
209487,209488,238,4.59
213352,213351,238,2.93
231084,231740,238,2.93
176018,175362,238,4.59
225892,226548,239,14.29
225892,226549,239,14.29
216714,216058,239,10.99
216714,216715,239,10.99
174646,173990,239,10.99
225894,225239,239,14.29
225894,226550,239,14.29
225894,226551,239,14.29
225894,226549,239,14.29
225894,225895,239,14.29
225893,226549,239,14.29
225893,226550,239,14.29
225893,226548,239,14.29
175954,175953,239,10.99
218683,218684,239,10.99
225238,224583,239,14.29
225238,225895,239,14.29
225238,225239,239,14.29
177921,177920,239,10.99
175299,174643,239,10.99
169428,168772,239,14.29
169428,168773,239,14.29
169428,168771,239,14.29
219339,218684,239,10.99
176610,175953,239,10.99
175300,174643,239,10.99
178577,177920,239,10.99
178577,179232,239,10.99
216713,216058,239,10.99
217370,216715,239,10.99
200957,200958,239,4.59
184484,184483,239,4.59
205552,205553,239,4.59
237691,238347,239,4.59
237691,237692,239,4.59
169429,168773,239,14.29
169429,168774,239,14.29
169429,168772,239,14.29
193741,193742,239,4.59
176678,176022,239,4.59
198331,198332,239,4.59
208176,208177,239,4.59
173384,172728,239,4.59
185140,184483,239,4.59
176677,176022,239,4.59
207520,208177,239,4.59
201613,200958,239,4.59
225891,226548,239,4.59
206208,205553,239,4.59
173383,172728,239,4.59
172722,172067,239,4.59
237690,238347,239,4.59
171392,170735,239,4.59
197675,198332,239,4.59
231752,232408,239,2.93
238995,239651,239,2.93
214665,214664,239,2.93
231748,232404,239,2.93
225823,225822,239,2.93
169430,168774,239,14.29
169430,168775,239,14.29
169430,168773,239,14.29
230425,231081,239,2.93
233070,233069,239,2.93
176019,175363,239,4.59
214009,214664,239,2.93
231751,232408,239,2.93
169431,168775,239,14.29
169431,168776,239,14.29
169431,168774,239,14.29
230426,231081,239,2.93
225167,225822,239,2.93
231749,232404,239,2.93
237035,237692,239,4.59
181276,180621,239,4.59
239643,240300,239,2.93
187844,187189,240,14.29
187844,188501,240,14.29
187844,187845,240,14.29
177265,177264,240,10.99
171371,170714,240,14.29
171371,172026,240,14.29
171371,171370,240,14.29
218027,218028,240,10.99
174645,173989,240,10.99
189812,189157,240,14.29
189812,190469,240,14.29
189812,189813,240,14.29
175298,174642,240,10.99
175298,175297,240,10.99
169432,168777,240,14.29
216056,215400,240,14.29
216056,215401,240,14.29
169433,168777,240,14.29
169433,168778,240,14.29
216714,216059,240,10.99
174646,173991,240,10.99
174646,173989,240,10.99
175954,175297,240,10.99
218683,218028,240,10.99
177921,177264,240,10.99
175299,174642,240,10.99
169434,168778,240,14.29
169434,168779,240,14.29
169434,168777,240,14.29
169406,168750,240,14.29
169406,168751,240,14.29
169406,168749,240,14.29
189156,188501,240,14.29
189156,189813,240,14.29
189156,189157,240,14.29
202270,202271,240,4.59
177337,176681,240,4.59
177337,177338,240,4.59
197020,197021,240,4.59
180548,181204,240,4.59
175961,175305,240,4.59
206865,206866,240,4.59
182590,182591,240,4.59
238345,239001,240,4.59
232445,232446,240,4.59
172065,171409,240,4.59
180549,181204,240,4.59
235724,236381,240,4.59
175960,175305,240,4.59
170737,170080,240,4.59
202926,202271,240,4.59
196364,197021,240,4.59
186532,185877,240,14.29
186532,187189,240,14.29
186532,186533,240,14.29
238344,239001,240,4.59
238336,238992,240,2.93
236380,236381,240,4.59
220572,220571,240,2.93
231099,231755,240,2.93
210726,210725,240,2.93
229766,230422,240,2.93
221305,221962,240,4.59
233726,233725,240,2.93
169407,168751,240,14.29
169407,168752,240,14.29
169407,168750,240,14.29
176020,175364,240,4.59
210070,210725,240,2.93
215322,215977,240,2.93
231098,231755,240,2.93
238337,238992,240,2.93
229767,230422,240,2.93
188500,187845,240,14.29
188500,189157,240,14.29
188500,188501,240,14.29
187760,187103,240,4.59
217948,217947,240,2.93
221306,221962,240,4.59
221306,221307,240,4.59
218604,217947,240,2.93
219916,220571,240,2.93
177993,177338,240,4.59
183246,182591,240,4.59
177336,176681,240,4.59
191123,191779,241,14.29
191123,191780,241,14.29
191123,191778,241,14.29
176609,176608,241,10.99
191122,191778,241,14.29
191122,191779,241,14.29
191122,191777,241,14.29
184564,183908,241,14.29
184564,183909,241,14.29
184564,185221,241,14.29
184564,184565,241,14.29
217371,217372,241,10.99
191124,191780,241,14.29
191124,191781,241,14.29
191124,191779,241,14.29
191124,191125,241,14.29
178576,178575,241,10.99
183906,183250,241,14.29
183906,183251,241,14.29
183906,183249,241,14.29
185876,185221,241,14.29
216057,215402,241,14.29
185220,184565,241,14.29
185220,185221,241,14.29
183907,183251,241,14.29
183907,183252,241,14.29
183907,183250,241,14.29
183907,183908,241,14.29
174703,174048,241,14.29
174703,174704,241,14.29
174644,173988,241,10.99
177265,176608,241,10.99
218027,217372,241,10.99
174645,173988,241,10.99
190468,191125,241,14.29
172038,171382,241,4.59
172037,171381,241,4.59
183247,183248,241,4.59
178650,178651,241,4.59
172046,171390,241,4.59
238999,239655,241,4.59
170066,169410,241,4.59
170066,170067,241,4.59
227201,227857,241,4.59
172039,171383,241,4.59
172040,171384,241,4.59
171405,170749,241,4.59
171406,170750,241,4.59
221960,222616,241,4.59
175962,175306,241,4.59
203583,203584,241,4.59
194397,194398,241,4.59
172045,171389,241,4.59
230478,231134,241,4.59
230478,230479,241,4.59
175308,175307,241,4.59
170747,170092,241,14.29
170747,170748,241,14.29
235069,235070,241,4.59
175360,174704,241,14.29
175360,174705,241,14.29
170060,169404,241,4.59
204239,203584,241,4.59
221959,222616,241,4.59
238998,239655,241,4.59
170722,170067,241,4.59
187105,186448,241,4.59
183829,183172,241,4.59
227200,227857,241,4.59
181933,181278,241,4.59
228511,228512,241,2.93
229107,229763,241,2.93
207437,208093,241,2.93
222541,222540,241,2.93
176679,176023,241,4.59
202186,202185,241,2.93
206122,206778,241,2.93
206122,206121,241,2.93
175359,174704,241,14.29
174047,173392,241,14.29
174047,174704,241,14.29
174047,174048,241,14.29
236351,236350,241,2.93
219340,219341,241,10.99
169435,168780,241,14.29
169435,170092,241,14.29
169435,169436,241,14.29
229167,229168,241,4.59
199563,198906,241,2.93
229108,229763,241,2.93
192430,193087,241,2.93
227855,228512,241,2.93
206123,206778,241,2.93
202842,202185,241,2.93
205466,206121,241,2.93
183903,183248,241,4.59
184563,183908,241,14.29
209409,210064,241,2.93
172041,171385,241,4.59
209408,210064,241,2.93
170091,169436,241,14.29
170091,170748,241,14.29
170091,170092,241,14.29
234413,235070,241,4.59
209487,210144,241,4.59
221885,222540,241,2.93
208094,208093,241,2.93
207438,208093,241,2.93
226550,227206,242,14.29
226550,227207,242,14.29
226550,227205,242,14.29
226548,227204,242,14.29
226548,227205,242,14.29
226548,227203,242,14.29
175953,175952,242,10.99
226549,227205,242,14.29
226549,227206,242,14.29
226549,227204,242,14.29
168776,168120,242,14.29
168776,168121,242,14.29
168776,168119,242,14.29
226551,225896,242,14.29
226551,227207,242,14.29
226551,227208,242,14.29
226551,227206,242,14.29
226551,226552,242,14.29
216715,216716,242,10.99
173990,173334,242,10.99
216058,215403,242,14.29
174643,173987,242,10.99
168774,168118,242,14.29
168774,168119,242,14.29
168774,168117,242,14.29
168773,168117,242,14.29
168773,168118,242,14.29
168773,168116,242,14.29
168775,168119,242,14.29
168775,168120,242,14.29
168775,168118,242,14.29
177920,177919,242,10.99
225895,225240,242,14.29
225895,226552,242,14.29
225895,225896,242,14.29
176609,175952,242,10.99
217371,216716,242,10.99
178576,177919,242,10.99
178576,179231,242,10.99
174644,173987,242,10.99
172726,172070,242,4.59
171407,170751,242,4.59
172732,172076,242,4.59
198987,198988,242,4.59
172733,172077,242,4.59
233758,233759,242,4.59
179307,179308,242,4.59
204896,204897,242,4.59
239653,240309,242,4.59
200957,200302,242,4.59
179963,179308,242,4.59
184484,183827,242,4.59
205552,204897,242,4.59
237691,238348,242,4.59
198331,198988,242,4.59
224510,224509,242,2.93
208176,208833,242,4.59
218684,218685,242,10.99
214008,214007,242,2.93
172734,172078,242,4.59
172734,172735,242,4.59
219340,218685,242,10.99
219340,219997,242,10.99
231083,231739,242,2.93
240297,240954,242,2.93
168772,168116,242,14.29
168772,168117,242,14.29
168772,168115,242,14.29
223854,224509,242,2.93
240298,240954,242,2.93
208832,208833,242,4.59
213352,214007,242,2.93
231084,231739,242,2.93
189813,189158,243,14.29
189813,190470,243,14.29
189813,189814,243,14.29
187189,186534,243,14.29
187189,187846,243,14.29
187189,187190,243,14.29
168777,168122,243,14.29
215401,214745,243,14.29
215401,214746,243,14.29
173989,173333,243,10.99
215400,214745,243,14.29
177264,177263,243,10.99
174642,173986,243,10.99
185877,185222,243,14.29
185877,186534,243,14.29
185877,185878,243,14.29
186533,185878,243,14.29
186533,187190,243,14.29
186533,186534,243,14.29
216059,215404,243,14.29
216059,216060,243,14.29
216715,216060,243,10.99
173990,173335,243,10.99
173990,173333,243,10.99
174643,173986,243,10.99
177920,177263,243,10.99
189157,188502,243,14.29
189157,189814,243,14.29
189157,189158,243,14.29
180547,181203,243,4.59
180547,180546,243,4.59
197676,197677,243,4.59
199644,199645,243,4.59
201614,201615,243,4.59
200301,199645,243,4.59
179890,180546,243,4.59
237036,237037,243,4.59
206209,206210,243,4.59
176021,175365,243,4.59
181861,181860,243,4.59
172066,171410,243,4.59
231789,231790,243,4.59
169426,168770,243,4.59
169426,169425,243,4.59
168778,168122,243,14.29
168778,168123,243,14.29
172724,172068,243,4.59
238346,239002,243,4.59
190469,189814,243,14.29
190469,191126,243,14.29
190469,190470,243,14.29
172725,172069,243,4.59
200300,199645,243,4.59
202270,201615,243,4.59
172723,172068,243,4.59
172727,172071,243,4.59
207521,207522,243,4.59
186450,185793,243,4.59
177337,176682,243,4.59
197020,197677,243,4.59
179891,180546,243,4.59
180548,181203,243,4.59
206865,206210,243,4.59
206865,207522,243,4.59
170082,169425,243,4.59
182590,181935,243,4.59
238345,239002,243,4.59
218028,218029,243,10.99
232445,231790,243,4.59
231757,231756,243,2.93
231747,232403,243,2.93
204153,204152,243,2.93
172065,171410,243,4.59
231743,232399,243,2.93
230424,231080,243,2.93
226479,226478,243,2.93
234382,234381,243,2.93
168751,168095,243,10.99
185139,185138,243,4.59
168779,168123,243,14.29
168779,168124,243,14.29
168779,168122,243,14.29
218684,218029,243,10.99
236380,237037,243,4.59
172731,172075,243,4.59
231752,232409,243,2.93
231101,231756,243,2.93
238995,239650,243,2.93
185795,185138,243,4.59
214665,215320,243,2.93
231748,232403,243,2.93
225823,226478,243,2.93
230425,231080,243,2.93
176020,175365,243,4.59
223926,223927,243,4.59
231753,232409,243,2.93
221306,221963,243,4.59
185221,184566,244,14.29
184565,183910,244,14.29
184565,184566,244,14.29
183252,182596,244,14.29
183252,182597,244,14.29
183252,182595,244,14.29
183252,183253,244,14.29
183908,183253,244,14.29
183249,182593,244,14.29
183249,182594,244,14.29
183249,182592,244,14.29
215402,214747,244,14.29
191780,192436,244,14.29
191780,192437,244,14.29
191780,192435,244,14.29
191779,192435,244,14.29
191779,192436,244,14.29
191779,192434,244,14.29
176608,176607,244,10.99
183250,182594,244,14.29
183250,182595,244,14.29
183250,182593,244,14.29
191778,192434,244,14.29
191778,192435,244,14.29
191778,192433,244,14.29
191125,191782,244,14.29
183251,182595,244,14.29
183251,182596,244,14.29
183251,182594,244,14.29
173988,173332,244,10.99
183909,183253,244,14.29
183909,183254,244,14.29
183909,184566,244,14.29
183909,183910,244,14.29
178575,178574,244,10.99
173989,173332,244,10.99
177264,176607,244,10.99
174642,173985,244,10.99
168780,168125,244,14.29
168780,169437,244,14.29
168780,168781,244,14.29
170092,169437,244,14.29
170092,170093,244,14.29
172730,172074,244,4.59
202927,202928,244,4.59
195053,195054,244,4.59
195709,195710,244,4.59
172683,172682,244,4.59
174647,174648,244,4.59
239000,239656,244,4.59
173339,173338,244,4.59
169409,168753,244,4.59
235725,235726,244,4.59
172042,171386,244,4.59
179889,180545,244,4.59
179889,179888,244,4.59
221961,222617,244,4.59
173995,173994,244,4.59
179964,179965,244,4.59
227202,227858,244,4.59
175304,174648,244,4.59
176680,176024,244,4.59
196365,196366,244,4.59
182517,182516,244,4.59
172044,171388,244,4.59
217372,217373,244,10.99
219341,219342,244,10.99
169436,168781,244,14.29
169436,170093,244,14.29
169436,169437,244,14.29
183247,182592,244,4.59
178650,177995,244,4.59
238999,239656,244,4.59
170066,169411,244,4.59
227201,227858,244,4.59
180620,179965,244,4.59
175303,174648,244,4.59
221960,222617,244,4.59
203583,202928,244,4.59
194397,195054,244,4.59
172045,171388,244,4.59
230478,231135,244,4.59
240951,241607,244,2.93
238990,239646,244,2.93
238990,238991,244,2.93
235069,235726,244,4.59
231742,232398,244,2.93
191775,191776,244,2.93
229765,230421,244,2.93
238335,238991,244,2.93
203497,203496,244,2.93
221228,221227,244,2.93
174704,174049,244,14.29
170059,169403,244,4.59
170059,170058,244,4.59
218028,217373,244,10.99
211382,211381,244,2.93
231744,232400,244,2.93
170060,169403,244,4.59
168751,168096,244,10.99
168751,168094,244,10.99
176679,176024,244,4.59
227792,227791,244,2.06
238336,238991,244,2.93
177994,177995,244,4.59
238989,239646,244,2.93
238334,238991,244,2.93
220572,221227,244,2.93
210726,211381,244,2.93
229766,230421,244,2.93
229167,229824,244,4.59
204809,204808,244,2.93
172041,171386,244,4.59
174651,174650,244,4.59
177919,177918,245,10.99
168117,167461,245,14.29
168117,167462,245,14.29
168117,167460,245,14.29
168115,167459,245,14.29
168115,167460,245,14.29
168115,167458,245,14.29
168115,168114,245,14.29
168116,167460,245,14.29
168116,167461,245,14.29
168116,167459,245,14.29
227205,227861,245,14.29
227205,227862,245,14.29
227205,227860,245,14.29
173987,173331,245,10.99
215403,214748,245,14.29
168118,167462,245,14.29
168118,167463,245,14.29
168118,167461,245,14.29
168119,167463,245,14.29
168119,167464,245,14.29
168119,167462,245,14.29
173334,172678,245,10.99
226552,225897,245,14.29
226552,227209,245,14.29
226552,226553,245,14.29
168120,167464,245,14.29
168120,167465,245,14.29
168120,167463,245,14.29
175952,175951,245,10.99
227206,227862,245,14.29
227206,227863,245,14.29
227206,227861,245,14.29
227207,227863,245,14.29
227207,227864,245,14.29
227207,227862,245,14.29
227208,226553,245,14.29
227208,227864,245,14.29
227208,227865,245,14.29
227208,227863,245,14.29
227208,227209,245,14.29
225896,225241,245,14.29
225896,226553,245,14.29
225896,225897,245,14.29
168121,167465,245,14.29
168121,167466,245,14.29
168121,167464,245,14.29
227204,227860,245,14.29
227204,227861,245,14.29
227204,227859,245,14.29
176608,175951,245,10.99
173988,173331,245,10.99
178575,177918,245,10.99
178575,179230,245,10.99
170724,170068,245,4.59
170724,170725,245,4.59
175362,174706,245,4.59
223270,223271,245,4.59
222615,223271,245,4.59
172729,172073,245,4.59
218685,218686,245,10.99
233102,233103,245,4.59
172043,171387,245,4.59
239654,240310,245,4.59
209488,209489,245,4.59
234414,234415,245,4.59
204240,204241,245,4.59
171408,170752,245,4.59
216716,216717,245,10.99
217372,216717,245,10.99
171380,170725,245,4.59
171407,170752,245,4.59
222614,223271,245,4.59
219341,218686,245,10.99
219341,219998,245,10.99
233758,233103,245,4.59
233758,234415,245,4.59
179307,178652,245,4.59
204896,204241,245,4.59
217291,217290,245,2.93
200218,200217,245,2.93
210068,210724,245,2.93
229106,229762,245,2.93
232406,233062,245,2.93
240952,241608,245,2.93
207436,208092,245,2.93
212695,212694,245,2.93
209407,210063,245,2.93
220652,221308,245,4.59
220652,220653,245,4.59
239653,240310,245,4.59
239653,240308,245,4.59
229107,229762,245,2.93
216635,217290,245,2.93
207437,208092,245,2.93
222541,223196,245,2.93
212039,212694,245,2.93
202186,201529,245,2.93
206122,206777,245,2.93
170723,170068,245,4.59
237007,237006,245,2.93
236351,237006,245,2.93
172734,172079,245,4.59
223197,223196,245,2.93
220651,221308,245,4.59
231741,232397,245,2.93
209408,210063,245,2.93
208832,209489,245,4.59
208750,208749,245,2.93
208094,208749,245,2.93
168122,167467,246,14.29
214746,214091,246,14.29
191126,190471,246,14.29
191126,191783,246,14.29
191126,191127,246,14.29
177263,177262,246,10.99
185878,185223,246,14.29
185878,186535,246,14.29
185878,185879,246,14.29
185222,184567,246,14.29
185222,185879,246,14.29
185222,185223,246,14.29
173333,172677,246,10.99
173986,173330,246,10.99
186534,185879,246,14.29
186534,187191,246,14.29
186534,186535,246,14.29
177919,177262,246,10.99
173987,173330,246,10.99
173334,172679,246,10.99
173334,172677,246,10.99
218029,218030,246,10.99
168124,167468,246,14.29
168124,167469,246,14.29
168124,167467,246,14.29
170735,170079,246,4.59
170735,170734,246,4.59
238347,239003,246,4.59
193742,193743,246,4.59
237692,237693,246,4.59
176022,175366,246,4.59
208177,208178,246,4.59
200958,200959,246,4.59
172067,171411,246,4.59
198332,198333,246,4.59
172728,172072,246,4.59
180621,180622,246,4.59
218685,218030,246,10.99
224583,224584,246,4.59
180547,181202,246,4.59
197676,198333,246,4.59
199644,198989,246,4.59
201614,200959,246,4.59
200301,199646,246,4.59
171391,170734,246,4.59
237036,237693,246,4.59
206209,205554,246,4.59
170736,170079,246,4.59
216716,216061,246,10.99
189814,189159,246,14.29
189814,190471,246,14.29
189814,189815,246,14.29
176021,175366,246,4.59
172066,171411,246,4.59
169426,168769,246,4.59
238346,239003,246,4.59
190470,189815,246,14.29
190470,191127,246,14.29
190470,190471,246,14.29
225166,225165,246,2.93
219259,219258,246,2.93
232407,233063,246,2.93
240299,240955,246,2.93
239645,240301,246,2.93
184483,184482,246,4.59
231082,231738,246,2.93
205553,205554,246,4.59
200874,200873,246,2.93
235038,235037,246,2.93
168095,167439,246,10.99
172727,172072,246,4.59
207521,208178,246,4.59
210067,210723,246,2.93
168123,167467,246,14.29
168123,167468,246,14.29
232405,233061,246,2.93
175363,174707,246,4.59
224510,225165,246,2.93
185139,184482,246,4.59
216060,215405,246,14.29
216060,216061,246,14.29
214008,214663,246,2.93
231083,231738,246,2.93
239644,240301,246,2.93
181277,180622,246,4.59
240298,240955,246,2.93
215404,214749,246,14.29
215404,216061,246,14.29
215404,215405,246,14.29
173332,172676,247,10.99
168125,167470,247,14.29
168125,168782,247,14.29
168125,168126,247,14.29
183910,183255,247,14.29
183910,183911,247,14.29
173985,173329,247,10.99
168781,168126,247,14.29
168781,169438,247,14.29
168781,168782,247,14.29
182594,181938,247,14.29
182594,181939,247,14.29
182594,181937,247,14.29
182597,181941,247,14.29
182597,181942,247,14.29
182597,181940,247,14.29
182597,182598,247,14.29
176607,176606,247,10.99
168094,167438,247,10.99
168094,168093,247,10.99
184566,183911,247,14.29
182593,181937,247,14.29
182593,181938,247,14.29
182593,181936,247,14.29
182592,181936,247,14.29
182592,181937,247,14.29
183253,182598,247,14.29
182595,181939,247,14.29
182595,181940,247,14.29
182595,181938,247,14.29
182596,181940,247,14.29
182596,181941,247,14.29
182596,181939,247,14.29
183254,182598,247,14.29
183254,182599,247,14.29
183254,183911,247,14.29
183254,183255,247,14.29
178574,178573,247,10.99
177263,176606,247,10.99
173333,172676,247,10.99
217373,217374,247,10.99
173986,173329,247,10.99
169437,168782,247,14.29
169437,170094,247,14.29
169437,169438,247,14.29
219342,219343,247,10.99
214747,214092,247,14.29
168096,167440,247,10.99
168096,168097,247,10.99
168749,168093,247,4.59
168749,168748,247,4.59
239001,239657,247,4.59
221962,222618,247,4.59
202271,202272,247,4.59
173991,173992,247,4.59
177338,177339,247,4.59
170080,169424,247,4.59
176681,176025,247,4.59
218029,217374,247,10.99
232446,232447,247,4.59
197021,197022,247,4.59
187103,186447,247,4.59
175305,174649,247,4.59
236381,236382,247,4.59
171409,170753,247,4.59
202927,202272,247,4.59
174647,173992,247,4.59
239000,239657,247,4.59
170081,169424,247,4.59
183828,183171,247,4.59
169409,168754,247,4.59
235725,236382,247,4.59
179889,180544,247,4.59
221961,222618,247,4.59
179964,179309,247,4.59
175304,174649,247,4.59
176680,176025,247,4.59
196365,197022,247,4.59
227856,228513,247,4.59
231746,232402,247,2.93
238993,239649,247,2.93
218603,218602,247,2.93
232413,232412,247,2.93
219915,219914,247,2.93
231754,232410,247,2.93
230423,231079,247,2.93
169405,168748,247,4.59
175364,174708,247,4.59
168095,167440,247,10.99
168095,167438,247,10.99
185794,185137,247,4.59
170059,169402,247,4.59
231757,232412,247,2.93
231747,232402,247,2.93
230424,231079,247,2.93
226479,227134,247,2.93
177994,177339,247,4.59
206866,206867,247,4.59
170714,170713,247,4.59
210066,210722,247,2.93
187104,186447,247,4.59
231753,232410,247,2.93
171370,171369,247,4.59
172026,172025,247,4.59
167464,166808,248,14.29
167464,166809,248,14.29
167464,166807,248,14.29
167463,166807,248,14.29
167463,166808,248,14.29
167463,166806,248,14.29
173331,172675,248,10.99
167458,166802,248,14.29
167458,166803,248,14.29
167458,166801,248,14.29
167458,168113,248,14.29
167458,167457,248,14.29
167459,166803,248,14.29
167459,166804,248,14.29
167459,166802,248,14.29
172678,172022,248,10.99
167460,166804,248,14.29
167460,166805,248,14.29
167460,166803,248,14.29
167462,166806,248,14.29
167462,166807,248,14.29
167462,166805,248,14.29
167461,166805,248,14.29
167461,166806,248,14.29
167461,166804,248,14.29
227864,228520,248,14.29
227864,228521,248,14.29
227864,228519,248,14.29
227861,228517,248,14.29
227861,228518,248,14.29
227861,228516,248,14.29
227862,228518,248,14.29
227862,228519,248,14.29
227862,228517,248,14.29
177918,177917,248,10.99
227863,228519,248,14.29
227863,228520,248,14.29
227863,228518,248,14.29
226553,225898,248,14.29
226553,227210,248,14.29
226553,226554,248,14.29
227209,226554,248,14.29
227209,227866,248,14.29
227209,227210,248,14.29
167466,166810,248,14.29
167466,166811,248,14.29
167466,166809,248,14.29
225897,225242,248,14.29
225897,226554,248,14.29
225897,225898,248,14.29
168114,167457,248,14.29
168114,168113,248,14.29
167465,166809,248,14.29
167465,166810,248,14.29
167465,166808,248,14.29
173332,172675,248,10.99
218686,218687,248,10.99
168094,167437,248,10.99
178574,177917,248,10.99
178574,179229,248,10.99
217373,216718,248,10.99
219342,218687,248,10.99
219342,219999,248,10.99
222616,223272,248,4.59
193087,193088,248,4.59
171383,170727,248,4.59
186448,185792,248,4.59
171382,170726,248,4.59
194398,194399,248,4.59
210144,210145,248,4.59
168096,167441,248,10.99
203584,203585,248,4.59
239655,240311,248,4.59
171389,170733,248,4.59
216717,216718,248,10.99
171385,170729,248,4.59
170724,170069,248,4.59
181934,181279,248,4.59
222615,223272,248,4.59
229823,230480,248,4.59
239654,240311,248,4.59
209488,210145,248,4.59
234414,235071,248,4.59
172079,171423,248,14.29
172079,171424,248,14.29
172079,171422,248,14.29
172079,172736,248,14.29
172079,172080,248,14.29
204240,203585,248,4.59
202841,202840,248,2.93
240950,241606,248,2.93
210065,210721,248,2.93
192431,192432,248,2.93
205465,205464,248,2.93
231745,232401,248,2.93
229764,230420,248,2.93
221884,221883,248,2.93
199562,199561,248,2.93
181278,181279,248,4.59
179230,179886,248,10.99
179230,179229,248,10.99
176023,175367,248,4.59
171384,170728,248,4.59
173392,172736,248,4.59
173392,173393,248,4.59
212038,212037,248,2.93
240951,241606,248,2.93
215978,216633,248,2.93
238990,239647,248,2.93
220652,221309,248,4.59
191775,192432,248,2.93
229765,230420,248,2.93
203497,202840,248,2.93
221228,221883,248,2.93
229168,229169,248,4.59
211382,212037,248,2.93
231744,232401,248,2.93
235070,235071,248,4.59
173391,172736,248,4.59
186449,185792,248,4.59
216634,216633,248,2.93
204809,205464,248,2.93
228449,229104,248,2.06
230479,230480,248,4.59
214748,214093,248,14.29
172679,172023,249,10.99
172679,172680,249,10.99
214091,213436,249,14.29
185223,184568,249,14.29
185223,185880,249,14.29
185223,185224,249,14.29
167469,166813,249,14.29
167469,166814,249,14.29
167469,166812,249,14.29
172677,172021,249,10.99
184567,183912,249,14.29
184567,185224,249,14.29
184567,184568,249,14.29
185879,185224,249,14.29
185879,186536,249,14.29
185879,185880,249,14.29
215405,214750,249,14.29
215405,216062,249,14.29
215405,215406,249,14.29
173330,172674,249,10.99
214749,214094,249,14.29
214749,215406,249,14.29
214749,214750,249,14.29
167467,166812,249,14.29
177262,177261,249,10.99
173331,172674,249,10.99
172678,172023,249,10.99
172678,172021,249,10.99
177918,177261,249,10.99
218030,218031,249,10.99
218686,218031,249,10.99
167468,166812,249,14.29
167468,166813,249,14.29
208833,208834,249,4.59
233759,233760,249,4.59
238348,239004,249,4.59
238348,238349,249,4.59
179231,179887,249,4.59
200302,200303,249,4.59
183827,183826,249,4.59
216717,216062,249,10.99
172077,171421,249,4.59
172076,171420,249,4.59
179232,179887,249,4.59
170735,170078,249,4.59
238347,239004,249,4.59
237692,238349,249,4.59
208177,208834,249,4.59
200958,200303,249,4.59
172067,171412,249,4.59
180621,179966,249,4.59
229105,229761,249,2.93
235694,235693,249,2.93
207435,208091,249,2.93
207435,207434,249,2.93
223853,223852,249,2.93
213351,213350,249,2.93
167439,166783,249,10.99
224583,223928,249,4.59
204897,204898,249,4.59
240953,241609,249,2.93
170751,170095,249,4.59
179230,179887,249,10.99
179230,179885,249,10.99
172070,171414,249,4.59
217291,217946,249,2.93
184483,183826,249,4.59
229106,229761,249,2.93
206779,207434,249,2.93
205553,204898,249,4.59
240952,241609,249,2.93
207436,208091,249,2.93
212695,213350,249,2.93
216061,215406,249,14.29
216061,216062,249,14.29
209407,210062,249,2.93
231740,232396,249,2.93
209406,210062,249,2.93
209406,209405,249,2.93
223197,223852,249,2.93
231741,232396,249,2.93
208750,209405,249,2.93
181942,181286,250,10.99
181942,181943,250,10.99
168126,167471,250,14.29
168126,168783,250,14.29
168126,168127,250,14.29
183911,183256,250,14.29
172676,172020,250,10.99
167438,166782,250,10.99
181938,181282,250,14.29
181938,181283,250,14.29
181938,181281,250,14.29
182598,181943,250,14.29
181939,181283,250,14.29
181939,181284,250,14.29
181939,181282,250,14.29
168782,168127,250,14.29
168782,169439,250,14.29
168782,168783,250,14.29
167470,166815,250,14.29
167470,168127,250,14.29
167470,167471,250,14.29
214092,213437,250,14.29
181937,181281,250,14.29
181937,181282,250,14.29
181937,181280,250,14.29
169438,168783,250,14.29
169438,169439,250,14.29
182599,181943,250,14.29
182599,181944,250,14.29
182599,183256,250,14.29
182599,182600,250,14.29
173329,172673,250,10.99
183255,182600,250,14.29
183255,183256,250,14.29
172679,172024,250,10.99
172679,173336,250,10.99
217374,217375,250,10.99
172677,172020,250,10.99
173330,172673,250,10.99
177262,176605,250,10.99
218030,217375,250,10.99
167440,166784,250,10.99
172075,171419,250,4.59
201615,201616,250,4.59
175365,174709,250,4.59
172071,171415,250,4.59
176606,176605,250,10.99
197677,197678,250,4.59
239002,239658,250,4.59
173335,173336,250,4.59
181203,181859,250,4.59
237037,237038,250,4.59
176682,176026,250,4.59
176682,176683,250,4.59
181860,181859,250,4.59
231790,231791,250,4.59
187846,187847,250,4.59
172069,171413,250,4.59
168749,168092,250,4.59
181204,181859,250,4.59
239001,239658,250,4.59
221962,222619,250,4.59
202271,201616,250,4.59
173991,173336,250,4.59
177338,176683,250,4.59
170080,169423,250,4.59
176681,176026,250,4.59
232446,231791,250,4.59
197021,197678,250,4.59
187103,186446,250,4.59
236381,237038,250,4.59
231081,231737,250,2.93
233069,233068,250,2.93
239651,240307,250,2.93
240300,240956,250,2.93
171409,170754,250,4.59
232404,233060,250,2.93
225822,225821,250,2.93
232408,233064,250,2.93
207522,207523,250,4.59
167439,166784,250,10.99
167439,166782,250,10.99
225166,225821,250,2.93
232407,233064,250,2.93
240299,240956,250,2.93
175364,174709,250,4.59
239645,240302,250,2.93
231082,231737,250,2.93
171410,170754,250,4.59
232405,233060,250,2.93
206210,206211,250,4.59
221307,221964,250,4.59
227792,228447,250,2.06
221963,222619,250,4.59
221963,221964,250,4.59
206866,206211,250,4.59
206866,207523,250,4.59
170714,170057,250,4.59
188502,188503,250,4.59
172026,172681,250,4.59
214093,213438,251,14.29
166805,166149,251,14.29
166805,166150,251,14.29
166805,166148,251,14.29
167437,166781,251,10.99
167437,167436,251,10.99
166802,166146,251,14.29
166802,166147,251,14.29
166802,166145,251,14.29
166807,166151,251,14.29
166807,166152,251,14.29
166807,166150,251,14.29
166804,166148,251,14.29
166804,166149,251,14.29
166804,166147,251,14.29
166810,166154,251,14.29
166810,166155,251,14.29
166810,166153,251,14.29
227210,226555,251,14.29
227210,227867,251,14.29
227210,227211,251,14.29
166803,166147,251,14.29
166803,166148,251,14.29
166803,166146,251,14.29
166809,166153,251,14.29
166809,166154,251,14.29
166809,166152,251,14.29
166808,166152,251,14.29
166808,166153,251,14.29
166808,166151,251,14.29
168113,167456,251,14.29
168113,168768,251,14.29
168113,168112,251,14.29
225898,225243,251,14.29
225898,226555,251,14.29
225898,225899,251,14.29
171422,170766,251,14.29
171422,170767,251,14.29
171422,170765,251,14.29
172675,172019,251,10.99
226554,225899,251,14.29
226554,227211,251,14.29
226554,226555,251,14.29
166801,166145,251,14.29
166801,166146,251,14.29
166801,166144,251,14.29
166801,167456,251,14.29
166801,166800,251,14.29
172022,171366,251,10.99
166811,166155,251,14.29
166811,166156,251,14.29
166811,166154,251,14.29
167457,166800,251,14.29
167457,168112,251,14.29
167457,167456,251,14.29
166806,166150,251,14.29
166806,166151,251,14.29
166806,166149,251,14.29
167441,166785,251,10.99
167441,167442,251,10.99
228519,229175,251,14.29
228519,229176,251,14.29
228519,229174,251,14.29
228520,229176,251,14.29
228520,229177,251,14.29
228520,229175,251,14.29
181942,181287,251,10.99
181942,181285,251,10.99
228518,229174,251,14.29
228518,229175,251,14.29
228518,229173,251,14.29
172676,172019,251,10.99
167438,166781,251,10.99
228517,229173,251,14.29
228517,229174,251,14.29
228517,229172,251,14.29
218687,218688,251,10.99
173329,172672,251,10.99
217374,216719,251,10.99
192437,193093,251,4.59
192437,192438,251,4.59
192436,193092,251,4.59
195054,195055,251,4.59
167440,166785,251,10.99
202928,202929,251,4.59
176024,175368,251,4.59
171386,170730,251,4.59
192434,193090,251,4.59
182516,182515,251,4.59
196366,196367,251,4.59
171388,170732,251,4.59
222617,223273,251,4.59
195710,195711,251,4.59
173338,173337,251,4.59
192435,193091,251,4.59
180545,181201,251,4.59
229824,229825,251,4.59
227858,228514,251,4.59
172080,171425,251,14.29
172080,172737,251,14.29
172080,172081,251,14.29
191782,192438,251,4.59
235726,235727,251,4.59
222616,223273,251,4.59
227857,228514,251,4.59
178651,177996,251,4.59
193087,193744,251,4.59
186448,185791,251,4.59
194398,195055,251,4.59
169410,168755,251,4.59
171423,170767,251,14.29
171423,170768,251,14.29
171423,170766,251,14.29
203584,202929,251,4.59
183172,182515,251,4.59
216718,216719,251,10.99
231135,231136,251,4.59
239655,240312,251,4.59
171389,170732,251,4.59
191781,192438,251,4.59
171385,170730,251,4.59
231755,232411,251,2.93
220571,220570,251,2.93
238992,239648,251,2.93
239656,240312,251,4.59
172074,171418,251,4.59
169403,168747,251,4.59
233725,233724,251,2.93
169411,168755,251,4.59
169411,169412,251,4.59
181278,180623,251,4.59
230422,231078,251,2.93
238993,239648,251,2.93
215321,215976,251,2.93
219915,220570,251,2.93
176023,175368,251,4.59
231754,232411,251,2.93
230423,231078,251,2.93
215977,215976,251,2.93
173392,172737,251,4.59
177995,177996,251,4.59
229168,229825,251,4.59
170067,169412,251,4.59
235070,235727,251,4.59
174049,174050,251,4.59
173994,173993,251,4.59
169404,168747,251,4.59
174705,174050,251,4.59
230479,231136,251,4.59
185224,184569,252,14.29
185224,185881,252,14.29
185224,185225,252,14.29
172023,171367,252,10.99
213436,212780,252,14.29
213436,212781,252,14.29
183912,183257,252,14.29
183912,184569,252,14.29
183912,183913,252,14.29
215406,214751,252,14.29
215406,216063,252,14.29
215406,215407,252,14.29
179885,180541,252,10.99
214094,213439,252,14.29
214094,214751,252,14.29
214094,214095,252,14.29
185880,185225,252,14.29
185880,186537,252,14.29
185880,185881,252,14.29
172674,172018,252,10.99
172021,171365,252,10.99
184568,183913,252,14.29
184568,185225,252,14.29
184568,184569,252,14.29
214750,214095,252,14.29
214750,215407,252,14.29
214750,214751,252,14.29
167437,166780,252,10.99
172675,172018,252,10.99
172022,171367,252,10.99
172022,171365,252,10.99
167441,166786,252,10.99
167441,168098,252,10.99
218031,218032,252,10.99
218687,218032,252,10.99
218687,219344,252,10.99
172073,171417,252,4.59
240310,240966,252,4.59
209489,209490,252,4.59
225241,224585,252,4.59
178652,178653,252,4.59
227859,228515,252,4.59
171387,170731,252,4.59
233103,233104,252,4.59
234415,234416,252,4.59
219998,220654,252,4.59
204241,204242,252,4.59
208833,209490,252,4.59
179308,178653,252,4.59
233759,233104,252,4.59
233759,234416,252,4.59
238348,239005,252,4.59
225240,224585,252,4.59
200302,199647,252,4.59
183827,183170,252,4.59
206121,206120,252,2.93
236350,236349,252,2.93
166813,166157,252,14.29
166813,166158,252,14.29
216718,216063,252,10.99
210064,210720,252,2.93
198906,198905,252,2.93
229763,230419,252,2.93
166812,166157,252,14.29
166783,166127,252,10.99
219997,220654,252,4.59
202841,202184,252,2.93
240950,241605,252,2.93
166814,166158,252,14.29
166814,166159,252,14.29
166814,166157,252,14.29
210065,210720,252,2.93
204897,204242,252,4.59
205465,206120,252,2.93
229764,230419,252,2.93
221884,222539,252,2.93
199562,198905,252,2.93
170751,170096,252,4.59
212038,212693,252,2.93
222540,222539,252,2.93
170752,170096,252,4.59
220653,220654,252,4.59
202185,202184,252,2.93
216634,217289,252,2.93
216062,215407,252,14.29
216062,216063,252,14.29
181944,181288,253,10.99
181944,181945,253,10.99
182600,182601,253,10.99
172020,171364,253,10.99
168127,167472,253,14.29
168127,168784,253,14.29
168127,168128,253,14.29
213437,212782,253,14.29
166815,166160,253,14.29
166815,167472,253,14.29
166815,166816,253,14.29
168783,168128,253,14.29
168783,169440,253,14.29
168783,168784,253,14.29
169439,168784,253,14.29
169439,169440,253,14.29
183256,182601,253,14.29
166782,166126,253,10.99
172673,172017,253,10.99
176605,176604,253,10.99
172023,171368,253,10.99
177261,176604,253,10.99
179885,180542,253,10.99
172674,172017,253,10.99
172021,171364,253,10.99
218031,217376,253,10.99
166784,166128,253,10.99
217375,217376,253,10.99
167471,166816,253,14.29
167471,168128,253,14.29
167471,167472,253,14.29
239003,239659,253,4.59
189159,189160,253,4.59
181202,181858,253,4.59
172072,171416,253,4.59
187191,187192,253,4.59
199646,198990,253,4.59
237693,237694,253,4.59
174707,174051,253,4.59
208178,208179,253,4.59
198333,198334,253,4.59
175366,174710,253,4.59
198989,198990,253,4.59
191783,192439,253,4.59
191783,191784,253,4.59
200959,200960,253,4.59
201615,200960,253,4.59
199645,198990,253,4.59
175365,174710,253,4.59
189815,189816,253,4.59
172071,171416,253,4.59
197677,198334,253,4.59
239002,239659,253,4.59
181203,181858,253,4.59
237037,237694,253,4.59
176682,176027,253,4.59
185793,185136,253,4.59
240309,240965,253,2.93
231739,232395,253,2.93
214007,214006,253,2.93
224509,224508,253,2.93
240954,241610,253,2.93
166783,166128,253,10.99
166783,166126,253,10.99
229105,229760,253,2.93
207435,208090,253,2.93
223853,224508,253,2.93
207522,208179,253,4.59
213351,214006,253,2.93
240953,241610,253,2.93
185138,184481,253,4.59
205554,205555,253,4.59
184482,184481,253,4.59
171411,170755,253,4.59
190471,190472,253,4.59
171410,170755,253,4.59
231740,232395,253,2.93
206210,205555,253,4.59
209406,210061,253,2.93
221963,222620,253,4.59
191127,191128,253,4.59
166148,165492,254,14.29
166148,165493,254,14.29
166148,165491,254,14.29
227211,226556,254,14.29
227211,227868,254,14.29
227211,227212,254,14.29
166149,165493,254,14.29
166149,165494,254,14.29
166149,165492,254,14.29
166144,165488,254,14.29
166144,165489,254,14.29
166144,165487,254,14.29
166144,166799,254,14.29
166144,166143,254,14.29
229174,229830,254,14.29
229174,229831,254,14.29
229174,229829,254,14.29
166151,165495,254,14.29
166151,165496,254,14.29
166151,165494,254,14.29
166800,166143,254,14.29
166800,167455,254,14.29
166800,166799,254,14.29
166150,165494,254,14.29
166150,165495,254,14.29
166150,165493,254,14.29
166147,165491,254,14.29
166147,165492,254,14.29
166147,165490,254,14.29
229175,229831,254,14.29
229175,229832,254,14.29
229175,229830,254,14.29
226555,225900,254,14.29
226555,227212,254,14.29
226555,226556,254,14.29
167456,166799,254,14.29
167456,168111,254,14.29
167456,167455,254,14.29
166152,165496,254,14.29
166152,165497,254,14.29
166152,165495,254,14.29
166153,165497,254,14.29
166153,165498,254,14.29
166153,165496,254,14.29
166145,165489,254,14.29
166145,165490,254,14.29
166145,165488,254,14.29
170766,170110,254,14.29
170766,170111,254,14.29
170766,170109,254,14.29
213438,212783,254,14.29
166156,165500,254,14.29
166156,165501,254,14.29
166156,165499,254,14.29
166146,165490,254,14.29
166146,165491,254,14.29
166146,165489,254,14.29
166781,166125,254,10.99
225899,225244,254,14.29
225899,226556,254,14.29
225899,225900,254,14.29
172019,171363,254,10.99
181944,181289,254,10.99
172020,171363,254,10.99
218688,218689,254,10.99
166782,166125,254,10.99
172673,172016,254,10.99
166154,165498,254,14.29
166154,165499,254,14.29
166154,165497,254,14.29
179309,179310,254,4.59
177339,177340,254,4.59
170765,170109,254,14.29
170765,170110,254,14.29
170765,170108,254,14.29
170765,170764,254,14.29
166784,166129,254,10.99
202272,202273,254,4.59
176025,175369,254,4.59
217375,216720,254,10.99
236382,236383,254,4.59
170753,170097,254,4.59
169402,168746,254,4.59
169402,169401,254,4.59
222618,223274,254,4.59
166785,166129,254,10.99
172672,172016,254,10.99
197022,197023,254,4.59
206867,206868,254,4.59
181287,180631,254,10.99
232447,232448,254,4.59
171366,170710,254,10.99
192437,193094,254,4.59
202928,202273,254,4.59
176024,175369,254,4.59
192434,193089,254,4.59
170058,169401,254,4.59
196366,197023,254,4.59
222617,223274,254,4.59
179888,180543,254,4.59
180545,181200,254,4.59
229824,230481,254,4.59
179965,179310,254,4.59
204152,204151,254,2.93
180544,181200,254,4.59
180544,180543,254,4.59
239650,240306,254,2.93
235726,236383,254,4.59
232399,233055,254,2.93
231080,231736,254,2.93
226478,226477,254,2.93
239657,240313,254,4.59
174708,174052,254,4.59
231135,231792,254,4.59
215320,215319,254,2.93
231081,231736,254,2.93
239656,240313,254,4.59
239651,240306,254,2.93
240300,240957,254,2.93
232404,233059,254,2.93
225822,226477,254,2.93
232408,233065,254,2.93
214664,215319,254,2.93
232403,233059,254,2.93
169403,168746,254,4.59
169411,168756,254,4.59
216719,216720,254,10.99
170713,170712,254,4.59
177995,177340,254,4.59
234381,234380,254,2.93
174049,173394,254,4.59
166155,165499,254,14.29
166155,165500,254,14.29
166155,165498,254,14.29
232409,233065,254,2.93
214751,214096,255,14.29
214751,215408,255,14.29
214751,214752,255,14.29
172018,171362,255,10.99
212780,212124,255,14.29
212780,212125,255,14.29
212780,212123,255,14.29
183257,182602,255,14.29
183257,183914,255,14.29
183257,183258,255,14.29
166780,166124,255,10.99
166780,166779,255,10.99
166159,165503,255,14.29
166159,165504,255,14.29
166159,165502,255,14.29
171365,170709,255,10.99
184569,183914,255,14.29
184569,185226,255,14.29
184569,184570,255,14.29
183913,183258,255,14.29
183913,184570,255,14.29
183913,183914,255,14.29
185225,184570,255,14.29
185225,185882,255,14.29
185225,185226,255,14.29
212781,212125,255,14.29
212781,212126,255,14.29
212781,212124,255,14.29
213439,212784,255,14.29
213439,214096,255,14.29
213439,213440,255,14.29
214095,213440,255,14.29
214095,214752,255,14.29
214095,214096,255,14.29
171367,170711,255,10.99
166781,166124,255,10.99
172019,171362,255,10.99
218032,218033,255,10.99
218688,218033,255,10.99
218688,219345,255,10.99
170733,170077,255,4.59
175367,174711,255,4.59
170726,170070,255,4.59
229169,229170,255,4.59
170069,169413,255,4.59
170069,170070,255,4.59
227866,228522,255,4.59
170727,170071,255,4.59
170729,170073,255,4.59
240311,240967,255,4.59
210145,210146,255,4.59
166158,165502,255,14.29
166158,165503,255,14.29
216063,215408,255,14.29
216063,216064,255,14.29
194399,194400,255,4.59
228521,228522,255,4.59
225242,224586,255,4.59
203585,203586,255,4.59
219999,220655,255,4.59
219999,220000,255,4.59
166785,166130,255,10.99
240310,240967,255,4.59
170068,169413,255,4.59
209489,210146,255,4.59
225241,224586,255,4.59
170725,170070,255,4.59
178652,177997,255,4.59
181287,180632,255,10.99
181287,180630,255,10.99
227865,228522,255,4.59
171366,170711,255,10.99
171366,170709,255,10.99
232400,233056,255,2.93
241607,242263,255,2.93
211381,211380,255,2.93
234415,235072,255,4.59
219998,220655,255,4.59
203496,203495,255,2.93
215407,214752,255,14.29
215407,216064,255,14.29
215407,215408,255,14.29
204808,204807,255,2.93
204241,203586,255,4.59
221227,221226,255,2.93
166127,165471,255,10.99
221309,221965,255,4.59
221309,221310,255,4.59
210725,211380,255,2.93
220571,221226,255,2.93
216719,216064,255,10.99
221308,221965,255,4.59
232398,233054,255,2.93
170728,170072,255,4.59
230422,231077,255,2.93
230421,231077,255,2.93
215977,216632,255,2.93
235071,235072,255,4.59
220653,221310,255,4.59
166157,165502,255,14.29
171364,170708,256,10.99
212782,212127,256,14.29
169440,168785,256,14.29
169440,169441,256,14.29
166126,165470,256,10.99
181945,181946,256,10.99
166160,165505,256,14.29
166160,166817,256,14.29
166160,166161,256,14.29
168128,167473,256,14.29
168128,168785,256,14.29
168128,168129,256,14.29
168784,168129,256,14.29
168784,169441,256,14.29
168784,168785,256,14.29
166816,166161,256,14.29
166816,167473,256,14.29
166816,166817,256,14.29
172018,171361,256,10.99
166780,166123,256,10.99
166780,167435,256,10.99
171365,170708,256,10.99
218032,217377,256,10.99
223928,223929,256,4.59
208834,208835,256,4.59
238349,238350,256,4.59
239004,239660,256,4.59
170078,169422,256,4.59
179966,179967,256,4.59
172017,171361,256,10.99
233760,233761,256,4.59
217376,217377,256,10.99
239003,239660,256,4.59
189159,188504,256,4.59
181202,181857,256,4.59
187191,187848,256,4.59
180622,179967,256,4.59
199646,198991,256,4.59
170079,169422,256,4.59
237693,238350,256,4.59
208178,208835,256,4.59
167472,166817,256,14.29
167472,168129,256,14.29
167472,167473,256,14.29
229762,230418,256,2.93
241608,242264,256,2.93
240308,240964,256,2.93
191783,192440,256,4.59
206777,207433,256,2.93
206777,206776,256,2.93
223196,223195,256,2.93
200959,200304,256,4.59
166128,165472,256,10.99
166127,165472,256,10.99
166127,165470,256,10.99
208092,208748,256,2.93
208749,208748,256,2.93
200217,200216,256,2.93
208093,208748,256,2.93
204898,204899,256,4.59
206121,206776,256,2.93
210064,210719,256,2.93
198906,198249,256,2.93
229763,230418,256,2.93
210063,210719,256,2.93
206778,207433,256,2.93
224584,223929,256,4.59
200303,200304,256,4.59
201529,201528,256,2.93
183826,183825,256,4.59
171412,170756,256,4.59
205554,204899,256,4.59
184482,183825,256,4.59
171411,170756,256,4.59
222540,223195,256,2.93
202185,201528,256,2.93
232397,233053,256,2.93
171414,170758,256,4.59
165489,164833,257,14.29
165489,164832,257,14.29
165490,164835,257,14.29
165490,164833,257,14.29
165495,164839,257,14.29
165495,164840,257,14.29
165495,164838,257,14.29
165496,164840,257,14.29
165496,164841,257,14.29
165496,164839,257,14.29
165499,164843,257,14.29
165499,164844,257,14.29
165499,164842,257,14.29
165488,164832,257,10.99
225900,225245,257,14.29
225900,226557,257,14.29
225900,225901,257,14.29
170764,170107,257,14.29
170764,170763,257,14.29
165501,164845,257,14.29
165501,164846,257,14.29
165501,164844,257,14.29
165497,164841,257,14.29
165497,164842,257,14.29
165497,164840,257,14.29
165494,164838,257,14.29
165494,164839,257,14.29
165494,164837,257,14.29
226556,225901,257,14.29
226556,227213,257,14.29
226556,226557,257,14.29
165500,164844,257,14.29
165500,164845,257,14.29
165500,164843,257,14.29
225244,224588,257,14.29
225244,224589,257,14.29
225244,224587,257,14.29
225244,225901,257,14.29
225244,225245,257,14.29
170710,170054,257,10.99
166143,166142,257,10.99
229830,230486,257,14.29
229830,230487,257,14.29
229830,230485,257,14.29
170110,169454,257,14.29
170110,169455,257,14.29
170110,169453,257,14.29
229831,230487,257,14.29
229831,230488,257,14.29
229831,230486,257,14.29
165487,164831,257,10.99
165487,165486,257,10.99
216720,216721,257,10.99
171364,170707,257,10.99
166126,165469,257,10.99
181945,181290,257,10.99
166125,165469,257,10.99
181289,180633,257,10.99
181289,181290,257,10.99
170108,169452,257,14.29
170108,169453,257,14.29
170108,169451,257,14.29
170108,170763,257,14.29
170108,170107,257,14.29
197678,197679,257,4.59
237038,237039,257,4.59
181283,180627,257,4.59
176026,175370,257,4.59
181284,180628,257,4.59
169423,168767,257,4.59
174709,174053,257,4.59
222619,223275,257,4.59
176683,176684,257,4.59
170109,169453,257,14.29
170109,169454,257,14.29
170109,169452,257,14.29
186446,185790,257,4.59
206211,206212,257,4.59
170057,170056,257,4.59
168092,168091,257,4.59
171419,170763,257,4.59
170754,170098,257,4.59
207523,207524,257,4.59
181288,180633,257,10.99
185137,184480,257,4.59
186447,185790,257,4.59
168754,168099,257,4.59
183171,182514,257,4.59
169424,168767,257,4.59
179309,178654,257,4.59
177339,176684,257,4.59
170111,169455,257,14.29
170111,169456,257,14.29
170111,169454,257,14.29
170111,170112,257,14.29
202272,201617,257,4.59
176025,175370,257,4.59
236382,237039,257,4.59
170753,170098,257,4.59
217376,216721,257,10.99
169402,168745,257,4.59
222618,223275,257,4.59
231738,232394,257,2.93
171415,170759,257,4.59
235037,235036,257,2.93
240955,241611,257,2.93
219258,219257,257,2.93
212783,212128,257,14.29
225165,225164,257,2.93
210723,211379,257,2.93
200873,200872,257,2.93
197022,197679,257,4.59
239658,240314,257,4.59
206867,206212,257,4.59
206867,207524,257,4.59
181282,180626,257,4.59
181281,180625,257,4.59
171363,170707,257,10.99
166128,165473,257,10.99
201616,201617,257,4.59
181280,180624,257,4.59
168748,168091,257,4.59
180544,181199,257,4.59
233063,233719,257,2.93
165498,164842,257,14.29
165498,164843,257,14.29
165498,164841,257,14.29
231739,232394,257,2.93
239657,240314,257,4.59
214007,214662,257,2.93
224509,225164,257,2.93
240954,241611,257,2.93
174708,174053,257,4.59
171413,170757,257,4.59
227135,227790,257,2.06
233061,233717,257,2.93
214663,214662,257,2.93
170713,170056,257,4.59
212126,211470,258,14.29
212126,211471,258,14.29
212126,211469,258,14.29
166779,166778,258,10.99
212124,211469,258,14.29
182602,182603,258,10.99
165504,164848,258,14.29
165504,164849,258,14.29
165504,164847,258,14.29
185226,184571,258,14.29
185226,185883,258,14.29
185226,185227,258,14.29
170709,170053,258,10.99
212125,211469,258,14.29
212125,211470,258,14.29
171362,170706,258,10.99
183258,183259,258,10.99
183914,183259,258,14.29
183914,184571,258,14.29
183914,183915,258,14.29
184570,183915,258,14.29
184570,185227,258,14.29
184570,184571,258,14.29
180632,179976,258,10.99
212123,212122,258,14.29
170710,170055,258,10.99
170710,170053,258,10.99
166143,166798,258,10.99
165487,164830,258,10.99
216720,216065,258,10.99
218033,218034,258,10.99
166125,165468,258,10.99
216064,216065,258,10.99
166124,165468,258,10.99
170732,170076,258,4.59
229177,229833,258,4.59
229177,229178,258,4.59
240312,240968,258,4.59
195055,195056,258,4.59
171418,170762,258,4.59
195711,195712,258,4.59
181285,180629,258,4.59
170730,170074,258,4.59
185791,185135,258,4.59
196367,196368,258,4.59
215408,214753,258,14.29
215408,216065,258,14.29
215408,215409,258,14.29
165503,164847,258,14.29
165503,164848,258,14.29
229825,229826,258,4.59
175368,174712,258,4.59
171425,170769,258,4.59
171425,171426,258,4.59
181289,180634,258,10.99
227867,228523,258,4.59
212784,212129,258,14.29
212784,213441,258,14.29
212784,212785,258,14.29
229172,229828,258,4.59
229172,229171,258,4.59
193090,193746,258,4.59
193091,193747,258,4.59
167442,167443,258,4.59
193744,193745,258,4.59
193092,193748,258,4.59
170733,170076,258,4.59
175367,174712,258,4.59
185792,185135,258,4.59
214752,214097,258,14.29
214752,215409,258,14.29
214752,214753,258,14.29
229169,229826,258,4.59
170069,169414,258,4.59
227866,228523,258,4.59
170729,170074,258,4.59
240311,240968,258,4.59
210145,210802,258,4.59
230480,231137,258,4.59
194399,195056,258,4.59
193088,193745,258,4.59
228521,229178,258,4.59
193093,193749,258,4.59
170768,170769,258,4.59
202929,202930,258,4.59
219914,219913,258,2.93
239649,240305,258,2.93
203585,202930,258,4.59
171424,170769,258,4.59
172081,172082,258,4.59
231079,231735,258,2.93
228516,229171,258,4.59
218602,218601,258,2.93
219999,220656,258,4.59
210722,211378,258,2.93
232402,233058,258,2.93
232410,233066,258,2.93
171363,170706,258,10.99
235727,235728,258,4.59
165471,164815,258,10.99
165502,164847,258,14.29
170711,170055,258,10.99
239650,240305,258,2.93
221309,221966,258,4.59
231080,231735,258,2.93
226478,227133,258,2.93
214096,213441,258,14.29
214096,214753,258,14.29
214096,214097,258,14.29
213440,212785,258,14.29
213440,214097,258,14.29
213440,213441,258,14.29
172737,172738,258,4.59
215320,215975,258,2.93
232403,233058,258,2.93
231136,231137,258,4.59
173393,172738,258,4.59
235071,235728,258,4.59
232409,233066,258,2.93
166817,166162,259,14.29
166817,167474,259,14.29
166817,166818,259,14.29
181946,181947,259,10.99
165470,164814,259,10.99
171361,170705,259,10.99
165505,164850,259,14.29
165505,166162,259,14.29
165505,165506,259,14.29
166161,165506,259,14.29
166161,166818,259,14.29
166161,166162,259,14.29
170708,170052,259,10.99
166123,165467,259,10.99
166123,166122,259,10.99
166779,166122,259,10.99
166779,167434,259,10.99
182602,181947,259,10.99
170709,170052,259,10.99
171362,170705,259,10.99
180632,179977,259,10.99
180632,179975,259,10.99
218033,217378,259,10.99
218033,218690,259,10.99
199647,199648,259,4.59
170731,170075,259,4.59
239005,239661,259,4.59
239005,239006,259,4.59
186537,187193,259,4.59
186537,186538,259,4.59
209490,209491,259,4.59
166124,165467,259,10.99
180541,181197,259,4.59
240966,241622,259,4.59
208834,209491,259,4.59
186536,187193,259,4.59
238349,239006,259,4.59
239004,239661,259,4.59
170078,169421,259,4.59
212127,211472,259,14.29
179966,179311,259,4.59
202840,202839,259,2.93
212037,212036,259,2.93
241606,242262,259,2.93
232401,233057,259,2.93
221883,221882,259,2.93
199561,199560,259,2.93
204242,204243,259,4.59
233104,233105,259,4.59
210721,211377,259,2.93
233760,233105,259,4.59
233760,234417,259,4.59
234416,234417,259,4.59
171417,170761,259,4.59
217377,217378,259,10.99
167473,166818,259,14.29
167473,168130,259,14.29
167473,167474,259,14.29
239647,240303,259,2.93
232400,233057,259,2.93
241607,242262,259,2.93
211381,212036,259,2.93
165471,164816,259,10.99
165471,164814,259,10.99
203496,202839,259,2.93
204808,205463,259,2.93
183170,183169,259,4.59
221227,221882,259,2.93
166786,166787,259,4.59
230420,231076,259,2.93
239646,240303,259,2.93
204898,204243,259,4.59
200303,199648,259,4.59
228448,229103,259,2.06
183826,183169,259,4.59
230421,231076,259,2.93
205464,205463,259,2.93
164843,164187,260,14.29
164843,164188,260,14.29
164843,164186,260,14.29
164842,164186,260,14.29
164842,164187,260,14.29
164842,164185,260,14.29
216721,216722,260,10.99
170107,169450,260,14.29
170107,170106,260,14.29
164845,164189,260,14.29
164845,164190,260,14.29
164845,164188,260,14.29
164846,164190,260,14.29
164846,164191,260,14.29
164846,164189,260,14.29
164844,164188,260,14.29
164844,164189,260,14.29
164844,164187,260,14.29
170707,170051,260,10.99
225245,224590,260,14.29
225245,225902,260,14.29
225245,225246,260,14.29
225901,225246,260,14.29
225901,226558,260,14.29
225901,225902,260,14.29
230487,231143,260,14.29
230487,231144,260,14.29
230487,231142,260,14.29
165469,164813,260,10.99
164838,164182,260,14.29
164838,164183,260,14.29
164838,164181,260,14.29
164833,164177,260,10.99
164832,164176,260,10.99
226557,225902,260,14.29
226557,227214,260,14.29
226557,226558,260,14.29
164831,164175,260,10.99
181946,181291,260,10.99
165470,164813,260,10.99
212128,211473,260,14.29
170708,170051,260,10.99
166123,165466,260,10.99
170054,169398,260,10.99
181290,181291,260,10.99
169456,168800,260,14.29
169456,168801,260,14.29
169456,168799,260,14.29
169456,170113,260,14.29
169456,169457,260,14.29
198334,198335,260,4.59
174051,173395,260,4.59
205555,205556,260,4.59
200960,200961,260,4.59
170755,170099,260,4.59
169453,168797,260,14.29
169453,168798,260,14.29
169453,168796,260,14.29
164839,164183,260,14.29
164839,164184,260,14.29
164839,164182,260,14.29
176027,175371,260,4.59
176027,176028,260,4.59
190472,190473,260,4.59
208179,208180,260,4.59
169452,168796,260,14.29
169452,168797,260,14.29
169452,168795,260,14.29
180542,181198,260,4.59
237694,237695,260,4.59
169451,168795,260,14.29
169451,168796,260,14.29
169451,168794,260,14.29
169451,170106,260,14.29
169451,169450,260,14.29
189160,189161,260,4.59
171416,170760,260,4.59
170763,170106,260,14.29
197678,198335,260,4.59
237038,237695,260,4.59
176026,175371,260,4.59
169423,168766,260,4.59
174709,174054,260,4.59
222619,223276,260,4.59
176683,176028,260,4.59
206211,205556,260,4.59
191128,191129,260,4.59
170057,169400,260,4.59
170754,170099,260,4.59
207523,208180,260,4.59
213350,213349,260,2.93
223852,223851,260,2.93
192439,193095,260,4.59
217946,217945,260,2.93
229761,230417,260,2.93
232396,233052,260,2.93
209405,209404,260,2.93
164840,164184,260,14.29
164840,164185,260,14.29
164840,164183,260,14.29
208091,208747,260,2.93
210062,210718,260,2.93
239659,240315,260,4.59
171415,170760,260,4.59
168745,168089,260,10.99
168745,168744,260,10.99
189816,189817,260,4.59
217377,216722,260,10.99
229762,230417,260,2.93
241608,242265,260,2.93
240308,240963,260,2.93
217290,217945,260,2.93
239658,240315,260,4.59
206777,207432,260,2.93
223196,223851,260,2.93
212694,213349,260,2.93
169455,168799,260,14.29
169455,168800,260,14.29
169455,168798,260,14.29
201616,200961,260,4.59
169454,168798,260,14.29
169454,168799,260,14.29
169454,168797,260,14.29
164841,164185,260,14.29
164841,164186,260,14.29
164841,164184,260,14.29
208092,208747,260,2.93
222620,223276,260,4.59
222620,222621,260,4.59
208749,209404,260,2.93
174710,174054,260,4.59
241609,242265,260,2.93
210063,210718,260,2.93
221964,222621,260,4.59
191784,191785,260,4.59
232397,233052,260,2.93
211470,210814,261,14.29
211470,210815,261,14.29
166778,166777,261,10.99
164830,164174,261,10.99
164830,164829,261,10.99
211469,210814,261,14.29
183915,183916,261,10.99
183259,183260,261,10.99
184571,184572,261,10.99
170706,170050,261,10.99
182603,182604,261,10.99
216065,215410,261,14.29
216065,216066,261,14.29
212129,211474,261,14.29
212129,212786,261,14.29
212129,212130,261,14.29
165468,164812,261,10.99
213441,212786,261,14.29
213441,214098,261,14.29
213441,213442,261,14.29
170053,169397,261,10.99
164849,164193,261,14.29
164849,164194,261,14.29
164849,164192,261,14.29
216721,216066,261,10.99
170707,170050,261,10.99
180633,179978,261,10.99
165469,164812,261,10.99
212785,212130,261,14.29
212785,213442,261,14.29
212785,212786,261,14.29
164831,164174,261,10.99
170762,170105,261,14.29
164848,164192,261,14.29
164848,164193,261,14.29
214753,214098,261,14.29
214753,215410,261,14.29
214753,214754,261,14.29
218034,218035,261,10.99
215409,214754,261,14.29
215409,216066,261,14.29
215409,215410,261,14.29
170054,169399,261,10.99
170054,169397,261,10.99
181290,180635,261,10.99
227868,228524,261,4.59
227868,227869,261,4.59
223274,223930,261,4.59
177340,177341,261,4.59
168756,168100,261,4.59
168756,168757,261,4.59
232448,232449,261,4.59
211471,210815,261,14.29
211471,210816,261,14.29
211471,210814,261,14.29
240313,240969,261,4.59
168111,168110,261,4.59
167455,167454,261,4.59
197023,197024,261,4.59
193094,193750,261,4.59
165492,164836,261,4.59
175369,174713,261,4.59
236383,236384,261,4.59
181200,181856,261,4.59
230481,230482,261,4.59
229177,229834,261,4.59
240312,240969,261,4.59
223273,223930,261,4.59
169412,168757,261,4.59
214097,213442,261,14.29
214097,214754,261,14.29
214097,214098,261,14.29
185791,185134,261,4.59
196367,197024,261,4.59
229825,230482,261,4.59
175368,174713,261,4.59
171425,170770,261,4.59
227867,228524,261,4.59
180623,179968,261,4.59
229172,229827,261,4.59
225821,225820,261,2.93
231737,232393,261,2.93
240302,240958,261,2.93
240956,241612,261,2.93
233060,233716,261,2.93
193744,194401,261,4.59
170055,169399,261,10.99
164847,164192,261,14.29
193093,193750,261,4.59
202929,202274,261,4.59
181201,181856,261,4.59
231792,231793,261,4.59
231738,232393,261,2.93
240301,240958,261,2.93
202273,202274,261,4.59
240955,241612,261,2.93
168745,168090,261,10.99
168745,168088,261,10.99
225165,225820,261,2.93
206868,206869,261,4.59
168746,168090,261,4.59
233068,233067,261,2.93
174052,173396,261,4.59
177996,177341,261,4.59
235727,236384,261,4.59
233063,233720,261,2.93
168755,168100,261,4.59
233064,233720,261,2.93
168747,168090,261,4.59
231136,231793,261,4.59
233061,233716,261,2.93
214663,215318,261,2.93
166122,166121,262,10.99
170052,169396,262,10.99
165467,164811,262,10.99
164814,164158,262,10.99
166818,166163,262,14.29
166818,167475,262,14.29
166818,166819,262,14.29
166162,165507,262,14.29
166162,166819,262,14.29
166162,166163,262,14.29
170705,170049,262,10.99
170761,170104,262,14.29
167434,167433,262,10.99
166778,166121,262,10.99
166778,167433,262,10.99
164830,164173,262,10.99
164830,165485,262,10.99
184571,185228,262,10.99
170706,170049,262,10.99
182603,181948,262,10.99
165468,164811,262,10.99
165506,164851,262,14.29
165506,166163,262,14.29
165506,165507,262,14.29
170053,169396,262,10.99
210146,210147,262,4.59
218034,217379,262,10.99
218034,218691,262,10.99
166130,165474,262,4.59
166130,166131,262,4.59
180630,179974,262,4.59
177997,177998,262,4.59
220000,220001,262,4.59
235072,235073,262,4.59
220655,221311,262,4.59
174711,174055,262,4.59
240967,241623,262,4.59
170073,169417,262,4.59
211472,210817,262,14.29
219345,220001,262,4.59
219345,219346,262,4.59
199647,198992,262,4.59
239005,239662,262,4.59
186537,187194,262,4.59
170071,169415,262,4.59
209490,210147,262,4.59
240966,241623,262,4.59
240966,241621,262,4.59
178653,177998,262,4.59
239648,240304,262,2.93
231078,231734,262,2.93
203586,203587,262,4.59
164850,164195,262,14.29
164850,165507,262,14.29
164850,164851,262,14.29
219344,220001,262,4.59
219914,220569,262,2.93
239649,240304,262,2.93
204242,203587,262,4.59
231079,231734,262,2.93
234416,235073,262,4.59
233724,233723,262,2.93
220570,220569,262,2.93
217378,217379,262,10.99
221310,221311,262,4.59
183170,182513,262,4.59
166786,166131,262,4.59
170072,169416,262,4.59
220654,221311,262,4.59
164176,163520,263,10.99
170051,169395,263,10.99
164186,163530,263,14.29
164186,163531,263,14.29
164186,163529,263,14.29
170106,169449,263,14.29
225902,225247,263,14.29
225902,226559,263,14.29
225902,225903,263,14.29
164188,163532,263,14.29
164188,163533,263,14.29
164188,163531,263,14.29
164189,163533,263,14.29
164189,163534,263,14.29
164189,163532,263,14.29
225246,224591,263,14.29
225246,225903,263,14.29
225246,225247,263,14.29
164185,163529,263,14.29
164185,163530,263,14.29
164185,163528,263,14.29
164175,163519,263,10.99
164177,163521,263,10.99
164187,163531,263,14.29
164187,163532,263,14.29
164187,163530,263,14.29
164813,164157,263,10.99
164191,163535,263,14.29
164191,163536,263,14.29
164191,163534,263,14.29
216722,216723,263,10.99
168798,168142,263,14.29
168798,168143,263,14.29
168798,168141,263,14.29
164184,163528,263,14.29
164184,163529,263,14.29
164184,163527,263,14.29
166122,165465,263,10.99
170052,169395,263,10.99
168794,168138,263,14.29
168794,168139,263,14.29
168794,168137,263,14.29
168794,169449,263,14.29
168794,168793,263,14.29
165467,164810,263,10.99
164814,164159,263,10.99
164814,164157,263,10.99
168795,168139,263,14.29
168795,168140,263,14.29
168795,168138,263,14.29
168744,168743,263,10.99
168796,168140,263,14.29
168796,168141,263,14.29
168796,168139,263,14.29
200304,200305,263,4.59
188504,188505,263,4.59
187848,187849,263,4.59
204899,204900,263,4.59
238350,238351,263,4.59
208835,208836,263,4.59
168797,168141,263,14.29
168797,168142,263,14.29
168797,168140,263,14.29
170758,170102,263,4.59
168785,168786,263,4.59
192440,193096,263,4.59
192440,192441,263,4.59
183825,183824,263,4.59
169441,169442,263,4.59
169450,168793,263,14.29
169450,169449,263,14.29
205555,204900,263,4.59
200960,200305,263,4.59
170755,170100,263,4.59
176027,175372,263,4.59
185136,184479,263,4.59
187192,187849,263,4.59
184481,183824,263,4.59
208179,208836,263,4.59
237694,238351,263,4.59
202184,202183,263,2.93
222539,222538,263,2.93
241605,242261,263,2.93
165466,164810,263,10.99
165466,165465,263,10.99
198905,198904,263,2.93
212693,212692,263,2.93
236349,236348,263,2.93
189160,188505,263,4.59
239660,240316,263,4.59
211473,210818,263,14.29
233761,233762,263,4.59
192439,193096,263,4.59
164183,163527,263,14.29
164183,163528,263,14.29
164183,163526,263,14.29
216633,217288,263,2.93
202840,202183,263,2.93
212037,212692,263,2.93
241606,242261,263,2.93
221883,222538,263,2.93
199561,198904,263,2.93
239659,240316,263,4.59
230419,231075,263,2.93
210721,211376,263,2.93
210720,211376,263,2.93
206120,206119,263,2.93
217378,216723,263,10.99
217289,217288,263,2.93
222620,223277,263,4.59
230420,231075,263,2.93
170756,170100,263,4.59
191784,192441,263,4.59
205464,206119,263,2.93
183916,183917,264,10.99
183260,183261,264,10.99
184572,184573,264,10.99
213442,212787,264,14.29
213442,214099,264,14.29
213442,213443,264,14.29
170050,169394,264,10.99
210816,210160,264,14.29
210816,210161,264,14.29
210816,210159,264,14.29
164174,163518,264,10.99
215410,214755,264,14.29
215410,216067,264,14.29
215410,215411,264,14.29
211474,210819,264,14.29
211474,212131,264,14.29
211474,211475,264,14.29
214098,213443,264,14.29
214098,214755,264,14.29
214098,214099,264,14.29
164193,163537,264,14.29
164193,163538,264,14.29
164194,163538,264,14.29
164194,163539,264,14.29
164194,163537,264,14.29
216066,216067,264,10.99
170051,169394,264,10.99
164175,163518,264,10.99
164813,164156,264,10.99
216722,216067,264,10.99
170105,169448,264,14.29
164812,164156,264,10.99
214754,214099,264,14.29
214754,215411,264,14.29
214754,214755,264,14.29
168744,168087,264,10.99
175370,174714,264,4.59
230488,230489,264,4.59
237039,237040,264,4.59
212786,212131,264,14.29
212786,213443,264,14.29
212786,212787,264,14.29
180625,179969,264,4.59
224589,223933,264,4.59
174053,173397,264,4.59
223275,223931,264,4.59
180626,179970,264,4.59
170759,170103,264,4.59
197679,197680,264,4.59
180628,179972,264,4.59
176684,176685,264,4.59
170757,170101,264,4.59
169397,168741,264,10.99
240314,240970,264,4.59
207524,207525,264,4.59
230485,231141,264,4.59
230485,230484,264,4.59
166142,166141,264,4.59
165473,164817,264,4.59
164835,164179,264,4.59
180627,179971,264,4.59
166777,166776,264,10.99
212130,211475,264,14.29
212130,212787,264,14.29
212130,212131,264,14.29
227868,228525,264,4.59
223274,223931,264,4.59
177340,176685,264,4.59
168756,168101,264,4.59
179310,178655,264,4.59
240313,240970,264,4.59
197023,197680,264,4.59
193094,193751,264,4.59
201617,201618,264,4.59
175369,174714,264,4.59
236383,237040,264,4.59
181200,181855,264,4.59
229832,230489,264,4.59
229829,230484,264,4.59
206212,206213,264,4.59
173394,172739,264,4.59
229760,230416,264,2.93
229760,229759,264,2.93
214006,214005,264,2.93
224508,224507,264,2.93
241610,242266,264,2.93
208090,208746,264,2.93
208090,208089,264,2.93
210061,210717,264,2.93
210061,210060,264,2.93
232395,233051,264,2.93
230481,231138,264,4.59
224588,223932,264,4.59
165466,164809,264,10.99
168089,167432,264,10.99
210814,210159,264,14.29
164192,163537,264,14.29
169398,168741,264,10.99
181199,181855,264,4.59
213350,214005,264,2.93
223852,224507,264,2.93
229761,230416,264,2.93
224587,223931,264,4.59
232396,233051,264,2.93
209405,210060,264,2.93
208091,208746,264,2.93
207434,208089,264,2.93
210062,210717,264,2.93
210815,210159,264,14.29
210815,210160,264,14.29
178654,178655,264,4.59
168088,167432,264,10.99
168088,168087,264,10.99
202273,201618,264,4.59
206868,206213,264,4.59
206868,207525,264,4.59
174052,173397,264,4.59
241609,242266,264,2.93
164851,164196,265,14.29
164851,165508,265,14.29
164851,164852,265,14.29
164195,163540,265,14.29
164195,164852,265,14.29
164195,164196,265,14.29
185228,185884,265,10.99
185228,185229,265,10.99
210817,210162,265,14.29
170049,169393,265,10.99
169396,168740,265,10.99
183260,182605,265,10.99
184572,185229,265,10.99
170050,169393,265,10.99
164174,163517,265,10.99
217379,217380,265,10.99
195056,195057,265,4.59
195712,195713,265,4.59
174712,174056,265,4.59
240968,241624,265,4.59
166798,166797,265,4.59
229178,229179,265,4.59
169414,168758,265,4.59
164812,164155,265,10.99
185883,186539,265,4.59
185883,185884,265,4.59
193748,194404,265,4.59
180629,179973,265,4.59
193746,194402,265,4.59
210802,210803,265,4.59
170076,169420,265,4.59
193749,194405,265,4.59
196368,196369,265,4.59
167443,167444,265,4.59
220656,221312,265,4.59
220656,220657,265,4.59
228523,229179,265,4.59
179976,179320,265,4.59
170074,169418,265,4.59
193747,194403,265,4.59
171426,171427,265,4.59
169397,168740,265,10.99
166163,165508,265,14.29
166163,166820,265,14.29
166163,166164,265,14.29
166777,166120,265,10.99
210146,210803,265,4.59
166130,165475,265,4.59
180630,179973,265,4.59
177997,177342,265,4.59
220000,220657,265,4.59
228522,229179,265,4.59
235072,235729,265,4.59
220655,221312,265,4.59
194400,195057,265,4.59
174711,174056,265,4.59
164811,164155,265,10.99
185882,186539,265,4.59
170077,169420,265,4.59
240967,241624,265,4.59
170073,169418,265,4.59
169413,168758,265,4.59
233059,233715,265,2.93
240957,241613,265,2.93
233065,233721,265,2.93
240306,240962,265,2.93
226477,226476,265,2.93
221966,222622,265,4.59
221966,221967,265,4.59
204151,204150,265,2.93
231736,232392,265,2.93
165507,164852,265,14.29
165507,166164,265,14.29
165507,165508,265,14.29
219345,220002,265,4.59
166121,166120,265,10.99
203586,202931,265,4.59
225821,226476,265,2.93
231737,232392,265,2.93
240302,240959,265,2.93
228447,228446,265,2.06
202930,202931,265,4.59
240307,240962,265,2.93
240956,241613,265,2.93
233060,233715,265,2.93
235728,235729,265,4.59
221965,222622,265,4.59
233055,233711,265,2.93
168088,167431,265,10.99
227791,228446,265,2.06
234380,234379,265,2.93
221310,221967,265,4.59
172082,172083,265,4.59
233064,233721,265,2.93
168137,167481,266,14.29
168137,167482,266,14.29
168137,167480,266,14.29
168137,168792,266,14.29
168137,168136,266,14.29
164810,164154,266,10.99
216723,216724,266,10.99
163536,162880,266,14.29
163536,162881,266,14.29
163536,162879,266,14.29
224591,223935,266,14.29
224591,223936,266,14.29
224591,223934,266,14.29
224591,225248,266,14.29
224591,224592,266,14.29
163521,162865,266,10.99
210818,210163,266,14.29
163519,162863,266,10.99
225903,225248,266,14.29
225903,226560,266,14.29
225903,225904,266,14.29
225247,224592,266,14.29
225247,225904,266,14.29
225247,225248,266,14.29
163520,162864,266,10.99
165465,165464,266,10.99
164157,163501,266,10.99
185228,185885,266,10.99
169396,168739,266,10.99
168140,167484,266,14.29
168140,167485,266,14.29
168140,167483,266,14.29
170075,169419,266,4.59
169449,168792,266,14.29
209491,209492,266,4.59
166787,166788,266,4.59
233105,233106,266,4.59
239661,240317,266,4.59
169421,168765,266,4.59
217379,216724,266,10.99
217379,218036,266,10.99
179977,179321,266,4.59
168141,167485,266,14.29
168141,167486,266,14.29
168141,167484,266,14.29
183169,183168,266,4.59
179975,179319,266,4.59
199648,199649,266,4.59
168139,167483,266,14.29
168139,167484,266,14.29
168139,167482,266,14.29
169395,168739,266,10.99
239006,239007,266,4.59
181197,181853,266,4.59
168143,167487,266,14.29
168143,167488,266,14.29
168143,167486,266,14.29
168143,168144,266,14.29
164816,164160,266,4.59
200304,199649,266,4.59
204899,204244,266,4.59
238350,239007,266,4.59
208835,209492,266,4.59
169422,168765,266,4.59
192440,193097,266,4.59
179967,179312,266,4.59
183825,183168,266,4.59
198991,198336,266,4.59
242263,242919,266,2.93
234417,234418,266,4.59
168138,167482,266,14.29
168138,167483,266,14.29
168138,167481,266,14.29
164811,164154,266,10.99
216632,216631,266,2.93
203495,203494,266,2.93
204807,204806,266,2.93
221226,221225,266,2.93
231077,231733,266,2.93
179311,179312,266,4.59
233056,233712,266,2.93
166121,165464,266,10.99
231078,231733,266,2.93
239660,240317,266,4.59
215976,216631,266,2.93
233761,233106,266,4.59
233761,234418,266,4.59
220570,221225,266,2.93
181857,182512,266,4.59
168130,168131,266,4.59
204243,204244,266,4.59
233054,233710,266,2.93
168142,167486,266,14.29
168142,167487,266,14.29
168142,167485,266,14.29
214755,214100,267,14.29
214755,215412,267,14.29
214755,214756,267,14.29
210161,209506,267,14.29
183917,183918,267,10.99
168087,168086,267,10.99
184573,184574,267,10.99
211475,210820,267,14.29
211475,212132,267,14.29
211475,211476,267,14.29
216067,216068,267,10.99
166776,166775,267,10.99
210819,210164,267,14.29
210819,211476,267,14.29
210819,210820,267,14.29
163518,162862,267,10.99
213443,212788,267,14.29
213443,214100,267,14.29
213443,213444,267,14.29
163538,162882,267,14.29
163538,162883,267,14.29
164809,164153,267,10.99
164809,164808,267,10.99
163539,162883,267,14.29
163539,162884,267,14.29
163539,162882,267,14.29
164810,164153,267,10.99
216723,216068,267,10.99
163519,162862,267,10.99
165465,164808,267,10.99
164157,163502,267,10.99
164157,163500,267,10.99
163537,162882,267,14.29
169394,168738,267,10.99
214099,213444,267,14.29
214099,214756,267,14.29
214099,214100,267,14.29
181198,181854,267,4.59
240315,240971,267,4.59
231144,231800,267,4.59
231144,231145,267,4.59
227214,227870,267,4.59
227214,227215,267,4.59
231142,231798,267,4.59
181291,181292,267,4.59
237695,237696,267,4.59
175371,174715,267,4.59
176028,176029,267,4.59
231143,231799,267,4.59
164181,163525,267,4.59
164181,164180,267,4.59
208180,208181,267,4.59
205556,205557,267,4.59
168801,168145,267,4.59
168801,168802,267,4.59
215411,214756,267,14.29
215411,216068,267,14.29
215411,215412,267,14.29
164156,163500,267,10.99
169395,168738,267,10.99
175370,174715,267,4.59
230488,231145,267,4.59
237039,237696,267,4.59
174053,173398,267,4.59
212787,212132,267,14.29
212787,213444,267,14.29
212787,212788,267,14.29
176684,176029,267,4.59
170098,169443,267,4.59
227213,227870,267,4.59
184480,183823,267,4.59
240314,240971,267,4.59
207524,208181,267,4.59
164837,164180,267,4.59
191785,191786,267,4.59
230485,231140,267,4.59
200961,200962,267,4.59
165473,164818,267,4.59
185790,185133,267,4.59
164835,164180,267,4.59
233053,233709,267,2.93
223195,223194,267,2.93
240964,241620,267,2.93
198249,198248,267,2.93
210719,211375,267,2.93
242264,242920,267,2.93
206776,206775,267,2.93
201528,201527,267,2.93
169457,169458,267,4.59
168743,168086,267,10.99
201617,200962,267,4.59
206212,205557,267,4.59
212131,211476,267,14.29
212131,212788,267,14.29
212131,212132,267,14.29
202184,201527,267,2.93
222539,223194,267,2.93
198905,198248,267,2.93
212693,213348,267,2.93
230418,231074,267,2.93
200216,200215,267,2.93
181199,181854,267,4.59
170099,169443,267,4.59
174054,173398,267,4.59
178654,177999,267,4.59
230419,231074,267,2.93
190473,190474,267,4.59
189161,189162,267,4.59
210720,211375,267,2.93
189817,189818,267,4.59
206120,206775,267,2.93
191129,191130,267,4.59
217289,217944,267,2.93
170113,170114,267,4.59
164155,163499,268,10.99
169393,168737,268,10.99
210162,209507,268,14.29
166164,165509,268,14.29
166164,166821,268,14.29
166164,166165,268,14.29
165508,164853,268,14.29
165508,166165,268,14.29
165508,165509,268,14.29
166120,166119,268,10.99
164196,163541,268,14.29
164196,164853,268,14.29
164196,164197,268,14.29
163540,162885,268,14.29
163540,164197,268,14.29
163540,163541,268,14.29
164852,164197,268,14.29
164852,165509,268,14.29
164852,164853,268,14.29
183917,183262,268,10.99
184573,185230,268,10.99
166776,166119,268,10.99
163518,162861,268,10.99
164809,164152,268,10.99
185229,185230,268,10.99
217380,217381,268,10.99
197024,197025,268,4.59
240969,241625,268,4.59
231793,231794,268,4.59
173396,172740,268,4.59
185134,184478,268,4.59
229827,230483,268,4.59
206869,206870,268,4.59
174713,174057,268,4.59
179978,179322,268,4.59
179978,179979,268,4.59
229834,230490,268,4.59
229834,229835,268,4.59
167454,167453,268,4.59
168110,168109,268,4.59
228524,229180,268,4.59
169394,168737,268,10.99
164829,164828,268,4.59
236384,236385,268,4.59
174712,174057,268,4.59
240968,241625,268,4.59
166798,167453,268,4.59
229178,229835,268,4.59
169414,168759,268,4.59
230482,230483,268,4.59
229833,230490,268,4.59
185135,184478,268,4.59
185883,186540,268,4.59
193749,194406,268,4.59
196368,197025,268,4.59
229828,230483,268,4.59
170770,170771,268,4.59
220656,221313,268,4.59
228523,229180,268,4.59
232449,232450,268,4.59
164156,163499,268,10.99
241611,242267,268,2.93
225164,225163,268,2.93
232394,233050,268,2.93
214662,214661,268,2.93
200872,200871,268,2.93
193750,194406,268,4.59
219257,219256,268,2.93
180635,179979,268,4.59
180635,180636,268,4.59
171426,170771,268,4.59
233719,234375,268,2.93
235036,235035,268,2.93
229826,230483,268,4.59
180634,179979,268,4.59
221966,222623,268,4.59
231137,231794,268,4.59
229760,230415,268,2.93
214006,214661,268,2.93
224508,225163,268,2.93
241610,242267,268,2.93
208090,208745,268,2.93
210061,210716,268,2.93
232395,233050,268,2.93
211379,212035,268,2.93
202930,202275,268,4.59
235728,236385,268,4.59
227134,227789,268,2.06
168741,168084,268,10.99
202274,202275,268,4.59
165464,165463,269,10.99
163501,162845,269,10.99
162863,162207,269,10.99
210163,209508,269,14.29
162864,162208,269,10.99
162881,162225,269,14.29
162881,162226,269,14.29
162881,162224,269,14.29
225904,225249,269,14.29
225904,226561,269,14.29
225904,225905,269,14.29
167488,166832,269,10.99
167488,167489,269,10.99
193097,192442,269,14.29
193097,193753,269,14.29
193097,193754,269,14.29
193097,193752,269,14.29
193097,193098,269,14.29
167481,166825,269,14.29
167481,166826,269,14.29
167481,166824,269,14.29
164154,163498,269,10.99
225248,224593,269,14.29
225248,225905,269,14.29
225248,225249,269,14.29
162865,162209,269,10.99
167480,166824,269,14.29
167480,166825,269,14.29
167480,166823,269,14.29
167480,168135,269,14.29
167480,167479,269,14.29
224592,223937,269,14.29
224592,225249,269,14.29
224592,224593,269,14.29
162880,162224,269,14.29
162880,162225,269,14.29
162880,162223,269,14.29
167482,166826,269,14.29
167482,166827,269,14.29
167482,166825,269,14.29
164155,163498,269,10.99
166120,165463,269,10.99
167486,166830,269,14.29
167486,166831,269,14.29
167486,166829,269,14.29
174055,173399,269,4.59
169417,168761,269,4.59
165485,165484,269,4.59
169416,168760,269,4.59
167484,166828,269,14.29
167484,166829,269,14.29
167484,166827,269,14.29
164173,164172,269,4.59
181948,181949,269,4.59
167485,166829,269,14.29
167485,166830,269,14.29
167485,166828,269,14.29
185229,185886,269,10.99
217380,216725,269,10.99
217380,218037,269,10.99
167475,167476,269,4.59
166131,166132,269,4.59
239662,240318,269,4.59
239662,239663,269,4.59
198992,198993,269,4.59
216724,216725,269,10.99
179974,179318,269,4.59
187193,187850,269,4.59
166787,166132,269,4.59
186538,187195,269,4.59
239661,240318,269,4.59
169421,168764,269,4.59
185885,186541,269,10.99
185885,185886,269,10.99
179975,179318,269,4.59
167487,166831,269,14.29
167487,166832,269,14.29
167487,166830,269,14.29
199648,198993,269,4.59
231735,232391,269,2.93
219913,219912,269,2.93
233058,233714,269,2.93
227133,227132,269,2.93
235073,235074,269,4.59
211378,212034,269,2.93
167483,166827,269,14.29
167483,166828,269,14.29
167483,166826,269,14.29
233066,233722,269,2.93
239006,239663,269,4.59
241623,242279,269,4.59
203587,203588,269,4.59
215975,215974,269,2.93
164816,164161,269,4.59
218690,219347,269,4.59
219346,219347,269,4.59
187194,187850,269,4.59
187194,187195,269,4.59
234417,235074,269,4.59
233059,233714,269,2.93
240957,241614,269,2.93
240305,240961,269,2.93
233065,233722,269,2.93
218601,218600,269,2.93
179311,178656,269,4.59
240306,240961,269,2.93
226477,227132,269,2.93
231736,232391,269,2.93
218691,219347,269,4.59
218691,218692,269,4.59
168130,168787,269,4.59
215319,215974,269,2.93
204243,203588,269,4.59
215412,214757,270,14.29
215412,216069,270,14.29
215412,215413,270,14.29
210164,210821,270,14.29
214756,214101,270,14.29
214756,215413,270,14.29
214756,214757,270,14.29
162862,162206,270,10.99
214100,213445,270,14.29
214100,214757,270,14.29
214100,214101,270,14.29
211476,210821,270,14.29
211476,212133,270,14.29
211476,211477,270,14.29
210820,211477,270,14.29
210820,210821,270,14.29
163500,162844,270,10.99
163501,162846,270,10.99
163501,162844,270,10.99
162863,162206,270,10.99
167488,166833,270,10.99
164154,163497,270,10.99
164153,163497,270,10.99
163502,162846,270,10.99
163502,163503,270,10.99
212132,211477,270,14.29
212132,212789,270,14.29
212132,212133,270,14.29
213444,212789,270,14.29
213444,214101,270,14.29
213444,213445,270,14.29
163530,162874,270,4.59
163531,162875,270,4.59
208836,208837,270,4.59
163529,162873,270,4.59
163528,162872,270,4.59
163532,162876,270,4.59
238351,238352,270,4.59
175372,174716,270,4.59
175372,175373,270,4.59
240316,240972,270,4.59
163533,162877,270,4.59
200305,200306,270,4.59
188505,188506,270,4.59
170100,169444,270,4.59
164159,163503,270,4.59
163534,162878,270,4.59
163527,162871,270,4.59
204900,204901,270,4.59
170102,169446,270,4.59
216724,216069,270,10.99
240315,240972,270,4.59
231144,231801,270,4.59
227214,227871,270,4.59
231142,231797,270,4.59
237695,238352,270,4.59
175371,174716,270,4.59
176028,175373,270,4.59
164181,163524,270,4.59
208180,208837,270,4.59
205556,204901,270,4.59
168801,168146,270,4.59
202839,202838,270,2.93
221882,221881,270,2.93
233057,233713,270,2.93
231076,231732,270,2.93
185885,186542,270,10.99
242262,242918,270,2.93
205463,205462,270,2.93
199560,199559,270,2.93
162882,162227,270,14.29
162884,162228,270,14.29
162884,162229,270,14.29
162884,162227,270,14.29
216068,216069,270,10.99
200961,200306,270,4.59
162883,162227,270,14.29
162883,162228,270,14.29
212788,212133,270,14.29
212788,213445,270,14.29
212788,212789,270,14.29
241622,242278,270,2.93
242263,242918,270,2.93
216632,217287,270,2.93
203495,202838,270,2.93
204807,205462,270,2.93
221226,221881,270,2.93
231077,231732,270,2.93
211377,212033,270,2.93
233056,233713,270,2.93
233762,233763,270,4.59
223277,223278,270,4.59
222621,223278,270,4.59
170099,169444,270,4.59
189161,188506,270,4.59
163526,162870,270,4.59
163499,162843,271,10.99
166821,166166,271,14.29
166821,167477,271,14.29
166821,167478,271,14.29
166821,166822,271,14.29
164197,163542,271,14.29
164197,164854,271,14.29
164197,164198,271,14.29
163541,162886,271,14.29
163541,164198,271,14.29
163541,163542,271,14.29
164853,164198,271,14.29
164853,165510,271,14.29
164853,164854,271,14.29
165509,164854,271,14.29
165509,166166,271,14.29
165509,165510,271,14.29
164152,163496,271,10.99
209507,208852,271,14.29
166165,165510,271,14.29
166165,166822,271,14.29
166165,166166,271,14.29
162862,162205,271,10.99
163500,162843,271,10.99
164153,163496,271,10.99
231138,231139,271,4.59
193751,194407,271,4.59
163502,162847,271,10.99
181855,182511,271,4.59
170101,169445,271,4.59
164179,163523,271,4.59
197680,197681,271,4.59
166141,166140,271,4.59
170103,169447,271,4.59
179971,179315,271,4.59
168101,167445,271,4.59
168101,168102,271,4.59
207525,207526,271,4.59
237040,237041,271,4.59
174714,174058,271,4.59
176685,176686,271,4.59
173397,172741,271,4.59
185230,185231,271,10.99
197024,197681,271,4.59
240969,241626,271,4.59
177341,176686,271,4.59
173396,172741,271,4.59
168100,167445,271,4.59
185134,184477,271,4.59
206869,206214,271,4.59
206869,207526,271,4.59
174713,174058,271,4.59
179978,179323,271,4.59
194401,195058,271,4.59
229834,230491,271,4.59
181856,182511,271,4.59
228524,229181,271,4.59
168757,168102,271,4.59
209404,209403,271,2.93
233052,233708,271,2.93
227869,228526,271,4.59
210718,211374,271,2.93
207432,208088,271,2.93
207432,207431,271,2.93
223851,223850,271,2.93
208747,209403,271,2.93
236384,237041,271,4.59
228525,229181,271,4.59
228525,228526,271,4.59
240970,241626,271,4.59
230482,231139,271,4.59
179968,179313,271,4.59
240963,241619,271,2.93
162885,162230,271,14.29
162885,163542,271,14.29
162885,162886,271,14.29
170770,170115,271,4.59
193750,194407,271,4.59
180635,179980,271,4.59
233053,233708,271,2.93
223195,223850,271,2.93
179969,179313,271,4.59
240964,241619,271,2.93
198249,197592,271,2.93
210719,211374,271,2.93
230417,231073,271,2.93
207433,208088,271,2.93
242264,242921,271,2.93
206776,207431,271,2.93
201618,201619,271,4.59
179972,179316,271,4.59
208748,209403,271,2.93
179970,179314,271,4.59
169448,169447,271,4.59
228447,229102,271,2.06
230418,231073,271,2.93
206213,206214,271,4.59
242265,242921,271,2.93
202274,201619,271,4.59
166824,166168,272,14.29
166824,166169,272,14.29
166824,166167,272,14.29
224593,223938,272,14.29
224593,225250,272,14.29
224593,224594,272,14.29
225249,224594,272,14.29
225249,225906,272,14.29
225249,225250,272,14.29
193753,194409,272,14.29
193753,194410,272,14.29
193753,194408,272,14.29
223937,223281,272,14.29
223937,223282,272,14.29
223937,223280,272,14.29
223937,224594,272,14.29
223937,223938,272,14.29
193098,192443,272,14.29
193098,193755,272,14.29
193098,193099,272,14.29
185886,185887,272,10.99
166825,166169,272,14.29
166825,166170,272,14.29
166825,166168,272,14.29
163498,162842,272,10.99
193754,193099,272,14.29
193754,194410,272,14.29
193754,194411,272,14.29
193754,194409,272,14.29
193754,193755,272,14.29
166832,166176,272,10.99
162209,161553,272,10.99
167489,167490,272,10.99
186541,187197,272,10.99
225905,225250,272,14.29
225905,226562,272,14.29
225905,225906,272,14.29
166826,166170,272,14.29
166826,166171,272,14.29
166826,166169,272,14.29
163499,162842,272,10.99
166830,166174,272,14.29
166830,166175,272,14.29
166830,166173,272,14.29
166823,166167,272,14.29
166823,166168,272,14.29
166827,166171,272,14.29
166827,166172,272,14.29
166827,166170,272,14.29
166828,166172,272,14.29
166828,166173,272,14.29
166828,166171,272,14.29
196369,196370,272,4.59
220657,220658,272,4.59
166797,166796,272,4.59
177342,177343,272,4.59
195713,195714,272,4.59
165475,164819,272,4.59
165475,165476,272,4.59
172083,172084,272,4.59
169418,168762,272,4.59
194404,195060,272,4.59
182605,182606,272,4.59
194405,195061,272,4.59
194403,195059,272,4.59
220002,220658,272,4.59
220002,220003,272,4.59
174056,173400,272,4.59
235729,235730,272,4.59
221312,221968,272,4.59
163517,163516,272,4.59
166829,166173,272,14.29
166829,166174,272,14.29
166829,166172,272,14.29
185230,184575,272,10.99
185230,185887,272,10.99
174055,173400,272,4.59
169417,168762,272,4.59
220001,220658,272,4.59
164173,163516,272,4.59
181948,181293,272,4.59
167475,168132,272,4.59
166131,165476,272,4.59
177998,177343,272,4.59
239662,240319,272,4.59
166831,166175,272,10.99
198992,198337,272,4.59
179974,179317,272,4.59
241612,242268,272,2.93
171427,171428,272,4.59
225820,225819,272,2.93
215318,215317,272,2.93
233716,234372,272,2.93
232393,233049,272,2.93
179320,178664,272,4.59
216725,216726,272,10.99
165474,164819,272,4.59
221967,221968,272,4.59
179973,179317,272,4.59
241624,242280,272,4.59
202931,202932,272,4.59
235073,235730,272,4.59
233717,234372,272,2.93
241611,242268,272,2.93
225164,225819,272,2.93
232394,233049,272,2.93
214662,215317,272,2.93
241623,242280,272,4.59
203587,202932,272,4.59
233719,234376,272,2.93
162225,161569,272,14.29
162225,161570,272,14.29
162225,161568,272,14.29
219346,220003,272,4.59
187194,187851,272,4.59
162226,161570,272,14.29
162226,161571,272,14.29
162226,161569,272,14.29
233720,234376,272,2.93
218691,219348,272,4.59
221311,221968,272,4.59
175373,174717,273,10.99
175373,175374,273,10.99
174716,174060,273,10.99
174716,174717,273,10.99
215413,215414,273,10.99
216069,216070,273,10.99
166833,166177,273,10.99
166833,166834,273,10.99
186542,187198,273,10.99
186542,186543,273,10.99
214757,214102,273,14.29
214757,215414,273,14.29
214757,214758,273,14.29
214101,213446,273,14.29
214101,214758,273,14.29
214101,214102,273,14.29
162846,162190,273,10.99
163497,162841,273,10.99
185886,186543,273,10.99
163498,162841,273,10.99
166832,166177,273,10.99
213445,212790,273,14.29
213445,214102,273,14.29
213445,213446,273,14.29
162209,161554,273,10.99
162209,161552,273,10.99
167489,166834,273,10.99
162845,162190,273,10.99
186541,187198,273,10.99
186541,187196,273,10.99
226560,227216,273,4.59
181853,182509,273,4.59
240317,240973,273,4.59
169419,168763,273,4.59
223935,223279,273,4.59
183168,183167,273,4.59
199649,199650,273,4.59
166788,166789,273,4.59
233106,233107,273,4.59
209492,209493,273,4.59
204244,204245,273,4.59
162227,161572,273,14.29
226559,227216,273,4.59
208836,209493,273,4.59
183824,183167,273,4.59
238351,239008,273,4.59
175372,174717,273,4.59
179321,178665,273,4.59
240316,240973,273,4.59
200305,199650,273,4.59
184479,183822,273,4.59
164159,163504,273,4.59
168792,168791,273,4.59
204900,204245,273,4.59
234418,234419,273,4.59
220569,220568,273,2.93
231734,232390,273,2.93
240304,240960,273,2.93
239007,239008,273,4.59
216725,216070,273,10.99
216725,217382,273,10.99
164160,163504,273,4.59
231735,232390,273,2.93
162229,161573,273,14.29
162229,161574,273,14.29
162229,161572,273,14.29
219913,220568,273,2.93
227133,227788,273,2.93
241621,242277,273,2.93
212789,213446,273,14.29
212789,212790,273,14.29
215975,216630,273,2.93
179319,178663,273,4.59
162228,161572,273,14.29
162228,161573,273,14.29
212133,212790,273,14.29
240305,240960,273,2.93
233762,233107,273,4.59
233762,234419,273,4.59
163526,162869,273,4.59
163542,162887,274,14.29
163542,164199,274,14.29
163542,163543,274,14.29
176686,176030,274,10.99
176686,176687,274,10.99
166166,165511,274,14.29
165510,164855,274,14.29
165510,165511,274,14.29
164198,163543,274,14.29
164198,164855,274,14.29
164198,164199,274,14.29
164854,164199,274,14.29
164854,165511,274,14.29
164854,164855,274,14.29
175373,174718,274,10.99
175373,176030,274,10.99
174716,174061,274,10.99
174716,174059,274,10.99
166833,166178,274,10.99
186542,187199,274,10.99
162846,162191,274,10.99
163497,162840,274,10.99
162886,162231,274,14.29
162886,163543,274,14.29
162886,162887,274,14.29
177999,178000,274,4.59
190474,190475,274,4.59
174715,174059,274,4.59
181854,182510,274,4.59
231798,232454,274,4.59
231800,232456,274,4.59
164818,164162,274,4.59
191786,191787,274,4.59
237696,237697,274,4.59
185133,185132,274,4.59
163496,162840,274,10.99
231145,231146,274,4.59
189162,189163,274,4.59
191130,191131,274,4.59
208181,208182,274,4.59
162847,162191,274,10.99
162847,162848,274,10.99
183918,183919,274,4.59
240971,241627,274,4.59
189818,189819,274,4.59
231799,232455,274,4.59
176029,176030,274,4.59
168802,168803,274,4.59
231138,231795,274,4.59
181855,182510,274,4.59
168101,167446,274,4.59
207525,208182,274,4.59
237040,237697,274,4.59
230489,231146,274,4.59
174714,174059,274,4.59
176685,176030,274,4.59
211376,212032,274,2.93
231140,231796,274,4.59
242261,242917,274,2.93
206119,206118,274,2.93
222538,222537,274,2.93
202183,202182,274,2.93
173397,172742,274,4.59
198904,198903,274,2.93
164817,164162,274,4.59
231075,231731,274,2.93
169458,169459,274,4.59
231141,231796,274,4.59
162230,161575,274,14.29
162230,162887,274,14.29
162230,162231,274,14.29
205557,205558,274,4.59
178655,178000,274,4.59
200962,200963,274,4.59
202839,202182,274,2.93
221882,222537,274,2.93
231076,231731,274,2.93
242262,242917,274,2.93
228525,229182,274,4.59
205463,206118,274,2.93
240970,241627,274,4.59
199560,198903,274,2.93
212036,212691,274,2.93
212692,212691,274,2.93
201618,200963,274,4.59
211377,212032,274,2.93
173398,172742,274,4.59
206213,205558,274,4.59
216726,216727,275,10.99
193755,193100,275,14.29
193755,194412,275,14.29
193755,193756,275,14.29
166171,165515,275,14.29
166171,165516,275,14.29
166171,165514,275,14.29
225250,224595,275,14.29
225250,225907,275,14.29
225250,225251,275,14.29
161553,160897,275,10.99
167490,167491,275,10.99
166176,165520,275,10.99
194408,195064,275,14.29
194408,195065,275,14.29
194408,195063,275,14.29
192443,191788,275,14.29
192443,193100,275,14.29
192443,192444,275,14.29
223938,223283,275,14.29
223938,224595,275,14.29
223938,223939,275,14.29
185887,185888,275,10.99
193099,192444,275,14.29
193099,193756,275,14.29
193099,193100,275,14.29
224594,223939,275,14.29
224594,225251,275,14.29
224594,224595,275,14.29
194411,193756,275,14.29
194411,195067,275,14.29
194411,195068,275,14.29
194411,195066,275,14.29
194411,194412,275,14.29
194409,195065,275,14.29
194409,195066,275,14.29
194409,195064,275,14.29
194410,195066,275,14.29
194410,195067,275,14.29
194410,195065,275,14.29
225906,225251,275,14.29
225906,226563,275,14.29
225906,225907,275,14.29
176686,176031,275,10.99
161569,160913,275,14.29
161569,160914,275,14.29
161569,160912,275,14.29
166169,165513,275,14.29
166169,165514,275,14.29
166169,165512,275,14.29
162842,162186,275,10.99
161570,160914,275,14.29
161570,160915,275,14.29
161570,160913,275,14.29
161571,160915,275,14.29
161571,160916,275,14.29
161571,160914,275,14.29
166170,165514,275,14.29
166170,165515,275,14.29
166170,165513,275,14.29
162843,162186,275,10.99
166173,165517,275,14.29
166173,165518,275,14.29
166173,165516,275,14.29
166172,165516,275,14.29
166172,165517,275,14.29
166172,165515,275,14.29
167453,167452,275,4.59
221313,221969,275,4.59
221313,221314,275,4.59
183262,183263,275,4.59
174057,173401,275,4.59
164828,164827,275,4.59
168109,168108,275,4.59
241625,242281,275,4.59
229835,229836,275,4.59
168759,168103,275,4.59
166168,165512,275,14.29
166168,165513,275,14.29
197025,197026,275,4.59
229180,229836,275,4.59
162861,162860,275,4.59
166174,165518,275,14.29
166174,165519,275,14.29
166174,165517,275,14.29
162847,162192,275,10.99
166175,165519,275,10.99
179322,178666,275,4.59
196369,197026,275,4.59
220657,221314,275,4.59
166797,167452,275,4.59
165475,164820,275,4.59
170771,170772,275,4.59
182605,181950,275,4.59
194405,195062,275,4.59
220002,220659,275,4.59
229179,229836,275,4.59
174056,173401,275,4.59
235729,236386,275,4.59
221312,221969,275,4.59
163517,162860,275,4.59
168758,168103,275,4.59
214005,214004,275,2.93
208746,209402,275,2.93
229759,229758,275,2.93
224507,224506,275,2.93
210717,211373,275,2.93
210060,210059,275,2.93
233051,233707,275,2.93
222623,222624,275,4.59
166167,165512,275,14.29
242266,242922,275,2.93
171427,170772,275,4.59
209404,210059,275,2.93
233052,233707,275,2.93
180636,180637,275,4.59
210718,211373,275,2.93
207432,208087,275,2.93
223851,224506,275,2.93
208747,209402,275,2.93
202275,202276,275,4.59
221967,222624,275,4.59
194406,195062,275,4.59
240963,241618,275,2.93
241624,242281,275,4.59
236385,236386,275,4.59
202931,202276,275,4.59
213349,214004,275,2.93
232450,232451,275,4.59
206870,206871,275,4.59
242265,242922,275,2.93
214758,214103,276,14.29
214758,215415,276,14.29
214758,214759,276,14.29
175374,175375,276,10.99
215414,214759,276,14.29
215414,216071,276,14.29
215414,215415,276,14.29
186543,186544,276,10.99
187198,187854,276,10.99
214102,213447,276,14.29
214102,214759,276,14.29
214102,214103,276,14.29
166834,166835,276,10.99
162190,161534,276,10.99
161554,160898,276,10.99
216070,216071,276,10.99
166177,165521,276,10.99
216726,216071,276,10.99
216726,217383,276,10.99
161553,160898,276,10.99
161553,160896,276,10.99
167490,166835,276,10.99
167490,168147,276,10.99
166176,165521,276,10.99
161573,160917,276,14.29
161573,160918,276,14.29
185887,185232,276,10.99
185887,186544,276,10.99
213446,214103,276,14.29
213446,213447,276,14.29
162842,162185,276,10.99
161572,160917,276,14.29
173399,172743,276,4.59
240318,240974,276,4.59
178656,178657,276,4.59
198993,198994,276,4.59
168760,168104,276,4.59
165484,165483,276,4.59
218692,218693,276,4.59
168787,168788,276,4.59
166132,166133,276,4.59
164172,164171,276,4.59
239663,239664,276,4.59
218037,218693,276,4.59
218037,218038,276,4.59
168761,168105,276,4.59
162207,161551,276,4.59
161574,160918,276,14.29
161574,160919,276,14.29
161574,160917,276,14.29
179318,178662,276,4.59
226561,227217,276,4.59
162841,162185,276,10.99
168135,168134,276,4.59
226560,227217,276,4.59
181853,182508,276,4.59
240317,240974,276,4.59
164161,163505,276,4.59
199649,198994,276,4.59
166788,166133,276,4.59
179312,178657,276,4.59
162879,162222,276,4.59
168131,168788,276,4.59
218036,218693,276,4.59
241613,242269,276,2.93
235074,235075,276,4.59
226476,226475,276,2.93
233715,234371,276,2.93
204150,204149,276,2.93
204244,203589,276,4.59
234379,234378,276,2.93
233721,234377,276,2.93
240959,241615,276,2.93
234418,235075,276,4.59
241612,242269,276,2.93
203588,203589,276,4.59
225820,226475,276,2.93
215318,215973,276,2.93
233716,234371,276,2.93
240958,241615,276,2.93
239007,239664,276,4.59
164160,163505,276,4.59
212790,213447,276,14.29
179319,178662,276,4.59
162223,161567,276,4.59
162223,162222,276,4.59
233720,234377,276,2.93
233711,234367,276,2.93
174718,174062,277,10.99
174718,174719,277,10.99
187199,187855,277,10.99
187199,187200,277,10.99
166178,165522,277,10.99
166178,166179,277,10.99
174061,173405,277,10.99
174061,174062,277,10.99
176687,176688,277,10.99
164199,163544,277,14.29
164199,164856,277,14.29
164199,164200,277,14.29
164855,164200,277,14.29
164855,164856,277,14.29
165511,164856,277,14.29
163543,162888,277,14.29
163543,164200,277,14.29
163543,163544,277,14.29
175374,174719,277,10.99
186543,187200,277,10.99
187198,187855,277,10.99
187198,187853,277,10.99
166834,166179,277,10.99
162190,161535,277,10.99
162190,161533,277,10.99
174717,174062,277,10.99
161554,160899,277,10.99
166177,165522,277,10.99
162887,162232,277,14.29
162887,163544,277,14.29
162887,162888,277,14.29
162877,162221,277,4.59
162206,161550,277,4.59
227871,228527,277,4.59
227871,227872,277,4.59
162871,162215,277,4.59
169446,168790,277,4.59
240972,241628,277,4.59
188506,188507,277,4.59
162870,162214,277,4.59
162876,162220,277,4.59
162875,162219,277,4.59
204901,204902,277,4.59
231801,232457,277,4.59
231801,231802,277,4.59
227215,227872,277,4.59
227870,228527,277,4.59
177999,177344,277,4.59
231798,232453,277,4.59
183823,183166,277,4.59
231800,232457,277,4.59
200306,200307,277,4.59
164818,164163,277,4.59
237696,238353,277,4.59
185133,184476,277,4.59
231145,231802,277,4.59
189162,188507,277,4.59
208181,208838,277,4.59
240971,241628,277,4.59
238352,238353,277,4.59
221225,221224,277,2.93
242919,243575,277,2.93
204806,204805,277,2.93
168739,168083,277,2.93
233710,234366,277,2.93
203494,203493,277,2.93
162874,162218,277,4.59
208837,208838,277,4.59
220569,221224,277,2.93
231797,232453,277,4.59
205557,204902,277,4.59
162873,162217,277,4.59
200962,200307,277,4.59
162231,161576,277,14.29
162231,162888,277,14.29
162231,162232,277,14.29
162872,162216,277,4.59
233712,234368,277,2.93
241621,242276,277,2.93
161575,160920,277,14.29
161575,162232,277,14.29
161575,161576,277,14.29
163525,162868,277,4.59
233763,233764,277,4.59
163524,162868,277,4.59
226563,225908,278,14.29
226563,227219,278,14.29
226563,227220,278,14.29
226563,227218,278,14.29
226563,226564,278,14.29
195067,195723,278,14.29
195067,195724,278,14.29
195067,195722,278,14.29
225251,224596,278,14.29
225251,225908,278,14.29
225251,225252,278,14.29
225907,225252,278,14.29
225907,226564,278,14.29
225907,225908,278,14.29
224595,223940,278,14.29
224595,225252,278,14.29
224595,224596,278,14.29
160916,160260,278,14.29
160916,160261,278,14.29
160916,160259,278,14.29
194412,193757,278,14.29
194412,195069,278,14.29
194412,194413,278,14.29
193756,193101,278,14.29
193756,194413,278,14.29
193756,193757,278,14.29
195063,195719,278,14.29
195063,195720,278,14.29
195063,195718,278,14.29
223283,222627,278,14.29
223283,222628,278,14.29
223283,222626,278,14.29
223283,223940,278,14.29
223283,223284,278,14.29
160915,160259,278,14.29
160915,160260,278,14.29
160915,160258,278,14.29
195065,195721,278,14.29
195065,195722,278,14.29
195065,195720,278,14.29
195068,194413,278,14.29
195068,195724,278,14.29
195068,195725,278,14.29
195068,195723,278,14.29
195068,195069,278,14.29
195064,195720,278,14.29
195064,195721,278,14.29
195064,195719,278,14.29
160914,160258,278,14.29
160914,160259,278,14.29
160914,160257,278,14.29
165516,164860,278,14.29
165516,164861,278,14.29
165516,164859,278,14.29
165515,164859,278,14.29
165515,164860,278,14.29
165515,164858,278,14.29
195066,195722,278,14.29
195066,195723,278,14.29
195066,195721,278,14.29
165512,164857,278,14.29
165514,164858,278,14.29
165514,164859,278,14.29
165514,164857,278,14.29
167491,167492,278,10.99
193100,192445,278,14.29
193100,193757,278,14.29
193100,193101,278,14.29
192444,191789,278,14.29
192444,193101,278,14.29
192444,192445,278,14.29
176031,176032,278,10.99
223939,223284,278,14.29
223939,224596,278,14.29
223939,223940,278,14.29
165519,164863,278,10.99
174718,174063,278,10.99
187199,187856,278,10.99
166178,165523,278,10.99
174061,173406,278,10.99
174061,173404,278,10.99
176687,176032,278,10.99
165517,164861,278,14.29
165517,164862,278,14.29
165517,164860,278,14.29
184477,183821,278,4.59
207526,207527,278,4.59
229181,229837,278,4.59
166140,166139,278,4.59
230491,231147,278,4.59
230491,230492,278,4.59
165520,164864,278,10.99
197681,197682,278,4.59
179316,178660,278,4.59
179314,178658,278,4.59
174058,173402,278,4.59
179980,179324,278,4.59
179980,179981,278,4.59
162205,161549,278,4.59
162205,162204,278,4.59
179315,178659,278,4.59
169445,168789,278,4.59
241626,242282,278,4.59
237041,237042,278,4.59
179323,178667,278,4.59
179323,179324,278,4.59
184478,183821,278,4.59
221313,221970,278,4.59
165518,164862,278,14.29
165518,164863,278,14.29
165518,164861,278,14.29
183262,182607,278,4.59
172740,172085,278,4.59
174057,173402,278,4.59
241625,242282,278,4.59
165513,164857,278,14.29
165513,164858,278,14.29
229835,230492,278,4.59
179979,179324,278,4.59
230490,231147,278,4.59
197025,197682,278,4.59
229180,229837,278,4.59
162861,162204,278,4.59
217944,217943,278,2.93
168738,168082,278,2.93
211375,212031,278,2.93
233709,234365,278,2.93
201527,201526,278,2.93
223194,223193,278,2.93
167477,168133,278,4.59
179322,178667,278,4.59
170115,170116,278,4.59
170771,170116,278,4.59
213348,213347,278,2.93
162840,162183,278,10.99
217288,217943,278,2.93
211376,212031,278,2.93
206119,206774,278,2.93
222538,223193,278,2.93
202183,201526,278,2.93
198904,198247,278,2.93
195062,195718,278,14.29
195062,195719,278,14.29
195062,195717,278,14.29
201619,201620,278,4.59
200215,200214,278,2.93
180636,179981,278,4.59
242920,243576,278,2.93
202275,201620,278,4.59
172741,172085,278,4.59
198248,198247,278,2.93
236385,237042,278,4.59
206214,206215,278,4.59
227790,228445,278,2.06
212692,213347,278,2.93
206775,206774,278,2.93
206870,206215,278,4.59
206870,207527,278,4.59
175375,175376,279,10.99
160917,160262,279,14.29
214103,213448,279,14.29
214103,214760,279,14.29
214103,214104,279,14.29
161534,160878,279,10.99
160898,160242,279,10.99
166835,166836,279,10.99
186544,186545,279,10.99
215415,214760,279,14.29
215415,216072,279,14.29
215415,215416,279,14.29
214759,214104,279,14.29
214759,215416,279,14.29
214759,214760,279,14.29
160918,160262,279,14.29
160918,160263,279,14.29
165521,164865,279,10.99
216071,216072,279,10.99
213447,214104,279,14.29
213447,213448,279,14.29
167491,166836,279,10.99
167491,168148,279,10.99
176031,175376,279,10.99
160919,160263,279,14.29
160919,160264,279,14.29
160919,160262,279,14.29
173400,172744,279,4.59
166796,166795,279,4.59
163516,163515,279,4.59
168762,168106,279,4.59
195714,195715,279,4.59
223281,222625,279,4.59
187851,187852,279,4.59
195060,195716,279,4.59
198337,198338,279,4.59
179317,178661,279,4.59
240319,240975,279,4.59
240319,240320,279,4.59
178664,178008,279,4.59
165476,165477,279,4.59
196370,196371,279,4.59
242280,242936,279,4.59
195059,195715,279,4.59
165520,164865,279,10.99
181293,181294,279,4.59
173399,172744,279,4.59
240318,240975,279,4.59
181949,181294,279,4.59
178656,178001,279,4.59
198993,198338,279,4.59
218692,219349,279,4.59
166132,165477,279,4.59
164172,163515,279,4.59
239663,240320,279,4.59
218037,218694,279,4.59
168761,168106,279,4.59
179318,178661,279,4.59
187195,187852,279,4.59
208745,209401,279,2.93
208745,208744,279,2.93
233050,233706,279,2.93
235730,235731,279,4.59
235035,235034,279,2.93
210716,211372,279,2.93
210716,210715,279,2.93
214661,214660,279,2.93
225163,225162,279,2.93
219348,220004,279,4.59
219348,219349,279,4.59
164161,163506,279,4.59
235074,235731,279,4.59
202932,202933,279,4.59
208089,208744,279,2.93
214005,214660,279,2.93
208746,209401,279,2.93
168764,168107,279,4.59
224507,225162,279,2.93
171428,171429,279,4.59
210717,211372,279,2.93
210060,210715,279,2.93
233051,233706,279,2.93
200871,200870,279,2.93
242267,242923,279,2.93
242266,242923,279,2.93
184575,184576,279,4.59
203588,202933,279,4.59
219256,219255,279,2.93
168084,167428,279,2.93
220003,220004,279,4.59
162223,161566,279,4.59
168737,168081,279,2.93
219347,220004,279,4.59
176688,176689,280,10.99
166179,166180,280,10.99
164856,164201,280,14.29
161576,160921,280,14.29
161576,162233,280,14.29
161576,161577,280,14.29
164200,163545,280,14.29
164200,164201,280,14.29
165522,164866,280,10.99
163544,162889,280,14.29
163544,164201,280,14.29
163544,163545,280,14.29
174719,174720,280,10.99
187855,188511,280,10.99
187200,187201,280,10.99
173405,172749,280,10.99
175375,174720,280,10.99
161534,160879,280,10.99
161534,160877,280,10.99
160898,160243,280,10.99
160898,160241,280,10.99
166835,166180,280,10.99
186544,185889,280,10.99
186544,187201,280,10.99
165521,164866,280,10.99
216071,216728,280,10.99
162888,162233,280,14.29
162888,163545,280,14.29
162888,162889,280,14.29
161533,160877,280,10.99
162869,162213,280,4.59
178665,178009,280,4.59
178663,178007,280,4.59
182509,183165,280,4.59
240973,241629,280,4.59
166789,166790,280,4.59
239008,239009,280,4.59
204245,204246,280,4.59
160920,160265,280,14.29
160920,161577,280,14.29
160920,160921,280,14.29
227871,228528,280,4.59
240972,241629,280,4.59
162870,162213,280,4.59
233714,234370,280,2.93
241614,242270,280,2.93
227132,227131,280,2.93
242279,242935,280,2.93
199650,199651,280,4.59
212034,212690,280,2.93
240961,241617,280,2.93
218600,218599,280,2.93
204901,204246,280,4.59
231801,232458,280,4.59
200306,199651,280,4.59
162232,161577,280,14.29
162232,162889,280,14.29
162232,162233,280,14.29
238352,239009,280,4.59
241613,242270,280,2.93
226476,227131,280,2.93
233715,234370,280,2.93
160899,160243,280,10.99
160899,160900,280,10.99
219912,219911,280,2.93
234419,234420,280,4.59
240959,241616,280,2.93
231797,232452,280,4.59
233107,233108,280,4.59
240962,241617,280,2.93
233763,233108,280,4.59
233763,234420,280,4.59
167492,167493,281,10.99
193101,192446,281,14.29
193101,193758,281,14.29
193101,193102,281,14.29
160259,159603,281,14.29
160259,159604,281,14.29
160259,159602,281,14.29
224596,223941,281,14.29
224596,225253,281,14.29
224596,224597,281,14.29
195720,196376,281,14.29
195720,196377,281,14.29
195720,196375,281,14.29
174063,173407,281,10.99
174063,174064,281,10.99
160261,159605,281,14.29
160261,159606,281,14.29
160261,159604,281,14.29
195725,195070,281,14.29
195725,196381,281,14.29
195725,196382,281,14.29
195725,196380,281,14.29
195725,195726,281,14.29
173406,172750,281,10.99
173406,173407,281,10.99
195069,194414,281,14.29
195069,195726,281,14.29
195069,195070,281,14.29
191789,191133,281,14.29
191789,191134,281,14.29
191789,191132,281,14.29
191789,192446,281,14.29
191789,191790,281,14.29
187856,188512,281,10.99
187856,187857,281,10.99
194413,193758,281,14.29
194413,195070,281,14.29
194413,194414,281,14.29
225908,225253,281,14.29
225908,226565,281,14.29
225908,225909,281,14.29
165523,164867,281,10.99
165523,165524,281,10.99
192445,191790,281,14.29
192445,193102,281,14.29
192445,192446,281,14.29
193757,193102,281,14.29
193757,194414,281,14.29
193757,193758,281,14.29
223940,223285,281,14.29
223940,224597,281,14.29
223940,223941,281,14.29
164857,164202,281,14.29
160258,159602,281,14.29
160258,159603,281,14.29
160258,159601,281,14.29
195721,196377,281,14.29
195721,196378,281,14.29
195721,196376,281,14.29
176032,176033,281,10.99
195722,196378,281,14.29
195722,196379,281,14.29
195722,196377,281,14.29
226564,225909,281,14.29
226564,227221,281,14.29
226564,226565,281,14.29
164863,164207,281,10.99
195724,196380,281,14.29
195724,196381,281,14.29
195724,196379,281,14.29
195719,196375,281,14.29
195719,196376,281,14.29
195719,196374,281,14.29
160260,159604,281,14.29
160260,159605,281,14.29
160260,159603,281,14.29
195723,196379,281,14.29
195723,196380,281,14.29
195723,196378,281,14.29
225252,224597,281,14.29
225252,225909,281,14.29
225252,225253,281,14.29
174062,173407,281,10.99
195717,196373,281,14.29
195717,196374,281,14.29
195717,196372,281,14.29
176688,176033,281,10.99
176688,177345,281,10.99
166179,165524,281,10.99
165522,164867,281,10.99
174719,174064,281,10.99
187855,188512,281,10.99
187855,188510,281,10.99
187200,187857,281,10.99
173405,172750,281,10.99
173405,172748,281,10.99
164861,164205,281,14.29
164861,164206,281,14.29
164861,164204,281,14.29
208182,208183,281,4.59
232456,233112,281,4.59
167446,167447,281,4.59
241627,242283,281,4.59
164860,164204,281,14.29
164860,164205,281,14.29
164860,164203,281,14.29
161533,160876,281,10.99
229182,229838,281,4.59
229182,229183,281,4.59
174059,173403,281,4.59
190475,190476,281,4.59
189819,189820,281,4.59
172742,172086,281,4.59
232455,233111,281,4.59
189163,189164,281,4.59
223284,222629,281,14.29
223284,223941,281,14.29
223284,223285,281,14.29
237697,237698,281,4.59
164862,164206,281,14.29
164862,164207,281,14.29
164862,164205,281,14.29
168803,168804,281,4.59
191131,191132,281,4.59
184477,183820,281,4.59
207526,208183,281,4.59
164859,164203,281,14.29
164859,164204,281,14.29
164859,164202,281,14.29
229181,229838,281,4.59
230491,231148,281,4.59
174058,173403,281,4.59
179980,179325,281,4.59
162205,161548,281,4.59
241626,242283,281,4.59
168102,167447,281,4.59
221881,221880,281,2.93
212033,212689,281,2.93
217287,217286,281,2.93
205462,205461,281,2.93
222628,221972,281,14.29
222628,221973,281,14.29
222628,221971,281,14.29
222628,223285,281,14.29
222628,222629,281,14.29
237041,237698,281,4.59
179323,178668,281,4.59
169459,169460,281,4.59
232454,233110,281,4.59
164864,164208,281,10.99
164858,164202,281,14.29
164858,164203,281,14.29
162848,162849,281,4.59
183919,183920,281,4.59
195718,196374,281,14.29
195718,196375,281,14.29
195718,196373,281,14.29
221225,221880,281,2.93
170115,169460,281,4.59
242919,243574,281,2.93
202838,202837,281,2.93
216631,217286,281,2.93
204806,205461,281,2.93
203494,202837,281,2.93
160899,160244,281,10.99
200963,200964,281,4.59
242918,243574,281,2.93
233713,234369,281,2.93
242278,242934,281,2.93
205558,205559,281,4.59
228526,229183,281,4.59
201619,200964,281,4.59
172741,172086,281,4.59
233712,234369,281,2.93
206214,205559,281,4.59
199559,199558,281,2.93
214104,213449,282,14.29
214104,214761,282,14.29
214104,214105,282,14.29
166836,166837,282,10.99
168148,168149,282,10.99
218694,218039,282,14.29
218694,219350,282,14.29
218694,219351,282,14.29
218694,218695,282,14.29
160264,159608,282,14.29
160264,159609,282,14.29
160264,159607,282,14.29
214760,214105,282,14.29
214760,215417,282,14.29
214760,214761,282,14.29
216072,215417,282,14.29
216072,216729,282,14.29
216072,216073,282,14.29
215416,214761,282,14.29
215416,216073,282,14.29
215416,215417,282,14.29
160262,159607,282,14.29
196371,197027,282,14.29
196371,197028,282,14.29
160263,159607,282,14.29
160263,159608,282,14.29
175376,175377,282,10.99
167492,166837,282,10.99
167492,168149,282,10.99
174063,173408,282,10.99
173406,172751,282,10.99
187856,188513,282,10.99
165523,164868,282,10.99
213448,214105,282,14.29
213448,213449,282,14.29
176032,175377,282,10.99
221314,221315,282,4.59
164820,164164,282,4.59
164820,164821,282,4.59
206871,206872,282,4.59
173401,172745,282,4.59
162860,162859,282,4.59
242281,242937,282,4.59
164827,164826,282,4.59
164865,164209,282,10.99
197026,197027,282,4.59
178666,178010,282,4.59
181950,181951,282,4.59
167452,167451,282,4.59
183263,183264,282,4.59
162192,161536,282,4.59
162192,162193,282,4.59
173400,172745,282,4.59
166796,167451,282,4.59
163516,162859,282,4.59
182606,181951,282,4.59
187851,188508,282,4.59
240319,240976,282,4.59
165476,164821,282,4.59
196370,197027,282,4.59
242280,242937,282,4.59
220658,221315,282,4.59
211374,212030,282,2.93
233708,234364,282,2.93
223850,223849,282,2.93
241619,242275,282,2.93
170772,170773,282,4.59
229102,229101,282,2.93
164819,164164,282,4.59
181293,180638,282,4.59
160912,160256,282,4.59
160912,160911,282,4.59
235730,236387,282,4.59
164864,164209,282,10.99
180637,180638,282,4.59
211375,212030,282,2.93
219348,220005,282,4.59
233709,234364,282,2.93
223194,223849,282,2.93
241620,242275,282,2.93
202276,202277,282,4.59
207431,207430,282,2.93
161568,160911,282,4.59
202932,202277,282,4.59
213348,214003,282,2.93
197592,196936,282,2.93
197592,197591,282,2.93
220659,221315,282,4.59
220659,220660,282,4.59
171428,170773,282,4.59
242920,243577,282,2.93
198248,197591,282,2.93
220003,220660,282,4.59
242921,243577,282,2.93
206775,207430,282,2.93
236386,236387,282,4.59
161577,160922,283,14.29
161577,162234,283,14.29
161577,161578,283,14.29
164866,164210,283,10.99
166180,166181,283,10.99
187201,187202,283,10.99
172749,172093,283,10.99
163545,162890,283,14.29
163545,163546,283,14.29
160265,159610,283,14.29
160265,160922,283,14.29
160265,160266,283,14.29
174720,174721,283,10.99
164201,163546,283,14.29
166836,166181,283,10.99
168148,168805,283,10.99
175376,174721,283,10.99
162889,162234,283,14.29
162889,163546,283,14.29
162889,162890,283,14.29
165483,165482,283,4.59
172743,172087,283,4.59
227217,227873,283,4.59
198994,198995,283,4.59
161551,160895,283,4.59
168105,167449,283,4.59
160896,160240,283,4.59
160896,160895,283,4.59
162183,161527,283,6.67
162183,162182,283,6.67
239664,239665,283,4.59
164171,164170,283,4.59
178662,178006,283,4.59
166133,166134,283,4.59
168104,167448,283,4.59
164865,164210,283,10.99
161552,160895,283,4.59
227216,227873,283,4.59
160921,160266,283,14.29
160921,161578,283,14.29
160921,160922,283,14.29
178663,178006,283,4.59
182509,183164,283,4.59
240973,241630,283,4.59
166789,166134,283,4.59
239008,239665,283,4.59
204245,203590,283,4.59
242268,242924,283,2.93
234376,235032,283,2.93
234372,235028,283,2.93
225819,225818,283,2.93
235075,235076,283,4.59
162233,161578,283,14.29
162233,162890,283,14.29
162233,162234,283,14.29
199650,198995,283,4.59
208745,209400,283,2.93
210716,211371,283,2.93
214661,215316,283,2.93
225163,225818,283,2.93
240974,241630,283,4.59
217383,217384,283,4.59
182508,183164,283,4.59
185232,185233,283,4.59
234375,235032,283,2.93
215317,215316,283,2.93
234419,235076,283,4.59
203589,203590,283,4.59
242267,242924,283,2.93
160877,160221,283,10.99
168084,167427,283,2.93
191790,191135,284,14.29
191790,192447,284,14.29
191790,191791,284,14.29
176033,176034,284,10.99
164207,163551,284,10.99
159605,158949,284,14.29
159605,158950,284,14.29
159605,158948,284,14.29
159603,158947,284,14.29
159603,158948,284,14.29
159603,158946,284,14.29
221973,221317,284,14.29
221973,221318,284,14.29
221973,221316,284,14.29
221973,222630,284,14.29
221973,221974,284,14.29
194414,193759,284,14.29
194414,195071,284,14.29
194414,194415,284,14.29
159604,158948,284,14.29
159604,158949,284,14.29
159604,158947,284,14.29
187857,187858,284,10.99
188512,189168,284,10.99
164208,163552,284,10.99
196373,197029,284,14.29
196373,197030,284,14.29
164867,164211,284,10.99
164202,163547,284,14.29
196372,197029,284,14.29
172750,172094,284,10.99
174064,174065,284,10.99
195726,195071,284,14.29
195726,196383,284,14.29
195726,195727,284,14.29
165524,165525,284,10.99
196381,197037,284,14.29
196381,197038,284,14.29
196381,197036,284,14.29
196382,195727,284,14.29
196382,197038,284,14.29
196382,197039,284,14.29
196382,197037,284,14.29
196382,196383,284,14.29
192446,191791,284,14.29
192446,193103,284,14.29
192446,192447,284,14.29
164203,163547,284,14.29
164203,163548,284,14.29
160876,160220,284,10.99
160876,160875,284,10.99
159606,158950,284,14.29
159606,158951,284,14.29
159606,158949,284,14.29
167493,167494,284,10.99
195070,194415,284,14.29
195070,195727,284,14.29
195070,195071,284,14.29
222629,221974,284,14.29
222629,223286,284,14.29
222629,222630,284,14.29
191134,190478,284,14.29
191134,190479,284,14.29
191134,190477,284,14.29
191134,191791,284,14.29
191134,191135,284,14.29
164866,164211,284,10.99
166180,165525,284,10.99
187201,186546,284,10.99
187201,187858,284,10.99
172749,172094,284,10.99
172749,172092,284,10.99
174720,174065,284,10.99
225253,224598,284,14.29
225253,225910,284,14.29
225253,225254,284,14.29
225909,225254,284,14.29
225909,226566,284,14.29
225909,225910,284,14.29
224597,223942,284,14.29
224597,225254,284,14.29
224597,224598,284,14.29
241628,242284,284,4.59
162214,161558,284,4.59
162219,161563,284,4.59
161550,160894,284,4.59
162217,161561,284,4.59
187853,188509,284,4.59
162218,161562,284,4.59
162215,161559,284,4.59
162216,161560,284,4.59
164163,163507,284,4.59
231802,231803,284,4.59
232453,233109,284,4.59
238353,238354,284,4.59
169460,169461,284,10.99
164206,163550,284,10.99
232456,233113,284,4.59
167446,166791,284,4.59
241627,242284,284,4.59
229182,229839,284,4.59
242277,242933,284,2.93
162221,161565,284,4.59
216630,216629,284,2.93
227788,228444,284,2.93
227788,227787,284,2.93
237697,238354,284,4.59
220568,220567,284,2.93
200307,200308,284,4.59
223941,223286,284,14.29
223941,224598,284,14.29
223941,223942,284,14.29
231146,231803,284,4.59
215974,216629,284,2.93
164205,163549,284,14.29
164205,163550,284,14.29
164205,163548,284,14.29
241614,242271,284,2.93
227132,227787,284,2.93
164162,163507,284,4.59
232454,233109,284,4.59
232457,233113,284,4.59
223285,222630,284,14.29
223285,223942,284,14.29
223285,223286,284,14.29
200963,200308,284,4.59
219912,220567,284,2.93
162220,161564,284,4.59
205558,204903,284,4.59
164204,163548,284,14.29
164204,163549,284,14.29
164204,163547,284,14.29
160877,160222,284,10.99
160877,160220,284,10.99
204902,204903,284,4.59
233764,233765,284,4.59
159607,158952,285,14.29
159609,158953,285,14.29
159609,158954,285,14.29
159609,158952,285,14.29
175377,175378,285,10.99
168149,168150,285,10.99
172751,172095,285,10.99
172751,172752,285,10.99
159608,158952,285,14.29
159608,158953,285,14.29
214761,214106,285,14.29
214761,215418,285,14.29
214761,214762,285,14.29
173408,172752,285,10.99
173408,173409,285,10.99
164868,164212,285,10.99
164868,164869,285,10.99
214105,213450,285,14.29
214105,214762,285,14.29
214105,214106,285,14.29
188513,189169,285,10.99
188513,188514,285,10.99
215417,214762,285,14.29
215417,216074,285,14.29
215417,215418,285,14.29
166837,166838,285,10.99
219350,220006,285,14.29
219350,220007,285,14.29
219351,218696,285,14.29
219351,220007,285,14.29
219351,220008,285,14.29
219351,220006,285,14.29
219351,219352,285,14.29
176033,175378,285,10.99
176033,176690,285,10.99
187857,188514,285,10.99
188512,189169,285,10.99
188512,189167,285,10.99
218695,218040,285,14.29
218695,219352,285,14.29
218695,218696,285,14.29
164208,163553,285,10.99
164867,164212,285,10.99
173407,172752,285,10.99
172750,172095,285,10.99
174064,173409,285,10.99
165524,164869,285,10.99
213449,214106,285,14.29
213449,213450,285,14.29
160876,160219,285,10.99
167493,166838,285,10.99
167493,168150,285,10.99
207527,207528,285,4.59
179981,179982,285,4.59
162204,162203,285,4.59
230492,230493,285,4.59
206215,206216,285,4.59
178667,178011,285,4.59
161549,160893,285,4.59
166139,166138,285,4.59
242282,242938,285,4.59
173402,172746,285,4.59
227218,227874,285,4.59
182607,182608,285,4.59
162183,161526,285,6.67
162183,162838,285,6.67
197682,197683,285,4.59
169460,170117,285,10.99
164820,164165,285,4.59
178660,178004,285,4.59
206871,206216,285,4.59
206871,207528,285,4.59
173401,172746,285,4.59
162860,162203,285,4.59
242281,242938,285,4.59
178659,178003,285,4.59
197026,197683,285,4.59
178666,178011,285,4.59
181950,181295,285,4.59
178658,178002,285,4.59
229837,230493,285,4.59
229836,230493,285,4.59
183263,182608,285,4.59
162192,161537,285,4.59
206118,206117,285,2.93
212032,212688,285,2.93
242917,243573,285,2.93
222537,222536,285,2.93
202182,202181,285,2.93
218039,218696,285,14.29
218039,218040,285,14.29
170116,170117,285,4.59
164209,163553,285,10.99
227220,227876,285,4.59
227219,227875,285,4.59
170772,170117,285,4.59
221881,222536,285,2.93
212033,212688,285,2.93
217287,217942,285,2.93
205462,206117,285,2.93
160912,160255,285,4.59
201620,201621,285,4.59
180637,179982,285,4.59
202276,201621,285,4.59
202838,202181,285,2.93
237042,237043,285,4.59
242918,243573,285,2.93
198903,198902,285,2.93
236386,237043,285,4.59
199559,198902,285,2.93
163546,162891,286,14.29
164210,163554,286,10.99
174721,174722,286,10.99
168805,168806,286,10.99
161578,160923,286,14.29
161578,162235,286,14.29
161578,161579,286,14.29
172093,171437,286,10.99
159610,158955,286,14.29
159610,160267,286,14.29
159610,159611,286,14.29
175377,174722,286,10.99
168149,168806,286,10.99
172751,172096,286,10.99
166181,166182,286,10.99
173408,172753,286,10.99
160266,159611,286,14.29
160266,160923,286,14.29
160266,160267,286,14.29
164868,164213,286,10.99
188513,189170,286,10.99
166837,166182,286,10.99
162890,162235,286,14.29
162890,162891,286,14.29
165477,165478,286,4.59
161566,160910,286,4.59
198338,198339,286,4.59
172744,172088,286,4.59
240320,240321,286,4.59
178008,177352,286,4.59
168106,167450,286,4.59
166795,166794,286,4.59
163515,163514,286,4.59
160242,159586,286,4.59
172743,172088,286,4.59
178661,178005,286,4.59
163506,162850,286,4.59
198994,198339,286,4.59
168105,167450,286,4.59
160896,160239,286,4.59
239664,240321,286,4.59
164171,163514,286,4.59
161567,160910,286,4.59
178662,178005,286,4.59
166133,165478,286,4.59
235731,235732,286,4.59
233707,234363,286,2.93
224506,224505,286,2.93
209402,210058,286,2.93
160922,160267,286,14.29
160922,161579,286,14.29
160922,160923,286,14.29
208087,208743,286,2.93
208087,208086,286,2.93
211373,212029,286,2.93
210059,210058,286,2.93
242922,243578,286,2.93
229758,229757,286,2.93
162234,161579,286,14.29
162234,162891,286,14.29
162234,162235,286,14.29
197591,196935,286,8.63
197591,197590,286,8.63
164209,163554,286,10.99
235075,235732,286,4.59
211374,212029,286,2.93
233708,234363,286,2.93
223850,224505,286,2.93
209403,210058,286,2.93
208088,208743,286,2.93
240975,241631,286,4.59
241619,242274,286,2.93
202933,202934,286,4.59
229102,229757,286,2.93
196936,196935,286,8.63
171429,171430,286,4.59
184576,184577,286,4.59
163505,162850,286,4.59
240974,241631,286,4.59
185232,184577,286,4.59
207431,208086,286,2.93
241618,242274,286,2.93
197592,196935,286,2.93
203589,202934,286,4.59
242921,243578,286,2.93
158947,158291,287,14.29
158947,158292,287,14.29
158947,158290,287,14.29
222630,221975,287,14.29
222630,223287,287,14.29
222630,222631,287,14.29
195071,194416,287,14.29
195071,195728,287,14.29
195071,195072,287,14.29
158951,158295,287,14.29
158951,158296,287,14.29
158951,158294,287,14.29
174065,174066,287,10.99
163549,162893,287,14.29
163549,162894,287,14.29
163549,162892,287,14.29
163547,162892,287,14.29
160220,159564,287,10.99
158950,158294,287,14.29
158950,158295,287,14.29
158950,158293,287,14.29
172092,171436,287,10.99
172092,172091,287,10.99
158948,158292,287,14.29
158948,158293,287,14.29
158948,158291,287,14.29
158949,158293,287,14.29
158949,158294,287,14.29
158949,158292,287,14.29
191791,191136,287,14.29
191791,192448,287,14.29
191791,191792,287,14.29
172094,171438,287,10.99
195727,195072,287,14.29
195727,196384,287,14.29
195727,195728,287,14.29
189168,189824,287,10.99
221317,220661,287,14.29
221317,220662,287,14.29
221318,220662,287,14.29
221318,220663,287,14.29
221318,220661,287,14.29
221318,221975,287,14.29
221318,221319,287,14.29
221974,221319,287,14.29
221974,222631,287,14.29
221974,221975,287,14.29
196383,195728,287,14.29
196383,197040,287,14.29
196383,196384,287,14.29
164210,163555,287,10.99
223942,223287,287,14.29
223942,224599,287,14.29
223942,223943,287,14.29
174721,174066,287,10.99
168805,169462,287,10.99
163548,162892,287,14.29
163548,162893,287,14.29
169461,169462,287,10.99
172093,171438,287,10.99
172093,171436,287,10.99
166181,165526,287,10.99
160875,160874,287,10.99
164211,163555,287,10.99
239009,239010,287,4.59
162213,161557,287,4.59
232458,233114,287,4.59
232458,232459,287,4.59
241629,242285,287,4.59
160241,159585,287,4.59
178009,177353,287,4.59
167494,167495,287,10.99
178007,177351,287,4.59
165525,165526,287,10.99
197037,197693,287,14.29
197037,197694,287,14.29
197037,197692,287,14.29
227872,228529,287,4.59
241628,242285,287,4.59
162214,161557,287,4.59
197038,197694,287,14.29
197038,197695,287,14.29
197038,197693,287,14.29
199651,199652,287,4.59
164163,163508,287,4.59
231802,232459,287,4.59
238353,239010,287,4.59
242269,242925,287,2.93
234377,235033,287,2.93
204149,204148,287,2.93
197039,196384,287,14.29
197039,197695,287,14.29
197039,197696,287,14.29
197039,197694,287,14.29
197039,197040,287,14.29
234367,235023,287,2.93
215973,215972,287,2.93
226475,226474,287,2.93
160879,160223,287,4.59
160879,160880,287,4.59
228528,229184,287,4.59
228528,228529,287,4.59
197591,196934,287,8.63
197591,198246,287,8.63
242268,242925,287,2.93
161535,160880,287,4.59
234371,235027,287,2.93
223286,222631,287,14.29
223286,223943,287,14.29
223286,223287,287,14.29
234376,235033,287,2.93
234372,235027,287,2.93
225819,226474,287,2.93
196936,196279,287,8.63
200307,199652,287,4.59
228527,229184,287,4.59
232457,233114,287,4.59
185889,185890,287,4.59
215317,215972,287,2.93
160243,159587,287,4.59
204246,204247,287,4.59
204902,204247,287,4.59
234420,234421,287,4.59
233764,234421,287,4.59
220008,219353,288,14.29
220008,220664,288,14.29
220008,220665,288,14.29
220008,220009,288,14.29
172095,171439,288,10.99
219352,218697,288,14.29
219352,220009,288,14.29
219352,219353,288,14.29
220007,220664,288,14.29
215418,214763,288,14.29
215418,216075,288,14.29
215418,215419,288,14.29
214762,214107,288,14.29
214762,215419,288,14.29
214762,214763,288,14.29
214106,213451,288,14.29
214106,214763,288,14.29
214106,214107,288,14.29
163553,162897,288,10.99
173409,173410,288,10.99
175378,175379,288,10.99
225910,225911,288,9.44
213450,214107,288,14.29
213450,213451,288,14.29
174065,173410,288,10.99
160220,159563,288,10.99
172092,171435,288,10.99
172092,172747,288,10.99
218696,218041,288,14.29
218696,219353,288,14.29
218696,218697,288,14.29
172094,171439,288,10.99
189168,189825,288,10.99
189168,189823,288,10.99
225254,225255,288,9.44
162182,162181,288,6.67
168150,168151,288,10.99
161527,160871,288,6.67
160219,159563,288,10.99
160219,160218,288,10.99
169461,170118,288,10.99
158952,158297,288,14.29
178668,178012,288,4.59
178668,178669,288,4.59
231148,231804,288,4.59
231148,231149,288,4.59
196379,197035,288,4.59
188510,189166,288,4.59
160244,159588,288,4.59
160244,160245,288,4.59
205559,205560,288,4.59
233112,233768,288,4.59
189820,189821,288,4.59
164212,163556,288,10.99
229838,230494,288,4.59
173403,172747,288,4.59
196376,197032,288,4.59
160875,160218,288,10.99
177345,177346,288,4.59
159601,158945,288,4.59
159601,159600,288,4.59
161548,160892,288,4.59
161548,161547,288,4.59
196375,197031,288,4.59
164211,163556,288,10.99
172748,172747,288,4.59
196378,197034,288,4.59
189164,189165,288,4.59
227221,227877,288,4.59
227221,227222,288,4.59
183920,183921,288,4.59
196377,197033,288,4.59
242283,242939,288,4.59
233111,233767,288,4.59
179325,178669,288,4.59
179325,179326,288,4.59
167494,166839,288,10.99
167494,168151,288,10.99
165525,164870,288,10.99
179981,179326,288,4.59
160257,159600,288,4.59
162204,161547,288,4.59
230492,231149,288,4.59
206215,205560,288,4.59
178667,178012,288,4.59
161549,160892,288,4.59
173404,172747,288,4.59
242282,242939,288,4.59
158953,158297,288,14.29
158953,158298,288,14.29
231147,231804,288,4.59
173402,172747,288,4.59
182607,181952,288,4.59
242276,242932,288,2.93
203493,203492,288,2.93
221224,221223,288,2.93
158954,158298,288,14.29
158954,158299,288,14.29
158954,158297,288,14.29
234366,235022,288,2.93
234368,235024,288,2.93
233110,233766,288,4.59
166838,166839,288,10.99
243575,244231,288,2.93
229837,230494,288,4.59
164869,164870,288,10.99
242277,242932,288,2.93
216630,217285,288,2.93
227788,228443,288,2.93
204805,204804,288,2.93
237698,237699,288,4.59
220568,221223,288,2.93
179324,178669,288,4.59
200964,200965,288,4.59
227220,227877,288,4.59
201620,200965,288,4.59
218040,217385,288,14.29
218040,218697,288,14.29
218040,218041,288,14.29
237042,237699,288,4.59
226566,227222,288,9.44
226566,226567,288,9.44
161579,160924,289,14.29
161579,162236,289,14.29
161579,161580,289,14.29
168806,168807,289,10.99
159611,158956,289,14.29
159611,160268,289,14.29
159611,159612,289,14.29
172096,171440,289,10.99
172096,172097,289,10.99
171437,170781,289,10.99
172753,172097,289,10.99
172753,172754,289,10.99
172095,171440,289,10.99
172752,172097,289,10.99
163553,162898,289,10.99
163553,162896,289,10.99
173409,172754,289,10.99
160267,159612,289,14.29
160267,160924,289,14.29
160267,160268,289,14.29
163554,162898,289,10.99
175378,174723,289,10.99
175378,176035,289,10.99
168150,168807,289,10.99
162891,162236,289,14.29
162859,162858,289,4.59
172745,172089,289,4.59
162193,162194,289,4.59
183264,183265,289,4.59
178010,177354,289,4.59
164826,164825,289,4.59
206872,206873,289,4.59
242937,243593,289,4.59
164212,163557,289,10.99
197028,197684,289,4.59
165477,164822,289,4.59
164821,164822,289,4.59
161566,160909,289,4.59
172744,172089,289,4.59
240320,240977,289,4.59
163515,162858,289,4.59
200214,200213,289,2.93
223193,223192,289,2.93
240976,241632,289,4.59
240976,240977,289,4.59
213347,213346,289,2.93
206774,206773,289,2.93
160923,160268,289,14.29
160923,161580,289,14.29
160923,160924,289,14.29
234365,235021,289,2.93
212031,212687,289,2.93
201526,201525,289,2.93
181294,180639,289,4.59
163506,162851,289,4.59
158955,158300,289,14.29
158955,159612,289,14.29
158955,158956,289,14.29
235731,236388,289,4.59
168082,167426,289,2.93
166838,166183,289,10.99
206118,206773,289,2.93
212032,212687,289,2.93
164869,164214,289,10.99
222537,223192,289,2.93
202182,201525,289,2.93
212691,213346,289,2.93
170773,170774,289,4.59
180638,180639,289,4.59
202277,202278,289,4.59
166182,166183,289,10.99
243576,244232,289,2.93
240975,241632,289,4.59
202933,202278,289,4.59
171429,170774,289,4.59
164213,163557,289,10.99
164213,164214,289,10.99
216729,216730,289,4.59
162235,161580,289,14.29
162235,162236,289,14.29
236387,236388,289,4.59
226566,227223,289,9.44
158295,157639,290,14.29
158295,157640,290,14.29
158295,157638,290,14.29
222631,221976,290,14.29
222631,223288,290,14.29
222631,222632,290,14.29
163555,162899,290,10.99
221975,221320,290,14.29
221975,222632,290,14.29
221975,221976,290,14.29
165526,165527,290,10.99
197696,197041,290,14.29
197696,198352,290,14.29
197696,198353,290,14.29
197696,198351,290,14.29
197696,197697,290,14.29
197695,198351,290,14.29
197695,198352,290,14.29
197695,198350,290,14.29
158296,157640,290,14.29
158296,157641,290,14.29
158296,157639,290,14.29
169462,169463,290,10.99
221319,221976,290,14.29
221319,221320,290,14.29
167495,167496,290,10.99
220663,221320,290,14.29
172091,172090,290,10.99
171438,170782,290,10.99
197693,198349,290,14.29
197693,198350,290,14.29
197693,198348,290,14.29
197694,198350,290,14.29
197694,198351,290,14.29
197694,198349,290,14.29
158293,157637,290,14.29
158293,157638,290,14.29
158293,157636,290,14.29
158294,157638,290,14.29
158294,157639,290,14.29
158294,157637,290,14.29
171436,170780,290,10.99
196384,195729,290,14.29
196384,197041,290,14.29
196384,196385,290,14.29
197040,196385,290,14.29
197040,197697,290,14.29
197040,197041,290,14.29
197590,197589,290,8.63
168806,169463,290,10.99
162892,162237,290,14.29
172096,171441,290,10.99
171437,170782,290,10.99
171437,170780,290,10.99
172753,172098,290,10.99
162838,162837,290,6.67
160874,160873,290,10.99
163554,162899,290,10.99
161526,160870,290,6.67
161526,161525,290,6.67
178006,177350,290,4.59
239665,239666,290,4.59
167449,166793,290,4.59
162182,161525,290,6.67
162182,162837,290,6.67
241630,242286,290,4.59
198995,198996,290,4.59
161527,160870,290,6.67
164170,164169,290,4.59
160240,159584,290,4.59
172087,171431,290,4.59
165482,165481,290,4.59
167448,166792,290,4.59
187202,187203,290,4.59
166134,166135,290,4.59
239009,239666,290,4.59
232458,233115,290,4.59
241629,242286,290,4.59
166790,166135,290,4.59
160241,159584,290,4.59
200870,200869,290,2.93
211372,212028,290,2.93
242936,243592,290,2.93
209401,210057,290,2.93
167428,166772,290,2.93
242923,243579,290,2.93
219255,219254,290,2.93
225162,225161,290,2.93
178007,177350,290,4.59
210715,210714,290,2.93
197692,198348,290,14.29
197692,198349,290,14.29
197692,198347,290,14.29
197692,197691,290,14.29
199651,198996,290,4.59
223287,222632,290,14.29
223287,223944,290,14.29
223287,223288,290,14.29
214660,214659,290,2.93
224506,225161,290,2.93
209402,210057,290,2.93
208087,208742,290,2.93
160879,160224,290,4.59
228528,229185,290,4.59
211373,212028,290,2.93
210059,210714,290,2.93
242922,243579,290,2.93
214004,214659,290,2.93
166182,165527,290,10.99
203590,203591,290,4.59
164213,163558,290,10.99
185233,185234,290,4.59
168081,167425,290,2.93
185889,185234,290,4.59
241618,242273,290,2.93
204246,203591,290,4.59
235076,235077,290,4.59
234420,235077,290,4.59
214763,214108,291,14.29
214763,215420,291,14.29
214763,214764,291,14.29
171439,170783,291,10.99
158297,157642,291,14.29
166839,166840,291,10.99
220665,220010,291,14.29
220665,221321,291,14.29
220665,221322,291,14.29
220665,220666,291,14.29
168151,168152,291,10.99
220009,219354,291,14.29
220009,220666,291,14.29
220009,220010,291,14.29
164870,164871,291,10.99
219353,218698,291,14.29
219353,220010,291,14.29
219353,219354,291,14.29
220664,221321,291,14.29
163555,162900,291,10.99
165526,164871,291,10.99
196934,196278,291,8.63
196934,196933,291,8.63
169462,170119,291,10.99
167495,166840,291,10.99
167495,168152,291,10.99
172091,171434,291,10.99
171438,170783,291,10.99
218697,218042,291,14.29
218697,219354,291,14.29
218697,218698,291,14.29
171436,170779,291,10.99
224599,224600,291,9.44
197590,196933,291,8.63
197590,198245,291,8.63
160874,160217,291,10.99
160218,160217,291,10.99
242284,242940,291,4.59
193103,193104,291,4.59
238354,238355,291,4.59
161561,160905,291,4.59
161558,160902,291,4.59
161563,160907,291,4.59
229839,230495,291,4.59
229839,229840,291,4.59
161562,160906,291,4.59
161559,160903,291,4.59
161560,160904,291,4.59
170118,170119,291,10.99
187858,187859,291,4.59
233113,233769,291,4.59
204903,204904,291,4.59
161564,160908,291,4.59
193759,193760,291,4.59
190478,189822,291,4.59
190479,190480,291,4.59
213451,214108,291,14.29
163551,162895,291,4.59
197029,197685,291,4.59
178668,178013,291,4.59
231148,231805,291,4.59
160244,159589,291,4.59
160244,160901,291,4.59
205559,204904,291,4.59
233112,233769,291,4.59
229838,230495,291,4.59
214107,214764,291,14.29
214107,214108,291,14.29
159601,158944,291,4.59
161548,160891,291,4.59
160894,160238,291,4.59
227221,227878,291,4.59
242283,242940,291,4.59
227131,227130,291,2.93
218041,217386,291,14.29
218041,218698,291,14.29
218041,218042,291,14.29
242935,243591,291,2.93
160900,160901,291,2.93
159563,158907,291,10.99
242270,242926,291,2.93
219911,219910,291,2.93
241616,242272,291,2.93
218599,218598,291,2.93
179325,178670,291,4.59
163556,162900,291,10.99
242269,242926,291,2.93
229183,229840,291,4.59
215973,216628,291,2.93
226475,227130,291,2.93
200308,200309,291,4.59
197030,197686,291,4.59
234370,235026,291,2.93
237698,238355,291,4.59
234371,235026,291,2.93
200964,200309,291,4.59
196279,196278,291,8.63
241615,242272,291,2.93
186546,186547,291,4.59
196935,196278,291,8.63
170781,170125,292,10.99
163557,162901,292,10.99
166183,166184,292,10.99
172754,172755,292,10.99
161580,160925,292,14.29
161580,161581,292,14.29
171440,170784,292,10.99
162898,162242,292,10.99
164214,164215,292,10.99
171439,170784,292,10.99
225255,225256,292,9.44
166839,166184,292,10.99
226567,226568,292,9.44
225911,225912,292,9.44
168151,168808,292,10.99
164870,164215,292,10.99
196934,196277,292,8.63
224599,225256,292,9.44
242938,243594,292,4.59
178004,177348,292,4.59
162203,162202,292,4.59
179982,179983,292,4.59
166138,166137,292,4.59
178003,177347,292,4.59
160893,160237,292,4.59
227875,228531,292,4.59
160255,159599,292,4.59
160255,160254,292,4.59
178011,177355,292,4.59
206216,206217,292,4.59
237043,237044,292,4.59
164165,163509,292,4.59
164165,164166,292,4.59
227876,228532,292,4.59
188514,188515,292,4.59
161526,160869,292,6.67
161537,160881,292,4.59
161537,161538,292,4.59
182608,182609,292,4.59
176690,176691,292,4.59
170118,170775,292,10.99
227874,228530,292,4.59
181295,181296,292,4.59
160256,159599,292,4.59
164164,163509,292,4.59
162859,162202,292,4.59
162193,161538,292,4.59
183264,182609,292,4.59
178010,177355,292,4.59
206872,206217,292,4.59
160911,160254,292,4.59
242937,243594,292,4.59
160924,160269,292,14.29
160924,161581,292,14.29
160924,160925,292,14.29
181951,181296,292,4.59
212689,213345,292,2.93
221880,221879,292,2.93
234369,235025,292,2.93
242934,243590,292,2.93
243574,244230,292,2.93
205461,205460,292,2.93
202837,202836,292,2.93
199558,199557,292,2.93
164821,164166,292,4.59
240976,241633,292,4.59
161536,160881,292,4.59
242276,242931,292,2.93
203493,202836,292,2.93
163556,162901,292,10.99
221224,221879,292,2.93
234368,235025,292,2.93
168807,168808,292,10.99
201621,201622,292,4.59
243575,244230,292,2.93
180638,179983,292,4.59
202277,201622,292,4.59
204805,205460,292,2.93
162236,161581,292,14.29
196279,195622,292,8.63
236387,237044,292,4.59
198353,197698,293,14.29
198353,199009,293,14.29
198353,199010,293,14.29
198353,199008,293,14.29
198353,198354,293,14.29
172098,171442,293,10.99
172098,172099,293,10.99
198351,199007,293,14.29
198351,199008,293,14.29
198351,199006,293,14.29
198350,199006,293,14.29
198350,199007,293,14.29
198350,199005,293,14.29
167496,167497,293,10.99
197697,197042,293,14.29
197697,198354,293,14.29
197697,197698,293,14.29
170780,170124,293,10.99
222632,221977,293,14.29
222632,223289,293,14.29
222632,222633,293,14.29
170782,170126,293,10.99
198349,199005,293,14.29
198349,199006,293,14.29
198349,199004,293,14.29
198348,199004,293,14.29
198348,199005,293,14.29
198348,199003,293,14.29
171441,170785,293,10.99
171441,171442,293,10.99
165527,165528,293,10.99
163558,162902,293,10.99
163558,163559,293,10.99
221976,222633,293,14.29
221976,221977,293,14.29
221320,221977,293,14.29
198352,199008,293,14.29
198352,199009,293,14.29
198352,199007,293,14.29
170781,170126,293,10.99
170781,170124,293,10.99
163557,162902,293,10.99
166183,165528,293,10.99
227223,227879,293,9.44
227223,227224,293,9.44
172754,172099,293,10.99
172754,173411,293,10.99
172097,171442,293,10.99
171440,170785,293,10.99
162898,162243,293,10.99
162898,162241,293,10.99
164214,163559,293,10.99
162181,162180,293,6.67
197041,196386,293,14.29
197041,197698,293,14.29
197041,197042,293,14.29
226567,227224,293,9.44
198339,198340,293,4.59
177352,176696,293,4.59
163514,163513,293,4.59
240321,240322,293,4.59
189170,189826,293,4.59
189170,189171,293,4.59
178005,177349,293,4.59
241631,242287,293,4.59
172088,171432,293,4.59
160239,159583,293,4.59
178006,177349,293,4.59
239665,240322,293,4.59
241630,242287,293,4.59
198995,198340,293,4.59
164170,163513,293,4.59
160240,159583,293,4.59
172087,171432,293,4.59
165478,165479,293,4.59
166134,165479,293,4.59
212030,212686,293,2.93
234364,235020,293,2.93
223849,223848,293,2.93
198347,197690,293,14.29
198347,199003,293,14.29
198347,199004,293,14.29
198347,199002,293,14.29
198347,198346,293,14.29
214003,214002,293,2.93
243577,244233,293,2.93
160871,160215,293,6.67
162899,162243,293,10.99
159586,158930,293,4.59
169463,169464,293,10.99
229101,229100,293,2.93
223193,223848,293,2.93
213347,214002,293,2.93
206774,207429,293,2.93
228445,229100,293,2.93
234365,235020,293,2.93
212031,212686,293,2.93
184577,184578,293,4.59
168807,169464,293,10.99
202934,202935,293,4.59
243576,244233,293,2.93
203590,202935,293,4.59
185233,184578,293,4.59
235732,235733,293,4.59
235076,235733,293,4.59
207430,207429,293,2.93
219354,218699,294,14.29
219354,220011,294,14.29
219354,219355,294,14.29
166840,166841,294,10.99
158907,158251,294,10.99
220666,220011,294,14.29
220666,221323,294,14.29
220666,220667,294,14.29
220010,219355,294,14.29
220010,220667,294,14.29
220010,220011,294,14.29
221322,220667,294,14.29
221322,221978,294,14.29
221322,221979,294,14.29
221322,221323,294,14.29
214108,214765,294,14.29
214108,214109,294,14.29
170783,170127,294,10.99
214764,214109,294,14.29
214764,215421,294,14.29
214764,214765,294,14.29
221321,221978,294,14.29
172098,171443,294,10.99
197589,197588,294,8.63
167496,166841,294,10.99
167496,168153,294,10.99
170780,170123,294,10.99
170782,170127,294,10.99
223944,223945,294,9.44
171441,170786,294,10.99
165527,164872,294,10.99
163558,162903,294,10.99
218698,218043,294,14.29
218698,219355,294,14.29
218698,218699,294,14.29
227223,227880,294,9.44
168152,168153,294,10.99
164871,164872,294,10.99
195072,195073,294,4.59
194416,194417,294,4.59
159587,158931,294,4.59
239010,239011,294,4.59
218042,217387,294,14.29
218042,218699,294,14.29
218042,218043,294,14.29
232459,232460,294,4.59
158291,157635,294,4.59
177353,176697,294,4.59
191792,191793,294,4.59
159585,158929,294,4.59
192448,192449,294,4.59
174066,174067,294,4.59
233114,233770,294,4.59
191136,191137,294,4.59
163508,162852,294,4.59
177351,176695,294,4.59
242284,242941,294,4.59
217386,216731,294,14.29
217386,218043,294,14.29
217386,217387,294,14.29
231803,232460,294,4.59
158946,158289,294,4.59
238354,239011,294,4.59
233765,234422,294,4.59
229839,230496,294,4.59
166791,166136,294,4.59
158290,157634,294,4.59
158290,158289,294,4.59
170119,170120,294,10.99
233113,233770,294,4.59
204903,204248,294,4.59
225818,225817,294,2.93
163507,162852,294,4.59
242285,242941,294,4.59
209400,210056,294,2.93
209400,209399,294,2.93
242924,243580,294,2.93
235032,235688,294,2.93
211371,212027,294,2.93
211371,211370,294,2.93
199652,199653,294,4.59
204247,204248,294,4.59
162899,162244,294,10.99
169463,170120,294,10.99
211372,212027,294,2.93
234421,234422,294,4.59
209401,210056,294,2.93
167428,166771,294,2.93
242923,243580,294,2.93
208744,209399,294,2.93
225162,225817,294,2.93
210715,211370,294,2.93
214660,215315,294,2.93
200308,199653,294,4.59
197030,197687,294,4.59
162894,162238,294,4.59
162900,162244,294,10.99
185890,185891,294,4.59
168081,167424,294,2.93
215316,215315,294,2.93
186546,185891,294,4.59
167427,166771,294,2.93
166184,166185,295,10.99
170125,169469,295,10.99
170784,170128,295,10.99
172755,172756,295,10.99
224600,224601,295,9.44
166840,166185,295,10.99
170783,170128,295,10.99
197589,196932,295,8.63
197589,198244,295,8.63
161525,161524,295,6.67
223944,224601,295,9.44
162837,162836,295,6.67
168808,168809,295,10.99
162901,162245,295,10.99
168152,168809,295,10.99
162181,161524,295,6.67
162181,162836,295,6.67
178012,177356,295,4.59
160245,160246,295,4.59
197033,197689,295,4.59
230494,231150,295,4.59
158299,157643,295,4.59
205560,205561,295,4.59
189825,190481,295,4.59
233767,234423,295,4.59
164871,164216,295,10.99
197032,197688,295,4.59
159588,158932,295,4.59
181952,181953,295,4.59
233768,234424,295,4.59
242939,243595,295,4.59
231149,231150,295,4.59
237699,237700,295,4.59
161547,161546,295,4.59
175379,175380,295,4.59
227877,228533,295,4.59
179326,179327,295,4.59
196933,196932,295,8.63
242938,243595,295,4.59
230493,231150,295,4.59
162203,161546,295,4.59
179982,179327,295,4.59
160893,160236,295,4.59
160255,159598,295,4.59
178011,177356,295,4.59
206216,205561,295,4.59
237043,237700,295,4.59
164165,163510,295,4.59
227876,228533,295,4.59
161537,160882,295,4.59
182608,181953,295,4.59
242271,242927,295,2.93
242933,243589,295,2.93
170119,170776,295,10.99
227787,227786,295,2.93
181295,180640,295,4.59
160871,160214,295,6.67
160892,160236,295,4.59
220567,220566,295,2.93
227131,227786,295,2.93
242270,242927,295,2.93
219911,220566,295,2.93
200965,200966,295,4.59
160870,160214,295,6.67
183921,183922,295,4.59
216075,216076,295,4.59
201621,200966,295,4.59
162900,162245,295,10.99
199006,199662,296,14.29
199006,199663,296,14.29
199006,199661,296,14.29
170126,169470,296,10.99
170785,170129,296,10.99
170124,169468,296,10.99
199009,199665,296,14.29
199009,199666,296,14.29
199009,199664,296,14.29
221977,222634,296,14.29
199008,199664,296,14.29
199008,199665,296,14.29
199008,199663,296,14.29
199007,199663,296,14.29
199007,199664,296,14.29
199007,199662,296,14.29
162902,162246,296,10.99
199004,199660,296,14.29
199004,199661,296,14.29
199004,199659,296,14.29
199005,199661,296,14.29
199005,199662,296,14.29
199005,199660,296,14.29
199003,199659,296,14.29
199003,199660,296,14.29
199003,199658,296,14.29
166184,165529,296,10.99
225256,225257,296,9.44
226568,226569,296,9.44
170125,169470,296,10.99
170125,169468,296,10.99
170784,170129,296,10.99
169464,169465,296,10.99
225912,225913,296,9.44
172755,172100,296,10.99
172755,173412,296,10.99
224600,225257,296,9.44
195622,195621,296,8.63
196278,195621,296,8.63
168808,169465,296,10.99
160909,160253,296,4.59
164822,164823,296,4.59
162858,162857,296,4.59
158300,157644,296,4.59
158300,158301,296,4.59
162194,162195,296,4.59
183265,183266,296,4.59
162901,162246,296,10.99
199010,198355,296,14.29
199010,199666,296,14.29
199010,199667,296,14.29
199010,199665,296,14.29
199010,199011,296,14.29
162896,162240,296,4.59
236388,236389,296,4.59
164825,164824,296,4.59
174723,174724,296,4.59
177354,176698,296,4.59
159612,159613,296,4.59
176035,176036,296,4.59
241632,242288,296,4.59
162851,162195,296,4.59
172089,171433,296,4.59
199002,198345,296,14.29
199002,199658,296,14.29
199002,199659,296,14.29
199002,199657,296,14.29
199002,199001,296,14.29
163514,162857,296,4.59
240321,240978,296,4.59
196933,196276,296,8.63
189170,189827,296,4.59
241631,242288,296,4.59
160910,160253,296,4.59
172088,171433,296,4.59
243573,244229,296,2.93
217942,217941,296,2.93
240977,240978,296,4.59
212688,213344,296,2.93
196277,195621,296,8.63
196277,196276,296,8.63
198354,197699,296,14.29
198354,199011,296,14.29
198354,198355,296,14.29
206117,206116,296,2.93
198902,198901,296,2.93
202181,202180,296,2.93
160239,159582,296,4.59
167497,167498,296,10.99
165478,164823,296,4.59
222536,222535,296,2.93
212689,213344,296,2.93
221880,222535,296,2.93
243574,244229,296,2.93
205461,206116,296,2.93
202837,202180,296,2.93
199558,198901,296,2.93
162243,161587,296,10.99
202278,202279,296,4.59
162850,162195,296,4.59
217286,217941,296,2.93
158956,158957,296,4.59
202934,202279,296,4.59
235732,236389,296,4.59
171443,170787,297,10.99
171443,171444,297,10.99
221323,220668,297,14.29
221323,221980,297,14.29
221323,221324,297,14.29
214109,214766,297,14.29
214109,214110,297,14.29
214765,214110,297,14.29
214765,215422,297,14.29
214765,214766,297,14.29
170127,169471,297,10.99
220667,220012,297,14.29
220667,221324,297,14.29
220667,220668,297,14.29
168153,168154,297,10.99
218699,218044,297,14.29
218699,219356,297,14.29
218699,218700,297,14.29
220011,219356,297,14.29
220011,220668,297,14.29
220011,220012,297,14.29
170786,170130,297,10.99
170786,170787,297,10.99
218043,217388,297,14.29
218043,218700,297,14.29
218043,218044,297,14.29
216731,217388,297,14.29
216731,216732,297,14.29
219355,218700,297,14.29
219355,220012,297,14.29
219355,219356,297,14.29
170123,169467,297,10.99
170123,170122,297,10.99
171442,170787,297,10.99
223289,223290,297,9.44
170126,169471,297,10.99
170785,170130,297,10.99
170124,169467,297,10.99
162902,162247,297,10.99
227224,227225,297,9.44
163559,163560,297,9.44
226568,227225,297,9.44
164215,163560,297,9.44
169464,170121,297,10.99
195622,194965,297,8.63
157641,156985,297,4.59
157640,156984,297,4.59
164169,164168,297,4.59
157636,156980,297,4.59
170120,170121,297,10.99
161525,160868,297,6.67
157639,156983,297,4.59
157637,156981,297,4.59
157638,156982,297,4.59
239666,239667,297,4.59
177350,176694,297,4.59
187203,187204,297,4.59
242286,242942,297,4.59
162837,163492,297,6.67
233115,233771,297,4.59
233115,233116,297,4.59
165481,165480,297,4.59
164872,164873,297,10.99
217387,216732,297,14.29
217387,218044,297,14.29
217387,217388,297,14.29
159584,158928,297,4.59
194416,193761,297,4.59
239010,239667,297,4.59
232459,233116,297,4.59
159585,158928,297,4.59
192448,193105,297,4.59
233114,233771,297,4.59
198996,198997,297,4.59
163508,162853,297,4.59
177351,176694,297,4.59
242274,242930,297,2.93
229757,229756,297,2.93
166841,166842,297,10.99
203591,203592,297,4.59
243578,244234,297,2.93
212029,212685,297,2.93
196277,195620,297,8.63
234363,235019,297,2.93
158290,157633,297,4.59
167497,166842,297,10.99
167497,168154,297,10.99
242285,242942,297,4.59
160224,160225,297,4.59
212030,212685,297,2.93
234364,235019,297,2.93
223849,224504,297,2.93
199652,198997,297,4.59
214003,214658,297,2.93
243577,244234,297,2.93
242275,242930,297,2.93
224505,224504,297,2.93
228529,229186,297,4.59
160880,160225,297,4.59
204247,203592,297,4.59
208086,208085,297,2.93
160869,160213,297,6.67
160869,160868,297,6.67
162243,161588,297,10.99
162243,161586,297,10.99
195729,195730,297,4.59
234421,235078,297,4.59
160870,160213,297,6.67
235077,235078,297,4.59
229101,229756,297,2.93
229185,229841,297,4.59
229185,229186,297,4.59
185234,185235,297,4.59
162894,162239,297,4.59
229184,229841,297,4.59
185890,185235,297,4.59
207430,208085,297,2.93
168809,168810,298,10.99
162245,161589,298,10.99
169469,168813,298,10.99
170128,169472,298,10.99
221979,222635,298,9.44
171443,170788,298,10.99
170127,169472,298,10.99
168153,168810,298,10.99
223945,223946,298,9.44
170786,170131,298,10.99
170123,169466,298,10.99
170123,170778,298,10.99
160215,159559,298,6.67
223289,223946,298,9.44
227224,227881,298,9.44
163559,162904,298,9.44
160903,160247,298,4.59
233769,234425,298,4.59
231805,232461,298,4.59
231805,231806,298,4.59
159589,158933,298,4.59
159589,159590,298,4.59
157642,156986,298,4.59
170779,170778,298,4.59
158944,158288,298,4.59
158944,158943,298,4.59
230495,231151,298,4.59
187859,187860,298,4.59
160891,160235,298,4.59
160891,160890,298,4.59
160904,160248,298,4.59
160906,160250,298,4.59
171434,170778,298,4.59
204904,204905,298,4.59
160905,160249,298,4.59
178013,177357,298,4.59
178013,178014,298,4.59
160908,160252,298,4.59
160907,160251,298,4.59
170120,170777,298,10.99
227880,228536,298,9.44
227880,227881,298,9.44
197685,198341,298,4.59
178669,178014,298,4.59
178012,177357,298,4.59
160245,159590,298,4.59
164872,164217,298,10.99
230494,231151,298,4.59
205560,204905,298,4.59
197588,197587,298,8.63
189825,190482,298,4.59
231804,232461,298,4.59
159588,158933,298,4.59
181952,181297,298,4.59
233768,234425,298,4.59
159600,158943,298,4.59
242939,243596,298,4.59
231149,231806,298,4.59
237699,238356,298,4.59
161547,160890,298,4.59
171435,170778,298,4.59
227877,228534,298,4.59
204148,204147,298,2.93
242925,243581,298,2.93
166841,166186,298,10.99
179326,178671,298,4.59
226474,226473,298,2.93
235023,235679,298,2.93
216076,216733,298,14.29
216076,216077,298,14.29
242940,243596,298,4.59
215972,215971,298,2.93
235027,235683,298,2.93
178670,178014,298,4.59
178670,178671,298,4.59
170776,170777,298,10.99
225818,226473,298,2.93
209400,210055,298,2.93
242924,243581,298,2.93
238355,238356,298,4.59
235028,235683,298,2.93
211371,212026,298,2.93
160892,160235,298,4.59
158945,158288,298,4.59
200965,200310,298,4.59
200309,200310,298,4.59
197686,198342,298,4.59
227878,228534,298,4.59
186547,186548,298,4.59
215316,215971,298,2.93
167427,166770,298,2.93
199663,200319,299,14.29
199663,200320,299,14.29
199663,200318,299,14.29
199661,200317,299,14.29
199661,200318,299,14.29
199661,200316,299,14.29
199662,200318,299,14.29
199662,200319,299,14.29
199662,200317,299,14.29
169468,168812,299,10.99
199664,200320,299,14.29
199664,200321,299,14.29
199664,200319,299,14.29
199665,200321,299,14.29
199665,200322,299,14.29
199665,200320,299,14.29
170129,169473,299,10.99
169470,168814,299,10.99
199659,200315,299,14.29
199659,200316,299,14.29
199659,200314,299,14.29
167498,167499,299,10.99
199660,200316,299,14.29
199660,200317,299,14.29
199660,200315,299,14.29
224601,224602,299,9.44
162245,161590,299,10.99
169469,168814,299,10.99
169469,168812,299,10.99
170128,169473,299,10.99
221979,222636,299,9.44
223945,224602,299,9.44
199666,200322,299,14.29
199666,200323,299,14.29
199666,200321,299,14.29
177348,176692,299,4.59
161581,161582,299,4.59
228531,229187,299,4.59
162246,161590,299,10.99
162202,162201,299,4.59
228532,229188,299,4.59
176691,176692,299,4.59
179983,179984,299,4.59
237044,237045,299,4.59
243594,244250,299,4.59
161538,161539,299,4.59
182609,182610,299,4.59
160237,159581,299,4.59
188515,188516,299,4.59
160269,160270,299,4.59
199657,199000,299,14.29
199657,200313,299,14.29
199657,200314,299,14.29
199657,200312,299,14.29
199657,199656,299,14.29
164166,164167,299,4.59
227880,228537,299,9.44
227880,228535,299,9.44
164822,164167,299,4.59
162858,162201,299,4.59
180639,179984,299,4.59
158300,157645,299,4.59
162194,161539,299,4.59
183265,182610,299,4.59
236388,237045,299,4.59
174723,174068,299,4.59
160925,160926,299,4.59
204804,204803,299,2.93
177354,176699,299,4.59
235022,235678,299,2.93
235024,235680,299,2.93
197588,196931,299,8.63
197588,198243,299,8.63
242932,243588,299,2.93
217285,217284,299,2.93
221223,221222,299,2.93
176035,176692,299,4.59
241632,242289,299,4.59
162851,162196,299,4.59
177355,176699,299,4.59
244231,244887,299,2.93
240977,241634,299,4.59
242271,242928,299,2.93
216629,217284,299,2.93
242933,243588,299,2.93
227787,228442,299,2.93
228444,229099,299,2.93
199658,200314,299,14.29
199658,200315,299,14.29
199658,200313,299,14.29
228443,229099,299,2.93
228443,228442,299,2.93
201622,201623,299,4.59
220567,221222,299,2.93
160869,160212,299,6.67
202278,201623,299,4.59
203492,203491,299,2.93
241633,242289,299,4.59
241633,241634,299,4.59
214110,214767,300,14.29
214110,214111,300,14.29
220668,220013,300,14.29
220668,221325,300,14.29
220668,220669,300,14.29
219356,218701,300,14.29
219356,220013,300,14.29
219356,219357,300,14.29
170130,169474,300,10.99
171444,171445,300,10.99
218044,217389,300,14.29
218044,218701,300,14.29
218044,218045,300,14.29
215422,214767,300,14.29
215422,216078,300,14.29
215422,216079,300,14.29
215422,215423,300,14.29
220012,219357,300,14.29
220012,220669,300,14.29
220012,220013,300,14.29
169471,168815,300,10.99
169467,168811,300,10.99
218700,218045,300,14.29
218700,219357,300,14.29
218700,218701,300,14.29
168154,168155,300,10.99
169468,168811,300,10.99
161587,160931,300,9.44
162247,161591,300,10.99
162247,162248,300,10.99
226569,226570,300,9.44
170129,169474,300,10.99
225913,225914,300,9.44
169470,168815,300,10.99
167498,166843,300,10.99
167498,168155,300,10.99
225257,225258,300,9.44
224601,225258,300,9.44
164216,163561,300,9.44
160214,159558,300,6.67
159583,158927,300,4.59
160215,159558,300,6.67
177349,176693,300,4.59
242287,242943,300,4.59
189171,189172,300,4.59
196386,196387,300,4.59
202935,202936,300,4.59
162241,161585,300,4.59
197042,197043,300,4.59
235733,235734,300,4.59
240322,240323,300,4.59
162246,161591,300,10.99
163513,163512,300,4.59
217388,218045,300,14.29
217388,217389,300,14.29
164169,163512,300,4.59
157636,156979,300,4.59
239666,240323,300,4.59
177350,176693,300,4.59
242286,242943,300,4.59
233115,233772,300,4.59
166185,165530,300,9.44
201525,201524,300,2.93
200213,200212,300,2.93
223192,223191,300,2.93
212687,213343,300,2.93
206773,206772,300,2.93
216732,217389,300,14.29
159584,158927,300,4.59
235021,235677,300,2.93
203591,202936,300,4.59
217942,218597,300,2.93
212688,213343,300,2.93
206117,206772,300,2.93
158930,158274,300,4.59
202181,201524,300,2.93
184578,184579,300,4.59
243593,244249,300,2.93
176696,176040,300,4.59
222536,223191,300,2.93
195729,195074,300,4.59
235077,235734,300,4.59
244232,244888,300,2.93
229185,229842,300,4.59
185234,184579,300,4.59
169472,168816,301,10.99
170788,170132,301,10.99
170788,170789,301,10.99
168813,168157,301,10.99
170131,169475,301,10.99
170131,170132,301,10.99
221980,221981,301,9.44
170130,169475,301,10.99
171444,170789,301,10.99
171444,172101,301,10.99
194965,194309,301,8.63
194965,194964,301,8.63
170787,170132,301,10.99
223290,223291,301,9.44
195620,194964,301,8.63
195620,195619,301,8.63
169471,168816,301,10.99
222634,223291,301,9.44
195621,194964,301,8.63
161587,160932,301,9.44
161587,160930,301,9.44
162247,161592,301,10.99
226569,227226,301,9.44
216733,217390,301,14.29
216733,216734,301,14.29
191793,191794,301,4.59
233770,234426,301,4.59
239011,239012,301,4.59
227225,227226,301,9.44
204248,204249,301,4.59
158931,158275,301,4.59
157634,156978,301,4.59
176697,176041,301,4.59
230496,231152,301,4.59
230496,230497,301,4.59
242941,243597,301,4.59
192449,192450,301,4.59
197687,198343,301,4.59
158929,158273,301,4.59
194417,194418,301,4.59
191137,191138,301,4.59
233769,234426,301,4.59
231805,232462,301,4.59
159589,158934,301,4.59
157642,156987,301,4.59
158944,158287,301,4.59
230495,231152,301,4.59
229840,230497,301,4.59
160891,160234,301,4.59
204904,204249,301,4.59
178013,177358,301,4.59
208742,209398,301,2.93
208742,208741,301,2.93
210714,210713,301,2.93
210057,210713,301,2.93
225161,225160,301,2.93
242273,242929,301,2.93
219254,219253,301,2.93
200869,200868,301,2.93
243579,244235,301,2.93
212028,212684,301,2.93
216077,216734,301,14.29
164873,164874,301,9.44
242274,242929,301,2.93
210058,210713,301,2.93
243578,244235,301,2.93
212029,212684,301,2.93
208743,209398,301,2.93
242940,243597,301,4.59
199653,199654,301,4.59
243592,244248,301,2.93
176695,176039,301,4.59
178670,178015,301,4.59
238355,239012,301,4.59
167425,166769,301,2.93
224505,225160,301,2.93
208086,208741,301,2.93
200309,199654,301,4.59
197686,198343,301,4.59
185891,185892,301,4.59
186547,185892,301,4.59
200313,200969,302,14.29
200313,200970,302,14.29
200313,200968,302,14.29
169473,168817,302,10.99
200319,200975,302,14.29
200319,200976,302,14.29
200319,200974,302,14.29
200314,200970,302,14.29
200314,200971,302,14.29
200314,200969,302,14.29
200317,200973,302,14.29
200317,200974,302,14.29
200317,200972,302,14.29
200316,200972,302,14.29
200316,200973,302,14.29
200316,200971,302,14.29
161590,160934,302,10.99
200321,200977,302,14.29
200321,200978,302,14.29
200321,200976,302,14.29
200320,200976,302,14.29
200320,200977,302,14.29
200320,200975,302,14.29
168814,168158,302,10.99
200318,200974,302,14.29
200318,200975,302,14.29
200318,200973,302,14.29
168812,168156,302,10.99
223946,223947,302,9.44
169472,168817,302,10.99
170788,170133,302,10.99
168813,168158,302,10.99
168813,168156,302,10.99
170131,169476,302,10.99
166842,166187,302,9.44
221980,222637,302,9.44
194965,194308,302,8.63
223290,223947,302,9.44
200322,200978,302,14.29
200322,200979,302,14.29
200322,200977,302,14.29
195620,194963,302,8.63
195620,196275,302,8.63
160213,159557,302,6.67
200315,200971,302,14.29
200315,200972,302,14.29
200315,200970,302,14.29
200312,199655,302,14.29
200312,200968,302,14.29
200312,200969,302,14.29
200312,200967,302,14.29
200312,200311,302,14.29
167499,167500,302,10.99
205561,205562,302,4.59
159598,158942,302,4.59
159598,159597,302,4.59
160236,159580,302,4.59
197688,198344,302,4.59
243595,244251,302,4.59
234423,235079,302,4.59
158932,158276,302,4.59
172756,172757,302,4.59
160214,159557,302,6.67
234424,235080,302,4.59
227225,227882,302,9.44
179327,179328,302,4.59
227881,227882,302,9.44
228533,229189,302,4.59
181953,181954,302,4.59
160882,160226,302,4.59
160882,160883,302,4.59
162202,161545,302,4.59
228532,229189,302,4.59
163509,162854,302,4.59
179983,179328,302,4.59
237044,237701,302,4.59
206217,205562,302,4.59
243594,244251,302,4.59
161538,160883,302,4.59
182609,181954,302,4.59
159599,158942,302,4.59
160237,159580,302,4.59
160254,159597,302,4.59
219910,219909,302,2.93
242926,243582,302,2.93
235026,235682,302,2.93
160269,159614,302,4.59
175380,175381,302,4.59
164166,163511,302,4.59
243591,244247,302,2.93
180640,180641,302,4.59
164873,164218,302,9.44
161546,161545,302,4.59
177356,176700,302,4.59
160881,160226,302,4.59
216628,216627,302,2.93
227130,227129,302,2.93
242925,243582,302,2.93
183922,183923,302,4.59
226474,227129,302,2.93
177355,176700,302,4.59
215972,216627,302,2.93
235027,235682,302,2.93
237700,237701,302,4.59
181296,180641,302,4.59
200966,200967,302,4.59
201622,200967,302,4.59
163510,162854,302,4.59
163510,163511,302,4.59
241633,242290,302,4.59
218701,218046,303,14.29
218701,219358,303,14.29
218701,218702,303,14.29
220669,220014,303,14.29
220669,221326,303,14.29
220669,220670,303,14.29
220013,219358,303,14.29
220013,220670,303,14.29
220013,220014,303,14.29
218045,218702,303,14.29
218045,218046,303,14.29
221325,220670,303,14.29
221325,221982,303,14.29
221325,221326,303,14.29
168815,168159,303,10.99
169474,168818,303,10.99
214111,213456,303,14.29
171445,171446,303,10.99
219357,218702,303,14.29
219357,220014,303,14.29
219357,219358,303,14.29
169473,168818,303,10.99
228537,229193,303,9.44
228537,228538,303,9.44
222636,223292,303,9.44
224602,224603,303,9.44
161590,160935,303,10.99
161590,160933,303,10.99
168814,168159,303,10.99
223946,224603,303,9.44
222635,223292,303,9.44
159559,158903,303,6.67
217389,218046,303,14.29
174724,174725,303,4.59
242288,242944,303,4.59
236389,236390,303,4.59
162240,161584,303,4.59
197699,197700,303,4.59
157644,156988,303,4.59
159582,158926,303,4.59
189827,190483,303,4.59
189827,189828,303,4.59
176698,176042,303,4.59
176036,176037,303,4.59
161591,160935,303,10.99
173412,173413,303,4.59
158957,158958,303,4.59
158301,158302,303,4.59
198355,198356,303,4.59
167499,166844,303,10.99
183266,183267,303,4.59
199011,199012,303,4.59
202279,202280,303,4.59
216079,216735,303,14.29
216079,216736,303,14.29
159583,158926,303,4.59
242287,242944,303,4.59
189171,189828,303,4.59
196386,195731,303,4.59
202935,202280,303,4.59
162241,161584,303,4.59
235733,236390,303,4.59
240322,240979,303,4.59
227881,228538,303,9.44
162857,162856,303,4.59
199557,199556,303,2.93
221879,221878,303,2.93
240978,240979,303,4.59
242931,243587,303,2.93
235025,235681,303,2.93
243590,244246,303,2.93
213345,214001,303,2.93
163513,162856,303,4.59
216078,216735,303,14.29
189826,190483,303,4.59
205460,205459,303,2.93
244230,244886,303,2.93
204804,205459,303,2.93
235024,235681,303,2.93
242932,243587,303,2.93
217285,217940,303,2.93
221223,221878,303,2.93
202836,202835,303,2.93
244231,244886,303,2.93
228443,229098,303,2.93
203492,202835,303,2.93
199667,199668,303,4.59
217390,218047,304,14.29
217390,217391,304,14.29
170789,170790,304,10.99
168816,168160,304,10.99
226570,226571,304,9.44
225258,225259,304,9.44
168815,168160,304,10.99
169474,168819,304,10.99
161592,160936,304,10.99
161592,161593,304,10.99
225914,225915,304,9.44
171445,170790,304,10.99
171445,172102,304,10.99
228537,229194,304,9.44
228537,229192,304,9.44
222636,223293,304,9.44
224602,225259,304,9.44
168157,167501,304,10.99
216734,217391,304,14.29
233771,234427,304,4.59
156981,156325,304,4.59
156985,156329,304,4.59
242942,243598,304,4.59
156982,156326,304,4.59
193105,193106,304,4.59
157633,156977,304,4.59
157633,157632,304,4.59
156984,156328,304,4.59
239667,239668,304,4.59
160213,159556,304,6.67
176694,176038,304,4.59
187204,187205,304,4.59
193761,193762,304,4.59
156983,156327,304,4.59
203592,203593,304,4.59
156980,156324,304,4.59
161591,160936,304,10.99
233770,234427,304,4.59
239011,239668,304,4.59
169475,168819,304,10.99
204248,203593,304,4.59
233116,233117,304,4.59
157634,156977,304,4.59
158289,157632,304,4.59
230496,231153,304,4.59
242941,243598,304,4.59
192449,193106,304,4.59
232460,233117,304,4.59
158929,158272,304,4.59
194417,193762,304,4.59
162180,162179,304,2.93
244233,244889,304,2.93
162853,162197,304,4.59
223848,223847,304,2.93
212686,213342,304,2.93
162852,162197,304,4.59
207429,207428,304,2.93
198997,198998,304,4.59
162239,161583,304,4.59
223192,223847,304,2.93
212687,213342,304,2.93
206773,207428,304,2.93
158928,158272,304,4.59
235021,235676,304,2.93
235020,235676,304,2.93
162238,161583,304,4.59
199653,198998,304,4.59
176695,176038,304,4.59
185235,185236,304,4.59
244232,244889,304,2.93
185891,185236,304,4.59
200971,201627,305,14.29
200971,201628,305,14.29
200971,201626,305,14.29
200970,201626,305,14.29
200970,201627,305,14.29
200970,201625,305,14.29
170789,170134,305,10.99
200977,201633,305,14.29
200977,201634,305,14.29
200977,201632,305,14.29
168816,168161,305,10.99
159558,158902,305,6.67
226570,227227,305,9.44
200972,201628,305,14.29
200972,201629,305,14.29
200972,201627,305,14.29
169476,168820,305,10.99
169476,169477,305,10.99
200976,201632,305,14.29
200976,201633,305,14.29
200976,201631,305,14.29
161592,160937,305,10.99
161592,162249,305,10.99
168158,167502,305,10.99
200975,201631,305,14.29
200975,201632,305,14.29
200975,201630,305,14.29
168157,167502,305,10.99
200973,201629,305,14.29
200973,201630,305,14.29
200973,201628,305,14.29
159590,159591,305,4.59
160251,159595,305,4.59
160249,159593,305,4.59
204905,204906,305,4.59
160247,159591,305,4.59
160250,159594,305,4.59
200974,201630,305,14.29
200974,201631,305,14.29
200974,201629,305,14.29
160252,159596,305,4.59
159559,158904,305,6.67
159559,158902,305,6.67
243596,244252,305,4.59
181297,181298,305,4.59
160890,160889,305,4.59
187860,187861,305,4.59
160248,159592,305,4.59
234425,235081,305,4.59
231151,231807,305,4.59
231806,231807,305,4.59
227226,227227,305,9.44
156986,156330,305,4.59
158933,158277,305,4.59
228534,229190,305,4.59
160235,159579,305,4.59
168817,168161,305,10.99
200978,201634,305,14.29
200978,201635,305,14.29
200978,201633,305,14.29
205561,204906,305,4.59
231150,231807,305,4.59
160246,159591,305,4.59
159598,158941,305,4.59
160236,159579,305,4.59
243595,244252,305,4.59
158932,158277,305,4.59
234424,235081,305,4.59
211370,211369,305,2.93
169475,168820,305,10.99
170132,169477,305,10.99
210056,210712,305,2.93
243580,244236,305,2.93
166771,166115,305,2.93
212027,212683,305,2.93
215315,215314,305,2.93
167424,166768,305,2.93
179327,178672,305,4.59
228533,229190,305,4.59
181953,181298,305,4.59
160882,160227,305,4.59
177357,176701,305,4.59
160930,160274,305,9.44
160930,160929,305,9.44
208742,209397,305,2.93
210714,211369,305,2.93
170133,169477,305,10.99
170133,170134,305,10.99
210057,210712,305,2.93
225161,225816,305,2.93
178671,178672,305,4.59
243579,244236,305,2.93
212028,212683,305,2.93
225817,225816,305,2.93
180640,179985,305,4.59
161546,160889,305,4.59
177356,176701,305,4.59
238356,238357,305,4.59
237700,238357,305,4.59
167425,166768,305,2.93
163510,162855,305,4.59
166772,166115,305,2.93
186548,186549,305,4.59
214659,215314,305,2.93
220670,220015,306,14.29
220670,221327,306,14.29
220670,220671,306,14.29
221982,221327,306,14.29
221982,222638,306,14.29
221982,222639,306,14.29
221982,221983,306,14.29
216736,217392,306,14.29
221326,220671,306,14.29
221326,221983,306,14.29
221326,221327,306,14.29
218046,218703,306,14.29
168159,167503,306,10.99
160935,160279,306,10.99
219358,218703,306,14.29
219358,220015,306,14.29
219358,219359,306,14.29
218702,219359,306,14.29
218702,218703,306,14.29
220014,219359,306,14.29
220014,220671,306,14.29
220014,220015,306,14.29
222637,222638,306,9.44
194308,193652,306,8.63
194308,194307,306,8.63
223947,223948,306,9.44
194963,194307,306,8.63
194963,194962,306,8.63
167500,166845,306,10.99
194309,193652,306,8.63
194964,194307,306,8.63
221981,222638,306,9.44
216735,217392,306,14.29
223291,223948,306,9.44
169476,168821,306,10.99
157645,156989,306,4.59
157645,157646,306,4.59
168158,167503,306,10.99
159581,158925,306,4.59
176699,176043,306,4.59
228535,229191,306,4.59
199000,198999,306,4.59
237045,237046,306,4.59
188516,188517,306,4.59
242289,242945,306,4.59
162196,161540,306,4.59
161539,161540,306,4.59
229188,229844,306,4.59
182610,182611,306,4.59
174068,174069,306,4.59
160270,160271,306,4.59
227226,227883,306,9.44
162904,162905,306,3.88
227882,227883,306,9.44
174724,174069,306,4.59
242288,242945,306,4.59
236389,237046,306,4.59
197699,197044,306,4.59
168817,168162,306,10.99
157644,156989,306,4.59
159582,158925,306,4.59
189827,190484,306,4.59
176698,176043,306,4.59
173412,174069,306,4.59
158301,157646,306,4.59
183266,182611,306,4.59
162195,161540,306,4.59
202279,201624,306,4.59
227786,227785,306,2.93
242927,243583,306,2.93
220566,220565,306,2.93
243589,244245,306,2.93
162836,162835,306,2.93
198244,198900,306,2.93
162201,162200,306,4.59
162857,162200,306,4.59
240978,241635,306,4.59
161524,161523,306,2.93
229187,229843,306,4.59
219910,220565,306,2.93
160930,160275,306,9.44
160930,160273,306,9.44
242926,243583,306,2.93
198245,198900,306,2.93
168818,168162,306,10.99
170133,169478,306,10.99
241634,241635,306,4.59
216628,217283,306,2.93
201623,201624,306,4.59
227130,227785,306,2.93
160926,160927,306,4.59
200323,200324,306,4.59
199667,200324,306,4.59
203593,202937,307,14.29
203593,202938,307,14.29
203593,204250,307,14.29
203593,203594,307,14.29
168819,168163,307,10.99
168160,167504,307,10.99
218047,218704,307,14.29
218047,218048,307,14.29
217391,218048,307,14.29
228538,228539,307,9.44
224603,224604,307,9.44
168159,167504,307,10.99
160935,160280,307,10.99
160935,160278,307,10.99
222637,223294,307,9.44
159557,158901,307,6.67
194308,193651,307,8.63
223947,224604,307,9.44
194963,194306,307,8.63
194963,195618,307,8.63
213456,212800,307,9.44
213456,213457,307,9.44
195074,195075,307,4.59
189172,189173,307,4.59
233772,234428,307,4.59
233772,233773,307,4.59
229842,230498,307,4.59
196387,196388,307,4.59
184579,184580,307,4.59
159558,158901,307,6.67
235734,235735,307,4.59
160936,160280,307,10.99
156979,156323,307,4.59
176040,175384,307,4.59
158927,158271,307,4.59
242943,243599,307,4.59
240323,240324,307,4.59
233771,234428,307,4.59
227882,228539,307,9.44
242942,243599,307,4.59
195730,195075,307,4.59
157633,156976,307,4.59
235078,235735,307,4.59
239667,240324,307,4.59
229841,230498,307,4.59
203592,202937,307,4.59
156980,156323,307,4.59
244229,244885,307,2.93
213344,214000,307,2.93
206116,206115,307,2.93
222535,222534,307,2.93
233116,233773,307,4.59
202180,202179,307,2.93
162853,162198,307,4.59
221879,222534,307,2.93
242931,243586,307,2.93
213345,214000,307,2.93
205460,206115,307,2.93
168818,168163,307,10.99
244230,244885,307,2.93
170790,170791,307,10.99
158274,157618,307,4.59
158928,158271,307,4.59
202836,202179,307,2.93
202936,202937,307,4.59
185235,184580,307,4.59
201632,202288,308,14.29
201632,202287,308,14.29
201633,202288,308,14.29
201628,202284,308,14.29
201628,202285,308,14.29
201628,202283,308,14.29
170134,170135,308,10.99
168820,168164,308,10.99
201627,202283,308,14.29
201627,202284,308,14.29
201627,202282,308,14.29
201631,202287,308,14.29
201631,202288,308,14.29
201631,202286,308,14.29
201630,202286,308,14.29
201630,202287,308,14.29
201630,202285,308,14.29
201626,202282,308,14.29
201626,202283,308,14.29
201626,202281,308,14.29
201629,202285,308,14.29
201629,202286,308,14.29
201629,202284,308,14.29
167502,166846,308,10.99
226571,226572,308,9.44
223293,223949,308,9.44
225915,225916,308,9.44
161593,161594,308,9.44
167501,166846,308,10.99
160937,160281,308,10.99
160937,160938,308,10.99
225259,225260,308,9.44
168819,168164,308,10.99
168160,167505,308,10.99
223292,223949,308,9.44
228538,229195,308,9.44
224603,225260,308,9.44
213456,212801,308,9.44
213456,212799,308,9.44
213456,214113,308,9.44
156987,156331,308,4.59
158934,158278,308,4.59
158934,158935,308,4.59
156978,156322,308,4.59
234426,235082,308,4.59
243597,244253,308,4.59
176041,175385,308,4.59
158287,157631,308,4.59
158287,158286,308,4.59
231152,231808,308,4.59
158275,157619,308,4.59
176039,175383,308,4.59
165530,165531,308,3.88
160936,160281,308,10.99
232462,233118,308,4.59
232462,232463,308,4.59
201635,200980,308,14.29
201635,202292,308,14.29
201635,201636,308,14.29
160234,159578,308,4.59
160234,160233,308,4.59
163561,163562,308,3.88
159590,158935,308,4.59
243596,244253,308,4.59
181297,180642,308,4.59
158943,158286,308,4.59
160890,160233,308,4.59
178015,177359,308,4.59
178015,178016,308,4.59
178014,177359,308,4.59
234425,235082,308,4.59
231151,231808,308,4.59
231806,232463,308,4.59
156986,156331,308,4.59
158933,158278,308,4.59
160235,159578,308,4.59
158288,157631,308,4.59
244234,244890,308,2.93
212685,213341,308,2.93
232461,233118,308,4.59
163492,163491,308,2.93
214658,214657,308,2.93
168161,167505,308,10.99
208085,208084,308,2.93
160868,160867,308,2.93
158273,157617,308,4.59
191138,191139,308,4.59
239012,239013,308,4.59
244233,244890,308,2.93
214002,214657,308,2.93
223848,224503,308,2.93
212686,213341,308,2.93
207429,208084,308,2.93
191794,191795,308,4.59
224504,224503,308,2.93
177357,176702,308,4.59
177358,176702,308,4.59
177358,177359,308,4.59
190482,191139,308,4.59
170790,170135,308,10.99
170790,171447,308,10.99
178671,178016,308,4.59
192450,192451,308,4.59
238356,239013,308,4.59
194418,194419,308,4.59
159564,158909,308,2.06
186548,185893,308,4.59
185892,185893,308,4.59
220671,220016,309,14.29
220671,221328,309,14.29
220671,220672,309,14.29
166845,166189,309,10.99
221983,221328,309,14.29
221983,222640,309,14.29
221983,221984,309,14.29
169478,168822,309,10.99
169478,169479,309,10.99
219359,220016,309,14.29
219359,219360,309,14.29
220015,219360,309,14.29
220015,220672,309,14.29
220015,220016,309,14.29
218703,219360,309,14.29
217392,218049,309,14.29
167503,166847,309,10.99
221327,220672,309,14.29
221327,221984,309,14.29
221327,221328,309,14.29
227227,227228,309,9.44
170134,169479,309,10.99
168820,168165,309,10.99
167502,166847,309,10.99
169477,168822,309,10.99
226571,227228,309,9.44
223293,223950,309,9.44
161593,162250,309,9.44
160937,160282,309,10.99
158276,157620,309,4.59
244251,244907,309,4.59
161545,161544,309,4.59
176700,176044,309,4.59
159557,158900,309,6.67
235080,235736,309,4.59
159580,158924,309,4.59
205562,205563,309,4.59
175381,175382,309,4.59
242290,242946,309,4.59
242290,242291,309,4.59
237701,237702,309,4.59
172757,172758,309,4.59
164874,164875,309,3.88
160932,160276,309,3.88
179328,179329,309,4.59
157645,156990,309,4.59
159581,158924,309,4.59
176699,176044,309,4.59
237045,237702,309,4.59
242289,242946,309,4.59
162196,161541,309,4.59
161539,160884,309,4.59
229188,229845,309,4.59
182610,181955,309,4.59
235679,236335,309,2.93
197587,197586,309,2.93
166770,166114,309,2.93
235683,236339,309,2.93
160270,159615,309,4.59
204147,204146,309,2.93
215971,215970,309,2.93
212026,212682,309,2.93
212026,212025,309,2.93
243581,244237,309,2.93
210055,210711,309,2.93
210055,210054,309,2.93
168161,167506,309,10.99
179984,179329,309,4.59
229189,229845,309,4.59
211370,212025,309,2.93
158251,157595,309,2.06
209399,210054,309,2.93
210056,210711,309,2.93
243580,244237,309,2.93
166771,166114,309,2.93
212027,212682,309,2.93
215315,215970,309,2.93
168821,168165,309,10.99
168821,168822,309,10.99
162201,161544,309,4.59
167424,166767,309,2.93
183923,183924,309,4.59
160883,160884,309,4.59
181954,181955,309,4.59
159614,159615,309,4.59
225817,226472,309,2.93
241634,242291,309,4.59
226473,226472,309,2.93
168162,167506,309,10.99
202938,203595,310,14.29
202938,202939,310,14.29
218704,219361,310,14.29
218704,218705,310,14.29
218048,218705,310,14.29
160275,159619,310,9.44
166845,166190,310,10.99
166845,166188,310,10.99
169478,168823,310,10.99
168163,167507,310,10.99
167503,166848,310,10.99
222639,223295,310,9.44
227227,227884,310,9.44
167504,166848,310,10.99
195731,195732,310,4.59
236390,236391,310,4.59
189828,189829,310,4.59
199012,199013,310,4.59
158302,158303,310,4.59
198356,198357,310,4.59
176042,175386,310,4.59
229193,229849,310,4.59
197700,197701,310,4.59
158958,158959,310,4.59
173413,173414,310,4.59
199668,199669,310,4.59
242944,243600,310,4.59
156988,156332,310,4.59
158926,158270,310,4.59
166187,166188,310,3.88
164218,164219,310,3.88
189172,189829,310,4.59
233772,234429,310,4.59
229842,230499,310,4.59
196387,195732,310,4.59
235734,236391,310,4.59
161585,160928,310,4.59
158927,158270,310,4.59
242943,243600,310,4.59
161584,160928,310,4.59
240323,240980,310,4.59
227883,227884,310,9.44
221222,221221,310,2.93
235680,236336,310,2.93
242928,243584,310,2.93
204803,204802,310,2.93
244250,244906,310,2.93
198243,198899,310,2.93
198243,198242,310,2.93
243588,244244,310,2.93
160212,160211,310,2.93
203491,203490,310,2.93
196931,196930,310,2.93
235678,236334,310,2.93
183267,183268,310,4.59
174725,174726,310,4.59
240979,240980,310,4.59
160273,159617,310,9.44
160273,160272,310,9.44
227786,228441,310,2.93
242927,243584,310,2.93
220566,221221,310,2.93
243589,244244,310,2.93
198244,198899,310,2.93
244887,245543,310,2.93
168821,168166,310,10.99
228442,228441,310,2.93
168162,167507,310,10.99
202286,202942,311,14.29
202286,202943,311,14.29
202286,202941,311,14.29
202285,202941,311,14.29
202285,202942,311,14.29
202285,202940,311,14.29
202284,202940,311,14.29
202284,202941,311,14.29
202283,202940,311,14.29
202287,202943,311,14.29
202287,202944,311,14.29
202287,202942,311,14.29
170135,170136,311,10.99
202288,202944,311,14.29
202288,202943,311,14.29
168164,167508,311,10.99
213457,213458,311,9.44
224604,224605,311,9.44
160275,159620,311,9.44
160275,159618,311,9.44
223948,224605,311,9.44
193652,192995,311,8.63
168163,167508,311,10.99
222639,223296,311,9.44
167504,166849,311,10.99
158272,157616,311,4.59
156325,155669,311,4.59
156328,155672,311,4.59
156977,156321,311,4.59
243598,244254,311,4.59
193106,193107,311,4.59
234427,235083,311,4.59
156326,155670,311,4.59
156329,155673,311,4.59
156327,155671,311,4.59
229192,229848,311,4.59
231153,231809,311,4.59
231153,231154,311,4.59
160281,159625,311,10.99
160933,160277,311,3.88
229194,229850,311,4.59
158934,158279,311,4.59
156978,156321,311,4.59
234426,235083,311,4.59
243597,244254,311,4.59
158287,157630,311,4.59
231152,231809,311,4.59
230497,231154,311,4.59
239668,239669,311,4.59
218597,218596,311,2.93
213343,213999,311,2.93
244249,244905,311,2.93
235677,236333,311,2.93
206772,206771,311,2.93
232462,233119,311,4.59
227883,228540,311,9.44
160234,159577,311,4.59
163561,162906,311,3.88
223191,223190,311,2.93
156324,155668,311,4.59
228539,228540,311,9.44
178015,177360,311,4.59
172102,172103,311,4.59
158273,157616,311,4.59
201524,201523,311,2.93
213344,213999,311,2.93
206116,206771,311,2.93
222535,223190,311,2.93
160273,159618,311,9.44
160273,159616,311,9.44
239012,239669,311,4.59
217941,218596,311,2.93
180642,179986,311,10.99
180642,180643,311,10.99
200212,200211,311,2.93
202180,201523,311,2.93
167505,166849,311,10.99
177358,176703,311,4.59
212800,212144,311,9.44
193762,193763,311,4.59
192450,193107,311,4.59
185236,185237,311,4.59
194418,193763,311,4.59
187205,187206,311,4.59
185892,185237,311,4.59
237702,238358,312,10.99
237702,237703,312,10.99
222640,221985,312,14.29
222640,223297,312,14.29
222640,222641,312,14.29
168165,167509,312,10.99
220672,220017,312,14.29
220672,221329,312,14.29
220672,220673,312,14.29
169479,169480,312,10.99
221328,220673,312,14.29
221328,221985,312,14.29
221328,221329,312,14.29
221984,221329,312,14.29
221984,222641,312,14.29
221984,221985,312,14.29
166847,166191,312,10.99
161594,161595,312,9.44
225916,225917,312,9.44
170135,169480,312,10.99
170135,170792,312,10.99
214113,214769,312,9.44
214113,214114,312,9.44
225260,225261,312,9.44
160938,160939,312,9.44
212799,212143,312,9.44
168164,167509,312,10.99
166846,166191,312,10.99
226572,226573,312,9.44
220016,220673,312,14.29
220016,220017,312,14.29
213457,212802,312,9.44
213457,214114,312,9.44
160282,159626,312,10.99
160282,160283,312,10.99
224604,225261,312,9.44
223294,223951,312,9.44
212801,212145,312,9.44
212801,212802,312,9.44
219360,220017,312,14.29
235081,235737,312,4.59
156330,155674,312,4.59
158277,157621,312,4.59
244252,244908,312,4.59
159579,158923,312,4.59
158941,158285,312,4.59
158941,158940,312,4.59
159592,158936,312,4.59
238357,238358,312,4.59
159593,158937,312,4.59
229190,229846,312,4.59
159595,158939,312,4.59
187861,187862,312,4.59
159596,158940,312,4.59
204906,204907,312,4.59
159594,158938,312,4.59
176701,176045,312,4.59
160889,160888,312,4.59
160281,159626,312,10.99
160281,159624,312,10.99
158942,158285,312,4.59
158276,157621,312,4.59
244251,244908,312,4.59
161545,160888,312,4.59
176700,176045,312,4.59
235080,235737,312,4.59
159580,158923,312,4.59
159597,158940,312,4.59
205562,204907,312,4.59
242290,242947,312,4.59
237701,238358,312,4.59
244248,244904,312,2.93
244235,244891,312,2.93
242929,243585,312,2.93
162855,162199,312,4.59
212684,213340,312,2.93
166769,166113,312,2.93
219253,219252,312,2.93
179328,178673,312,4.59
160227,160228,312,4.59
181298,181299,312,4.59
228539,229196,312,9.44
162854,162199,312,4.59
244234,244891,312,2.93
212685,213340,312,2.93
200868,200867,312,2.93
242930,243585,312,2.93
163492,164147,312,2.93
214658,215313,312,2.93
208085,208740,312,2.93
178672,178673,312,4.59
208741,208740,312,2.93
229189,229846,312,4.59
180642,179987,312,10.99
180642,181299,312,10.99
167505,166850,312,10.99
160883,160228,312,4.59
181954,181299,312,4.59
224504,225159,312,2.93
212800,212145,312,9.44
212800,212143,312,9.44
225160,225159,312,2.93
186549,186550,312,4.59
168166,167510,313,10.99
168166,168167,313,10.99
219361,220018,313,14.29
237702,237047,313,10.99
237702,238359,313,10.99
168165,167510,313,10.99
223950,224606,313,9.44
169479,168824,313,10.99
166847,166192,313,10.99
223949,224606,313,9.44
161594,162251,313,9.44
214113,214770,313,9.44
226572,227229,313,9.44
160282,159627,313,10.99
158925,158269,313,4.59
197044,197045,313,4.59
237046,237047,313,4.59
212801,212146,313,9.44
241635,241636,313,4.59
176043,175387,313,4.59
242945,243601,313,4.59
156989,156333,313,4.59
229191,229847,313,4.59
188517,188518,313,4.59
200324,200325,313,4.59
190484,191140,313,4.59
190484,190485,313,4.59
227228,227229,313,9.44
157646,157647,313,4.59
174069,174070,313,4.59
195731,195076,313,4.59
236390,237047,313,4.59
190483,191140,313,4.59
189828,190485,313,4.59
158302,157647,313,4.59
176042,175387,313,4.59
197700,197045,313,4.59
173413,174070,313,4.59
199668,200325,313,4.59
242944,243601,313,4.59
156988,156333,313,4.59
158926,158269,313,4.59
166187,165532,313,3.88
196275,196274,313,2.93
243582,244238,313,2.93
216627,216626,313,2.93
164218,163563,313,3.88
244247,244903,313,2.93
168823,168167,313,10.99
168823,168824,313,10.99
166848,166192,313,10.99
183267,182612,313,4.59
235683,236338,313,2.93
235682,236338,313,2.93
215971,216626,313,2.93
212026,212681,313,2.93
243581,244238,313,2.93
210055,210710,313,2.93
174725,174070,313,4.59
168822,168167,313,10.99
240979,241636,313,4.59
182611,182612,313,4.59
229844,230500,313,4.59
219909,219908,313,2.93
226473,227128,313,2.93
227129,227128,313,2.93
202942,203598,314,14.29
202942,203599,314,14.29
202942,203597,314,14.29
202944,203599,314,14.29
180643,180644,314,10.99
170136,170137,314,10.99
202943,203599,314,14.29
202943,203598,314,14.29
202941,203597,314,14.29
202941,203598,314,14.29
202941,203596,314,14.29
168166,167511,314,10.99
167508,166852,314,10.99
223950,224607,314,9.44
158271,157615,314,4.59
234428,235084,314,4.59
233773,233774,314,4.59
204250,204251,314,4.59
189173,189174,314,4.59
243599,244255,314,4.59
162198,161542,314,4.59
175384,174728,314,4.59
156976,156320,314,4.59
156976,156975,314,4.59
196388,196389,314,4.59
156323,155667,314,4.59
160279,159623,314,3.88
227228,227885,314,9.44
157632,156975,314,4.59
158272,157615,314,4.59
233117,233774,314,4.59
156977,156320,314,4.59
243598,244255,314,4.59
157618,156962,314,4.59
234427,235084,314,4.59
205459,205458,314,2.93
231153,231810,314,4.59
199556,199555,314,2.93
202835,202834,314,2.93
235681,236337,314,2.93
243587,244243,314,2.93
229194,229851,314,4.59
168823,168168,314,10.99
239668,240325,314,4.59
166848,166193,314,10.99
240324,240325,314,4.59
244886,245542,314,2.93
221222,221877,314,2.93
235680,236337,314,2.93
204803,205458,314,2.93
198243,198898,314,2.93
243588,244243,314,2.93
160212,159555,314,2.93
203491,202834,314,2.93
156324,155667,314,4.59
172102,172759,314,4.59
227884,227885,314,9.44
217940,217939,314,2.93
244887,245542,314,2.93
244246,244902,314,2.93
221878,221877,314,2.93
184580,184581,314,4.59
162197,161542,314,4.59
185236,184581,314,4.59
217284,217939,314,2.93
221985,221330,315,14.29
221985,222642,315,14.29
221985,221986,315,14.29
179987,179331,315,10.99
179987,179988,315,10.99
167509,166853,315,10.99
181299,181300,315,10.99
237703,237704,315,10.99
169480,169481,315,10.99
160283,160284,315,10.99
180643,179988,315,10.99
180643,181300,315,10.99
170136,169481,315,10.99
170136,170793,315,10.99
212144,211488,315,9.44
223296,223952,315,9.44
238358,239014,315,10.99
223295,223952,315,9.44
213458,213459,315,9.44
167508,166853,315,10.99
167508,166851,315,10.99
235082,235738,315,4.59
157619,156963,315,4.59
175385,174729,315,4.59
156322,155666,315,4.59
175383,174727,315,4.59
192451,192452,315,4.59
171447,171448,315,4.59
231808,232464,315,4.59
191795,191796,315,4.59
194419,194420,315,4.59
160233,160232,315,4.59
156331,155675,315,4.59
158278,157622,315,4.59
244253,244909,315,4.59
232463,232464,315,4.59
160278,159622,315,3.88
239013,239014,315,4.59
235081,235738,315,4.59
159578,158922,315,4.59
156330,155675,315,4.59
158277,157622,315,4.59
244252,244909,315,4.59
159579,158922,315,4.59
158941,158284,315,4.59
238357,239014,315,4.59
176701,176046,315,4.59
231807,232464,315,4.59
207428,207427,315,2.93
244889,245545,315,2.93
213342,213998,315,2.93
162179,162178,315,2.93
200980,200981,315,4.59
160889,160232,315,4.59
176702,176046,315,4.59
220673,221330,315,14.29
220673,220674,315,14.29
220017,220674,315,14.29
213343,213998,315,2.93
206772,207427,315,2.93
244888,245545,315,2.93
160227,159572,315,4.59
221329,220674,315,14.29
221329,221986,315,14.29
221329,221330,315,14.29
223191,223846,315,2.93
227884,228541,315,9.44
202292,202293,315,4.59
157617,156961,315,4.59
178672,178017,315,4.59
178016,178017,315,4.59
201636,201637,315,4.59
179985,179330,315,4.59
223847,223846,315,2.93
185893,185894,315,4.59
159616,158960,315,9.44
186549,185894,315,4.59
167510,166854,316,10.99
214114,214115,316,9.44
225917,225918,316,9.44
179987,179332,316,10.99
225261,225262,316,9.44
167509,166854,316,10.99
181299,181956,316,10.99
237703,237048,316,10.99
237703,238360,316,10.99
169480,168825,316,10.99
160283,159628,316,10.99
160283,160940,316,10.99
224605,225262,316,9.44
238359,239015,316,10.99
238359,238360,316,10.99
212144,211489,316,9.44
212144,211487,316,9.44
223296,223953,316,9.44
238358,239015,316,10.99
223297,223953,316,9.44
223297,223298,316,9.44
213458,212803,316,9.44
213458,214115,316,9.44
242946,243602,316,4.59
176044,175388,316,4.59
160884,160885,316,4.59
181955,181956,316,4.59
226573,226574,316,9.44
158924,158268,316,4.59
183924,183925,316,4.59
235736,236392,316,4.59
157620,156964,316,4.59
159627,158971,316,10.99
159627,159628,316,10.99
158909,158253,316,3.88
158909,158910,316,3.88
242291,242292,316,4.59
158925,158268,316,4.59
241635,242292,316,4.59
176043,175388,316,4.59
242945,243602,316,4.59
156989,156334,316,4.59
162200,161543,316,4.59
190484,191141,316,4.59
211369,211368,316,2.93
166115,165459,316,2.93
209397,210053,316,2.93
209397,209396,316,2.93
168824,168825,316,10.99
244236,244892,316,2.93
182612,181956,316,10.99
182612,182613,316,10.99
161541,160885,316,4.59
166768,166112,316,2.93
210712,211368,316,2.93
157646,156991,316,4.59
212683,213339,316,2.93
161544,161543,316,4.59
212802,212803,316,9.44
244235,244892,316,2.93
210713,211368,316,2.93
212684,213339,316,2.93
166769,166112,316,2.93
209398,210053,316,2.93
229845,230501,316,4.59
156990,156334,316,4.59
156990,156991,316,4.59
212145,211489,316,9.44
208741,209396,316,2.93
182611,181956,316,4.59
161540,160885,316,4.59
229844,230501,316,4.59
225160,225815,316,2.93
159616,158961,316,9.44
225816,225815,316,2.93
168168,167512,317,10.99
168168,168169,317,10.99
180644,180645,317,10.99
167511,166855,317,10.99
167511,167512,317,10.99
203597,204253,317,14.29
203597,204252,317,14.29
203598,204253,317,14.29
214770,214771,317,9.44
168167,167512,317,10.99
167510,166855,317,10.99
214114,214771,317,9.44
223951,224608,317,9.44
238359,239016,317,10.99
243600,244256,317,4.59
189829,189830,317,4.59
234429,235085,317,4.59
234429,234430,317,4.59
158270,157614,317,4.59
197701,197702,317,4.59
175386,174730,317,4.59
195732,195733,317,4.59
230499,231155,317,4.59
198357,198358,317,4.59
199013,199014,317,4.59
223297,223954,317,9.44
199669,199670,317,4.59
173414,173415,317,4.59
164875,164876,317,3.88
226573,227230,317,9.44
166189,165533,317,3.88
159627,158972,317,10.99
159627,158970,317,10.99
158271,157614,317,4.59
234428,235085,317,4.59
230498,231155,317,4.59
233773,234430,317,4.59
189173,189830,317,4.59
243599,244256,317,4.59
156332,155676,317,4.59
156976,156319,317,4.59
196388,195733,317,4.59
243583,244239,317,2.93
162835,162834,317,2.93
217283,217282,317,2.93
229849,230505,317,4.59
194962,194961,317,2.93
168824,168169,317,10.99
182612,181957,317,10.99
182612,183269,317,10.99
227785,227784,317,2.93
244245,244901,317,2.93
243582,244239,317,2.93
216627,217282,317,2.93
212802,212147,317,9.44
220565,220564,317,2.93
240324,240981,317,4.59
158303,158304,317,4.59
212145,211490,317,9.44
161523,161522,317,2.93
212146,211490,317,9.44
212146,212147,317,9.44
240980,240981,317,4.59
219909,220564,317,2.93
183268,183269,317,4.59
227129,227784,317,2.93
239014,239670,318,10.99
179331,178675,318,10.99
179988,179989,318,10.99
222642,223299,318,14.29
222642,222643,318,14.29
181300,181301,318,10.99
237704,237705,318,10.99
221986,222643,318,14.29
168168,167513,318,10.99
224607,225263,318,9.44
180644,179989,318,10.99
180644,181301,318,10.99
167511,166856,318,10.99
160284,160285,318,10.99
224606,225263,318,9.44
231809,232465,318,4.59
158279,157623,318,4.59
158279,158280,318,4.59
159577,158921,318,4.59
159577,159576,318,4.59
157630,156974,318,4.59
157630,157629,318,4.59
233119,233775,318,4.59
233119,233120,318,4.59
244254,244910,318,4.59
229850,230506,318,4.59
155668,155012,318,4.59
229848,230504,318,4.59
239669,239670,318,4.59
193763,193764,318,4.59
185237,185238,318,4.59
155671,155015,318,4.59
172103,172104,318,4.59
187206,187207,318,4.59
155672,155016,318,4.59
156321,155665,318,4.59
235083,235739,318,4.59
157616,156960,318,4.59
159619,158963,318,3.88
164219,164220,318,3.88
166190,165534,318,3.88
155670,155014,318,4.59
229195,229852,318,4.59
233118,233775,318,4.59
157631,156974,318,4.59
235082,235739,318,4.59
193107,193108,318,4.59
156322,155665,318,4.59
192451,193108,318,4.59
171447,172104,318,4.59
231808,232465,318,4.59
155673,155017,318,4.59
194419,193764,318,4.59
158935,158280,318,4.59
160233,159576,318,4.59
158286,157629,318,4.59
158278,157623,318,4.59
244253,244910,318,4.59
232463,233120,318,4.59
160278,159621,318,3.88
243586,244242,318,2.93
206115,206114,318,2.93
193651,193650,318,2.93
195618,195617,318,2.93
194306,193650,318,2.93
194306,194305,318,2.93
214000,214656,318,2.93
177359,176704,318,4.59
239013,239670,318,4.59
159578,158921,318,4.59
244885,245541,318,2.93
159618,158962,318,4.59
205459,206114,318,2.93
158903,158247,318,2.06
214001,214656,318,2.93
202835,202178,318,2.93
176702,176047,318,4.59
155669,155013,318,4.59
243587,244242,318,2.93
176703,176047,318,4.59
176703,176704,318,4.59
244886,245541,318,2.93
222534,222533,318,2.93
202292,202949,318,4.59
157617,156960,318,4.59
178016,177361,318,4.59
217940,218595,318,2.93
212146,211491,318,9.44
221878,222533,318,2.93
185893,185238,318,4.59
202179,202178,318,2.93
177360,176704,318,4.59
177360,177361,318,4.59
179332,178676,319,10.99
179332,179333,319,10.99
223298,223955,319,14.29
166854,166198,319,10.99
238360,238361,319,10.99
239014,239671,319,10.99
179331,178676,319,10.99
179331,178674,319,10.99
179988,179333,319,10.99
237704,237049,319,10.99
237704,238361,319,10.99
224607,225264,319,9.44
160284,159629,319,10.99
160284,160941,319,10.99
176045,175389,319,4.59
229196,229197,319,4.59
186550,186551,319,4.59
160888,160887,319,4.59
187862,187863,319,4.59
158937,158281,319,4.59
244908,245564,319,4.59
235737,236393,319,4.59
157621,156965,319,4.59
158938,158282,319,4.59
160228,160229,319,4.59
158939,158283,319,4.59
204907,204908,319,4.59
159620,158964,319,3.88
159625,158969,319,3.88
242946,243603,319,4.59
205563,204908,319,4.59
239015,239671,319,10.99
168825,168826,319,10.99
176044,175389,319,4.59
160884,160229,319,4.59
158924,158267,319,4.59
235736,236393,319,4.59
157620,156965,319,4.59
160867,160866,319,2.93
242947,243603,319,4.59
242947,242948,319,4.59
163491,163490,319,2.93
213341,213997,319,2.93
158923,158267,319,4.59
158909,158254,319,3.88
242291,242948,319,4.59
244890,245546,319,2.93
162906,162907,319,3.88
161541,160886,319,4.59
207428,208083,319,2.93
244889,245546,319,2.93
155674,155018,319,4.59
213342,213997,319,2.93
159556,158899,319,2.93
208084,208083,319,2.93
161544,160887,319,4.59
178673,178674,319,4.59
224503,224502,319,2.93
179329,178674,319,4.59
213459,213460,319,9.44
229845,230502,319,4.59
163562,162907,319,3.88
156990,156335,319,4.59
223847,224502,319,2.93
229846,230502,319,4.59
168169,168170,320,10.99
166855,166199,320,10.99
179332,178677,320,10.99
212803,212804,320,9.44
166854,166199,320,10.99
166854,166197,320,10.99
238360,239017,320,10.99
223952,224609,320,9.44
223953,224609,320,9.44
197045,197046,320,4.59
243601,244257,320,4.59
175387,174731,320,4.59
157647,157648,320,4.59
174070,174071,320,4.59
200325,200326,320,4.59
195076,195077,320,4.59
230500,231156,320,4.59
188518,188519,320,4.59
190485,190486,320,4.59
225918,225919,320,9.44
158269,157613,320,4.59
161595,161596,320,3.88
159624,158968,320,3.88
166850,166194,320,3.88
239016,239672,320,10.99
239016,239017,320,10.99
243600,244257,320,4.59
189829,190486,320,4.59
234429,235086,320,4.59
158270,157613,320,4.59
197701,197046,320,4.59
174726,174071,320,4.59
175386,174731,320,4.59
195732,195077,320,4.59
230499,231156,320,4.59
199669,200326,320,4.59
173414,174071,320,4.59
210711,211367,320,2.93
166114,165458,320,2.93
244907,245563,320,2.93
166767,166111,320,2.93
166767,166766,320,2.93
212682,213338,320,2.93
204146,204145,320,2.93
239015,239672,320,10.99
168825,168170,320,10.99
168825,169482,320,10.99
244237,244893,320,2.93
226472,226471,320,2.93
236335,236991,320,2.93
197586,197585,320,2.93
166191,165535,320,3.88
156332,155677,320,4.59
229847,230503,320,4.59
211369,212024,320,2.93
166115,165458,320,2.93
158904,158248,320,2.06
158902,158246,320,2.06
209397,210052,320,2.93
244236,244893,320,2.93
166768,166111,320,2.93
210712,211367,320,2.93
215314,215969,320,2.93
212683,213338,320,2.93
156333,155677,320,4.59
215970,215969,320,2.93
241636,241637,320,4.59
212025,212024,320,2.93
211489,210833,320,9.44
213459,212804,320,9.44
213459,214116,320,9.44
158303,157648,320,4.59
240980,241637,320,4.59
214115,214116,320,9.44
236339,236995,320,2.93
225816,226471,320,2.93
179989,179990,321,10.99
237705,237706,321,10.99
223299,222644,321,14.29
223299,223956,321,14.29
223299,223300,321,14.29
222643,221988,321,14.29
222643,223300,321,14.29
222643,222644,321,14.29
158921,158265,321,10.99
158921,158920,321,10.99
167513,166857,321,10.99
167513,167514,321,10.99
239670,240326,321,10.99
159576,158920,321,10.99
159576,159575,321,10.99
212147,212148,321,9.44
223954,224610,321,9.44
168169,167514,321,10.99
166855,166200,321,10.99
167512,166857,321,10.99
212803,212148,321,9.44
184581,184582,321,4.59
174728,174072,321,4.59
156320,155664,321,4.59
223953,224610,321,9.44
189174,189175,321,4.59
196389,196390,321,4.59
240325,240326,321,4.59
229851,230507,321,4.59
170137,170138,321,4.59
235084,235740,321,4.59
156962,156306,321,4.59
155667,155011,321,4.59
157615,156959,321,4.59
244255,244911,321,4.59
227885,227886,321,4.59
163563,163564,321,3.88
166192,165536,321,3.88
225918,226575,321,9.44
231154,231811,321,4.59
231809,232466,321,4.59
158279,157624,321,4.59
159577,158920,321,4.59
157630,156973,321,4.59
233119,233776,321,4.59
244254,244911,321,4.59
229850,230507,321,4.59
155668,155011,321,4.59
239016,239673,321,10.99
239669,240326,321,4.59
185237,184582,321,4.59
231810,232466,321,4.59
231810,231811,321,4.59
172103,172760,321,4.59
156321,155664,321,4.59
235083,235740,321,4.59
157616,156959,321,4.59
160211,160210,321,2.93
164219,163564,321,3.88
243584,244240,321,2.93
244906,245562,321,2.93
203490,203489,321,2.93
244244,244900,321,2.93
221221,221220,321,2.93
236336,236992,321,2.93
204802,204801,321,2.93
198242,198241,321,2.93
236334,236990,321,2.93
162251,162252,321,3.88
196930,196929,321,2.93
243583,244240,321,2.93
217283,217938,321,2.93
228441,228440,321,2.93
172759,172760,321,4.59
227785,228440,321,2.93
244245,244900,321,2.93
176703,176048,321,4.59
220565,221220,321,2.93
211490,210834,321,9.44
211489,210834,321,9.44
211489,210832,321,9.44
245543,246199,321,2.93
177360,176705,321,4.59
237049,237050,322,10.99
179333,179334,322,10.99
239671,240327,322,10.99
178676,178020,322,10.99
179989,179334,322,10.99
179989,180646,322,10.99
237705,237050,322,10.99
237705,238362,322,10.99
158963,158307,322,9.44
158921,158266,322,10.99
158921,158264,322,10.99
167513,166858,322,10.99
239670,240327,322,10.99
159576,158919,322,10.99
159576,160231,322,10.99
212147,211492,322,9.44
223954,224611,322,9.44
224608,225265,322,9.44
174729,174073,322,4.59
244909,245565,322,4.59
178017,178018,322,4.59
156961,156305,322,4.59
155666,155010,322,4.59
202293,202294,322,4.59
200981,200982,322,4.59
238361,238362,322,10.99
194420,194421,322,4.59
185894,185895,322,4.59
171448,171449,322,4.59
192452,192453,322,4.59
157622,156966,322,4.59
235738,236394,322,4.59
160232,160231,322,4.59
170793,171449,322,4.59
170793,170794,322,4.59
158284,157628,322,4.59
191796,191797,322,4.59
211491,210835,322,9.44
211491,211492,322,9.44
159623,158967,322,3.88
166193,165537,322,3.88
176045,175390,322,4.59
170792,171449,322,4.59
229196,229853,322,4.59
186550,185895,322,4.59
160888,160231,322,4.59
158285,157628,322,4.59
244908,245565,322,4.59
235737,236394,322,4.59
157621,156966,322,4.59
160228,159573,322,4.59
200211,200210,322,2.93
244905,245561,322,2.93
159620,158965,322,3.88
192995,192339,322,2.93
192995,192994,322,2.93
228541,228542,322,4.59
166852,166196,322,3.88
206771,206770,322,2.93
156963,156307,322,4.59
242947,243604,322,4.59
213999,214655,322,2.93
158923,158266,322,4.59
243586,244241,322,2.93
206115,206770,322,2.93
193651,192994,322,2.93
195618,196273,322,2.93
194306,193649,322,2.93
158901,158245,322,2.06
214000,214655,322,2.93
201523,201522,322,2.93
155674,155019,322,4.59
176046,175390,322,4.59
178673,178018,322,4.59
155675,155019,322,4.59
211490,210835,322,9.44
201637,201638,322,4.59
222534,223189,322,2.93
223190,223189,322,2.93
202179,201522,322,2.93
178677,178021,323,10.99
178677,178678,323,10.99
239672,240328,323,10.99
239017,239018,323,10.99
168170,168171,323,10.99
158969,158313,323,9.44
179333,178678,323,10.99
239671,240328,323,10.99
178676,178021,323,10.99
178676,178019,323,10.99
158963,158308,323,9.44
158963,158306,323,9.44
225263,225920,323,9.44
211487,210831,323,4.59
158971,158315,323,4.59
158961,158305,323,4.59
156334,155678,323,4.59
243602,244258,323,4.59
183925,183926,323,4.59
156991,156992,323,4.59
175388,174732,323,4.59
191141,191142,323,4.59
238361,239018,323,10.99
159622,158966,323,3.88
166851,166195,323,3.88
156964,156308,323,4.59
211491,210836,323,9.44
182613,182614,323,4.59
243601,244258,323,4.59
175387,174732,323,4.59
157647,156992,323,4.59
230500,231157,323,4.59
190485,191142,323,4.59
158269,157612,323,4.59
164147,164803,323,2.93
164147,164146,323,2.93
215313,215312,323,2.93
244904,245560,323,2.93
158268,157612,323,4.59
225159,225158,323,2.93
166113,165457,323,2.93
166850,166195,323,3.88
213460,213461,323,9.44
208740,208739,323,2.93
213340,213996,323,2.93
200867,200866,323,2.93
242292,242293,323,4.59
244891,245547,323,2.93
163491,164146,323,2.93
213341,213996,323,2.93
244890,245547,323,2.93
214657,215312,323,2.93
208084,208739,323,2.93
156333,155678,323,4.59
241636,242293,323,4.59
224503,225158,323,2.93
219252,219251,323,2.93
230501,231157,323,4.59
158265,157609,324,10.99
239673,240329,324,10.99
239673,239674,324,10.99
179990,179991,324,10.99
237706,237707,324,10.99
214116,214117,324,9.44
158968,158312,324,9.44
178677,178022,324,10.99
239672,240329,324,10.99
239017,239674,324,10.99
168170,167515,324,10.99
168170,168827,324,10.99
158899,158243,324,6.67
158899,158898,324,6.67
158969,158314,324,9.44
158969,158312,324,9.44
223955,224612,324,9.44
157614,156958,324,4.59
240981,240982,324,4.59
195733,195734,324,4.59
235085,235741,324,4.59
181957,181958,324,4.59
174730,174074,324,4.59
199670,199671,324,4.59
227230,227231,324,4.59
234430,234431,324,4.59
158970,158314,324,4.59
198358,198359,324,4.59
197702,197703,324,4.59
189830,189831,324,4.59
156319,155663,324,4.59
156319,156318,324,4.59
155676,155020,324,4.59
244256,244912,324,4.59
230505,231161,324,4.59
158253,157597,324,3.88
158910,158911,324,3.88
199014,199015,324,4.59
156320,155663,324,4.59
189174,189831,324,4.59
196389,195734,324,4.59
156975,156318,324,4.59
240325,240982,324,4.59
229851,230508,324,4.59
235084,235741,324,4.59
233774,234431,324,4.59
157615,156958,324,4.59
244255,244912,324,4.59
165532,164877,324,3.88
227128,227127,324,2.93
244238,244894,324,2.93
163563,162908,324,3.88
236338,236994,324,2.93
212681,213337,324,2.93
212681,212680,324,2.93
244903,245559,324,2.93
210710,211366,324,2.93
210710,210709,324,2.93
213460,212805,324,9.44
213460,214117,324,9.44
212804,212805,324,9.44
173415,173416,324,4.59
231810,232467,324,4.59
210711,211366,324,2.93
166767,166110,324,2.93
210054,210709,324,2.93
212682,213337,324,2.93
157595,156939,324,2.06
244237,244894,324,2.93
158900,158244,324,2.06
226472,227127,324,2.93
162251,162908,324,3.88
183269,183270,324,4.59
172759,173416,324,4.59
215970,216625,324,2.93
216626,216625,324,2.93
212025,212680,324,2.93
219908,219907,324,2.93
236339,236994,324,2.93
178020,177364,325,10.99
240327,240983,325,10.99
179334,179335,325,10.99
158266,157610,325,10.99
237050,237051,325,10.99
158264,158263,325,10.99
223300,223301,325,9.44
221988,221332,325,9.44
221988,221989,325,9.44
158265,157610,325,10.99
239673,240330,325,10.99
223956,223957,325,9.44
158920,158263,325,10.99
222644,222645,325,9.44
179990,179335,325,10.99
179990,180647,325,10.99
237706,237051,325,10.99
237706,238363,325,10.99
212148,212149,325,9.44
158968,158311,325,9.44
155012,154356,325,4.59
181301,181302,325,4.59
193764,193765,325,4.59
187207,187208,325,4.59
155017,154361,325,4.59
233120,233121,325,4.59
230506,231162,325,4.59
185238,185239,325,4.59
235739,236395,325,4.59
157623,156967,325,4.59
232465,233121,325,4.59
155016,154360,325,4.59
155665,155009,325,4.59
230504,231160,325,4.59
244910,245566,325,4.59
172104,172105,325,4.59
158972,158316,325,3.88
158972,158973,325,3.88
244909,245566,325,4.59
178017,177362,325,4.59
224610,225266,325,9.44
156961,156304,325,4.59
155666,155009,325,4.59
232464,233121,325,4.59
202293,202950,325,4.59
194420,193765,325,4.59
185894,185239,325,4.59
171448,172105,325,4.59
192452,193109,325,4.59
157622,156967,325,4.59
235738,236395,325,4.59
170793,171450,325,4.59
158284,157627,325,4.59
244902,245558,325,2.93
202834,202833,325,2.93
199555,199554,325,2.93
205458,205457,325,2.93
244243,244899,325,2.93
236337,236993,325,2.93
159555,159554,325,2.93
238362,238363,325,10.99
166193,165538,325,3.88
155013,154357,325,4.59
221877,221876,325,2.93
224609,225266,325,9.44
156960,156304,325,4.59
212804,212149,325,9.44
198898,199554,325,2.93
198898,198897,325,2.93
160211,159554,325,2.93
228541,229198,325,4.59
177361,177362,325,4.59
203490,202833,325,2.93
244244,244899,325,2.93
198899,199554,325,2.93
221221,221876,325,2.93
236336,236993,325,2.93
204802,205457,325,2.93
198242,198897,325,2.93
245542,246198,325,2.93
155014,154358,325,4.59
193108,193109,325,4.59
202949,202950,325,4.59
155015,154359,325,4.59
176046,175391,325,4.59
176047,175391,325,4.59
245543,246200,325,2.93
245543,246198,325,2.93
239018,239019,326,10.99
178021,177365,326,10.99
178020,177365,326,10.99
178020,177363,326,10.99
240327,240984,326,10.99
179334,178679,326,10.99
158266,157611,326,10.99
221988,221333,326,9.44
178678,178679,326,10.99
223956,224613,326,9.44
211492,211493,326,9.44
212148,211493,326,9.44
230502,231158,326,4.59
187863,187864,326,4.59
158899,158242,326,6.67
156965,156309,326,4.59
155018,154362,326,4.59
243603,244259,326,4.59
158267,157611,326,4.59
186551,186552,326,4.59
158281,157625,326,4.59
158282,157626,326,4.59
156335,155679,326,4.59
156335,156336,326,4.59
240328,240984,326,10.99
164220,164221,326,3.88
160886,160230,326,4.59
211487,210830,326,4.59
156334,155679,326,4.59
243602,244259,326,4.59
156991,156336,326,4.59
175388,174733,326,4.59
191141,191798,326,4.59
224610,225267,326,9.44
207427,207426,326,2.93
156964,156309,326,4.59
245545,246201,326,2.93
165534,164878,326,3.88
160285,160286,326,3.88
238362,239019,326,10.99
224611,225267,326,9.44
223846,223845,326,2.93
242948,242949,326,4.59
175389,174733,326,4.59
158268,157611,326,4.59
210835,210179,326,9.44
192995,192338,326,2.93
162178,162177,326,2.93
242292,242949,326,4.59
206771,207426,326,2.93
213999,214654,326,2.93
213998,214654,326,2.93
223190,223845,326,2.93
230501,231158,326,4.59
239674,239675,327,10.99
157609,156953,327,10.99
239018,239675,327,10.99
178021,177366,327,10.99
240329,240985,327,10.99
178678,178023,327,10.99
211492,210837,327,9.44
240982,241638,327,10.99
174731,174075,327,4.59
244257,244913,327,4.59
169482,169483,327,4.59
190486,190487,327,4.59
166199,165543,327,4.59
157648,157649,327,4.59
197046,197047,327,4.59
237707,237708,327,10.99
188519,188520,327,4.59
178022,177366,327,10.99
178022,178023,327,10.99
235086,235742,327,4.59
235086,235087,327,4.59
195077,195078,327,4.59
200326,200327,327,4.59
231156,231812,327,4.59
158254,157598,327,3.88
158254,158255,327,3.88
159629,159630,327,3.88
166198,165542,327,3.88
213461,213462,327,9.44
240328,240985,327,10.99
210836,210180,327,9.44
210836,210837,327,9.44
160941,161597,327,3.88
160941,160942,327,3.88
157614,156957,327,4.59
158304,157649,327,4.59
240981,241638,327,4.59
195733,195078,327,4.59
235085,235742,327,4.59
174730,174075,327,4.59
199670,200327,327,4.59
227230,227887,327,4.59
234430,235087,327,4.59
231155,231812,327,4.59
197702,197047,327,4.59
189830,190487,327,4.59
156319,155662,327,4.59
155676,155021,327,4.59
244256,244913,327,4.59
158253,157598,327,3.88
241637,241638,327,4.59
166112,165456,327,2.93
158910,158255,327,3.88
209396,209395,327,2.93
225815,225814,327,2.93
230503,231159,327,4.59
157613,156957,327,4.59
160940,161597,327,3.88
224611,225268,327,9.44
164147,164802,327,2.93
215313,215968,327,2.93
225159,225814,327,2.93
166113,165456,327,2.93
208740,209395,327,2.93
244892,245548,327,2.93
210835,210180,327,9.44
210835,210178,327,9.44
213339,213995,327,2.93
213340,213995,327,2.93
155677,155021,327,4.59
244891,245548,327,2.93
210833,210177,327,4.59
177364,176708,328,10.99
238363,238364,328,10.99
240983,241639,328,10.99
239674,240331,328,10.99
157609,156954,328,10.99
157609,156952,328,10.99
237051,237052,328,10.99
212805,212806,328,9.44
158263,158262,328,10.99
240329,240986,328,10.99
240330,240986,328,10.99
240330,240331,328,10.99
244911,245567,328,4.59
155011,154355,328,4.59
184582,184583,328,4.59
189175,189176,328,4.59
226575,226576,328,4.59
196390,196391,328,4.59
166857,166201,328,4.59
156973,156317,328,4.59
156973,156972,328,4.59
230507,231163,328,4.59
157624,156968,328,4.59
235740,236396,328,4.59
155664,155008,328,4.59
166200,165544,328,4.59
166200,166201,328,4.59
170138,170139,328,4.59
240982,241639,328,10.99
165535,164879,328,3.88
237707,237052,328,10.99
237707,238364,328,10.99
178022,177367,328,10.99
156306,155650,328,4.59
213461,212806,328,9.44
155012,154355,328,4.59
229852,230509,328,4.59
233120,233777,328,4.59
233775,234432,328,4.59
230506,231163,328,4.59
185238,184583,328,4.59
166856,166201,328,4.59
235739,236396,328,4.59
157623,156968,328,4.59
156974,156317,328,4.59
232465,233122,328,4.59
172760,172761,328,4.59
210836,210181,328,9.44
155665,155008,328,4.59
244910,245567,328,4.59
172104,172761,328,4.59
157629,156972,328,4.59
233776,234432,328,4.59
233776,233777,328,4.59
194961,194960,328,2.93
176048,175392,328,4.59
176048,176049,328,4.59
158972,158317,328,3.88
161522,161521,328,2.93
217282,217281,328,2.93
227784,227783,328,2.93
166197,165541,328,3.88
220564,220563,328,2.93
244239,244895,328,2.93
162834,162833,328,2.93
156959,156303,328,4.59
176705,176049,328,4.59
176705,176706,328,4.59
176704,176049,328,4.59
227128,227783,328,2.93
244238,244895,328,2.93
212681,213336,328,2.93
210710,211365,328,2.93
156960,156303,328,4.59
177361,176706,328,4.59
232466,233122,328,4.59
244901,245557,328,2.93
202949,203606,328,4.59
216626,217281,328,2.93
176047,175392,328,4.59
219908,220563,328,2.93
210832,210176,328,4.59
240984,241640,329,10.99
160230,159574,329,10.99
239019,239020,329,10.99
177365,176709,329,10.99
177364,176709,329,10.99
177364,176707,329,10.99
238363,239020,329,10.99
225266,225922,329,9.44
221989,221990,329,9.44
222645,222646,329,9.44
212149,212150,329,9.44
240983,241640,329,10.99
223301,223302,329,9.44
224612,225269,329,9.44
178679,178680,329,10.99
158243,157587,329,6.67
223957,223958,329,9.44
175390,174734,329,4.59
212805,212150,329,9.44
194421,194422,329,4.59
185895,185896,329,4.59
155010,154354,329,4.59
170794,170795,329,4.59
229853,229854,329,4.59
166858,166202,329,4.59
166858,166859,329,4.59
158307,157651,329,4.59
201638,201639,329,4.59
158263,157606,329,10.99
158263,158918,329,10.99
245565,246221,329,4.59
200982,200983,329,4.59
240330,240987,329,10.99
155019,154363,329,4.59
156966,156310,329,4.59
163564,163565,329,3.88
156307,155651,329,4.59
165536,164880,329,3.88
192453,192454,329,4.59
156965,156310,329,4.59
155018,154363,329,4.59
174073,173417,329,4.59
243603,244260,329,4.59
186551,185896,329,4.59
156335,155680,329,4.59
229197,229854,329,4.59
244242,244898,329,2.93
195617,195616,329,2.93
194305,194304,329,2.93
243604,244260,329,4.59
243604,243605,329,4.59
222533,222532,329,2.93
202178,202177,329,2.93
228542,228543,329,4.59
164220,163565,329,3.88
156305,155649,329,4.59
202294,202295,329,4.59
217939,218594,329,2.93
202834,202177,329,2.93
205458,206113,329,2.93
244243,244898,329,2.93
225264,225921,329,4.59
242948,243605,329,4.59
221877,222532,329,2.93
175389,174734,329,4.59
225265,225921,329,4.59
198898,199553,329,2.93
206114,206113,329,2.93
162252,162253,329,3.88
218595,218594,329,2.93
177366,176710,330,10.99
237708,237709,330,10.99
240984,241641,330,10.99
239019,239676,330,10.99
177365,176710,330,10.99
225267,225923,330,9.44
221333,221334,330,9.44
225266,225923,330,9.44
221989,221334,330,9.44
212149,211494,330,9.44
178679,178024,330,10.99
178679,179336,330,10.99
239675,239676,330,10.99
168171,168172,330,4.59
158313,157657,330,4.59
191142,191143,330,4.59
155678,155022,330,4.59
244258,244914,330,4.59
242293,242294,330,4.59
223957,224614,330,9.44
156308,155652,330,4.59
182614,182615,330,4.59
178023,178024,330,10.99
158306,157650,330,4.59
156992,156993,330,4.59
157612,156956,330,4.59
158315,157659,330,4.59
165537,164881,330,3.88
158965,158309,330,3.88
211493,211494,330,9.44
166196,165540,330,3.88
240985,241641,330,10.99
174731,174076,330,4.59
244257,244914,330,4.59
190486,191143,330,4.59
157648,156993,330,4.59
235086,235743,330,4.59
163490,163489,330,2.93
231156,231813,330,4.59
224502,224501,330,2.93
158254,157599,330,3.88
208083,208082,330,2.93
158964,158309,330,3.88
213997,214653,330,2.93
245546,246202,330,2.93
159629,158974,330,3.88
245564,246220,330,2.93
160866,160865,330,2.93
174732,174076,330,4.59
183926,183927,330,4.59
160941,161598,330,3.88
241637,242294,330,4.59
157613,156956,330,4.59
207427,208082,330,2.93
224613,224614,330,9.44
245545,246202,330,2.93
210831,210175,330,4.59
223846,224501,330,2.93
241638,242294,330,10.99
159572,158916,330,2.06
155677,155022,330,4.59
157595,156938,330,2.06
213998,214653,330,2.93
231157,231813,330,4.59
158262,158261,331,10.99
240331,240332,331,10.99
177367,176711,331,10.99
177367,177368,331,10.99
238364,238365,331,10.99
177366,176711,331,10.99
210837,210838,331,9.44
225268,225924,331,9.44
237708,237053,331,10.99
237708,238365,331,10.99
210180,209524,331,9.44
213462,213463,331,9.44
225267,225924,331,9.44
189831,189832,331,4.59
231161,231817,331,4.59
155663,155007,331,4.59
197703,197704,331,4.59
183270,183271,331,4.59
158243,157588,331,6.67
158243,157586,331,6.67
230508,231164,331,4.59
167515,167516,331,4.59
158314,157658,331,4.59
232467,233123,331,4.59
232467,232468,331,4.59
199015,199016,331,4.59
235741,236397,331,4.59
239675,240332,331,10.99
227231,227232,331,4.59
158312,157656,331,4.59
199671,199672,331,4.59
195734,195735,331,4.59
244912,245568,331,4.59
155020,154364,331,4.59
158966,158310,331,3.88
166195,165539,331,3.88
158308,157652,331,3.88
178023,177368,331,10.99
241639,242295,331,10.99
211493,210838,331,9.44
244911,245568,331,4.59
231811,232468,331,4.59
189175,189832,331,4.59
226575,227232,331,4.59
196390,195735,331,4.59
156973,156316,331,4.59
240986,241642,331,10.99
179991,179992,331,4.59
230507,231164,331,4.59
157624,156969,331,4.59
235740,236397,331,4.59
155664,155007,331,4.59
166200,165545,331,4.59
240985,241642,331,10.99
245563,246219,331,2.93
204145,204144,331,2.93
166111,165455,331,2.93
197585,197584,331,2.93
212024,212023,331,2.93
210052,210708,331,2.93
210052,210051,331,2.93
236991,237647,331,2.93
166194,165539,331,3.88
226471,226470,331,2.93
211367,212023,331,2.93
176708,176052,331,10.99
198359,198360,331,4.59
181958,181959,331,4.59
233776,234433,331,4.59
176048,175393,331,4.59
166766,166765,331,2.93
168827,168828,331,4.59
156959,156302,331,4.59
176705,176050,331,4.59
166112,165455,331,2.93
211368,212023,331,2.93
209396,210051,331,2.93
225815,226470,331,2.93
210053,210708,331,2.93
224613,225270,331,9.44
236995,237651,331,2.93
244893,245549,331,2.93
156958,156302,331,4.59
244892,245549,331,2.93
241638,242295,331,10.99
213339,213994,331,2.93
213338,213994,331,2.93
232466,233123,331,4.59
174074,173418,331,4.59
246221,246877,332,10.99
246221,246222,332,10.99
240987,241643,332,10.99
240987,240988,332,10.99
157606,156950,332,10.99
157606,157605,332,10.99
158262,157605,332,10.99
158262,158917,332,10.99
240331,240988,332,10.99
210181,209525,332,9.44
210181,210182,332,9.44
239020,239021,332,10.99
177367,176712,332,10.99
238364,239021,332,10.99
241640,242296,332,10.99
212806,212807,332,9.44
210837,210182,332,9.44
225268,225925,332,9.44
210180,209525,332,9.44
210180,209523,332,9.44
158918,158917,332,10.99
213462,212807,332,9.44
245566,246222,332,4.59
202950,202951,332,4.59
158316,157660,332,4.59
193109,193110,332,4.59
154359,153703,332,4.59
154358,153702,332,4.59
187208,187209,332,4.59
172105,172106,332,4.59
154361,153705,332,4.59
193765,193766,332,4.59
175391,174735,332,4.59
155009,154353,332,4.59
154357,153701,332,4.59
231162,231818,332,4.59
157627,156971,332,4.59
185239,185240,332,4.59
180647,181303,332,4.59
180647,180648,332,4.59
156967,156311,332,4.59
171450,172106,332,4.59
171450,171451,332,4.59
158911,158912,332,3.88
175390,174735,332,4.59
241639,242296,332,10.99
194421,193766,332,4.59
185895,185240,332,4.59
155010,154353,332,4.59
170794,171451,332,4.59
229853,230510,332,4.59
176709,176053,332,10.99
166858,166203,332,4.59
171449,172106,332,4.59
245565,246222,332,4.59
181302,181303,332,4.59
157628,156971,332,4.59
158311,157655,332,4.59
156966,156311,332,4.59
160210,160209,332,2.93
231160,231816,332,4.59
221220,221219,332,2.93
198241,198240,332,2.93
204801,204800,332,2.93
245562,246218,332,2.93
163564,162909,332,3.88
203489,203488,332,2.93
196929,196928,332,2.93
217938,217937,332,2.93
240986,241643,332,10.99
244240,244896,332,2.93
180646,181303,332,4.59
154356,153700,332,4.59
176708,176053,332,10.99
176708,176051,332,10.99
192453,193110,332,4.59
243604,244261,332,4.59
228542,229199,332,4.59
154360,153704,332,4.59
229198,229199,332,4.59
162908,162909,332,3.88
156305,155648,332,4.59
217282,217937,332,2.93
220564,221219,332,2.93
244239,244896,332,2.93
244900,245556,332,2.93
236992,237648,332,2.93
202294,202951,332,4.59
156304,155648,332,4.59
157597,156941,332,3.88
162252,162909,332,3.88
244901,245556,332,2.93
237709,237710,333,10.99
225922,226578,333,9.44
221990,221991,333,9.44
246221,246878,333,10.99
246221,246876,333,10.99
240987,241644,333,10.99
222646,222647,333,9.44
157606,156949,333,10.99
223302,223303,333,9.44
210181,209526,333,9.44
239020,239677,333,10.99
241640,242297,333,10.99
212806,212151,333,9.44
231158,231814,333,4.59
242949,242950,333,4.59
155679,155023,333,4.59
157626,156970,333,4.59
157611,156955,333,4.59
212150,212151,333,9.44
244259,244915,333,4.59
156336,156337,333,4.59
186552,186553,333,4.59
174733,174077,333,4.59
154362,153706,333,4.59
191798,191799,333,4.59
210830,210174,333,4.59
187864,187865,333,4.59
239676,239677,333,10.99
165538,164882,333,3.88
191142,191799,333,4.59
155678,155023,333,4.59
176710,176054,333,10.99
244258,244915,333,4.59
242293,242950,333,4.59
156308,155653,333,4.59
156992,156337,333,4.59
157612,156955,333,4.59
165537,164882,333,3.88
225920,226577,333,4.59
201522,201521,333,2.93
223189,223188,333,2.93
176709,176054,333,10.99
206770,206769,333,2.93
192994,192993,333,2.93
245561,246217,333,2.93
196273,196272,333,2.93
244241,244897,333,2.93
223958,223959,333,9.44
156309,155653,333,4.59
241641,242297,333,10.99
214655,215311,333,2.93
244242,244897,333,2.93
195617,196272,333,2.93
174732,174077,333,4.59
214656,215311,333,2.93
194305,193648,333,2.93
222533,223188,333,2.93
202178,201521,333,2.93
193650,192993,333,2.93
200210,200209,333,2.93
193649,192993,333,2.93
193649,193648,333,2.93
210831,210174,333,4.59
206114,206769,333,2.93
231157,231814,333,4.59
218595,219250,333,2.93
242295,242951,334,10.99
238365,238366,334,10.99
177368,177369,334,10.99
240332,240333,334,10.99
225923,226579,334,9.44
237709,237054,334,10.99
237709,238366,334,10.99
225922,226579,334,9.44
225269,225926,334,9.44
211494,211495,334,9.44
156957,156301,334,4.59
169483,169484,334,4.59
190487,190488,334,4.59
231159,231815,334,4.59
210177,209521,334,4.59
195078,195079,334,4.59
174075,173419,334,4.59
235087,235088,334,4.59
155662,155006,334,4.59
155662,155661,334,4.59
210178,209522,334,4.59
197047,197048,334,4.59
244913,245569,334,4.59
188520,188521,334,4.59
200327,200328,334,4.59
235742,236398,334,4.59
212150,211495,334,9.44
164878,164222,334,3.88
239676,240333,334,10.99
241642,242298,334,10.99
189831,190488,334,4.59
155663,155006,334,4.59
197703,197048,334,4.59
230508,231165,334,4.59
167515,166860,334,4.59
232467,233124,334,4.59
235741,236398,334,4.59
234431,235088,334,4.59
227231,227888,334,4.59
199671,200328,334,4.59
195734,195079,334,4.59
244912,245569,334,4.59
155020,154365,334,4.59
156318,155661,334,4.59
165457,164801,334,2.93
164146,164145,334,2.93
225158,225157,334,2.93
245547,246203,334,2.93
245560,246216,334,2.93
176710,176055,334,10.99
208739,208738,334,2.93
176052,175396,334,10.99
158308,157653,334,3.88
158261,158260,334,10.99
223958,224615,334,9.44
227887,227888,334,4.59
241641,242298,334,10.99
213996,214652,334,2.93
176711,176055,334,10.99
164221,164222,334,3.88
155021,154365,334,4.59
163490,164145,334,2.93
224502,225157,334,2.93
208083,208738,334,2.93
224614,224615,334,9.44
213997,214652,334,2.93
245546,246203,334,2.93
168827,169484,334,4.59
160286,160287,334,3.88
156958,156301,334,4.59
200866,200865,334,2.93
174074,173419,334,4.59
246877,247533,335,10.99
239021,239022,335,10.99
241643,242299,335,10.99
176712,176056,335,10.99
176712,176713,335,10.99
156950,156294,335,10.99
240988,240989,335,10.99
242295,242952,335,10.99
225924,226580,335,9.44
157652,156996,335,9.44
238365,239022,335,10.99
209524,208868,335,9.44
177368,176713,335,10.99
177368,178025,335,10.99
240332,240989,335,10.99
176053,175397,335,10.99
225923,226580,335,9.44
210838,210839,335,9.44
165544,164888,335,4.59
196391,196392,335,4.59
155008,154352,335,4.59
211494,210839,335,9.44
189176,189177,335,4.59
245567,246223,335,4.59
172761,172762,335,4.59
155650,154994,335,4.59
156954,156298,335,4.59
170139,170140,335,4.59
154355,153699,335,4.59
233777,233778,335,4.59
233122,233778,335,4.59
156968,156312,335,4.59
203606,204262,335,4.59
203606,203607,335,4.59
231163,231819,335,4.59
157605,157604,335,10.99
165543,164887,335,3.88
242296,242952,335,10.99
156953,156297,335,3.88
157598,156942,335,3.88
245566,246223,335,4.59
202950,203607,335,4.59
158316,157661,335,4.59
225270,225271,335,9.44
233121,233778,335,4.59
172105,172762,335,4.59
175391,174736,335,4.59
155009,154352,335,4.59
156303,155647,335,4.59
159630,159631,335,3.88
231162,231819,335,4.59
185239,184584,335,4.59
241642,242299,335,10.99
180647,181304,335,4.59
156967,156312,335,4.59
171450,172107,335,4.59
211366,212022,335,2.93
184583,184584,335,4.59
165542,164886,335,3.88
213337,213993,335,2.93
158898,158897,335,2.93
219907,219906,335,2.93
245559,246215,335,2.93
227127,227126,335,2.93
216625,216624,335,2.93
158911,158256,335,3.88
166110,165454,335,2.93
166110,166109,335,2.93
176052,175397,335,10.99
176052,175395,335,10.99
158261,157604,335,10.99
158311,157654,335,4.59
158317,157661,335,4.59
158317,158318,335,4.59
176711,176056,335,10.99
166111,165454,335,2.93
244894,245550,335,2.93
154356,153699,335,4.59
212024,212679,335,2.93
210052,210707,335,2.93
175392,174736,335,4.59
226471,227126,335,2.93
211367,212022,335,2.93
224614,225271,335,9.44
212680,212679,335,2.93
229198,229855,335,4.59
166766,166109,335,2.93
166766,167421,335,2.93
158255,158256,335,3.88
236994,237650,335,2.93
236995,237652,335,2.93
236995,237650,335,2.93
244893,245550,335,2.93
210176,209520,335,4.59
156304,155647,335,4.59
160942,160943,335,3.88
215969,216624,335,2.93
157597,156942,335,3.88
213338,213993,335,2.93
241644,242300,336,10.99
241644,241645,336,10.99
209525,208869,336,9.44
246877,247534,336,10.99
246877,247532,336,10.99
239021,239678,336,10.99
225925,226581,336,9.44
209523,208867,336,9.44
241643,242300,336,10.99
176712,176057,336,10.99
210182,210183,336,9.44
156950,156293,336,10.99
240988,241645,336,10.99
157586,156930,336,6.67
157586,157585,336,6.67
225924,226581,336,9.44
176054,175398,336,10.99
157652,156997,336,9.44
157652,156995,336,9.44
209524,208869,336,9.44
209524,208867,336,9.44
176053,175398,336,10.99
166202,165546,336,4.59
174734,174078,336,4.59
155649,154993,336,4.59
155680,155024,336,4.59
155680,155681,336,4.59
201639,201640,336,4.59
200983,200984,336,4.59
170795,170796,336,4.59
243605,243606,336,4.59
210838,210183,336,9.44
194422,194423,336,4.59
154363,153707,336,4.59
154354,153698,336,4.59
185896,185897,336,4.59
155651,154995,336,4.59
157651,156995,336,4.59
164879,164223,336,3.88
156949,156293,336,10.99
156949,156948,336,10.99
165541,164885,336,3.88
157605,156948,336,10.99
242949,243606,336,4.59
155679,155024,336,4.59
239677,239678,336,10.99
244259,244916,336,4.59
242296,242953,336,10.99
156336,155681,336,4.59
186552,185897,336,4.59
174733,174078,336,4.59
154362,153707,336,4.59
156310,155654,336,4.59
191798,192455,336,4.59
210830,210173,336,4.59
244899,245555,336,2.93
221876,221875,336,2.93
159554,159553,336,2.93
225270,225927,336,9.44
165538,164883,336,3.88
245558,246214,336,2.93
198897,198896,336,2.93
178680,178681,336,4.59
202833,202832,336,2.93
156952,156296,336,3.88
244260,244916,336,4.59
242297,242953,336,10.99
213463,212808,336,9.44
156309,155654,336,4.59
192454,192455,336,4.59
160210,159553,336,2.93
221220,221875,336,2.93
198241,198896,336,2.93
204801,205456,336,2.93
203489,202832,336,2.93
217938,218593,336,2.93
212807,212808,336,9.44
228543,228544,336,4.59
236993,237649,336,2.93
202295,202296,336,4.59
205457,205456,336,2.93
244900,245555,336,2.93
236992,237649,336,2.93
246198,246854,336,2.93
159572,158915,336,2.06
246199,246854,336,2.93
238366,238367,337,10.99
158260,158259,337,10.99
240333,240334,337,10.99
221991,221992,337,9.44
212151,212152,337,9.44
241644,242301,337,10.99
209526,208870,337,9.44
209526,209527,337,9.44
222647,222648,337,9.44
209525,208870,337,9.44
242298,242954,337,10.99
225925,226582,337,9.44
209523,208866,337,9.44
210182,209527,337,9.44
176054,175399,337,10.99
175396,174740,337,10.99
191143,191144,337,4.59
157659,157003,337,4.59
235743,236399,337,4.59
235743,235744,337,4.59
156956,156300,337,4.59
244914,245570,337,4.59
183927,183928,337,4.59
156993,156994,337,4.59
174076,173420,337,4.59
231813,232469,337,4.59
157650,156994,337,4.59
155652,154996,337,4.59
182615,182616,337,4.59
168172,168173,337,4.59
164880,164224,337,3.88
179336,179337,337,4.59
156949,156292,337,10.99
157657,157001,337,4.59
156957,156300,337,4.59
190487,191144,337,4.59
174075,173420,337,4.59
235087,235744,337,4.59
157649,156994,337,4.59
155662,155005,337,4.59
244913,245570,337,4.59
235742,236399,337,4.59
239677,240334,337,10.99
158242,158241,337,2.93
207426,207425,337,2.93
223845,223844,337,2.93
192338,191682,337,2.93
192338,192337,337,2.93
223959,223960,337,9.44
231812,232469,337,4.59
223303,223304,337,9.44
223189,223844,337,2.93
206770,207425,337,2.93
192339,191682,337,2.93
192994,192337,337,2.93
242297,242954,337,10.99
176055,175399,337,10.99
162253,162254,337,3.88
163565,163566,337,3.88
210175,209519,337,4.59
212807,212152,337,9.44
164221,163566,337,3.88
214655,215310,337,2.93
155021,154366,337,4.59
214654,215310,337,2.93
155022,154366,337,4.59
193649,192992,337,2.93
162177,162176,337,2.93
176713,176714,338,10.99
157604,157603,338,10.99
176056,175400,338,10.99
242952,243608,338,10.99
242299,242955,338,10.99
240989,240990,338,10.99
238366,237711,338,10.99
238366,239023,338,10.99
158260,157603,338,10.99
240333,240990,338,10.99
226579,227235,338,9.44
175397,174741,338,10.99
211495,211496,338,9.44
221991,221336,338,9.44
212151,211496,338,9.44
209526,208871,338,9.44
242298,242955,338,10.99
157586,156931,338,6.67
157586,156929,338,6.67
156316,155660,338,4.59
156316,156315,338,4.59
176050,175394,338,4.59
195735,195736,338,4.59
199672,199673,338,4.59
234433,235089,338,4.59
234433,234434,338,4.59
154364,153708,338,4.59
175396,174741,338,10.99
175396,174739,338,10.99
199016,199017,338,4.59
198360,198361,338,4.59
231164,231820,338,4.59
155007,154351,338,4.59
233123,233779,338,4.59
245568,246224,338,4.59
183271,183272,338,4.59
157658,157002,338,4.59
165545,164889,338,4.59
181959,181960,338,4.59
167516,167517,338,4.59
157656,157000,338,4.59
156969,156313,338,4.59
189832,189833,338,4.59
227232,227233,338,4.59
164881,164225,338,3.88
239022,239023,338,10.99
165540,164884,338,3.88
158974,158975,338,3.88
179992,179993,338,4.59
175395,174739,338,10.99
175395,175394,338,10.99
165544,164889,338,4.59
196391,195736,338,4.59
155008,154351,338,4.59
189176,189833,338,4.59
245567,246224,338,4.59
156317,155660,338,4.59
156954,156299,338,4.59
230509,231166,338,4.59
233777,234434,338,4.59
233122,233779,338,4.59
156968,156313,338,4.59
203606,204263,338,4.59
231163,231820,338,4.59
156972,156315,338,4.59
215968,215967,338,2.93
213995,214651,338,2.93
225814,225813,338,2.93
197704,197705,338,4.59
175393,174737,338,4.59
175393,175394,338,4.59
245548,246204,338,2.93
165456,164800,338,2.93
209395,209394,338,2.93
223959,224616,338,9.44
157598,156943,338,3.88
156303,155646,338,4.59
159630,158975,338,3.88
231817,232473,338,4.59
165457,164800,338,2.93
176049,175394,338,4.59
225158,225813,338,2.93
245547,246204,338,2.93
208739,209394,338,2.93
161598,161599,338,3.88
176055,175400,338,10.99
158317,157662,338,4.59
168828,168829,338,4.59
213996,214651,338,2.93
175392,174737,338,4.59
156302,155646,338,4.59
234432,235089,338,4.59
226576,227233,338,4.59
158255,157600,338,3.88
215312,215967,338,2.93
160942,161599,338,3.88
157599,156943,338,3.88
157599,157600,338,3.88
242953,243609,339,10.99
239678,239679,339,10.99
156948,156947,339,10.99
241645,241646,339,10.99
247534,248190,339,10.99
176057,175401,339,10.99
176057,176058,339,10.99
242300,242956,339,10.99
208868,208212,339,9.44
175398,174742,339,10.99
157654,156998,339,9.44
176713,176058,339,10.99
176713,177370,339,10.99
210839,210840,339,9.44
157604,156947,339,10.99
226580,227236,339,9.44
176056,175401,339,10.99
242952,243609,339,10.99
242952,243607,339,10.99
242299,242956,339,10.99
240989,241646,339,10.99
225926,226583,339,9.44
226579,227236,339,9.44
226579,227234,339,9.44
175397,174742,339,10.99
157653,156998,339,9.44
211495,210840,339,9.44
156294,155639,339,10.99
230510,230511,339,4.59
171451,171452,339,4.59
153700,153044,339,4.59
231816,232472,339,4.59
187209,187210,339,4.59
166203,165547,339,4.59
166203,166204,339,4.59
156311,155655,339,4.59
225271,225272,339,9.44
193110,193111,339,4.59
244261,244917,339,4.59
244261,244262,339,4.59
180648,180649,339,4.59
153704,153048,339,4.59
154353,153697,339,4.59
153702,153046,339,4.59
157655,156999,339,4.59
185240,185241,339,4.59
231818,232474,339,4.59
153703,153047,339,4.59
193766,193767,339,4.59
155648,154992,339,4.59
174735,174079,339,4.59
157660,157004,339,4.59
239022,239679,339,10.99
202951,202952,339,4.59
166202,165547,339,4.59
174734,174079,339,4.59
166859,166204,339,4.59
155649,154992,339,4.59
155680,155025,339,4.59
170795,171452,339,4.59
229854,230511,339,4.59
243605,244262,339,4.59
194422,193767,339,4.59
154354,153697,339,4.59
185896,185241,339,4.59
175395,174738,339,10.99
213336,213992,339,2.93
213336,213335,339,2.93
161521,161520,339,2.93
153701,153045,339,4.59
227783,227782,339,2.93
217281,217280,339,2.93
211365,212021,339,2.93
211365,211364,339,2.93
245557,246213,339,2.93
220563,220562,339,2.93
244895,245551,339,2.93
156310,155655,339,4.59
162833,162832,339,2.93
211366,212021,339,2.93
213337,213992,339,2.93
219907,220562,339,2.93
227127,227782,339,2.93
216625,217280,339,2.93
210709,211364,339,2.93
166110,165453,339,2.93
244260,244917,339,4.59
153705,153049,339,4.59
192454,193111,339,4.59
229199,229200,339,4.59
228543,229200,339,4.59
244894,245551,339,2.93
202295,202952,339,4.59
212680,213335,339,2.93
194960,194959,339,2.93
242301,242957,340,10.99
242301,242302,340,10.99
240334,240335,340,10.99
158259,158258,340,10.99
242953,243610,340,10.99
212808,212809,340,9.44
239678,240335,340,10.99
156948,156291,340,10.99
241645,242302,340,10.99
247534,246879,340,10.99
247534,248191,340,10.99
247534,248189,340,10.99
210183,210184,340,9.44
176057,175402,340,10.99
208869,208213,340,9.44
208867,208211,340,9.44
242300,242957,340,10.99
208868,208213,340,9.44
208868,208211,340,9.44
175398,174743,340,10.99
210839,210184,340,9.44
174740,174084,340,10.99
186553,186554,340,4.59
156337,156338,340,4.59
187865,187866,340,4.59
174077,173421,340,4.59
244915,245571,340,4.59
231814,232470,340,4.59
156970,156314,340,4.59
155023,154367,340,4.59
191799,191800,340,4.59
225271,225928,340,9.44
156941,156285,340,3.88
175399,174743,340,10.99
225927,225928,340,9.44
210174,209518,340,4.59
242954,243610,340,10.99
191143,191800,340,4.59
235743,236400,340,4.59
244914,245571,340,4.59
156993,156338,340,4.59
174076,173421,340,4.59
231813,232470,340,4.59
155652,154997,340,4.59
244898,245554,340,2.93
206113,206112,340,2.93
194304,194303,340,2.93
155653,154997,340,4.59
244899,245554,340,2.93
221876,222531,340,2.93
198897,199552,340,2.93
153706,153050,340,4.59
158912,158913,340,3.88
195616,195615,340,2.93
162909,162910,340,3.88
202833,202176,340,2.93
202177,202176,340,2.93
162253,162910,340,3.88
163565,162910,340,3.88
210175,209518,340,4.59
222532,222531,340,2.93
199553,199552,340,2.93
205457,206112,340,2.93
155022,154367,340,4.59
240990,240991,341,10.99
242955,243611,341,10.99
243608,244264,341,10.99
221336,220680,341,10.99
221336,221337,341,10.99
226582,227238,341,9.44
209527,209528,341,9.44
212152,212153,341,9.44
242301,242958,341,10.99
240334,240991,341,10.99
221992,221993,341,9.44
208866,208210,341,9.44
208866,208865,341,9.44
158259,157602,341,10.99
158259,158914,341,10.99
212808,212153,341,9.44
226581,227238,341,9.44
210183,209528,341,9.44
174741,174085,341,10.99
208869,208214,341,9.44
208867,208210,341,9.44
174739,174083,341,10.99
174740,174085,341,10.99
174740,174083,341,10.99
237054,237055,341,4.59
197048,197049,341,4.59
188521,188522,341,4.59
209521,208865,341,4.59
200328,200329,341,4.59
245569,246225,341,4.59
227888,227889,341,4.59
231165,231821,341,4.59
231815,232471,341,4.59
156301,155645,341,4.59
166860,166861,341,4.59
195079,195080,341,4.59
155006,154350,341,4.59
190488,190489,341,4.59
164882,164226,341,3.88
223960,223961,341,9.44
169484,169485,341,4.59
175399,174744,341,10.99
225927,226584,341,9.44
156316,155659,341,4.59
195735,195080,341,4.59
199672,200329,341,4.59
234433,235090,341,4.59
154364,153709,341,4.59
154365,153709,341,4.59
231164,231821,341,4.59
155007,154350,341,4.59
233123,233780,341,4.59
245568,246225,341,4.59
173418,172763,341,4.59
173419,172763,341,4.59
165545,164890,341,4.59
242954,243611,341,10.99
167516,166861,341,4.59
175400,174744,341,10.99
189832,190489,341,4.59
227232,227889,341,4.59
233124,233780,341,4.59
233124,233125,341,4.59
223304,223305,341,9.44
214653,215309,341,2.93
164881,164226,341,3.88
246202,246858,341,2.93
160865,160864,341,2.93
163489,163488,341,2.93
224501,224500,341,2.93
158974,158319,341,3.88
208082,208081,341,2.93
222648,222649,341,9.44
232468,233125,341,4.59
197704,197049,341,4.59
207426,208081,341,2.93
223845,224500,341,2.93
192338,191681,341,2.93
246201,246858,341,2.93
161598,162255,341,3.88
168828,169485,341,4.59
156302,155645,341,4.59
214654,215309,341,2.93
157599,156944,341,3.88
248190,248846,342,10.99
241646,241647,342,10.99
242956,243612,342,10.99
175401,174745,342,10.99
176058,176059,342,10.99
239679,239680,342,10.99
243609,244265,342,10.99
174742,174086,342,10.99
240990,241647,342,10.99
211496,211497,342,9.44
242955,243612,342,10.99
243608,244265,342,10.99
243608,244263,342,10.99
221336,220681,342,10.99
227235,227891,342,9.44
226582,227239,342,9.44
209527,208872,342,9.44
212152,211497,342,9.44
208866,208209,342,9.44
174741,174086,342,10.99
174739,174082,342,10.99
231819,232475,342,4.59
154352,153696,342,4.59
209520,208864,342,4.59
164888,164232,342,4.59
154994,154338,342,4.59
157661,157005,342,4.59
156312,155656,342,4.59
174736,174080,342,4.59
196392,196393,342,4.59
181304,181305,342,4.59
170140,170141,342,4.59
156996,156340,342,4.59
189177,189178,342,4.59
156298,155642,342,4.59
160287,160288,342,3.88
230510,231167,342,4.59
171451,172108,342,4.59
153700,153043,342,4.59
166203,165548,342,4.59
223960,224617,342,9.44
156311,155656,342,4.59
244261,244918,342,4.59
180648,181305,342,4.59
154353,153696,342,4.59
203607,203608,342,4.59
185240,184585,342,4.59
231818,232475,342,4.59
155648,154991,342,4.59
174735,174080,342,4.59
245549,246205,342,2.93
165455,164799,342,2.93
210051,210050,342,2.93
156297,155641,342,4.59
246219,246875,342,2.93
213994,214650,342,2.93
166765,166764,342,2.93
157660,157005,342,4.59
197584,197583,342,2.93
175400,174745,342,10.99
226470,226469,342,2.93
202951,203608,342,4.59
155647,154991,342,4.59
172107,172108,342,4.59
178025,178026,342,4.59
215968,216623,342,2.93
213995,214650,342,2.93
225814,226469,342,2.93
167421,167420,342,4.59
245548,246205,342,2.93
165456,164799,342,2.93
209395,210050,342,2.93
184584,184585,342,4.59
237651,238307,342,2.93
229199,229856,342,4.59
153699,153043,342,4.59
204144,204143,342,2.93
229855,229856,342,4.59
240335,240336,343,10.99
242957,243613,343,10.99
175402,174746,343,10.99
175402,175403,343,10.99
174084,173428,343,10.99
243610,244266,343,10.99
242302,242303,343,10.99
248190,248847,343,10.99
248190,248845,343,10.99
241646,242303,343,10.99
174743,174087,343,10.99
210840,210841,343,9.44
242956,243613,343,10.99
175401,174746,343,10.99
176058,175403,343,10.99
176058,176715,343,10.99
208212,207556,343,9.44
239679,239024,343,10.99
239679,240336,343,10.99
243609,244266,343,10.99
174742,174087,343,10.99
211496,210841,343,9.44
227235,227890,343,9.44
174078,173422,343,4.59
170796,170797,343,4.59
155681,155682,343,4.59
194423,194424,343,4.59
185897,185898,343,4.59
156296,155640,343,4.59
200984,200985,343,4.59
154995,154339,343,4.59
178681,178682,343,4.59
156997,156341,343,4.59
201640,201641,343,4.59
154993,154337,343,4.59
156930,156273,343,6.67
192455,192456,343,4.59
156995,156339,343,4.59
155024,154368,343,4.59
160943,160944,343,3.88
164887,164231,343,3.88
228544,228545,343,4.59
186553,185898,343,4.59
156337,155682,343,4.59
174077,173422,343,4.59
244915,245572,343,4.59
155023,154368,343,4.59
153707,153051,343,4.59
160209,160208,343,2.93
237648,238304,343,2.93
246218,246874,343,2.93
191799,192456,343,4.59
244896,245552,343,2.93
221219,221218,343,2.93
210173,209517,343,4.59
156941,156286,343,3.88
156942,156286,343,3.88
210174,209517,343,4.59
217937,217936,343,2.93
196928,196927,343,2.93
155653,154998,343,4.59
213336,213991,343,2.93
217281,217936,343,2.93
211365,212020,343,2.93
245557,246212,343,2.93
220563,221218,343,2.93
244895,245552,343,2.93
164886,164230,343,3.88
244916,245572,343,4.59
198240,198239,343,2.93
153706,153051,343,4.59
153698,153042,343,4.59
158912,158257,343,3.88
155654,154998,343,4.59
202296,202297,343,4.59
203488,203487,343,2.93
245556,246212,343,2.93
204800,204799,343,2.93
158256,158257,343,3.88
159631,159632,343,3.88
242958,243614,344,10.99
242958,242959,344,10.99
220680,220024,344,10.99
221337,221338,344,10.99
244264,244920,344,10.99
174083,173427,344,10.99
174085,173429,344,10.99
240335,240992,344,10.99
242957,243614,344,10.99
175402,174747,344,10.99
208211,207555,344,9.44
174084,173429,344,10.99
174084,173427,344,10.99
243610,244267,344,10.99
210184,210185,344,9.44
208213,207557,344,9.44
242302,242959,344,10.99
240991,240992,344,10.99
174743,174088,344,10.99
210840,210185,344,9.44
208212,207557,344,9.44
208212,207555,344,9.44
174744,174088,344,10.99
154996,154340,344,4.59
173420,172764,344,4.59
168173,168174,344,4.59
191144,191145,344,4.59
209519,208863,344,4.59
157001,156345,344,4.59
155005,154349,344,4.59
155005,155004,344,4.59
179337,179338,344,4.59
243611,244267,344,10.99
182616,182617,344,4.59
183928,183929,344,4.59
235744,235745,344,4.59
164885,164229,344,3.88
164223,163567,344,3.88
164883,164227,344,3.88
156300,155644,344,4.59
245569,246226,344,4.59
231165,231822,344,4.59
238367,238368,344,4.59
156301,155644,344,4.59
166860,166205,344,4.59
235088,235745,344,4.59
155661,155004,344,4.59
155006,154349,344,4.59
190488,191145,344,4.59
206769,206768,344,2.93
193648,193647,344,2.93
246217,246873,344,2.93
164882,164227,344,3.88
244897,245553,344,2.93
212809,212810,344,9.44
154365,153710,344,4.59
173419,172764,344,4.59
233124,233781,344,4.59
244898,245553,344,2.93
206113,206768,344,2.93
194304,193647,344,2.93
226583,227240,344,9.44
196272,196271,344,2.93
154366,153710,344,4.59
157003,156347,344,4.59
223188,223187,344,2.93
245570,246226,344,4.59
195616,196271,344,2.93
202177,201520,344,2.93
222532,223187,344,2.93
199553,200208,344,2.93
219250,219249,344,2.93
200209,200208,344,2.93
218594,219249,344,2.93
201521,201520,344,2.93
220681,220025,345,10.99
220681,220682,345,10.99
176059,176060,345,10.99
243612,244268,345,10.99
174086,173430,345,10.99
244265,244921,345,10.99
212153,212154,345,9.44
208214,207558,345,9.44
208214,208215,345,9.44
208210,207554,345,9.44
242958,243615,345,10.99
220680,220025,345,10.99
221337,220682,345,10.99
221337,221994,345,10.99
244264,244921,345,10.99
244264,244919,345,10.99
174083,173426,345,10.99
174085,173430,345,10.99
208211,207554,345,9.44
210184,209529,345,9.44
208213,207558,345,9.44
240991,241648,345,10.99
167517,167518,345,4.59
199673,199674,345,4.59
195736,195737,345,4.59
199017,199018,345,4.59
198361,198362,345,4.59
157662,157006,345,4.59
157662,157663,345,4.59
153708,153052,345,4.59
233779,234435,345,4.59
156299,155643,345,4.59
157002,156346,345,4.59
183272,183273,345,4.59
204263,204919,345,4.59
204263,204264,345,4.59
164889,164233,345,4.59
179993,179994,345,4.59
208871,208215,345,4.59
154351,153695,345,4.59
168829,168830,345,4.59
181960,181961,345,4.59
231820,232476,345,4.59
232473,233129,345,4.59
234434,234435,345,4.59
189833,189834,345,4.59
174744,174089,345,10.99
157000,156344,345,4.59
156313,155657,345,4.59
223305,223306,345,9.44
174745,174089,345,10.99
243611,244268,345,10.99
164224,163568,345,3.88
209528,209529,345,9.44
241647,241648,345,10.99
237711,237712,345,4.59
233778,234435,345,4.59
231819,232476,345,4.59
154352,153695,345,4.59
164888,164233,345,4.59
157661,157006,345,4.59
156312,155657,345,4.59
158318,157663,345,4.59
174736,174081,345,4.59
196392,195737,345,4.59
181304,181961,345,4.59
204262,204919,345,4.59
189177,189834,345,4.59
200865,200864,345,2.93
156298,155643,345,4.59
164145,164144,345,2.93
246203,246859,345,2.93
208738,208737,345,2.93
246216,246872,345,2.93
214652,215308,345,2.93
225157,225156,345,2.93
222649,222650,345,9.44
212809,212154,345,9.44
203607,204264,345,4.59
221993,221994,345,9.44
214653,215308,345,2.93
246202,246859,345,2.93
174737,174081,345,4.59
163489,164144,345,2.93
224501,225156,345,2.93
155647,154990,345,4.59
156938,156282,345,2.06
208082,208737,345,2.93
197705,197706,345,4.59
167421,168076,345,4.59
155646,154990,345,4.59
156939,156282,345,2.06
229855,230512,345,4.59
244266,244922,346,10.99
174087,173431,346,10.99
243613,244269,346,10.99
173428,172772,346,10.99
227239,227895,346,9.44
208209,207553,346,9.44
208209,208208,346,9.44
220681,220026,346,10.99
211497,211498,346,9.44
176059,175404,346,10.99
176059,176716,346,10.99
175403,175404,346,10.99
243612,244269,346,10.99
174086,173431,346,10.99
244265,244922,346,10.99
212153,211498,346,9.44
208214,207559,346,9.44
227238,227895,346,9.44
208210,207553,346,9.44
208865,208208,346,9.44
248847,249503,346,10.99
174079,173423,346,4.59
193767,193768,346,4.59
229200,229201,346,4.59
156999,156343,346,4.59
153049,152393,346,4.59
187210,187211,346,4.59
153044,152388,346,4.59
155025,154369,346,4.59
155025,155026,346,4.59
165547,164891,346,4.59
180649,180650,346,4.59
232472,233128,346,4.59
244917,245573,346,4.59
156998,156342,346,4.59
154992,154336,346,4.59
225272,225273,346,4.59
193111,193112,346,4.59
161599,161600,346,3.88
164884,164228,346,3.88
171452,171453,346,4.59
177370,177371,346,4.59
174746,174090,346,10.99
164225,163569,346,3.88
157600,157601,346,3.88
155639,154983,346,4.59
153048,152392,346,4.59
223305,223962,346,9.44
174745,174090,346,10.99
174078,173423,346,4.59
170796,171453,346,4.59
155681,155026,346,4.59
194423,193768,346,4.59
185897,185242,346,4.59
209528,208873,346,9.44
165546,164891,346,4.59
156997,156342,346,4.59
154993,154336,346,4.59
241647,242304,346,10.99
192455,193112,346,4.59
155024,154369,346,4.59
185241,185242,346,4.59
246215,246871,346,2.93
166109,166108,346,2.93
237652,238308,346,2.93
227126,227125,346,2.93
245550,246206,346,2.93
160943,161600,346,3.88
158897,158896,346,2.93
212679,212678,346,2.93
213993,214649,346,2.93
210707,211363,346,2.93
210707,210706,346,2.93
153047,152391,346,4.59
202952,202953,346,4.59
228544,229201,346,4.59
210173,209516,346,4.59
158975,158976,346,3.88
156942,156287,346,3.88
245549,246206,346,2.93
165454,164798,346,2.93
210708,211363,346,2.93
165455,164798,346,2.93
210051,210706,346,2.93
157588,156932,346,2.06
213994,214649,346,2.93
166765,166108,346,2.93
226470,227125,346,2.93
155655,154999,346,4.59
157004,156348,346,4.59
153046,152390,346,4.59
212022,212678,346,2.93
232474,233130,346,4.59
212023,212678,346,2.93
153697,153041,346,4.59
244916,245573,346,4.59
153045,152389,346,4.59
153698,153041,346,4.59
237651,238308,346,2.93
237651,238306,346,2.93
237650,238306,346,2.93
219906,219905,346,2.93
155654,154999,346,4.59
202296,202953,346,4.59
242303,242304,346,10.99
156943,156287,346,3.88
158256,157601,346,3.88
159631,158976,346,3.88
240336,240337,346,10.99
174088,173432,347,10.99
173429,172773,347,10.99
242959,242960,347,10.99
173427,172771,347,10.99
244920,245576,347,10.99
210841,210842,347,9.44
244266,244923,347,10.99
207556,206900,347,9.44
174087,173432,347,10.99
243613,244270,347,10.99
173428,172773,347,10.99
173428,172771,347,10.99
227239,227896,347,9.44
208209,207552,347,9.44
211497,210842,347,9.44
175403,174748,347,10.99
186554,186555,347,4.59
248847,249504,347,10.99
248847,249502,347,10.99
153050,152394,347,4.59
154997,154341,347,4.59
245571,246227,347,4.59
173421,172765,347,4.59
187866,187867,347,4.59
232470,233126,347,4.59
156314,155658,347,4.59
154367,153711,347,4.59
225928,225929,347,4.59
156947,156946,347,3.88
174746,174091,347,10.99
244267,244923,347,10.99
154996,154341,347,4.59
173420,172765,347,4.59
191144,191801,347,4.59
209519,208862,347,4.59
155005,154348,347,4.59
232469,233126,347,4.59
235744,236401,347,4.59
247532,248188,347,2.93
247532,247531,347,2.93
159553,159552,347,2.93
221875,221874,347,2.93
202832,202831,347,2.93
237649,238305,347,2.93
246214,246870,347,2.93
198896,198895,347,2.93
157585,157584,347,2.93
236400,237056,347,4.59
236400,236401,347,4.59
191800,191801,347,4.59
221338,221339,347,10.99
160209,159552,347,2.93
237648,238305,347,2.93
221219,221874,347,2.93
217937,218592,347,2.93
236399,237056,347,4.59
245555,246211,347,2.93
205456,205455,347,2.93
209518,208862,347,4.59
154366,153711,347,4.59
174747,174091,347,10.99
174747,174748,347,10.99
245570,246227,347,4.59
218593,218592,347,2.93
198240,198895,347,2.93
240992,240993,347,10.99
242303,242960,347,10.99
203488,202831,347,2.93
245556,246211,347,2.93
204800,205455,347,2.93
240336,239681,347,10.99
240336,240993,347,10.99
244921,245577,348,10.99
173430,172774,348,10.99
244268,244924,348,10.99
241648,241649,348,10.99
220682,220683,348,10.99
220025,219369,348,10.99
220024,219369,348,10.99
174088,173433,348,10.99
223306,223307,348,10.99
207555,206899,348,9.44
210185,210186,348,9.44
207557,206901,348,9.44
174089,173433,348,10.99
173429,172774,348,10.99
242959,243616,348,10.99
173427,172770,348,10.99
244920,245577,348,10.99
244920,245575,348,10.99
210841,210186,348,9.44
156273,156272,348,6.67
207556,206901,348,9.44
207556,206899,348,9.44
235090,235746,348,4.59
235090,235091,348,4.59
154350,153694,348,4.59
164890,164234,348,4.59
166861,166862,348,4.59
231821,232477,348,4.59
222650,222651,348,10.99
190489,190490,348,4.59
153709,153053,348,4.59
232471,233127,348,4.59
200329,200330,348,4.59
195080,195081,348,4.59
188522,188523,348,4.59
155659,155003,348,4.59
156291,156290,348,3.88
158319,158320,348,4.59
156285,155629,348,3.88
167517,166862,348,4.59
199673,200330,348,4.59
195736,195081,348,4.59
157662,157007,348,4.59
153708,153053,348,4.59
235089,235746,348,4.59
233779,234436,348,4.59
244267,244924,348,10.99
155660,155003,348,4.59
204263,204920,348,4.59
164889,164234,348,4.59
208871,208216,348,4.59
154351,153694,348,4.59
168829,169486,348,4.59
231166,231823,348,4.59
231820,232477,348,4.59
234434,235091,348,4.59
221994,221995,348,10.99
189833,190490,348,4.59
246224,246881,348,4.59
192992,192336,348,2.93
192992,192991,348,2.93
158241,158240,348,2.93
215310,215966,348,2.93
207425,207424,348,2.93
162176,162175,348,2.93
226584,226585,348,4.59
155645,154989,348,4.59
197049,197050,348,4.59
233780,234436,348,4.59
221338,220683,348,10.99
221338,221995,348,10.99
192337,192336,348,2.93
163566,162911,348,3.88
215311,215966,348,2.93
206769,207424,348,2.93
246225,246881,348,4.59
192993,192336,348,2.93
193648,192991,348,2.93
223844,223843,348,2.93
169485,169486,348,4.59
162910,162911,348,3.88
197705,197050,348,4.59
174747,174092,348,10.99
223188,223843,348,2.93
176060,176061,348,10.99
155646,154989,348,4.59
240992,241649,348,10.99
162254,162911,348,3.88
220026,219370,349,10.99
220026,220027,349,10.99
242304,242305,349,10.99
173431,172775,349,10.99
244269,244925,349,10.99
244922,245578,349,10.99
172772,172116,349,10.99
244921,245578,349,10.99
209529,209530,349,9.44
173430,172775,349,10.99
207554,206898,349,9.44
244268,244925,349,10.99
241648,242305,349,10.99
220682,220027,349,10.99
220025,219370,349,10.99
174090,173434,349,10.99
207558,206902,349,9.44
223306,223963,349,10.99
207555,206898,349,9.44
210185,209530,349,9.44
207557,206902,349,9.44
174089,173434,349,10.99
243614,244271,349,9.44
174080,173424,349,4.59
153043,152387,349,4.59
181305,181306,349,4.59
170141,170142,349,4.59
189178,189179,349,4.59
165548,164892,349,4.59
165548,165549,349,4.59
154338,153682,349,4.59
155642,154986,349,4.59
178026,178027,349,4.59
184585,184586,349,4.59
196393,196394,349,4.59
224617,224618,349,4.59
229856,229857,349,4.59
155641,154985,349,4.59
203608,203609,349,4.59
244918,245574,349,4.59
164226,163570,349,3.88
156944,156288,349,3.88
156944,156945,349,3.88
162255,162256,349,3.88
156340,155684,349,4.59
174079,173424,349,4.59
229200,229857,349,4.59
153696,153040,349,4.59
166204,165549,349,4.59
153044,152387,349,4.59
155025,154370,349,4.59
165547,164892,349,4.59
180649,181306,349,4.59
244917,245574,349,4.59
154992,154335,349,4.59
225813,225812,349,2.93
209394,209393,349,2.93
161599,162256,349,3.88
171452,172109,349,4.59
156929,156928,349,2.93
177370,178027,349,4.59
164225,163570,349,3.88
212154,212155,349,9.44
157600,156945,349,3.88
155639,154984,349,4.59
155639,154982,349,4.59
214651,215307,349,2.93
246204,246860,349,2.93
223962,224618,349,10.99
223962,223963,349,10.99
155656,155000,349,4.59
157005,156349,349,4.59
232475,233131,349,4.59
185241,184586,349,4.59
154991,154335,349,4.59
202952,203609,349,4.59
246203,246860,349,2.93
208738,209393,349,2.93
214652,215307,349,2.93
225157,225812,349,2.93
231167,231168,349,4.59
172108,172109,349,4.59
175404,175405,349,10.99
155655,155000,349,4.59
157004,156349,349,4.59
230511,231168,349,4.59
232474,233131,349,4.59
153697,153040,349,4.59
176060,175405,349,10.99
176060,176717,349,10.99
156943,156288,349,3.88
243615,244271,349,9.44
173432,172776,350,10.99
244270,244926,350,10.99
172773,172117,350,10.99
172771,172115,350,10.99
244923,245579,350,10.99
211498,211499,350,9.44
220026,219371,350,10.99
242304,242961,350,10.99
207553,206897,350,9.44
173431,172776,350,10.99
207559,206903,350,9.44
207559,207560,350,9.44
249504,250160,350,10.99
244269,244926,350,10.99
244922,245579,350,10.99
172772,172117,350,10.99
172772,172115,350,10.99
209529,208874,350,9.44
207554,206897,350,9.44
174090,173435,350,10.99
207558,206903,350,9.44
174091,173435,350,10.99
154339,153683,350,4.59
185898,185899,350,4.59
227890,228546,350,4.59
154368,153712,350,4.59
154337,153681,350,4.59
156273,155616,350,6.67
201641,201642,350,4.59
155682,155683,350,4.59
194424,194425,350,4.59
202297,202298,350,4.59
153051,152395,350,4.59
154998,154342,350,4.59
173422,172766,350,4.59
200985,200986,350,4.59
153042,152386,350,4.59
170797,170798,350,4.59
178682,178683,350,4.59
160288,160289,350,3.88
221339,221340,350,10.99
164232,163576,350,3.88
192456,192457,350,4.59
156339,155683,350,4.59
156341,155685,350,4.59
186554,185899,350,4.59
153050,152395,350,4.59
154997,154342,350,4.59
245571,246228,350,4.59
156338,155683,350,4.59
173421,172766,350,4.59
154367,153712,350,4.59
194959,194958,350,2.93
213335,213334,350,2.93
161520,161519,350,2.93
220562,220561,350,2.93
245551,246207,350,2.93
213992,214648,350,2.93
209517,208861,350,4.59
217280,217279,350,2.93
246213,246869,350,2.93
212154,211499,350,9.44
212154,212811,350,9.44
223962,224619,350,10.99
228545,228546,350,4.59
216624,217279,350,2.93
236400,237057,350,4.59
191800,192457,350,4.59
166109,165452,350,2.93
237652,238309,350,2.93
245550,246207,350,2.93
212679,213334,350,2.93
213993,214648,350,2.93
210707,211362,350,2.93
212021,212677,350,2.93
165454,164797,350,2.93
175404,174749,350,10.99
174748,174749,350,10.99
245572,246228,350,4.59
162832,162831,350,2.93
165453,164797,350,2.93
165453,165452,350,2.93
212022,212677,350,2.93
209518,208861,350,4.59
219906,220561,350,2.93
243615,244272,350,9.44
239024,239025,350,4.59
245577,246233,351,10.99
172774,172118,351,10.99
222651,222652,351,10.99
210842,210843,351,9.44
173432,172777,351,10.99
223307,223308,351,10.99
244270,244927,351,10.99
172773,172118,351,10.99
172771,172114,351,10.99
244923,245580,351,10.99
206900,206244,351,9.44
211498,210843,351,9.44
207553,206896,351,9.44
207559,206904,351,9.44
174092,173436,351,10.99
174092,174093,351,10.99
249504,250161,351,10.99
249504,250159,351,10.99
227895,228552,351,9.44
172770,172114,351,10.99
172770,172769,351,10.99
221995,221996,351,10.99
208863,208207,351,4.59
179338,179339,351,4.59
166205,166206,351,4.59
191145,191146,351,4.59
233781,234437,351,4.59
233781,233782,351,4.59
227240,227241,351,4.59
246226,246882,351,4.59
154340,153684,351,4.59
156345,155689,351,4.59
154349,153693,351,4.59
174091,173436,351,10.99
156347,155691,351,4.59
244924,245580,351,10.99
183929,183930,351,4.59
231822,232478,351,4.59
155644,154988,351,4.59
164230,163574,351,3.88
173433,172777,351,10.99
159632,159633,351,3.88
160944,160945,351,3.88
221339,220684,351,10.99
221339,221996,351,10.99
182617,182618,351,4.59
235090,235747,351,4.59
233125,233782,351,4.59
154350,153693,351,4.59
164890,164235,351,4.59
166861,166206,351,4.59
231821,232478,351,4.59
190489,191146,351,4.59
153709,153054,351,4.59
220683,220684,351,10.99
155659,155002,351,4.59
245554,246210,351,2.93
156291,155634,351,3.88
195615,195614,351,2.93
194303,194302,351,2.93
222531,222530,351,2.93
202176,202175,351,2.93
168174,168175,351,4.59
158319,157664,351,4.59
156285,155630,351,3.88
156285,155628,351,3.88
153710,153054,351,4.59
226584,227241,351,4.59
247532,248187,351,2.93
221875,222530,351,2.93
202832,202175,351,2.93
155645,154988,351,4.59
198896,199551,351,2.93
233780,234437,351,4.59
164231,163575,351,3.88
199552,199551,351,2.93
246225,246882,351,4.59
206112,206111,351,2.93
174748,174093,351,10.99
245555,246210,351,2.93
205456,206111,351,2.93
156286,155630,351,3.88
218593,219248,351,2.93
238368,238369,351,4.59
220027,220028,352,10.99
244925,245581,352,10.99
224618,225274,352,10.99
172116,171460,352,10.99
172775,172119,352,10.99
245578,246234,352,10.99
223963,223964,352,10.99
245577,246234,352,10.99
245577,246232,352,10.99
172774,172119,352,10.99
206899,206243,352,9.44
206901,206245,352,9.44
243616,243617,352,9.44
242960,243617,352,9.44
210842,210187,352,9.44
223307,223964,352,10.99
206900,206245,352,9.44
206900,206243,352,9.44
174092,173437,352,10.99
172770,172113,352,10.99
172770,173425,352,10.99
204264,204265,352,4.59
164233,163577,352,4.59
233129,233785,352,4.59
230512,230513,352,4.59
199018,199019,352,4.59
153695,153039,352,4.59
183273,183274,352,4.59
174081,173425,352,4.59
189834,189835,352,4.59
179994,179995,352,4.59
168076,168732,352,4.59
168076,168075,352,4.59
197706,197707,352,4.59
154990,154334,352,4.59
181961,181962,352,4.59
198362,198363,352,4.59
195737,195738,352,4.59
199674,199675,352,4.59
156346,155690,352,4.59
156344,155688,352,4.59
155657,155001,352,4.59
157006,156350,352,4.59
164229,163573,352,3.88
164227,163571,352,3.88
244924,245581,352,10.99
232476,233132,352,4.59
173426,173425,352,4.59
173433,172778,352,10.99
174080,173425,352,4.59
181305,181962,352,4.59
189178,189835,352,4.59
165548,164893,352,4.59
155642,154987,352,4.59
173434,172778,352,10.99
208872,208217,352,4.59
196393,195738,352,4.59
224617,225274,352,4.59
229856,230513,352,4.59
203608,204265,352,4.59
208081,208080,352,2.93
215309,215965,352,2.93
164226,163571,352,3.88
167518,167519,352,4.59
160864,160863,352,2.93
156944,156289,352,3.88
162255,162912,352,3.88
220683,220028,352,10.99
191681,191025,352,2.93
191681,191680,352,2.93
163488,163487,352,2.93
224500,224499,352,2.93
174082,173425,352,4.59
153696,153039,352,4.59
155643,154987,352,4.59
192992,192335,352,2.93
215310,215965,352,2.93
155656,155001,352,4.59
207425,208080,352,2.93
168830,168831,352,4.59
157005,156350,352,4.59
232475,233132,352,4.59
175405,175406,352,10.99
154991,154334,352,4.59
192337,191680,352,2.93
231167,231824,352,4.59
223844,224499,352,2.93
191682,191025,352,2.93
237712,237713,352,4.59
245579,246235,353,10.99
244926,245582,353,10.99
219371,219372,353,10.99
172115,171459,353,10.99
224619,225275,353,10.99
224619,224620,353,10.99
172117,171461,353,10.99
220027,219372,353,10.99
244925,245582,353,10.99
224618,225275,353,10.99
242305,242306,353,9.44
172116,171461,353,10.99
172116,171459,353,10.99
206898,206242,353,9.44
221340,221341,353,10.99
172775,172120,353,10.99
245578,246235,353,10.99
223963,224620,353,10.99
206902,206246,353,9.44
206899,206242,353,9.44
206901,206246,353,9.44
243616,244273,353,9.44
172776,172120,353,10.99
173423,172767,353,4.59
229201,229202,353,4.59
193768,193769,353,4.59
209516,208860,353,4.59
153041,152385,353,4.59
154999,154343,353,4.59
245573,246229,353,4.59
152388,151732,353,4.59
193112,193113,353,4.59
240337,240338,353,4.59
158976,158977,353,4.59
233130,233786,353,4.59
187211,187212,353,4.59
180650,180651,353,4.59
156348,155692,353,4.59
154369,153713,353,4.59
152390,151734,353,4.59
152389,151733,353,4.59
155026,155027,353,4.59
233128,233784,353,4.59
177371,177372,353,4.59
154336,153680,353,4.59
154983,154327,353,4.59
176715,177372,353,4.59
185898,185243,353,4.59
154368,153713,353,4.59
154337,153680,353,4.59
155682,155027,353,4.59
194424,193769,353,4.59
152392,151736,353,4.59
202297,202954,353,4.59
153051,152396,353,4.59
154998,154343,353,4.59
173422,172767,353,4.59
156343,155687,353,4.59
153042,152385,353,4.59
170797,171454,353,4.59
166764,166763,353,2.93
216623,216622,353,2.93
210050,210049,353,2.93
167420,167419,353,2.93
226469,226468,353,2.93
214650,215306,353,2.93
173434,172779,353,10.99
192456,193113,353,4.59
197583,197582,353,2.93
156342,155686,353,4.59
204143,204142,353,2.93
171453,171454,353,4.59
164799,164143,353,2.93
156341,155686,353,4.59
173435,172779,353,10.99
246205,246861,353,2.93
209517,208860,353,4.59
225813,226468,353,2.93
209394,210049,353,2.93
185242,185243,353,4.59
214651,215306,353,2.93
202953,202954,353,4.59
246204,246861,353,2.93
164800,164143,353,2.93
215967,216622,353,2.93
174749,174750,353,10.99
228545,229202,353,4.59
176716,177372,353,4.59
175405,174750,353,10.99
175405,176062,353,10.99
152393,151737,353,4.59
250160,250816,353,10.99
245572,246229,353,4.59
238307,238963,353,2.93
152391,151735,353,4.59
173436,172780,354,10.99
221996,221997,354,10.99
172769,172768,354,10.99
245579,246236,354,10.99
244926,245583,354,10.99
219371,218716,354,10.99
172115,171458,354,10.99
244272,244928,354,9.44
242961,242962,354,9.44
224619,225276,354,10.99
172117,171462,354,10.99
206903,206247,354,9.44
242305,241650,354,9.44
242305,242962,354,9.44
172114,171458,354,10.99
206898,206241,354,9.44
221340,220685,354,10.99
221340,221997,354,10.99
174093,174094,354,10.99
206902,206247,354,9.44
222652,222653,354,10.99
220684,220685,354,10.99
172776,172121,354,10.99
187867,187868,354,4.59
208862,208206,354,4.59
239681,239682,354,4.59
153711,153055,354,4.59
227896,227897,354,4.59
154341,153685,354,4.59
186555,186556,354,4.59
207552,207551,354,4.59
154348,153692,354,4.59
154348,154347,354,4.59
225929,225930,354,4.59
161600,161601,354,3.88
164228,163572,354,3.88
246227,246883,354,4.59
208863,208206,354,4.59
211499,211500,354,9.44
166205,165550,354,4.59
191145,191802,354,4.59
233781,234438,354,4.59
227240,227897,354,4.59
235745,236402,354,4.59
246226,246883,354,4.59
154340,153685,354,4.59
154349,153692,354,4.59
231822,232479,354,4.59
155004,154347,354,4.59
204799,204798,354,2.93
160208,160207,354,2.93
246874,247530,354,2.93
238304,238960,354,2.93
248845,249501,354,2.93
248845,248844,354,2.93
246212,246868,354,2.93
213991,214647,354,2.93
213991,213990,354,2.93
160944,161601,354,3.88
221218,221217,354,2.93
163569,162913,354,3.88
198239,198238,354,2.93
223308,223309,354,10.99
173435,172780,354,10.99
203487,203486,354,2.93
172777,172121,354,10.99
211364,212019,354,2.93
213335,213990,354,2.93
220562,221217,354,2.93
245551,246208,354,2.93
212810,213467,354,4.59
213992,214647,354,2.93
217280,217935,354,2.93
246213,246868,354,2.93
236401,236402,354,4.59
153710,153055,354,4.59
191801,191802,354,4.59
156287,155631,354,3.88
250161,250817,354,10.99
174749,174094,354,10.99
212020,212676,354,2.93
212020,212019,354,2.93
152394,151738,354,4.59
245552,246208,354,2.93
244927,245583,354,10.99
244927,244928,354,10.99
217936,217935,354,2.93
212021,212676,354,2.93
250160,250817,354,10.99
250160,250815,354,10.99
244271,244928,354,9.44
165453,164796,354,2.93
156286,155631,354,3.88
196927,196926,354,2.93
240993,240994,354,4.59
173437,172781,355,10.99
173437,173438,355,10.99
246234,246890,355,10.99
223964,223965,355,10.99
173436,172781,355,10.99
206244,205588,355,9.44
206904,206248,355,9.44
206904,206905,355,9.44
172769,172112,355,10.99
172778,172122,355,10.99
244272,244929,355,9.44
242961,243618,355,9.44
206903,206248,355,9.44
172114,171457,355,10.99
174093,173438,355,10.99
158320,158321,355,4.59
200330,200331,355,4.59
234436,235092,355,4.59
204920,205576,355,4.59
204920,204921,355,4.59
153694,153038,355,4.59
157007,156351,355,4.59
157007,157008,355,4.59
190490,190491,355,4.59
164234,163578,355,4.59
235091,235092,355,4.59
220684,220029,355,10.99
188523,188524,355,4.59
233127,233783,355,4.59
232477,233133,355,4.59
245575,246231,355,4.59
195081,195082,355,4.59
220028,220029,355,10.99
172113,171457,355,10.99
172113,172112,355,10.99
204919,205576,355,4.59
204264,204921,355,4.59
164233,163578,355,4.59
171460,170804,355,10.99
230512,231169,355,4.59
153695,153038,355,4.59
189834,190491,355,4.59
168076,168731,355,4.59
197706,197051,355,4.59
154990,154333,355,4.59
157663,157008,355,4.59
234435,235092,355,4.59
195737,195082,355,4.59
199674,200331,355,4.59
211499,210844,355,9.44
211499,212156,355,9.44
193647,193646,355,2.93
157006,156351,355,4.59
246873,247529,355,2.93
223187,223186,355,2.93
196271,196270,355,2.93
232476,233133,355,4.59
166862,166863,355,4.59
226585,226586,355,4.59
245553,246209,355,2.93
167518,166863,355,4.59
223308,223965,355,10.99
201520,201519,355,2.93
245554,246209,355,2.93
195615,196270,355,2.93
172777,172122,355,10.99
194303,193646,355,2.93
222531,223186,355,2.93
202176,201519,355,2.93
175406,175407,355,10.99
200208,200207,355,2.93
197050,197051,355,4.59
206768,206767,355,2.93
168830,169487,355,4.59
199552,200207,355,2.93
244927,245584,355,10.99
206112,206767,355,2.93
169486,169487,355,4.59
154989,154333,355,4.59
155027,154371,356,10.99
155027,155028,356,10.99
172120,171464,356,10.99
225275,225931,356,10.99
172779,172123,356,10.99
250816,251472,356,10.99
224620,224621,356,10.99
173437,172782,356,10.99
206245,205589,356,9.44
246234,246891,356,10.99
246234,246889,356,10.99
223964,224621,356,10.99
172118,171463,356,9.62
206244,205589,356,9.44
206244,205587,356,9.44
206904,206249,356,9.44
206904,207561,356,9.44
172778,172123,356,10.99
245574,246230,356,4.59
154985,154329,356,4.59
233131,233787,356,4.59
178027,178028,356,4.59
184586,184587,356,4.59
153040,152384,356,4.59
155684,155028,356,4.59
203609,203610,356,4.59
189179,189180,356,4.59
164892,164236,356,4.59
153682,153026,356,4.59
155000,154344,356,4.59
154986,154330,356,4.59
152387,151731,356,4.59
209530,209531,356,4.59
172109,172110,356,4.59
156349,155693,356,4.59
181306,181307,356,4.59
154982,154326,356,4.59
154984,154328,356,4.59
220028,219373,356,10.99
172119,171463,356,9.62
164891,164236,356,4.59
153041,152384,356,4.59
154999,154344,356,4.59
245573,246230,356,4.59
171459,170803,356,10.99
152388,151731,356,4.59
233130,233787,356,4.59
219372,219373,356,10.99
180650,181307,356,4.59
156348,155693,356,4.59
172113,171456,356,10.99
154369,153714,356,4.59
155026,154371,356,4.59
177371,178028,356,4.59
225156,225155,356,2.93
196394,196395,356,4.59
171460,170805,356,10.99
171460,170803,356,10.99
246872,247528,356,2.93
208737,208736,356,2.93
154336,153679,356,4.59
215308,215964,356,2.93
200864,200863,356,2.93
154983,154328,356,4.59
154983,154326,356,4.59
174750,174751,356,10.99
208873,208218,356,4.59
208081,208736,356,2.93
215309,215964,356,2.93
171453,172110,356,4.59
191681,191024,356,2.93
170142,170143,356,4.59
224500,225155,356,2.93
206243,205587,356,9.44
175406,174751,356,10.99
175406,176063,356,10.99
154335,153679,356,4.59
185242,184587,356,4.59
202953,203610,356,4.59
176716,177373,356,4.59
155629,154973,356,3.88
176717,177373,356,4.59
176717,176718,356,4.59
225276,225932,357,10.99
225276,225277,357,10.99
172780,172124,357,10.99
172121,171465,357,10.99
220685,220686,357,10.99
223309,223310,357,10.99
155027,154372,357,10.99
242306,242307,357,9.44
206242,205586,357,9.44
245582,246238,357,9.44
172120,171465,357,10.99
225275,225932,357,10.99
244273,244274,357,9.44
172779,172124,357,10.99
250816,251473,357,10.99
250816,251471,357,10.99
224620,225277,357,10.99
206245,205590,357,9.44
174094,174095,357,10.99
243617,244274,357,9.44
239025,239026,357,4.59
246228,246884,357,4.59
153681,153025,357,4.59
153712,153056,357,4.59
152386,151730,357,4.59
153683,153027,357,4.59
178683,178684,357,4.59
200986,200987,357,4.59
201642,201643,357,4.59
155685,155029,357,4.59
154342,153686,357,4.59
194425,194426,357,4.59
192457,192458,357,4.59
163570,162914,357,3.88
156288,155632,357,3.88
162256,162257,357,3.88
185899,185900,357,4.59
208862,208205,357,4.59
239681,239026,357,4.59
153711,153056,357,4.59
227896,228553,357,4.59
154341,153686,357,4.59
218716,218717,357,10.99
186555,185900,357,4.59
171458,170802,357,10.99
207552,206895,357,4.59
154348,153691,357,4.59
166108,166107,357,2.93
171459,170802,357,10.99
246871,247527,357,2.93
210706,210705,357,2.93
219372,218717,357,10.99
214649,215305,357,2.93
158896,158895,357,2.93
238308,238964,357,2.93
161600,162257,357,3.88
212811,212812,357,4.59
246227,246884,357,4.59
170798,170799,357,4.59
174750,174095,357,10.99
222653,222654,357,10.99
166764,166107,357,2.93
216623,217278,357,2.93
210050,210705,357,2.93
214650,215305,357,2.93
208874,208875,357,4.59
163569,162914,357,3.88
164799,164142,357,2.93
206246,205590,357,9.44
246206,246862,357,2.93
206243,205586,357,9.44
246205,246862,357,2.93
238306,238962,357,2.93
236401,237058,357,4.59
164798,164142,357,2.93
191801,192458,357,4.59
156287,155632,357,3.88
219905,219904,357,2.93
208861,208205,357,4.59
250817,251473,357,10.99
237057,237058,357,4.59
152394,151739,357,4.59
202298,202299,357,4.59
238307,238964,357,2.93
238307,238962,357,2.93
172112,172111,358,10.99
223965,223966,358,10.99
170804,170148,358,10.99
173438,173439,358,10.99
172781,172125,358,10.99
242962,242963,358,9.44
225276,225933,358,10.99
172780,172125,358,10.99
206247,205591,358,9.44
220029,220030,358,10.99
172121,171466,358,10.99
220685,220030,358,10.99
220685,221342,358,10.99
223309,223966,358,10.99
242306,241651,358,9.44
242306,242963,358,9.44
206242,205585,358,9.44
245582,246239,358,9.44
245582,246237,358,9.44
244273,244930,358,9.44
174094,173439,358,10.99
227241,227242,358,4.59
182618,182619,358,4.59
234437,235093,358,4.59
172122,171466,358,10.99
168175,168176,358,4.59
153684,153028,358,4.59
206896,206240,358,4.59
246882,247538,358,4.59
232478,233134,358,4.59
159633,159634,358,4.59
164235,163579,358,4.59
179339,179340,358,4.59
238369,238370,358,4.59
153693,153037,358,4.59
160289,160290,358,3.88
235747,236403,358,4.59
235747,235748,358,4.59
171457,170801,358,10.99
183930,183931,358,4.59
158320,157665,358,4.59
246881,247538,358,4.59
234436,235093,358,4.59
155003,154346,358,4.59
204920,205577,358,4.59
153694,153037,358,4.59
235746,236403,358,4.59
157007,156352,358,4.59
155002,154346,358,4.59
190490,191147,358,4.59
164234,163579,358,4.59
235091,235748,358,4.59
232477,233134,358,4.59
221874,221873,358,2.93
202831,202830,358,2.93
166206,166207,358,4.59
159552,159551,358,2.93
191146,191147,358,4.59
218592,218591,358,2.93
218716,218061,358,10.99
157584,157583,358,2.93
205455,205454,358,2.93
171458,170801,358,10.99
246870,247526,358,2.93
238305,238961,358,2.93
246211,246867,358,2.93
153054,152398,358,4.59
163576,162920,358,3.88
249502,250158,358,2.93
171461,170806,358,9.62
222653,221998,358,10.99
198895,198894,358,2.93
204799,205454,358,2.93
166862,166207,358,4.59
160208,159551,358,2.93
171462,170806,358,9.62
228552,229208,358,4.59
238304,238961,358,2.93
157664,157665,358,4.59
155689,155033,358,4.59
248845,249500,358,2.93
226585,227242,358,4.59
246212,246867,358,2.93
213991,214646,358,2.93
221218,221873,358,2.93
154988,154332,358,4.59
198239,198894,358,2.93
206246,205591,358,9.44
155691,155035,358,4.59
203487,202830,358,2.93
245583,246239,358,9.44
231823,232480,358,4.59
212020,212675,358,2.93
250817,251474,358,10.99
217936,218591,358,2.93
154989,154332,358,4.59
172782,172126,359,10.99
172782,172783,359,10.99
170803,170147,359,10.99
224621,224622,359,10.99
172112,171455,359,10.99
223965,224622,359,10.99
170804,170149,359,10.99
170804,170147,359,10.99
173438,172783,359,10.99
243618,243619,359,9.44
172781,172126,359,10.99
245584,246240,359,9.44
245584,245585,359,9.44
206248,205592,359,9.44
242962,243619,359,9.44
206247,205592,359,9.44
220029,219374,359,10.99
244928,245585,359,9.44
219373,219374,359,10.99
246232,246888,359,4.59
167519,167520,359,4.59
210187,210188,359,4.59
168075,168074,359,4.59
155688,155032,359,4.59
199675,199676,359,4.59
197707,197708,359,4.59
195738,195739,359,4.59
199019,199020,359,4.59
164893,164237,359,4.59
164893,164894,359,4.59
154987,154331,359,4.59
198363,198364,359,4.59
155001,154345,359,4.59
153039,152383,359,4.59
168831,168832,359,4.59
237713,237714,359,4.59
204265,204266,359,4.59
233785,234441,359,4.59
156350,155694,359,4.59
233132,233788,359,4.59
231824,231825,359,4.59
183274,183275,359,4.59
181962,181963,359,4.59
172122,171467,359,10.99
155634,154978,359,3.88
155634,155633,359,3.88
160945,160946,359,3.88
179995,179996,359,4.59
189835,189836,359,4.59
163575,162919,359,3.88
171456,170800,359,10.99
171456,171455,359,10.99
171457,170800,359,10.99
205588,204932,359,9.44
233131,233788,359,4.59
153040,152383,359,4.59
203609,204266,359,4.59
189179,189836,359,4.59
165549,164894,359,4.59
164892,164237,359,4.59
155000,154345,359,4.59
154986,154331,359,4.59
231168,231825,359,4.59
156349,155694,359,4.59
181306,181963,359,4.59
192991,192990,359,2.93
158240,158239,359,2.93
156290,155633,359,3.88
155630,154974,359,3.88
163574,162918,359,3.88
196394,195739,359,4.59
244929,245585,359,9.44
193647,192990,359,2.93
223187,223842,359,2.93
207424,207423,359,2.93
171462,170807,359,9.62
153053,152397,359,2.93
155628,154972,359,3.88
155690,155034,359,4.59
154335,153678,359,4.59
162175,162174,359,2.93
245583,246240,359,9.44
206768,207423,359,2.93
168732,169388,359,4.59
155629,154974,359,3.88
155629,154972,359,3.88
154334,153678,359,4.59
223843,223842,359,2.93
251472,252128,359,10.99
176717,177374,359,4.59
