data/handson/Instances_Belgium/Case1_Clinge/saz.asc
ncols         601
nrows         601
xllcorner     626488.5234000001
yllcorner     712946.1043
cellsize      10.0
NODATA_value  -9999.0
[rows 540 to 584 of 601, columns 192 to 287 of 601]
79 100 96 285 263 244 196 166 157 120 112 140 218 253 46 31 20 334 283 293 307 16 129 153 156 118 92 75 345 318 304 310 34 82 54 346 330 14 49 25 322 293 289 295 298 304 320 72 84 81 105 190 149 146 136 135 132 0 336 227 243 269 291 101 85 63 45 141 129 115 108 118 270 274 310 22 74 122 225 251 267 284 300 327 15 54 95 146 194 202 198 98 92 107 259 276
85 97 60 347 266 202 173 176 190 183 83 26 330 321 11 30 51 110 233 231 194 156 145 163 187 186 61 17 341 337 330 328 89 101 325 325 316 67 81 56 285 250 264 285 296 307 340 104 86 63 51 121 137 155 163 161 173 180 183 209 239 239 198 123 84 58 67 124 143 135 120 180 275 283 294 27 61 28 331 321 310 291 291 320 20 52 69 74 300 268 283 39 60 30 326 294
68 70 332 359 78 126 134 174 230 254 303 351 348 354 28 60 91 129 200 215 172 134 120 149 239 269 329 339 324 339 10 62 90 98 275 300 356 75 74 52 20 240 261 277 287 294 113 123 103 74 84 105 110 131 200 213 139 159 212 242 242 221 198 148 67 55 73 94 132 169 148 280 280 279 279 288 28 354 330 334 342 313 284 292 29 53 61 51 358 318 316 353 28 19 2 325
46 48 358 178 52 36 46 13 299 287 297 326 0 75 111 113 116 144 211 249 102 91 68 16 314 303 327 308 289 311 47 69 76 75 272 258 309 14 31 30 43 256 265 273 273 201 129 131 132 123 116 110 86 47 354 209 129 12 319 291 228 203 216 264 17 58 70 66 63 141 199 299 289 266 253 251 318 329 322 336 5 358 283 245 204 49 57 46 4 324 316 345 26 42 50 59
54 63 76 199 281 343 34 15 324 294 264 181 162 143 125 108 101 114 264 282 338 24 14 355 332 327 21 315 276 283 59 68 70 63 320 258 276 323 19 40 62 316 264 256 228 163 128 121 123 124 117 112 56 28 45 79 310 336 350 9 64 203 253 268 202 133 102 65 59 73 276 285 287 267 287 296 302 310 309 331 32 50 262 215 234 4 52 41 7 313 297 333 52 66 72 109
88 80 70 351 272 236 96 35 309 221 181 172 170 167 154 84 62 22 319 310 348 9 6 352 324 316 62 330 285 290 48 65 66 54 16 281 267 263 52 71 75 33 256 227 206 183 139 105 94 91 87 77 59 78 73 38 325 328 352 13 30 5 301 258 149 161 173 57 50 48 355 269 258 281 308 319 314 306 297 311 76 87 130 203 244 288 42 36 24 311 272 256 82 65 67 82
99 80 58 14 290 206 158 23 22 159 161 166 170 191 243 326 31 6 332 319 356 16 27 25 330 207 146 298 277 265 90 76 70 58 42 314 263 242 195 86 73 43 278 223 226 224 185 98 78 69 63 56 89 144 121 356 322 322 343 7 25 17 354 127 116 139 247 294 34 51 44 34 253 261 281 304 310 297 279 240 100 97 124 196 241 255 35 48 53 18 264 223 128 69 66 44
88 64 54 31 327 334 347 2 18 31 49 70 351 327 308 304 26 6 317 264 296 7 34 40 62 161 192 262 255 219 168 105 83 73 67 23 263 251 256 56 56 29 354 325 300 289 307 98 73 52 46 53 91 146 197 292 306 312 335 29 68 76 116 138 93 9 322 320 44 66 64 51 231 236 254 267 264 246 243 196 110 97 115 180 233 237 204 123 75 26 287 206 178 95 52 19
95 74 75 42 292 314 344 3 16 33 61 98 294 329 338 349 64 32 303 237 261 309 41 51 67 96 246 272 247 209 202 148 87 77 73 63 268 263 271 335 39 8 331 313 309 332 42 76 61 51 53 70 85 101 261 278 288 303 2 102 110 112 116 151 290 332 340 7 55 52 40 43 66 254 264 268 252 224 228 198 129 108 114 163 229 232 213 197 5 11 27 130 221 243 300 30
146 117 107 191 269 267 293 354 37 76 104 150 227 280 341 77 79 35 21 273 264 252 51 47 55 42 342 308 296 251 254 253 78 70 70 65 277 276 272 257 20 15 142 193 224 273 37 57 81 127 122 95 72 33 331 285 273 287 87 113 117 120 108 25 281 284 308 16 38 30 35 52 43 331 295 295 300 200 218 194 145 122 118 155 227 233 234 271 320 356 23 23 5 71 157 164
157 103 78 342 276 252 260 312 65 82 93 120 255 267 300 64 20 6 12 321 273 247 266 23 50 39 13 353 344 311 280 244 92 82 81 69 264 242 205 191 193 92 95 160 257 272 359 64 84 111 127 113 47 17 12 322 256 230 136 117 108 104 70 341 294 267 267 297 352 30 61 81 50 329 304 299 84 135 204 186 151 125 108 114 252 248 249 257 274 326 24 34 55 102 119 145
212 10 11 359 326 250 252 257 65 66 66 36 302 267 255 7 359 3 14 353 301 269 272 345 62 53 36 26 16 335 262 178 123 115 101 73 185 175 166 181 205 213 48 0 313 288 11 75 79 78 71 67 53 58 73 76 217 191 167 138 92 41 7 345 319 292 280 283 254 111 102 111 224 311 305 246 121 113 168 174 163 139 86 16 317 275 251 233 230 231 164 80 101 117 109 104
257 304 349 10 34 260 252 239 195 62 59 35 341 245 246 321 352 9 26 18 311 272 263 230 96 85 112 156 166 172 180 45 43 32 20 24 41 71 85 100 266 265 301 340 342 331 109 88 80 69 63 76 107 133 143 146 153 171 194 219 331 353 352 348 337 309 272 221 156 139 118 112 270 289 308 147 136 125 131 153 174 200 328 348 347 318 241 219 227 225 196 151 127 124 115 87
281 287 321 27 58 31 254 219 208 128 85 73 96 204 248 295 349 31 64 99 221 252 238 186 135 121 138 162 179 195 234 318 354 4 9 13 12 12 10 1 348 307 279 303 12 116 133 110 90 77 83 100 114 127 144 162 175 215 278 293 313 323 330 343 354 342 201 166 150 150 134 46 299 272 204 116 124 139 137 131 285 302 305 321 357 16 154 210 228 215 175 163 152 139 129 133
300 294 326 15 44 46 144 200 218 183 108 95 114 199 240 235 192 53 58 77 294 306 256 160 130 105 104 125 199 241 266 291 323 355 19 17 358 347 342 0 31 65 255 263 112 116 139 129 123 127 125 116 107 99 104 141 241 273 285 286 301 303 295 316 48 92 126 135 128 143 212 310 308 242 189 108 102 119 153 307 309 311 307 292 300 88 128 178 213 192 147 153 170 165 138 145
316 309 332 6 42 72 100 180 227 190 121 93 101 156 207 203 214 301 35 49 340 344 26 101 93 68 52 24 357 318 290 284 288 312 34 11 344 336 325 32 88 107 228 253 111 91 107 116 129 149 157 148 101 56 50 21 327 283 253 231 235 275 264 206 146 115 108 108 80 26 333 299 256 201 203 113 81 58 356 323 310 303 291 229 161 131 132 165 205 198 140 107 143 158 125 150
316 297 306 9 64 76 69 26 246 183 140 85 79 79 123 211 251 274 37 55 344 354 19 20 6 1 2 6 10 356 329 300 281 264 321 336 326 337 4 101 104 123 223 235 178 121 117 107 107 123 165 211 298 359 21 17 14 14 209 204 217 238 196 176 170 143 112 104 15 6 19 63 160 200 225 194 95 67 9 335 312 285 216 161 146 127 115 139 227 229 206 32 42 81 84 10
308 260 253 176 85 66 31 18 54 157 182 46 42 32 25 342 293 269 120 38 320 341 3 9 10 13 15 349 336 352 2 8 332 315 318 319 310 326 51 83 96 121 210 219 194 171 151 116 84 51 9 328 311 333 14 29 42 54 113 179 213 224 164 170 189 186 130 138 270 350 66 88 116 198 223 183 140 157 199 254 264 196 165 153 144 133 97 33 311 266 245 230 74 59 32 349
164 216 234 214 84 50 5 19 59 115 231 283 355 9 5 350 323 262 170 244 272 289 331 23 50 59 80 199 280 331 32 64 44 306 302 293 282 272 67 81 92 109 209 240 237 242 295 53 32 17 13 355 319 328 24 53 59 65 85 126 238 227 143 148 227 228 153 145 269 306 80 85 79 26 285 108 118 159 218 244 200 173 164 149 136 143 69 354 349 334 311 304 1 354 347 339
175 210 251 293 49 27 326 11 58 84 247 257 163 178 213 280 295 233 141 196 224 210 185 174 166 138 124 191 255 282 70 85 96 238 224 221 232 230 124 85 90 99 273 300 325 340 355 3 5 13 28 19 316 323 63 90 76 67 62 34 317 210 174 0 328 232 181 300 295 333 67 74 39 355 347 34 82 129 230 235 156 168 185 189 136 113 246 238 288 338 348 347 347 344 338 332
327 296 285 301 51 324 296 0 55 50 353 353 53 108 251 257 254 140 74 35 270 193 170 177 200 175 97 200 255 256 111 112 154 185 186 198 225 240 250 86 85 74 297 300 330 353 0 6 12 30 56 66 294 327 82 93 71 53 40 29 43 107 277 323 21 81 246 292 293 330 76 82 21 334 332 40 75 81 260 213 118 146 223 245 238 44 54 251 283 315 346 351 339 336 341 336
355 347 323 324 73 261 282 324 34 20 357 2 24 21 348 289 250 248 340 359 11 35 68 257 294 345 48 54 260 242 132 133 166 186 198 217 238 257 280 84 75 42 317 294 313 8 12 27 47 74 91 117 229 262 76 68 41 36 29 36 44 15 318 315 52 58 336 296 282 245 96 101 285 312 320 62 71 48 342 162 94 41 304 274 275 351 7 333 309 319 354 7 353 287 302 337
0 3 356 33 67 332 291 303 354 0 355 7 27 27 23 18 343 273 284 326 44 68 59 347 297 323 73 78 259 222 127 124 158 198 229 246 254 259 263 88 70 35 335 299 307 89 106 87 99 99 97 106 252 260 78 63 51 55 24 32 30 7 337 195 110 74 3 287 259 158 103 102 268 282 279 113 87 66 70 122 62 3 343 313 311 327 337 330 317 327 6 20 21 345 310 337
345 15 26 52 25 335 307 305 328 349 0 16 28 25 24 21 20 313 250 205 143 124 54 344 301 180 123 100 249 206 125 96 65 295 277 269 264 255 240 110 84 61 329 287 25 57 25 58 92 103 90 60 300 261 112 82 88 120 164 149 119 107 150 166 166 160 193 220 224 165 106 81 275 246 184 140 129 141 150 158 311 339 350 339 326 328 332 326 317 327 359 8 7 354 335 347
199 191 151 218 321 327 318 315 319 340 12 21 13 15 23 31 44 48 157 177 161 193 274 320 89 140 141 128 273 267 70 46 7 329 295 270 257 248 233 133 95 80 299 269 272 37 17 64 88 100 88 53 316 199 154 123 116 129 155 147 131 120 122 150 201 229 228 231 235 176 106 83 214 188 163 120 107 121 213 277 307 332 350 345 333 332 336 330 318 317 339 351 352 350 342 353
196 195 183 231 287 313 319 324 325 337 9 15 14 25 42 55 56 42 26 20 20 344 278 201 125 108 106 246 300 339 20 39 24 339 278 245 242 245 231 154 97 66 336 268 242 7 21 74 86 89 93 100 150 171 172 160 140 139 155 144 112 88 71 38 331 279 270 297 305 21 88 106 151 176 192 94 58 30 350 317 314 332 349 350 342 340 342 341 333 319 312 300 272 234 179 170
233 234 229 263 281 298 309 321 334 342 353 10 30 48 67 87 76 39 14 17 30 31 68 159 149 73 55 307 285 311 51 68 53 17 343 302 279 268 246 170 108 70 84 190 194 199 159 118 103 98 98 102 124 156 181 179 155 146 162 162 126 68 20 9 9 8 241 289 309 57 85 89 96 146 271 306 5 11 10 348 318 321 342 348 342 339 336 344 10 105 169 176 178 170 159 163
347 344 347 295 284 288 294 305 327 341 347 15 48 63 84 112 134 134 143 148 117 70 83 117 183 5 29 339 276 221 131 97 39 358 353 349 341 325 300 146 123 109 137 172 198 211 179 148 130 119 106 91 94 116 174 186 169 139 139 162 171 261 320 357 33 89 203 260 268 129 86 57 30 358 328 323 348 2 6 355 335 324 337 343 326 280 209 177 158 147 153 170 185 185 166 158
357 0 9 282 266 257 260 276 297 322 345 43 85 102 105 113 142 159 150 164 188 90 77 67 316 323 8 3 264 181 165 154 297 308 329 354 33 117 91 18 24 92 127 163 209 220 183 156 145 141 135 118 101 90 12 0 356 17 143 105 345 272 281 330 71 84 300 287 333 24 14 356 346 345 342 338 345 345 343 350 359 14 140 165 172 170 167 168 168 145 128 153 207 218 204 192
157 160 162 216 225 219 232 251 257 248 208 106 118 134 131 118 134 155 142 166 240 312 59 34 339 308 348 38 98 156 195 277 255 207 208 183 142 169 258 346 27 79 114 153 215 221 189 162 150 151 155 156 142 272 321 353 24 83 162 319 351 290 251 195 120 68 352 325 352 359 352 349 345 344 349 349 341 294 253 199 146 145 155 165 172 172 170 173 181 152 98 50 301 253 245 277
151 154 156 174 190 217 243 254 236 199 186 104 105 128 149 149 142 148 142 191 252 246 84 49 31 140 225 81 89 104 265 290 109 163 207 186 132 202 264 294 69 87 93 98 249 236 197 171 155 149 145 151 273 279 285 327 67 83 19 309 349 2 188 181 178 356 350 346 353 349 338 347 8 32 105 158 164 169 177 172 162 151 146 156 170 176 179 192 219 225 26 10 2 297 257 241
122 118 88 41 72 262 264 259 200 185 210 90 88 103 139 175 159 154 152 208 235 205 167 157 164 179 212 113 74 31 319 301 84 77 277 266 72 332 262 214 139 96 64 25 345 274 160 167 172 179 251 341 341 298 255 197 125 74 357 328 353 13 25 5 329 332 355 7 1 344 281 183 147 138 148 163 174 175 173 172 169 154 134 140 170 205 260 300 299 306 337 9 38 42 233 194
109 57 343 358 17 293 267 238 155 179 237 286 76 76 64 145 153 138 14 341 292 181 147 162 199 207 216 203 48 15 351 19 61 23 323 324 26 9 258 187 178 140 26 19 26 56 84 106 257 292 306 326 347 358 173 179 183 348 350 349 358 358 354 357 1 19 99 149 164 161 160 165 165 152 141 155 181 186 177 177 184 169 128 120 263 289 300 309 306 304 331 81 92 96 132 177
169 325 312 331 10 296 248 199 155 192 256 281 60 52 40 48 26 352 351 351 353 3 19 24 50 186 223 258 90 136 262 2 31 11 337 333 13 27 45 54 273 266 326 24 36 37 33 13 350 338 330 332 352 18 42 18 315 320 351 11 14 10 330 164 150 138 142 162 180 178 162 164 170 162 144 148 185 192 180 186 206 200 117 48 310 292 285 281 259 210 173 156 141 141 141 305
307 327 324 325 347 342 202 176 160 238 267 278 39 43 48 65 33 340 347 344 339 357 25 48 74 117 250 269 104 148 236 256 24 16 337 314 91 84 37 19 30 80 303 344 1 3 3 359 354 351 348 348 357 7 11 2 349 343 121 147 152 138 138 153 163 142 127 148 195 197 154 151 170 168 147 138 198 204 189 207 234 238 196 355 311 292 275 253 208 175 156 147 126 36 317 314
340 346 349 345 342 10 51 80 60 283 275 277 5 40 60 79 65 317 340 340 323 9 82 95 88 58 290 275 98 110 223 209 186 179 182 177 167 171 181 172 136 159 303 331 348 352 352 352 352 356 3 10 16 30 74 132 158 155 152 165 178 174 152 148 159 139 109 93 276 266 68 46 27 38 46 21 348 349 17 262 256 250 225 241 267 273 259 229 207 182 43 8 357 343 332 327
351 357 8 2 339 350 12 15 17 286 272 266 297 45 70 80 51 291 319 348 202 153 125 111 91 33 302 281 82 66 87 189 191 188 182 167 135 148 246 276 334 320 306 317 345 357 355 348 332 354 97 119 143 142 137 146 158 149 137 156 197 202 175 158 156 143 106 43 319 303 3 24 30 31 27 13 352 3 31 16 290 241 219 312 311 316 324 322 304 272 314 331 333 332 327 333
352 7 26 7 334 334 1 33 80 261 259 248 248 57 76 75 48 273 202 143 148 161 158 114 83 87 269 272 45 31 24 24 39 205 284 338 359 359 353 351 351 345 330 322 349 13 19 64 150 163 163 160 161 162 157 153 157 144 117 102 233 213 189 171 155 145 120 51 291 281 140 141 107 34 34 19 341 357 23 18 14 203 249 317 334 340 346 356 12 283 285 313 321 322 317 325
341 25 15 356 336 336 5 67 88 261 255 243 247 356 75 67 48 77 172 138 126 152 201 220 89 81 282 289 341 8 20 27 35 354 305 317 346 355 354 353 351 353 358 99 148 150 162 151 140 149 165 164 154 161 174 175 164 151 116 53 52 184 197 194 151 134 120 202 268 256 124 154 214 316 45 33 317 330 2 23 51 69 282 305 331 341 343 4 41 44 286 295 309 317 314 318
248 333 347 348 344 346 359 56 61 315 261 242 252 278 66 56 50 78 137 139 115 127 231 227 122 11 311 310 331 356 13 18 18 357 327 314 334 354 353 358 109 148 148 159 167 162 159 162 159 154 166 157 131 131 173 182 169 154 131 98 108 157 221 241 113 79 81 229 262 231 112 143 239 265 76 69 287 296 330 20 48 17 308 306 327 338 337 9 48 36 304 282 285 301 310 321
255 278 305 328 339 333 333 46 56 317 247 240 249 238 109 79 78 87 100 116 90 53 311 277 314 332 319 317 332 345 357 358 356 355 350 309 166 161 166 158 153 152 148 154 168 155 139 155 188 209 196 163 128 103 123 161 176 167 143 122 111 137 253 257 217 80 81 63 267 212 102 120 254 256 103 76 273 270 288 356 45 10 311 304 322 332 329 12 56 45 326 277 275 289 305 323
260 243 225 207 189 191 203 121 127 171 204 233 234 206 167 141 121 97 67 39 34 11 349 339 339 338 331 328 341 347 345 332 311 26 128 157 172 174 171 163 154 156 155 147 154 142 112 83 278 241 195 169 152 137 137 154 175 177 167 141 104 42 275 242 194 147 103 21 287 172 92 79 270 254 123 27 272 250 259 290 64 12 292 291 307 319 313 34 74 63 338 279 276 284 301 324
220 202 194 188 182 183 186 139 119 141 197 228 216 193 175 166 158 111 21 4 0 357 352 348 344 344 341 344 66 128 162 173 177 155 136 146 176 183 169 152 138 149 185 183 125 133 102 30 14 131 157 157 151 132 123 136 164 180 190 186 112 8 285 210 187 179 176 328 305 73 83 53 290 265 293 2 306 253 259 261 86 5 277 276 282 292 274 125 96 84 335 275 274 279 300 331
192 189 187 175 164 173 183 163 121 89 303 287 239 198 179 178 214 319 348 353 352 352 354 348 323 246 163 163 161 161 166 163 161 161 149 136 246 292 12 45 55 39 356 52 106 119 136 110 94 98 97 89 62 56 70 77 101 167 217 233 238 12 144 169 171 185 216 278 308 46 72 38 311 293 327 354 353 293 272 260 95 341 271 262 252 241 194 151 121 112 227 267 271 274 294 335
190 189 187 159 131 141 189 189 72 354 329 323 318 310 333 347 340 323 311 334 48 106 143 159 169 163 154 158 165 163 153 127 120 145 200 298 315 327 349 17 36 33 35 66 84 85 87 99 67 27 21 15 9 33 56 61 63 57 295 298 327 15 56 79 106 203 256 273 285 86 81 46 296 274 280 327 354 295 274 260 95 327 264 247 231 206 157 138 123 128 232 255 261 261 262 263
