data/handson/Instances_Belgium/Case1_Clinge/saz.asc
ncols         601
nrows         601
xllcorner     626488.5234000001
yllcorner     712946.1043
cellsize      10.0
NODATA_value  -9999.0
[rows 495 to 539 of 601, columns 480 to 575 of 601]
119 162 220 262 311 1 35 51 72 101 113 123 184 216 227 158 112 132 236 238 130 132 145 103 103 171 241 239 156 113 113 134 174 133 108 108 116 166 235 232 222 207 187 115 94 87 188 181 160 160 161 147 125 117 149 174 153 110 79 41 308 263 83 54 349 330 347 349 340 336 339 346 355 1 4 346 318 287 291 306 315 327 357 10 15 34 56 61 44 45 50 30 0 353 7 353
114 155 249 263 280 339 49 61 78 100 114 123 174 212 225 155 108 120 250 244 124 132 188 65 89 133 241 238 177 126 119 136 177 136 109 109 116 154 229 224 217 210 200 143 102 86 118 146 143 151 168 162 134 119 125 138 142 125 90 47 347 146 85 37 348 327 339 347 346 339 333 341 353 356 356 349 334 285 284 298 312 323 349 12 32 53 62 54 26 25 37 30 14 9 13 350
123 154 243 235 239 230 87 67 79 94 103 92 101 234 243 140 96 80 268 237 124 135 217 195 96 119 239 233 188 142 126 141 179 146 113 111 116 137 211 211 214 210 191 157 128 115 124 140 140 133 161 146 128 146 174 205 75 119 125 142 202 342 47 30 5 300 294 326 344 338 327 338 355 356 347 347 346 285 280 290 306 319 340 19 54 71 69 51 19 23 47 54 34 17 10 343
123 187 226 220 234 238 237 69 80 84 78 54 48 283 246 149 99 77 269 211 122 143 223 214 101 111 235 228 195 154 129 140 179 154 119 114 123 138 172 193 209 200 176 162 148 131 122 132 156 155 85 99 102 124 233 268 71 98 109 146 245 269 38 40 58 177 248 304 340 338 325 337 2 359 337 343 358 291 278 279 288 306 324 48 77 82 73 48 10 24 48 44 19 1 356 340
73 20 143 215 249 267 288 75 79 70 54 51 60 62 202 152 117 114 245 176 116 145 224 224 106 106 226 220 199 166 133 138 174 158 125 117 128 139 151 176 197 182 161 163 164 152 128 111 158 234 115 93 80 50 315 273 113 83 75 48 277 241 220 44 88 161 241 289 333 341 329 340 8 4 337 337 352 302 277 264 255 262 246 120 98 88 77 46 345 6 28 24 20 13 347 341
37 45 94 217 259 268 272 96 83 69 62 74 94 125 149 146 130 144 224 161 116 142 228 227 120 109 195 199 194 178 148 152 172 168 152 146 149 147 150 167 185 167 141 151 173 176 152 93 20 83 103 87 66 35 6 326 124 76 60 36 352 215 232 60 84 106 270 285 319 339 328 341 15 10 342 332 336 308 276 252 241 239 196 126 100 83 70 20 315 336 5 20 35 30 340 338
35 62 86 234 262 259 225 125 96 81 81 94 118 142 151 148 139 155 204 159 121 142 228 225 143 115 152 180 198 194 154 154 166 169 167 165 166 155 148 165 188 179 135 119 172 200 180 95 10 25 51 78 76 62 61 101 120 85 52 35 58 172 233 219 68 17 306 292 311 333 324 336 11 5 345 334 330 313 275 241 236 234 215 114 77 64 57 355 301 319 353 27 46 29 343 337
50 66 76 343 263 243 199 146 114 96 96 106 117 127 141 144 136 148 190 153 117 126 244 235 162 108 111 155 223 216 146 136 145 156 164 169 170 146 127 149 211 215 164 70 22 16 184 209 266 18 72 90 91 90 96 117 143 158 39 44 68 72 278 284 11 355 322 305 319 333 329 337 355 355 347 337 326 317 279 240 248 257 268 329 43 47 51 345 291 306 352 36 48 26 348 343
57 59 63 25 258 218 191 163 133 113 110 118 123 99 99 119 120 117 159 146 110 57 285 256 167 98 75 34 301 221 136 104 83 60 65 99 131 117 87 43 311 270 247 33 44 75 135 186 213 180 119 110 102 98 105 127 161 189 221 64 54 17 331 323 352 346 319 312 327 334 333 341 352 353 349 345 336 314 291 272 278 292 311 341 23 38 52 0 283 293 347 42 54 33 341 343
26 54 65 55 171 190 193 176 137 114 105 109 133 102 91 96 94 82 103 130 102 5 305 265 156 97 43 18 22 134 136 86 35 35 55 71 81 92 50 14 355 339 4 46 70 84 101 151 219 186 127 114 106 102 106 124 160 216 266 307 356 355 344 348 4 356 332 321 329 329 325 335 351 354 349 355 8 350 314 291 287 298 323 352 17 34 53 26 282 285 337 45 60 41 320 332
26 70 83 82 113 169 209 203 119 99 88 74 69 132 112 82 62 60 72 79 51 347 300 255 154 116 75 64 87 111 133 139 134 97 94 98 98 87 42 19 26 48 66 84 90 92 87 57 267 164 120 107 103 104 106 120 199 291 305 324 344 343 337 344 355 359 359 356 347 330 314 323 349 352 340 350 7 354 333 301 289 295 321 351 11 31 54 40 286 282 322 43 64 55 301 297
67 88 93 94 104 147 233 236 111 90 79 67 75 111 119 54 42 54 62 54 34 359 299 243 154 132 141 130 115 113 131 147 153 129 109 103 99 77 55 50 58 63 75 101 95 84 53 21 22 109 113 106 103 102 110 141 234 295 308 325 352 344 325 329 340 358 25 47 31 343 318 323 352 349 328 332 345 343 333 297 286 295 317 343 7 41 66 64 281 273 290 50 74 77 268 235
124 101 98 99 100 118 247 237 138 86 81 80 84 92 69 14 38 56 58 46 38 30 329 209 137 134 140 138 125 122 137 149 151 134 110 93 78 61 33 30 45 54 71 101 92 53 14 14 39 82 102 108 104 99 111 156 239 287 306 322 350 345 325 324 331 6 60 87 84 326 324 334 2 355 326 326 334 336 328 278 280 294 319 349 25 71 85 89 262 259 253 80 88 98 207 206
166 135 120 111 104 110 248 236 187 97 88 86 85 83 13 355 51 68 62 52 57 65 55 100 111 117 125 131 125 116 120 126 133 131 107 78 56 36 4 18 42 50 61 75 57 11 352 21 67 93 105 110 105 94 94 121 268 282 298 317 341 340 325 326 333 27 70 74 343 311 320 338 14 3 330 325 334 344 354 280 277 286 312 31 83 97 94 90 265 258 252 103 86 79 345 226
170 158 150 133 117 128 242 239 197 127 99 87 83 79 12 354 86 94 91 83 85 87 86 86 92 96 104 115 111 85 63 58 79 105 92 54 36 20 3 16 35 40 50 52 31 11 4 76 99 110 114 115 105 88 70 15 301 284 288 308 334 332 318 324 337 33 61 46 4 333 328 333 0 357 344 336 338 342 350 295 278 274 262 125 121 113 97 75 290 267 261 148 70 43 14 22
156 155 164 132 105 135 240 235 186 140 110 90 86 85 82 126 101 99 104 106 96 81 43 52 77 84 91 99 90 46 31 46 69 85 72 34 27 19 14 19 23 36 53 55 41 37 62 100 106 113 115 114 103 78 44 359 317 291 288 303 333 331 313 317 339 31 52 38 24 18 2 339 332 345 359 0 349 336 331 299 274 253 193 145 137 131 108 63 292 245 228 202 130 77 93 125
131 77 341 16 63 100 230 224 182 149 121 96 92 96 132 151 106 92 100 116 100 48 17 37 66 77 83 85 56 19 26 53 73 77 63 36 23 17 17 19 22 46 64 64 55 59 82 102 105 112 113 105 89 62 40 336 301 296 295 302 329 335 320 316 337 29 50 42 42 46 16 344 330 340 5 7 354 338 326 303 264 221 186 162 147 148 138 52 175 193 200 191 170 160 157 157
174 326 321 27 76 89 215 217 181 148 120 97 91 91 120 165 118 87 86 90 64 14 37 75 79 75 78 76 37 10 52 84 89 89 92 109 344 359 14 24 35 62 74 74 71 78 92 101 100 100 98 78 60 57 53 313 289 291 293 296 314 328 323 308 320 29 53 55 62 62 15 342 336 341 4 3 356 311 313 332 291 200 192 175 150 161 190 178 150 165 189 185 168 159 156 158
224 272 259 134 100 86 131 209 205 120 81 92 87 77 78 148 140 83 64 44 40 114 139 139 112 71 74 75 64 102 120 123 115 115 133 175 244 308 14 44 60 77 84 86 88 93 98 101 93 78 59 44 49 67 26 317 293 287 285 286 292 302 287 222 238 40 79 85 82 70 4 340 347 331 334 1 40 174 271 331 16 95 193 167 136 148 173 173 164 170 187 186 174 163 154 152
230 228 181 155 125 89 77 201 239 231 114 108 96 80 86 133 177 76 43 44 72 115 143 162 180 111 92 92 113 134 129 130 125 127 152 199 245 267 15 58 75 90 93 94 99 103 104 105 96 80 63 57 66 64 325 305 291 284 280 274 267 245 176 220 249 203 106 97 104 131 207 332 5 337 306 359 78 127 266 291 59 86 119 123 115 122 140 159 170 180 192 191 186 173 155 149
217 197 168 164 160 114 62 30 234 184 150 135 119 97 100 133 205 253 56 79 96 116 142 166 186 160 125 118 137 145 137 133 128 133 164 217 247 252 270 51 81 100 100 100 106 111 110 109 109 111 114 102 83 42 312 288 281 281 275 260 239 217 239 332 298 171 132 92 111 156 214 277 344 352 322 136 100 64 265 233 140 113 129 99 99 105 114 135 166 187 198 198 198 179 148 145
201 178 156 168 201 226 160 132 154 162 162 161 159 146 134 152 200 201 173 140 123 129 152 168 176 165 143 134 140 142 134 127 120 119 183 245 252 243 228 132 104 105 101 97 109 126 133 136 139 149 161 159 119 9 310 258 259 260 253 240 222 227 256 299 87 133 155 93 95 122 253 267 291 5 65 124 114 51 255 206 165 146 198 107 95 95 101 118 160 188 196 202 209 181 139 139
175 154 136 162 225 222 167 153 153 157 162 167 172 168 159 165 186 186 178 165 147 147 163 174 180 173 157 148 148 139 122 102 82 51 3 296 254 223 201 168 133 113 100 90 105 129 142 150 154 166 184 198 228 338 50 206 231 232 231 232 229 244 250 222 125 105 134 100 75 30 309 260 236 192 103 106 109 123 231 210 172 163 204 131 100 89 95 111 152 184 197 208 213 177 136 137
128 125 109 89 259 216 137 127 127 130 134 146 161 160 143 135 170 178 181 171 153 147 161 178 192 187 166 156 159 141 100 70 53 34 22 7 247 194 182 168 149 128 107 91 97 110 122 132 139 166 213 242 258 279 97 146 230 235 237 239 237 244 240 211 161 109 117 125 57 17 5 224 223 208 133 109 109 141 218 216 181 159 172 129 110 101 99 107 138 181 206 216 211 171 134 139
149 125 64 6 334 313 74 56 49 42 32 16 359 0 6 15 39 98 163 170 146 89 53 17 292 269 73 46 19 29 48 53 52 45 42 42 61 133 151 148 142 137 123 99 92 90 86 81 74 32 295 289 271 206 121 87 268 254 249 242 236 238 241 234 169 133 133 146 146 97 98 145 225 204 156 125 118 142 201 205 198 195 177 106 113 119 111 107 125 174 212 218 207 163 132 143
161 351 324 347 9 43 13 16 23 18 9 358 348 353 8 29 59 84 118 170 196 331 33 21 350 348 22 33 33 52 70 76 77 75 77 85 99 111 131 137 139 146 149 128 107 99 91 80 63 15 312 304 275 171 156 273 273 258 248 236 231 232 234 221 167 148 144 147 154 158 152 163 207 192 170 145 126 136 188 217 227 220 202 98 98 106 106 104 113 155 222 222 204 154 123 136
350 343 322 341 51 82 310 346 16 5 349 351 353 3 31 63 82 95 120 171 201 203 183 171 267 57 114 136 151 144 129 122 119 115 121 133 139 126 130 137 140 150 159 150 133 129 130 134 128 351 282 264 144 140 163 206 236 244 235 225 224 224 218 200 174 162 158 154 155 161 167 177 191 184 171 157 139 147 245 301 274 203 210 104 82 75 80 93 101 101 241 221 195 150 117 118
341 342 325 22 90 111 270 303 2 332 301 323 97 139 164 121 101 100 117 166 195 201 204 208 205 177 141 146 162 161 151 148 148 145 142 149 161 145 134 134 136 144 154 149 136 132 134 146 179 247 257 230 163 128 128 192 241 243 225 217 221 218 207 192 177 170 167 163 157 163 176 184 189 179 163 158 149 201 273 303 63 148 242 161 72 67 78 89 93 56 298 206 175 137 104 76
256 275 235 140 114 136 253 272 321 339 198 170 153 157 173 156 123 105 110 153 190 202 207 206 200 185 160 156 170 165 152 153 157 157 154 156 163 153 140 137 135 140 150 145 128 115 108 106 239 254 245 217 174 147 119 313 269 246 213 210 217 211 201 191 180 174 170 168 164 169 183 189 188 178 164 163 174 286 278 267 78 32 298 326 76 79 85 89 87 39 4 10 58 81 68 26
235 219 178 146 122 149 253 260 232 104 127 146 151 159 172 165 140 112 104 130 182 202 207 205 201 191 177 174 180 170 153 152 158 161 161 159 159 151 141 138 134 137 146 143 122 99 83 64 358 275 246 215 183 178 214 297 262 215 186 197 210 206 200 193 184 176 169 170 173 180 191 194 189 182 172 190 241 277 273 252 5 354 320 19 81 85 87 87 78 18 1 8 31 59 55 27
244 230 145 140 126 162 258 254 191 114 109 118 128 144 165 164 142 112 98 102 153 197 204 201 195 188 182 182 184 177 163 155 155 162 168 165 158 150 140 137 133 132 140 134 109 82 73 62 6 329 292 218 191 203 225 221 195 185 182 194 206 204 205 199 187 176 168 170 180 192 210 218 198 184 180 216 242 246 254 259 294 333 327 53 84 86 87 84 70 23 35 94 123 118 108 111
246 220 133 138 137 200 260 251 160 115 109 114 119 128 155 163 146 116 104 112 137 168 188 188 183 183 185 186 188 182 173 160 148 156 173 171 157 146 135 134 132 126 129 115 85 68 72 70 347 334 20 173 188 205 204 171 156 174 196 210 202 204 215 210 188 175 166 171 186 207 230 233 200 180 186 208 227 241 253 258 275 316 337 73 90 92 89 84 71 46 78 121 138 130 120 133
241 209 136 141 157 230 261 251 134 109 111 124 132 132 153 166 158 124 116 134 160 174 180 176 170 176 185 187 185 181 178 167 152 153 176 172 151 136 124 124 123 100 68 57 58 65 78 88 251 273 124 160 199 226 213 127 120 159 222 241 202 209 229 219 184 169 165 175 197 223 236 225 202 184 172 194 225 253 257 251 261 295 352 86 99 101 94 87 74 63 92 123 143 137 117 110
243 206 138 145 183 248 229 192 166 138 121 126 145 157 168 174 175 156 136 146 178 202 189 153 135 152 183 183 175 176 181 175 160 155 182 173 150 132 118 117 122 80 62 90 84 79 82 82 329 95 101 131 241 263 265 98 100 131 249 259 188 207 230 209 173 164 164 182 216 231 232 221 214 194 155 186 236 276 270 245 245 239 171 115 110 111 101 89 77 75 91 107 132 142 125 111
248 189 138 152 212 215 156 167 170 161 144 136 155 170 172 171 170 165 156 167 207 247 291 18 41 38 62 147 159 169 185 186 177 61 120 153 149 134 118 115 135 132 130 149 150 104 83 62 7 32 68 36 312 298 320 85 91 93 265 258 161 165 199 187 174 174 182 206 228 227 229 227 222 185 142 188 252 294 307 221 219 203 181 143 122 121 110 92 78 83 86 84 93 122 129 145
234 160 127 151 245 91 112 139 161 167 160 151 157 163 160 149 142 149 153 201 256 271 296 350 36 124 117 115 134 166 194 227 261 14 100 128 143 133 114 105 132 136 120 136 179 142 84 51 19 32 47 16 337 333 10 68 79 60 282 269 139 132 152 168 178 192 213 228 219 217 230 235 232 161 118 203 262 281 48 133 191 193 189 161 133 128 119 91 70 75 72 59 62 92 103 95
220 146 107 106 273 83 93 103 123 144 134 39 12 11 16 28 37 29 16 345 307 292 303 26 116 156 171 173 129 169 246 295 269 147 117 125 143 130 101 82 91 132 112 85 109 155 92 44 29 38 36 7 338 347 21 54 67 43 303 301 104 125 134 151 181 208 225 222 205 214 236 248 253 126 92 262 266 258 135 103 153 163 162 160 148 141 135 77 53 57 46 39 53 75 58 356
259 83 77 5 282 82 87 86 75 31 19 6 353 356 3 11 16 14 11 358 332 307 300 80 100 129 216 256 273 166 250 243 164 135 118 117 147 146 107 89 98 124 125 62 71 120 166 169 170 175 177 181 197 335 25 46 55 33 322 350 84 105 108 93 215 235 239 231 215 233 257 272 281 354 74 333 262 233 179 161 167 139 127 140 152 161 199 335 62 66 41 48 68 73 22 339
311 4 50 13 282 85 88 85 82 97 122 169 246 264 318 0 25 35 48 52 276 266 224 113 88 58 315 285 298 93 199 186 171 145 114 93 101 140 128 120 116 123 149 126 93 87 135 148 155 170 182 194 214 258 354 38 45 29 339 13 70 76 44 15 14 337 280 283 292 279 283 296 308 359 62 21 243 197 169 171 180 167 133 111 97 15 281 206 117 110 125 108 89 71 30 310
309 10 62 52 278 87 88 87 85 98 106 33 288 274 284 325 48 74 88 112 241 248 184 129 81 32 351 319 108 113 138 165 184 175 138 116 124 138 135 128 124 133 162 146 94 90 101 108 114 141 196 230 252 265 293 50 50 32 352 34 77 75 7 6 40 41 294 295 299 271 268 268 250 168 118 103 150 155 147 162 193 196 174 88 35 27 37 119 120 121 137 133 105 74 64 123
270 74 88 92 269 89 89 89 85 68 8 351 349 337 317 336 62 80 81 63 292 256 162 120 90 55 31 113 128 134 136 149 185 177 154 150 152 156 157 134 118 143 210 322 71 96 75 62 52 25 351 322 295 271 242 99 58 32 21 86 97 100 247 357 80 76 282 284 210 222 232 214 187 174 164 153 146 140 120 89 268 239 222 209 99 76 75 82 93 106 123 128 113 94 92 111
269 172 126 135 258 93 90 91 88 39 327 329 347 348 333 32 85 87 82 61 321 219 160 129 108 96 111 132 130 139 149 153 167 155 142 148 155 167 193 172 115 139 251 301 78 104 39 21 16 7 0 351 330 272 220 208 158 82 91 101 96 87 271 211 94 65 286 283 105 161 213 193 172 169 171 166 153 145 78 4 348 322 268 202 142 89 58 62 79 91 107 122 119 112 113 125
51 151 156 186 252 98 91 93 92 22 301 229 218 240 210 141 110 96 93 96 155 178 163 151 132 109 115 128 128 140 160 169 170 137 121 134 152 178 223 183 122 130 269 288 86 107 328 350 6 10 13 8 355 224 219 211 170 162 152 118 82 47 2 70 82 26 307 291 60 39 122 175 164 150 151 141 102 38 332 345 3 10 1 359 11 15 20 51 72 80 92 113 122 121 125 111
88 119 168 221 249 102 91 91 88 18 95 176 212 211 182 154 129 109 103 111 137 149 145 154 155 130 111 107 110 125 160 194 264 50 79 96 139 304 306 135 99 342 282 302 73 62 293 321 75 104 119 105 145 195 222 197 139 156 187 192 65 36 39 74 65 6 318 276 4 27 59 108 273 339 10 18 15 0 344 348 7 16 17 10 354 357 10 65 81 84 89 99 110 116 116 98
107 90 114 221 246 111 89 85 74 70 96 110 210 197 182 161 139 124 114 120 157 10 63 112 147 150 117 72 75 83 358 322 331 8 46 52 14 341 349 12 38 353 294 315 47 27 315 250 98 87 78 81 113 177 232 214 107 120 231 247 83 59 69 74 49 3 322 236 282 17 55 41 326 331 357 4 2 358 351 358 17 26 18 7 358 9 49 101 100 95 91 86 90 103 101 91
