data/handson/Instances_Belgium/Case1_Clinge/saz.asc
ncols         601
nrows         601
xllcorner     626488.5234000001
yllcorner     712946.1043
cellsize      10.0
NODATA_value  -9999.0
[rows 495 to 539 of 601, columns 0 to 95 of 601]
42 96 110 63 50 73 73 58 47 96 131 128 113 108 203 185 163 152 135 122 182 183 135 44 299 220 213 198 179 182 200 225 154 174 189 191 192 181 139 83 352 348 355 4 17 20 3 355 352 343 326 313 308 325 145 173 190 214 225 203 175 155 111 28 302 229 227 225 174 137 119 122 184 207 206 189 156 22 314 242 229 220 170 152 136 141 159 148 116 105 77 58 89 139 196 237
69 102 131 35 23 61 63 53 60 83 100 103 77 51 82 138 146 153 158 117 127 171 202 343 51 150 197 185 170 192 232 245 110 111 165 193 212 220 209 336 327 334 343 0 19 11 340 321 330 344 348 342 332 38 91 133 223 246 220 180 160 173 234 349 52 165 232 237 190 143 111 81 73 182 218 229 266 321 30 171 209 182 134 133 127 128 197 190 117 108 14 65 84 99 249 267
86 105 194 334 6 47 64 66 69 67 52 37 22 27 45 54 47 32 20 48 92 147 260 311 31 41 79 154 156 207 242 231 167 46 61 172 241 261 289 317 319 329 341 0 23 28 83 190 232 286 336 346 334 39 61 35 330 305 179 162 163 233 262 225 94 12 306 323 4 34 34 20 8 358 350 344 332 344 84 133 212 195 100 64 40 19 7 29 80 81 161 114 82 43 339 300
87 75 311 315 15 69 85 89 83 68 50 30 0 19 39 33 23 25 35 46 49 14 312 319 4 22 40 59 62 290 259 240 253 356 54 46 296 295 319 330 325 327 343 5 23 47 77 129 262 279 307 330 309 62 62 30 3 37 96 126 232 296 292 216 326 327 306 306 38 53 25 4 354 349 344 351 12 62 93 118 219 236 289 4 7 18 41 65 75 75 97 123 62 18 7 349
76 29 344 335 74 103 111 118 110 84 68 55 338 5 25 21 27 39 37 28 22 5 340 335 350 9 28 31 24 1 309 271 271 303 40 13 331 319 328 341 347 346 348 2 16 41 47 11 317 304 328 5 142 158 150 155 172 161 118 64 306 291 320 318 321 334 319 191 167 153 325 335 337 344 348 21 80 91 96 112 239 263 238 195 195 119 93 85 78 72 68 57 15 19 46 75
32 11 18 80 110 117 117 124 126 81 77 109 206 257 312 9 44 44 21 11 11 4 354 346 341 0 25 32 29 17 354 327 306 313 353 353 339 326 320 338 15 32 358 353 5 13 14 359 336 317 45 107 111 116 125 151 199 220 282 345 337 325 314 297 295 336 86 145 188 218 226 221 233 285 85 118 120 101 89 71 294 284 115 143 177 142 96 73 93 136 124 37 13 40 67 65
156 141 131 129 127 128 123 122 130 41 80 127 195 243 260 262 50 28 14 11 10 2 351 346 341 0 33 40 25 11 1 349 334 335 348 350 344 330 312 323 56 64 357 325 338 350 358 2 11 141 154 156 135 42 43 29 339 330 340 337 334 344 351 264 251 200 112 123 197 210 183 188 205 208 168 144 138 109 67 23 343 322 53 35 347 7 37 57 102 154 194 289 0 40 54 36
112 131 134 124 117 120 116 106 307 19 73 91 240 261 255 241 300 2 22 24 15 356 336 335 339 8 44 40 11 0 359 352 340 341 355 357 350 334 304 277 75 40 352 320 312 327 350 27 64 86 103 180 283 336 38 64 339 346 358 344 323 347 40 52 253 188 112 104 192 171 142 173 229 242 219 167 81 12 3 5 14 80 116 346 312 353 54 73 88 110 260 287 342 37 41 32
120 107 92 80 83 86 74 24 324 8 60 50 355 300 279 269 269 276 34 21 10 356 337 320 317 8 46 34 12 3 2 352 336 336 1 13 23 217 233 219 5 2 358 344 317 306 333 67 56 34 23 2 326 354 102 155 232 312 356 357 329 347 44 26 338 49 85 75 122 161 140 332 298 297 329 356 351 351 351 13 63 124 175 218 210 180 149 89 67 27 327 312 1 43 41 41
153 126 88 75 73 63 40 6 331 3 49 39 16 354 324 300 278 254 297 341 353 359 3 333 298 329 37 31 27 23 10 356 344 347 10 40 64 59 264 255 278 320 7 11 346 272 168 174 349 7 20 16 2 63 88 104 273 291 346 14 351 354 34 18 10 54 71 67 77 100 296 313 310 310 349 4 344 347 358 51 84 104 195 253 136 163 209 108 31 7 348 348 46 54 42 52
174 168 155 117 75 43 28 9 336 359 40 31 15 6 1 346 319 315 312 322 344 3 12 343 309 309 28 32 34 26 11 0 352 0 22 41 31 11 357 296 251 222 198 30 58 148 163 207 257 304 43 37 29 68 55 10 319 298 350 48 46 132 125 45 42 64 63 56 41 8 333 314 299 284 320 9 319 322 78 99 90 75 336 321 7 8 355 345 2 3 4 102 82 50 44 65
179 176 168 152 41 26 38 26 335 337 54 32 14 18 39 51 299 302 302 296 96 162 295 321 308 270 16 30 32 22 11 1 350 9 47 55 353 2 39 57 180 207 232 249 102 111 142 235 252 235 70 29 26 20 359 354 346 342 51 59 65 99 40 0 1 25 39 21 358 356 356 343 303 274 239 214 215 175 138 111 85 48 341 323 346 2 18 38 63 124 145 155 134 41 60 74
206 227 289 349 358 73 77 60 115 170 164 128 100 105 104 124 226 242 222 193 171 204 264 287 257 200 219 328 18 16 16 14 7 60 85 83 162 171 131 96 14 323 288 252 111 43 19 333 280 253 303 356 19 9 322 310 333 15 41 43 47 34 334 346 359 10 16 6 350 354 23 11 312 311 49 161 180 178 164 97 64 30 349 312 320 354 28 49 62 100 126 8 350 104 87 75
270 256 239 186 130 131 128 116 125 154 186 191 150 118 99 85 248 221 194 187 191 212 247 277 79 189 250 265 288 10 61 77 98 114 106 97 117 156 175 295 314 331 339 282 281 351 17 5 284 239 261 301 44 50 71 193 244 294 31 48 54 12 308 328 4 17 10 12 26 53 70 5 285 315 88 125 161 191 228 298 45 27 8 283 279 314 68 81 85 90 277 315 91 119 93 59
0 185 185 178 167 148 141 142 136 150 203 215 202 41 38 24 25 171 179 186 195 213 244 280 7 5 306 256 190 168 156 152 150 139 121 105 94 78 314 316 313 325 2 9 326 300 65 57 137 201 225 212 169 103 88 175 265 271 61 74 67 0 292 297 40 78 79 82 79 71 84 156 247 240 102 110 145 280 281 282 72 71 102 221 232 194 143 126 118 84 32 174 137 128 15 28
66 103 150 176 186 168 142 144 144 157 231 242 255 290 4 36 72 111 159 187 201 223 248 264 291 31 154 157 149 154 160 166 172 167 152 147 136 335 305 310 307 307 13 28 40 136 168 136 127 163 210 210 206 193 110 351 276 255 150 122 93 347 274 225 154 152 165 161 124 71 73 61 266 226 128 140 193 245 261 232 90 80 94 134 194 176 147 140 163 40 81 129 147 217 293 5
98 96 111 145 169 165 152 153 164 247 282 272 252 220 200 116 94 90 106 173 205 230 247 246 198 163 163 162 157 149 149 161 174 172 163 171 191 245 275 283 269 217 193 74 89 115 146 151 139 155 227 236 226 208 194 325 288 223 154 156 172 337 206 174 161 169 191 210 227 45 42 19 349 147 134 156 196 217 225 228 44 44 59 53 333 358 29 39 23 79 102 87 76 272 280 334
136 128 131 132 138 151 158 174 217 251 259 245 198 187 193 153 111 99 105 135 189 233 244 228 179 162 162 167 177 169 152 157 169 169 161 178 220 241 246 238 203 196 237 343 56 76 102 131 139 217 276 283 274 238 254 269 236 158 135 161 239 336 102 130 142 175 225 248 255 265 351 16 52 105 114 136 218 236 245 269 316 12 42 358 308 338 37 46 43 58 53 25 23 332 284 265
161 161 163 154 140 144 159 191 224 223 215 205 189 191 207 144 115 124 134 146 185 232 233 208 177 168 169 172 178 169 157 159 168 175 180 208 235 229 223 215 211 248 291 334 22 45 64 74 35 331 310 316 341 346 298 202 193 166 114 125 274 309 70 66 72 86 264 264 248 225 254 30 82 101 93 51 310 267 272 295 321 357 28 359 303 271 66 45 43 45 24 11 15 2 318 178
169 171 177 168 146 148 171 195 207 205 205 203 198 197 197 157 124 129 149 170 196 221 214 193 176 176 186 181 165 153 143 146 158 185 222 242 232 219 222 225 236 257 274 298 22 57 67 58 7 324 303 300 314 33 118 164 199 215 114 343 283 257 59 51 56 31 302 274 233 217 244 174 90 84 54 14 355 307 284 286 300 338 25 14 340 204 229 27 47 48 26 13 16 23 65 142
171 178 195 174 132 140 169 185 190 194 198 196 191 189 188 172 144 139 164 190 209 219 210 189 172 173 184 181 173 144 103 75 55 346 273 241 227 234 244 249 249 247 245 231 170 115 87 57 10 312 267 226 185 155 140 164 212 236 253 332 285 210 174 70 50 19 341 292 202 223 243 199 88 47 23 11 4 338 299 266 245 223 148 46 66 203 275 1 54 51 30 21 27 49 91 139
173 197 237 352 90 113 147 169 179 187 194 191 184 186 190 178 156 152 188 218 228 224 206 187 171 146 136 169 221 249 31 22 18 10 350 223 231 244 243 235 233 237 239 225 183 144 95 43 25 9 210 175 158 145 132 163 243 258 267 307 96 173 214 297 3 9 19 35 47 258 241 214 182 17 27 28 1 341 304 229 224 221 215 170 96 246 265 263 77 62 44 40 48 71 84 92
39 221 280 344 59 84 102 124 149 180 203 210 245 323 346 126 117 121 245 260 234 193 171 179 194 207 35 359 326 302 337 5 22 35 60 169 233 233 215 210 223 244 256 256 203 135 47 22 33 53 115 147 144 133 104 2 285 277 273 241 122 164 275 306 331 9 37 32 32 32 242 223 251 348 64 92 146 182 193 215 243 263 270 222 96 265 242 196 136 96 77 72 75 82 64 23
50 33 289 332 59 75 79 104 86 15 319 266 283 321 18 65 75 54 320 312 41 122 123 167 233 252 279 335 0 210 254 337 50 61 66 53 262 223 191 213 244 261 292 335 358 69 223 25 73 85 105 128 137 138 93 320 288 276 255 184 150 226 273 293 342 70 176 152 120 97 119 225 250 233 93 88 97 163 235 259 269 278 284 143 114 125 185 177 156 110 78 69 86 115 61 14
55 33 296 324 64 73 79 131 284 347 5 300 277 292 68 97 87 27 337 340 28 68 63 15 299 259 252 262 129 169 211 215 136 68 45 24 11 190 200 270 274 273 301 343 25 86 176 186 143 117 110 117 129 136 158 232 253 249 212 178 172 228 258 259 196 99 141 167 181 192 173 228 240 204 114 47 29 9 339 312 291 278 250 134 127 151 206 340 14 31 35 50 88 134 174 181
69 45 290 290 83 82 86 120 266 302 38 4 286 277 82 73 28 347 331 344 39 44 21 6 355 227 236 213 112 143 226 235 230 334 5 20 45 65 299 298 285 272 278 312 71 90 128 197 156 121 108 112 123 119 130 205 234 220 191 181 185 211 230 216 185 121 115 148 215 238 223 211 223 208 228 336 17 13 1 337 291 242 182 123 105 141 283 319 13 42 38 68 86 99 151 196
91 61 272 199 115 98 93 88 252 227 189 346 310 276 49 26 19 21 0 172 123 50 349 22 87 175 235 244 82 56 292 275 279 301 329 20 51 36 328 309 289 266 249 205 129 93 54 342 76 90 95 103 119 113 114 159 203 195 192 193 192 197 201 192 183 149 110 82 268 240 222 235 234 223 231 213 179 146 142 188 207 197 196 167 57 351 306 314 51 92 117 102 80 56 38 29
83 43 332 159 115 92 76 48 323 246 265 302 323 293 319 6 41 55 50 57 4 341 334 45 79 95 271 283 38 21 328 312 315 314 320 4 40 20 336 324 314 276 226 193 170 92 24 124 145 139 125 124 144 134 119 119 142 177 209 222 211 198 186 183 183 169 124 32 330 231 233 241 214 189 190 188 188 188 183 178 175 208 245 263 329 338 320 338 65 76 98 126 84 47 46 47
37 25 22 60 69 53 41 24 0 337 306 268 259 304 302 351 57 48 32 18 356 347 345 23 46 9 316 314 18 13 333 331 342 333 322 350 25 11 341 335 341 336 303 234 251 352 96 140 153 160 160 160 172 159 134 125 110 52 282 287 299 307 26 81 151 164 143 30 31 242 244 227 193 179 178 186 200 210 215 242 321 334 316 284 299 323 325 354 48 48 64 113 126 100 59 42
31 29 34 38 36 34 29 14 355 354 5 333 270 268 258 194 65 34 28 19 358 349 348 3 20 355 313 304 53 21 305 298 351 327 290 303 32 11 329 312 325 326 302 276 237 137 119 126 136 153 175 189 194 172 140 144 137 319 302 305 335 356 357 17 52 83 72 26 28 334 262 216 185 177 177 213 238 229 232 262 289 317 343 258 275 303 323 356 28 37 60 89 102 76 335 51
72 30 24 22 30 35 19 8 5 10 17 9 352 204 205 208 247 10 26 22 4 351 344 8 65 149 209 200 170 166 208 195 190 204 217 199 180 175 189 190 195 197 186 180 178 164 142 126 116 114 212 249 218 156 131 155 225 282 285 289 323 356 7 39 67 66 7 355 5 359 337 233 182 219 306 341 349 212 232 259 262 232 167 208 255 276 302 331 355 27 58 72 39 6 21 115
248 290 329 12 46 49 4 4 29 25 359 11 49 94 224 245 268 322 24 37 19 356 337 30 79 109 193 204 200 187 161 180 204 210 192 188 194 185 160 175 203 196 166 159 159 160 156 142 113 63 340 323 94 117 115 152 243 270 275 277 293 342 34 61 64 41 342 332 348 5 31 64 171 248 272 315 66 90 260 261 243 196 157 229 263 273 282 283 305 26 67 70 7 10 61 102
286 269 273 24 75 65 33 163 29 7 359 21 51 43 354 294 282 305 62 101 344 339 337 40 68 58 34 217 219 189 137 163 209 205 189 190 201 193 168 172 219 191 160 143 113 58 76 119 122 63 326 341 95 100 102 138 254 267 270 272 270 242 84 60 47 24 0 337 220 143 112 91 133 204 228 207 145 17 319 260 237 250 25 297 280 281 275 245 259 64 80 70 346 10 61 74
305 242 241 180 102 83 86 177 263 296 20 52 53 36 21 325 274 285 77 64 307 314 333 60 74 63 63 91 211 177 130 143 192 197 194 199 206 206 212 225 170 171 176 199 302 22 65 84 95 80 262 150 105 97 97 123 257 262 268 277 281 235 206 46 32 26 35 45 124 169 173 133 115 153 208 215 238 295 0 322 259 262 312 309 285 274 223 216 244 183 91 68 324 8 65 58
155 203 224 180 120 107 89 28 216 193 190 165 55 38 52 110 243 246 40 9 340 329 22 109 107 110 110 106 180 158 127 137 179 197 204 211 215 218 220 203 165 168 196 229 251 129 83 69 59 108 192 168 121 99 96 113 254 256 267 286 320 1 57 172 187 25 27 37 90 153 186 182 122 106 271 271 255 228 207 333 307 240 257 301 283 246 181 205 238 195 103 67 312 174 70 44
130 181 213 177 135 127 153 84 112 163 221 243 295 40 63 63 274 250 279 344 6 141 148 134 122 124 135 131 162 153 128 121 175 205 211 212 215 218 213 194 172 179 206 233 235 183 116 93 102 137 174 174 98 89 83 59 283 270 272 282 327 38 50 37 335 336 340 48 85 112 210 228 171 261 286 298 259 218 245 279 5 231 267 282 271 216 179 232 246 203 115 61 13 186 56 44
90 83 161 166 153 143 169 148 109 59 279 259 264 23 51 32 4 242 253 314 112 150 166 160 139 129 144 138 142 157 154 79 61 177 194 202 214 220 206 183 165 182 216 241 226 169 140 138 141 161 206 267 21 66 58 17 325 296 282 276 299 27 16 358 343 349 3 75 80 58 346 273 178 221 256 260 291 305 278 251 212 328 287 259 237 225 264 321 291 207 123 49 54 140 208 106
155 110 128 156 173 170 157 162 167 285 268 237 240 245 39 35 59 139 234 189 117 125 168 183 159 155 169 130 113 140 226 304 67 115 154 195 226 228 204 161 134 184 235 225 193 152 128 126 125 168 260 274 352 34 25 358 328 305 285 271 266 312 328 332 329 357 48 84 73 41 22 30 67 262 262 260 281 314 308 241 254 306 306 239 226 227 248 290 349 156 199 32 62 81 117 108
188 141 125 148 175 179 171 171 181 191 202 213 222 216 194 107 99 121 197 180 139 76 10 11 97 151 189 168 87 44 309 301 95 110 130 208 244 235 230 257 51 18 220 193 192 179 127 82 34 355 318 280 303 5 25 1 300 293 280 265 246 241 263 279 284 356 79 82 68 46 37 36 37 3 296 275 278 296 323 286 278 292 318 200 196 205 224 228 201 220 305 16 60 56 17 27
200 163 127 135 167 183 188 181 165 181 209 220 219 208 198 158 115 107 140 178 211 315 5 66 96 126 207 229 116 27 336 97 101 106 119 265 257 243 254 288 350 42 89 147 218 232 219 338 337 350 4 343 297 335 56 44 289 278 272 264 249 252 257 255 243 188 112 85 68 53 45 46 42 13 332 296 287 297 336 333 312 323 359 43 101 195 238 238 230 237 257 8 64 39 348 346
189 170 143 132 159 185 195 186 167 190 231 227 209 199 198 179 133 94 77 29 274 257 145 130 117 118 227 232 180 171 195 150 104 101 102 297 270 254 262 276 285 101 76 32 322 287 266 251 256 252 347 354 334 192 94 18 316 266 262 267 282 307 284 247 202 179 156 102 70 62 76 108 28 356 350 321 300 307 337 338 327 342 13 36 43 7 292 258 227 213 222 221 79 21 331 324
170 168 160 149 160 177 183 188 199 234 242 217 182 190 207 201 176 112 53 14 317 174 139 136 120 64 300 244 156 170 214 198 98 70 6 327 302 265 262 255 150 135 23 1 356 358 31 0 292 250 276 328 44 120 208 319 356 317 288 282 297 328 337 77 132 165 199 201 73 59 69 70 297 318 356 341 307 293 321 334 325 342 36 55 47 19 320 224 186 200 227 234 228 339 303 260
151 155 159 166 193 324 112 184 223 233 239 230 168 284 258 228 197 178 155 57 121 141 128 134 65 359 359 31 108 144 242 234 61 21 2 355 353 281 254 227 177 198 303 338 31 56 341 352 0 328 287 290 82 86 188 217 285 332 329 309 308 335 7 49 69 52 279 218 280 28 43 25 328 272 308 339 331 261 285 324 336 13 84 86 92 115 165 178 178 207 237 239 243 304 171 186
143 109 91 94 291 334 47 72 265 267 276 290 314 329 317 252 153 170 209 86 97 110 101 84 298 334 34 75 84 42 285 252 285 350 9 22 39 7 244 228 238 303 302 297 57 341 297 307 28 14 304 215 116 87 66 297 291 312 347 339 279 308 36 56 46 32 41 209 256 286 48 32 25 304 286 318 26 290 278 298 14 90 100 95 99 115 145 174 192 220 237 236 240 254 108 163
178 22 28 358 323 343 46 47 322 316 314 325 343 338 293 338 49 7 317 359 52 56 45 1 308 304 86 92 68 10 348 253 254 285 23 53 74 108 258 270 289 315 328 280 338 350 331 189 193 339 4 164 152 141 341 335 316 307 76 147 222 226 166 63 36 36 51 48 217 195 189 16 24 350 299 281 32 337 286 256 146 102 93 89 86 83 95 139 190 217 229 229 238 239 90 72
