data/handson/Instances_Belgium/Case1_Clinge/saz.asc
ncols         601
nrows         601
xllcorner     626488.5234000001
yllcorner     712946.1043
cellsize      10.0
NODATA_value  -9999.0
[rows 360 to 404 of 601, columns 288 to 383 of 601]
178 184 182 181 180 172 156 145 123 48 45 59 63 47 11 26 65 71 322 330 344 283 283 312 48 79 66 338 321 26 93 109 137 157 163 161 154 149 170 174 161 117 111 149 209 212 131 28 2 355 345 169 160 150 146 140 134 151 190 182 141 155 196 235 79 93 95 78 268 182 121 115 130 199 242 264 258 243 262 24 57 63 42 1 190 195 210 221 210 201 201 170 119 94 113 189
94 176 158 170 179 176 164 168 190 171 59 55 55 41 23 50 74 69 264 221 193 255 255 224 136 130 165 179 175 169 161 151 141 143 156 161 158 143 151 171 188 165 96 79 265 233 196 181 240 69 114 135 145 150 149 143 128 123 234 193 110 122 245 253 99 93 77 38 48 150 142 124 125 210 260 271 248 228 232 208 72 46 36 54 89 195 240 236 237 266 226 168 127 80 60 353
100 119 121 144 178 181 168 178 207 210 187 124 98 91 95 101 102 108 143 177 190 218 223 193 157 150 167 165 155 161 167 166 157 153 163 168 165 139 125 153 222 238 87 48 349 205 180 184 198 165 133 128 132 142 146 146 137 78 286 157 94 85 269 249 117 109 81 29 61 112 148 147 104 296 280 277 235 227 234 220 167 36 53 72 74 7 311 283 285 313 47 130 140 56 33 357
166 158 143 144 173 181 175 185 205 197 179 162 151 156 162 146 131 142 163 158 159 181 195 183 165 161 170 165 150 147 159 164 159 159 167 170 169 159 131 82 281 270 78 66 87 152 164 176 187 167 143 133 129 139 148 137 112 300 261 148 98 89 265 240 123 137 228 0 58 82 106 184 335 328 303 277 285 290 244 214 223 27 72 79 63 1 341 330 318 335 57 88 112 309 346 351
157 163 159 158 167 176 184 192 195 181 167 157 148 157 180 167 137 148 189 163 130 147 176 177 170 169 174 172 163 150 148 153 157 159 158 154 154 168 197 309 295 262 127 96 112 138 153 165 174 164 150 140 129 135 180 220 109 151 211 165 112 92 272 236 111 140 250 293 74 82 80 298 293 311 305 265 274 299 131 209 246 247 81 64 31 356 335 332 331 9 66 66 33 281 294 335
105 137 154 162 169 178 189 184 173 167 161 159 153 152 177 167 143 144 182 166 134 119 141 165 175 178 175 172 168 156 146 148 153 167 185 199 52 19 303 287 258 208 164 123 120 134 148 157 164 159 151 150 141 133 222 213 145 153 180 173 146 98 288 280 96 116 251 236 106 90 71 338 290 269 215 244 243 215 149 320 280 238 77 35 29 42 11 306 302 46 66 48 36 297 269 279
97 110 129 153 176 187 187 169 152 149 150 160 173 167 154 155 150 145 157 161 155 135 123 140 190 205 179 170 167 155 138 124 120 161 251 284 353 15 356 262 204 189 180 153 137 144 148 146 151 151 144 150 167 193 223 179 144 142 156 174 196 248 263 165 94 77 266 228 118 76 31 347 298 215 13 341 268 230 260 299 279 214 246 15 51 60 38 327 252 200 64 42 51 45 268 249
124 110 111 125 164 166 162 164 160 142 129 140 171 169 153 147 147 147 147 140 146 154 147 126 245 204 155 162 170 171 162 80 46 3 314 300 353 42 67 131 163 170 173 155 143 155 169 153 133 141 139 139 198 221 185 167 150 144 143 351 292 224 221 185 105 37 321 239 99 33 27 43 93 256 315 347 6 317 258 231 194 203 232 223 75 50 37 52 124 201 173 44 59 45 294 248
140 127 122 127 142 129 128 152 183 172 130 126 148 162 163 156 152 157 163 146 129 142 193 284 311 130 121 133 158 200 258 305 353 355 339 327 78 91 113 135 154 162 162 142 128 148 199 190 127 125 140 151 218 181 147 151 155 194 281 334 60 146 206 207 199 0 20 182 221 17 51 48 21 283 285 317 37 56 198 192 186 211 233 220 161 43 56 77 97 198 233 129 73 46 339 202
128 136 141 149 158 122 104 112 176 173 147 135 141 155 166 159 152 157 163 164 149 89 308 308 74 127 106 61 2 339 320 307 320 340 296 157 135 122 127 134 145 162 176 151 110 104 204 187 146 101 79 135 180 172 144 94 19 325 291 271 101 115 217 227 204 182 164 178 210 209 46 16 16 320 265 223 141 118 144 176 188 231 237 221 218 84 81 88 95 189 218 187 122 36 32 144
116 118 129 149 183 153 117 110 139 156 154 144 139 149 165 158 143 137 141 169 228 291 313 0 98 123 120 343 332 340 352 11 110 150 172 165 154 142 137 133 130 151 203 197 119 92 113 164 192 252 79 109 136 174 291 340 353 347 289 162 121 116 228 214 153 159 169 201 246 262 291 338 30 39 224 189 162 145 177 204 203 242 231 222 236 223 83 68 39 14 154 187 234 358 69 101
127 94 85 90 146 154 141 135 142 152 156 150 141 144 156 164 159 105 54 6 306 273 244 150 109 112 212 277 274 260 141 124 124 125 146 145 145 146 144 144 131 112 239 198 145 128 109 30 324 178 124 125 157 330 329 344 15 60 143 154 139 136 215 199 140 98 333 326 322 324 316 336 83 111 191 236 32 20 25 167 193 233 239 246 258 257 53 35 33 58 90 331 277 204 94 52
167 139 124 126 132 141 144 140 139 146 155 153 142 131 133 163 219 287 353 4 4 200 208 168 103 74 223 207 205 199 179 166 160 150 153 151 143 139 138 149 168 179 159 160 144 147 272 343 39 86 92 40 309 319 325 356 79 107 123 136 132 41 306 250 300 325 323 323 320 329 342 117 108 107 267 285 343 27 55 78 163 262 256 257 257 245 290 29 58 81 93 337 353 122 79 19
175 164 151 152 150 146 145 138 133 135 144 156 157 121 99 119 265 274 298 31 84 131 216 219 57 39 96 171 200 215 187 166 161 150 148 158 160 148 133 139 188 189 161 158 153 331 298 299 53 41 26 0 330 331 356 133 129 132 134 75 352 353 358 349 333 322 315 318 313 331 108 143 134 40 308 249 230 55 63 48 9 325 251 238 236 224 224 139 92 95 108 284 350 14 25 36
169 159 144 149 160 155 146 138 131 128 126 144 196 160 74 33 286 265 228 135 110 118 247 250 306 52 86 125 222 222 186 159 154 141 132 147 177 178 138 120 158 173 165 183 245 293 283 206 187 28 25 1 323 10 89 102 109 124 246 308 322 344 10 9 338 318 308 313 314 76 104 129 211 314 1 188 226 251 49 30 11 18 92 213 225 221 230 198 95 75 20 304 305 5 66 93
160 157 143 142 165 134 121 130 131 133 120 81 299 312 56 21 305 246 202 155 107 61 275 234 240 87 76 56 222 195 192 179 149 142 126 113 192 196 145 99 88 118 107 304 270 238 180 177 185 183 176 181 195 182 133 49 46 37 338 310 306 330 35 33 318 307 299 305 318 112 94 70 306 295 91 150 243 265 3 24 22 49 71 32 243 240 252 247 61 34 21 29 69 145 132 132
144 148 147 153 206 145 117 122 124 135 145 344 325 334 39 21 1 204 200 188 138 27 22 213 229 173 89 65 89 149 209 208 140 134 132 75 70 164 162 77 66 106 156 325 259 165 138 148 171 177 177 187 201 209 234 302 53 38 4 335 319 341 31 16 321 300 290 293 114 128 105 59 324 196 116 127 268 280 322 18 35 44 49 22 293 261 257 243 301 24 42 50 42 91 132 135
137 123 120 132 174 154 132 124 119 126 229 292 307 323 24 29 52 113 185 199 229 350 51 127 204 173 140 122 105 94 247 214 142 96 81 95 117 153 200 256 106 148 185 201 214 129 50 25 6 3 6 2 345 253 229 203 173 13 7 353 331 345 12 9 354 319 282 262 121 132 134 139 180 178 148 312 290 296 334 20 18 24 43 44 327 277 244 220 226 296 46 37 39 68 100 95
165 157 153 155 154 150 139 127 112 96 281 279 278 270 194 102 102 113 148 204 244 255 110 128 162 158 144 141 128 78 259 195 180 55 71 104 111 119 252 212 115 131 186 212 231 251 304 343 345 359 19 29 40 47 129 201 243 289 11 10 311 322 2 16 30 33 262 180 122 129 136 142 172 194 228 292 289 289 1 15 339 12 52 52 332 292 199 212 233 233 245 37 61 83 100 131
151 155 156 164 170 167 155 134 94 24 317 285 253 188 158 155 144 140 156 212 233 194 144 141 153 158 152 149 151 151 168 191 223 72 92 111 102 10 341 160 128 112 172 212 227 224 198 187 185 181 176 167 116 35 43 344 268 237 176 177 234 233 228 55 76 89 195 157 125 130 141 94 4 310 296 297 282 254 281 348 344 21 58 46 20 137 139 229 233 217 216 141 89 95 112 178
132 133 134 153 189 204 197 190 159 355 310 220 186 145 126 134 145 155 186 197 194 172 151 144 145 154 163 164 164 169 181 208 241 220 91 94 301 343 76 126 131 56 47 215 241 225 169 163 170 184 209 247 272 306 37 17 294 196 182 194 215 212 208 183 139 137 159 131 104 100 321 328 347 332 309 307 271 223 239 284 350 142 119 85 89 124 133 304 197 209 233 227 88 72 45 311
143 125 100 54 327 298 280 198 175 178 185 184 179 157 104 49 33 43 117 158 168 165 158 151 146 150 168 177 175 179 189 220 248 242 79 53 345 150 113 122 283 356 24 17 310 307 22 19 355 345 338 341 341 191 171 40 96 163 186 200 201 197 195 182 164 169 199 308 50 27 348 345 9 353 295 317 135 190 220 216 161 162 171 164 141 136 159 100 107 256 265 263 51 34 31 57
160 134 50 8 354 6 114 132 139 160 193 209 204 226 304 2 42 72 107 135 150 157 160 158 153 155 175 186 189 195 198 231 247 230 128 80 91 125 110 66 305 331 26 26 335 308 345 336 327 335 337 4 67 126 208 279 86 105 205 211 177 178 186 178 162 196 252 277 10 15 357 8 45 37 296 327 90 129 241 220 131 144 192 202 183 178 236 307 350 291 271 253 298 29 54 63
119 34 56 129 149 160 161 157 146 150 306 323 342 348 338 124 117 106 113 130 143 152 159 159 153 158 185 202 212 218 212 237 233 203 169 156 151 142 63 351 324 330 32 32 18 189 198 246 275 301 311 112 104 114 240 257 60 35 8 16 104 129 298 342 13 334 291 270 282 17 9 53 63 29 323 289 63 16 325 323 59 39 1 251 212 242 285 318 335 284 252 226 220 168 77 50
170 135 130 137 140 152 177 198 240 302 304 311 332 8 62 114 136 128 117 122 135 144 158 156 127 118 276 285 269 241 211 208 204 182 160 164 186 217 276 322 327 331 82 72 78 90 186 235 251 251 166 140 119 104 272 271 339 21 46 81 100 280 292 318 354 348 307 228 201 185 156 154 132 35 13 235 327 345 345 359 25 29 47 94 180 262 283 307 352 303 230 214 218 207 161 29
161 161 156 154 148 58 349 292 291 306 296 258 254 63 92 102 125 138 128 117 110 38 6 6 16 4 344 346 356 169 179 191 213 204 83 61 198 227 250 265 199 162 156 154 133 33 38 218 236 215 163 149 133 48 298 290 276 128 117 122 148 204 239 241 230 235 173 183 194 190 169 172 187 197 186 270 230 213 247 341 48 94 107 127 200 263 276 281 332 353 250 224 222 214 233 350
141 152 167 189 244 312 2 340 299 304 331 288 261 169 117 115 116 128 133 127 273 335 2 13 15 0 338 359 67 104 142 203 248 267 25 36 62 197 249 250 146 142 146 177 252 316 72 96 240 215 154 158 187 281 285 278 113 123 122 120 129 227 255 248 228 172 140 164 203 206 164 176 208 229 228 191 149 191 247 287 71 85 84 64 308 303 300 281 287 338 49 167 190 217 242 234
130 128 181 274 279 282 350 341 296 280 320 347 341 103 121 131 122 111 109 118 218 214 186 179 299 353 3 149 127 113 119 238 249 230 231 34 68 104 266 274 79 87 38 351 308 195 120 48 314 332 76 119 218 245 244 209 128 93 81 69 11 340 319 315 314 143 125 148 267 310 67 145 242 264 201 172 163 217 260 262 53 41 30 12 348 342 348 329 265 226 121 135 151 231 236 207
128 76 311 296 280 256 240 288 268 250 266 309 81 106 107 116 119 99 90 100 157 188 194 223 261 329 93 124 132 102 54 317 242 223 237 220 84 49 276 260 107 70 328 356 70 142 180 309 306 348 73 76 328 278 254 216 176 44 56 56 319 325 321 341 101 127 124 285 286 317 64 84 266 269 96 111 249 283 270 251 269 8 17 10 0 10 44 48 349 167 131 126 142 218 206 208
67 8 330 279 248 224 207 208 211 221 225 196 150 123 98 76 70 86 97 105 135 199 255 295 292 292 78 60 35 22 21 17 201 221 227 199 128 11 289 218 171 156 225 172 123 128 244 280 268 182 95 50 349 340 344 236 273 6 62 109 244 271 221 162 139 139 149 293 284 295 76 70 279 253 6 4 355 337 291 233 224 229 81 45 87 143 123 34 58 144 153 111 100 139 167 234
301 354 17 20 226 214 206 211 208 205 201 182 160 144 109 66 70 83 88 86 66 299 293 306 317 348 56 34 31 32 35 42 48 23 220 206 240 334 18 169 198 268 171 163 146 144 272 272 223 180 157 358 318 345 50 74 277 346 78 95 259 279 135 148 147 160 262 300 285 258 88 59 322 273 289 329 12 25 47 190 213 211 193 148 121 149 228 266 99 129 185 220 90 100 120 268
268 315 60 72 239 232 258 309 130 176 184 169 153 153 148 105 89 82 72 53 13 336 312 310 336 23 50 54 48 40 42 37 14 9 21 280 275 306 40 39 319 347 58 127 156 296 287 272 158 166 180 200 221 203 125 53 274 208 91 69 310 329 59 104 124 245 291 310 296 206 113 33 345 310 273 228 170 76 94 149 201 204 199 178 125 87 228 174 133 134 209 226 120 53 20 287
269 269 84 74 190 232 243 218 145 153 170 162 150 156 167 145 107 83 65 44 9 334 302 282 200 112 113 124 123 82 63 24 332 2 50 12 290 294 31 11 309 357 70 75 343 299 292 310 111 138 167 202 224 213 196 268 252 180 102 25 314 331 71 83 72 298 284 293 351 164 224 340 340 341 178 188 207 171 100 98 190 224 227 214 185 97 129 151 142 136 258 255 269 358 15 354
289 272 96 87 131 180 193 178 162 160 167 164 156 163 178 171 136 88 65 53 58 166 206 200 180 164 151 154 166 171 160 7 274 170 127 346 300 294 68 90 248 194 79 33 9 333 288 7 87 109 227 321 299 228 223 234 193 182 187 347 329 45 92 74 35 320 275 235 171 190 290 322 355 101 124 166 221 193 109 30 356 347 337 228 184 149 130 142 153 339 321 305 312 335 5 23
262 201 131 124 137 147 155 162 163 162 161 156 149 161 188 194 183 107 74 73 88 128 192 203 188 168 151 155 159 189 255 341 90 151 239 304 296 256 100 73 259 224 262 8 50 65 290 3 76 64 320 334 8 79 264 336 103 194 247 287 32 106 100 78 30 352 317 240 239 279 283 300 87 125 120 20 339 219 252 307 332 4 54 105 142 144 128 143 269 308 331 338 346 339 318 36
214 183 143 137 140 145 147 153 159 163 162 142 120 133 230 250 242 153 103 93 93 102 236 271 304 20 84 136 199 317 310 350 67 49 297 302 279 190 161 8 359 345 225 172 138 98 292 311 60 17 327 342 33 54 307 350 50 117 231 215 184 116 94 115 299 335 347 348 341 303 268 222 128 144 274 345 9 11 241 197 200 181 136 126 136 139 116 29 283 276 285 329 9 38 162 167
204 184 151 144 141 143 145 149 157 170 187 165 107 105 264 265 220 126 117 116 106 91 296 296 314 24 78 112 271 306 317 16 64 20 310 295 120 178 258 318 4 64 97 127 187 243 249 219 30 349 321 343 63 43 302 339 62 80 184 218 241 317 67 92 282 306 329 352 21 25 237 179 132 175 277 313 18 61 98 148 200 199 160 116 104 121 77 340 296 262 244 239 176 150 137 160
194 180 155 151 148 146 146 146 152 173 203 199 133 140 229 224 201 120 113 131 130 91 297 294 300 65 88 98 272 287 294 158 77 6 326 194 129 235 277 297 77 125 81 18 18 156 198 208 254 325 323 168 100 10 308 329 76 69 3 323 313 341 48 50 301 298 312 9 84 88 159 168 144 286 279 281 99 113 106 85 274 242 281 10 34 44 359 339 317 259 231 197 156 164 170 242
188 175 147 149 155 154 147 129 121 162 233 230 143 147 221 232 239 99 95 111 131 325 310 296 262 130 99 72 286 288 53 160 236 294 75 91 23 329 292 258 113 135 268 343 66 98 161 225 256 282 105 152 203 325 313 126 84 48 338 325 322 354 60 62 307 303 343 69 91 92 117 159 215 296 282 251 117 124 121 23 347 306 297 341 51 54 357 344 2 286 225 153 122 153 223 246
197 170 129 136 150 164 177 53 49 18 307 281 110 139 250 279 289 34 76 62 351 339 343 353 146 153 125 7 305 305 52 87 186 190 207 339 344 348 342 166 135 109 248 191 123 99 100 256 254 226 142 158 248 296 312 152 91 14 335 321 314 27 84 86 287 302 358 36 58 83 97 140 272 298 284 200 116 119 164 328 344 338 305 195 108 66 349 346 36 50 299 90 77 46 248 210
219 159 104 109 125 170 239 280 28 21 339 141 113 141 259 283 292 75 73 39 342 344 30 102 121 144 253 327 320 332 56 98 120 191 259 289 309 1 78 119 151 10 154 167 152 81 18 304 274 255 114 188 260 273 126 156 217 324 331 325 286 137 106 96 274 277 344 46 63 75 83 103 280 299 292 152 113 96 295 300 317 348 72 141 146 56 315 337 65 47 347 14 37 34 63 164
246 302 77 76 79 95 255 240 171 125 157 157 138 171 257 271 258 166 98 22 339 7 93 126 132 262 307 325 335 6 72 115 116 323 281 257 219 172 129 98 350 3 82 128 200 348 9 324 308 344 36 40 266 249 136 155 222 244 253 275 148 152 134 100 269 243 219 72 66 65 72 52 280 299 43 140 116 26 330 307 283 162 124 109 121 194 219 191 127 23 355 349 0 28 47 27
257 243 85 68 67 62 258 220 179 141 127 132 118 292 275 268 204 169 199 329 346 61 94 121 175 284 293 308 336 53 83 92 311 316 297 206 171 173 178 302 325 73 89 81 303 325 19 294 283 320 63 72 266 226 122 115 251 248 239 181 123 134 155 325 293 237 241 311 52 71 77 41 272 259 112 119 245 333 346 15 121 148 157 123 99 119 179 214 259 317 356 343 322 6 42 35
253 203 149 70 69 72 261 224 218 4 26 17 8 347 312 269 162 166 216 232 263 58 83 101 237 279 275 266 209 123 88 47 344 312 265 149 138 168 230 276 197 150 120 37 308 313 83 230 247 211 122 95 256 223 92 8 331 300 225 172 130 56 344 341 352 277 276 323 53 93 89 39 253 203 158 70 317 294 125 131 124 117 147 163 143 63 343 331 312 284 317 341 323 153 107 82
180 184 208 62 73 72 55 227 262 316 340 350 357 358 358 24 104 134 231 239 256 64 82 78 312 290 275 241 176 152 106 27 21 69 124 113 97 67 274 274 118 144 181 313 300 184 103 121 234 201 153 118 242 227 266 335 353 37 118 162 214 326 338 356 35 204 268 309 66 77 75 69 140 186 221 278 321 150 141 137 133 99 102 140 225 300 315 335 0 342 303 316 109 137 136 127
