data/Zona_60/elevation.asc
ncols         658
nrows         597
xllcorner     325692.38261041
yllcorner     4557715.6527613
cellsize      20
NODATA_value  -9999
[rows 377 to 405 of 597, columns 0 to 64 of 658]
-9999 -9999 -9999 -9999 -9999 -9999 -9999 -9999 -9999 -9999 -9999 -9999 -9999 -9999 -9999 -9999 -9999 -9999 -9999 -9999 -9999 685.1992 673.8892 661.285 649.9308 642.185 635.4425 636.8625 637.005 633.1125 624.6575 613.71 611.845 611.8675 604.6167 605.3275 612.5591 620.0367 628.295 635.1325 635.5683 636.7625 642.615 653.82 663.8475 672.5 681.15 689.27 694.9442 692.4092 686.1675 692.455 701.2383 710.7125 720.4658 732.2742 741.8275 744.7933 744.4267 739.13 733.55 731.0775 732.245 734.925 738.1925
-9999 -9999 -9999 -9999 -9999 -9999 -9999 -9999 -9999 -9999 -9999 -9999 -9999 -9999 -9999 -9999 -9999 -9999 -9999 697.2053 696.2617 690.0139 679.085 665.8467 651.8972 641.0189 631.1467 624.4717 624.7353 623.4758 620.7205 610.1177 602.5767 603.512 601.6495 598.0667 603.6158 611.7814 619.0358 622.8792 622.7414 632.9592 643.688 652.6322 658.5784 665.1884 672.8442 681.3858 685.3956 682.9003 679.1241 686.0466 695.4731 706.4683 716.7844 730.4508 736.6642 734.5178 734.9058 730.0458 722.3428 717.735 718.5809 722.2031 725.7258
-9999 -9999 -9999 -9999 -9999 -9999 -9999 -9999 -9999 -9999 -9999 -9999 -9999 -9999 -9999 -9999 -9999 -9999 -9999 695.9461 694.4633 690.7473 681.5314 671.3817 660.1708 646.0997 634.5675 624.1227 614.4842 610.9308 610.4261 608.8619 598.5433 593.3956 591.0677 592.5933 599.6884 604.5317 610.2117 615.843 623.6186 632.3066 639.928 644.6923 649.6292 657.6786 666.1847 674.095 678.1914 673.9044 670.2333 678.0983 689.8669 702.8242 715.4842 726.2819 724.8517 720.7505 722.3578 719.8741 711.8044 705.255 703.8683 707.8497 714.3392
-9999 -9999 -9999 -9999 -9999 -9999 -9999 -9999 -9999 -9999 -9999 -9999 -9999 -9999 -9999 -9999 -9999 690.88 693.2042 692.16 688.545 683.4133 678.4625 671.77 663.3691 652.2608 640.255 631.045 620.9583 608.725 600.8417 598.9741 594.33 585.09 585.6 593.46 603.5117 610.8192 615.925 620.66 626.7942 630.5 631.9725 635.875 643.3475 653.3575 662.8433 670.5425 673.0792 666.2875 662.12 673.2525 685.9508 697.475 711.4325 718.42 712.3225 708.1708 706.8134 704.5525 699.7083 694.5375 690.8375 695.4083 704.14
-9999 -9999 -9999 -9999 -9999 -9999 -9999 -9999 -9999 -9999 -9999 -9999 -9999 -9999 -9999 -9999 -9999 695.21 692.7247 687.7322 682.8766 676.8739 672.4617 669.0084 664.1161 657.515 649.0175 637.9894 625.3172 612.5109 600.6336 589.8711 588.8875 580.7011 583.6183 592.8558 604.2267 612.9164 619.0009 622.2186 623.228 622.5517 624.7253 632.2272 641.7367 652.5002 661.2769 666.8109 666.2989 657.2609 654.2484 668.7164 680.6667 690.8175 703.0142 708.6414 701.7183 696.7744 693.2966 690.0975 687.2344 684.2047 679.7733 682.3419 693.5228
-9999 -9999 -9999 -9999 -9999 -9999 -9999 -9999 -9999 -9999 -9999 -9999 -9999 -9999 -9999 -9999 -9999 698.2525 693.5023 685.6283 677.9942 670.3475 666.553 665.3217 663.3737 658.3328 651.8983 641.132 626.7972 613.5808 599.5408 586.5605 581.43 576.605 579.6158 588.5025 599.0781 608.6472 613.1816 614.3481 613.0469 613.1775 619.2219 628.8422 639.6117 649.1533 657.207 662.0333 657.6347 647.7575 647.605 659.8372 671.658 682.9842 694.2339 696.7933 690.7491 685.8439 681.8867 678.6825 676.3408 673.2717 668.7509 671.7731 681.0684
-9999 -9999 -9999 -9999 -9999 -9999 -9999 -9999 -9999 -9999 -9999 -9999 -9999 -9999 -9999 -9999 -9999 696.7075 691.1567 683.0875 674.27 666.2192 660.6258 659.7525 659.475 657.0883 651.41 641.815 629.3717 615.0075 600.4391 587.5784 577.6575 572.3575 575.5933 582.435 592.2308 600.6408 603.42 604.7283 605.7017 609.1375 618.14 628.4658 637.175 644.405 650.3392 654.265 650.7075 640.3633 639.5325 650.9766 663.3633 676.6775 689.9875 690.0358 680.68 675.7575 671.4241 666.755 665.5483 662.46 657.755 661.7917 665.3958
-9999 -9999 -9999 -9999 -9999 -9999 -9999 -9999 -9999 -9999 -9999 -9999 -9999 -9999 -9999 -9999 -9999 692.3041 687.1958 680.1925 671.1792 662.5728 655.0917 653.2625 653.3069 652.5884 648.2717 640.8842 630.317 615.4383 602.6625 589.9503 578.9559 569.6614 570.9833 577.1758 585.2753 591.8594 593.9791 598.1433 603.4314 611.4767 620.2484 628.8186 632.5425 636.6053 642.0617 645.63 642.9705 635.7609 633.2683 644.5939 657.7269 671.2333 685.1758 683.7353 673.4191 666.0253 660.5616 654.9608 651.7003 651.083 646.6217 647.2394 651.2414
-9999 -9999 -9999 -9999 -9999 -9999 -9999 -9999 -9999 -9999 -9999 -9999 -9999 -9999 -9999 -9999 -9999 689.1733 683.4103 676.8292 667.76 659.6381 650.0919 645.7659 645.4258 645.8367 643.3209 637.7717 629.8 616.6392 603.2437 590.1153 578.5809 568.7561 565.0386 571.9608 578.2053 583.597 588.2217 594.752 604.5983 613.2442 619.6178 622.025 623.9316 628.7786 634.8467 638.2133 634.4078 626.0056 625.2567 638.2953 650.4397 664.7475 677.9581 677.705 667.7642 656.5886 649.2436 642.6775 636.4225 637.6314 636.5267 632.9178 636.2872
-9999 -9999 -9999 -9999 -9999 -9999 -9999 -9999 -9999 -9999 -9999 -9999 -9999 -9999 -9999 -9999 -9999 691.435 684.3358 676.4966 667.5175 658.7925 649.6475 641.4475 636.8558 636.2833 635.4125 631.5958 624.9708 614.9775 602.2175 589.2317 577.1 566.9183 561.41 567.28 573.6625 578.2416 585.0175 595.2433 604.37 609.445 612.02 612.5192 614.87 621.7125 629.355 630.9825 626.2559 617.2034 618.735 630.4583 641.82 655.0475 668.4208 672.0134 661.22 648.9683 639.0025 630.47 623.7542 625.76 628.04 622.5242 624.595
-9999 -9999 -9999 -9999 -9999 -9999 -9999 -9999 -9999 -9999 -9999 -9999 -9999 -9999 -9999 714.1644 703.2806 695.4633 688.2058 680.01 670.8083 661.6053 651.2905 641.3083 631.015 625.7509 624.1041 622.363 618.0431 609.7283 598.6844 586.6939 574.3983 563.9389 558.6064 563.6492 569.3947 574.3447 584.3883 594.5931 600.2306 601.4958 602.0264 602.5605 607.2 616.7714 623.6592 622.2142 617.4622 611.2011 610.4092 621.588 634.085 647.5684 660.9128 664.1314 652.73 641.2786 629.5558 620.3583 612.8442 614.7539 616.345 612.0084 613.8555
-9999 -9999 -9999 -9999 -9999 -9999 -9999 -9999 -9999 -9999 -9999 -9999 -9999 -9999 -9999 717.2553 705.0175 696.9117 689.1266 681.1266 672.7875 663.04 652.6392 642.1517 630.7933 619.6589 614.04 610.1072 607.7003 603.3417 595.9567 585.4114 572.6275 562.4255 556.9825 559.5317 565.4614 573.0578 582.9392 589.4581 590.9177 590.8125 590.9225 596.0714 605.3834 613.2203 617.8961 613.8025 608.9172 603.1053 603.2058 615.2509 629.0742 642.9358 655.717 657.2933 643.7717 632.3111 622.9414 613.9092 603.0367 603.0125 602.9133 603.135 613.7342
-9999 -9999 -9999 -9999 -9999 -9999 -9999 -9999 -9999 -9999 -9999 -9999 -9999 -9999 -9999 717.2158 706.5483 697.11 688.6133 680.6342 672.925 664.5533 654.9008 644.2175 632.38 621.9933 611.3575 601.9883 598.5425 595.2875 591.1992 581.7908 570.595 561.5908 554.3234 555.7425 563.4409 571.54 578.225 580.1475 580.2767 580.455 586.7042 597.6691 605.8575 612.3 611.635 605.7 599.8109 595.175 600.4775 612.5591 625.7042 637.69 648.0759 649.1917 639.93 626.4475 615.195 606.99 596.935 591.235 594.365 603.3992 612.9617
-9999 -9999 -9999 -9999 -9999 -9999 -9999 -9999 -9999 -9999 -9999 -9999 -9999 -9999 -9999 710.2167 705.1945 696.5083 687.6556 679.5056 672.0917 664.5667 655.3278 645.825 636.2805 625.95 613.4583 600.7722 591.8778 586.9417 584.5458 578.0425 569.4542 560.9103 552.9156 553.0408 559.9203 566.6264 570.9984 571.923 573.6855 580.7475 589.5206 600.3906 608.3817 608.0992 603.7003 598.585 593.6586 590.5225 600.1658 610.4855 622.6064 632.9484 639.2889 640.0442 634.5009 622.4964 611.7305 601.2333 591.6542 585.6561 590.05 598.9314 606.6711
-9999 -9999 -9999 -9999 -9999 -9999 -9999 -9999 -9999 -9999 -9999 -9999 -9999 -9999 702.6083 701.9861 700.5305 692.9667 685.625 678.3861 670.5 662.0306 653.0027 643.8417 634.875 623.9305 611.6333 600.7806 590.2833 582.3083 577.8611 572.2084 566.7167 561.2389 553.2833 548.5333 554.1444 560.7056 563.9584 566.4194 573.95 583.95 592.9083 602.9083 602.8167 598.35 592.9972 587.3333 583.725 584.8139 596.65 609.6389 624.1306 634.1417 631.2778 627.4611 623.6917 615.2417 605.2417 594.725 586.9722 580.6833 584.625 593.5806 599.9972
-9999 -9999 -9999 -9999 -9999 -9999 -9999 -9999 -9999 -9999 -9999 -9999 700.125 694.075 692.35 693.4167 694.025 690.75 684.2667 675.8583 667.55 658.45 649.5084 640.175 628.6333 616.425 606.025 597.9583 589.525 580.55 575.1166 567.7 561.9 561.3083 554.3834 546.2 547.5167 554.2333 560.5 568.1833 576.3083 586.55 595.7916 596.65 592.675 587.325 580.425 574.7 574.85 585.05 598.5 612.2417 626.6917 629.45 622.5833 618.575 614.75 607.8834 597.35 587.275 579.95 574.575 579.5 586.3417 594.5167
-9999 -9999 -9999 -9999 -9999 -9999 -9999 -9999 -9999 -9999 -9999 -9999 697.25 686.0444 682.2167 682.6528 683.1861 681.8666 677.3806 670.9278 662.725 654.3555 645.9166 636.4667 624.35 610.8361 599.2917 591.525 584.2667 575.9584 569.8861 562.9417 556.375 554.7944 551.9278 544.2 543.1666 550.5389 560.375 570.3639 578.6667 586.4833 590.4944 586.8361 582.3667 576.8833 570.3945 566.1083 574.3639 588.5778 602.6 616.4695 623.8639 619.2167 613.6805 609.4667 605.6 599.9833 590 579.7 571.5111 568.3 575.5417 584.7972 594.6889
-9999 -9999 -9999 -9999 -9999 -9999 -9999 -9999 -9999 -9999 721.4111 710.9333 699.9695 688.8445 677.8666 672.3472 671.4944 669.3 668.0639 663.4861 655.7584 648.5583 641.3278 631.8 620.0222 606.7611 594.9667 585.45 576.1194 568.9333 562.5389 556.5695 549.85 548.45 546.8639 541.3917 542.2389 549.8722 559.2584 568.9639 578.1722 582.0583 580.7917 576.4916 571.55 566.1778 560.0417 562.0583 575.1167 589.05 602.4083 615.2806 614.7 610.1083 604.9611 600.5972 596.5333 591.0806 583.1222 573.5167 565.2444 563.7444 571.425 581.4528 590.5528
-9999 -9999 -9999 -9999 -9999 -9999 -9999 -9999 -9999 -9999 724.05 713.225 702.4417 691.7 680.725 669.2917 661.9167 659.9 659.425 655.825 648.825 641.6583 634.1583 627.15 617.4333 605.2 592.85 580.6667 569.4333 564.275 560.9916 557.3333 554.55 549.725 544.1917 538.15 539.2333 546.425 555.475 565.2333 573.7333 572.85 570.05 564.7667 559.425 555.5417 555.2417 565.2 576.9917 589.4667 599.125 604.5333 604.8583 600.575 596.4167 592.1667 587.8 582.5583 576.0833 568.225 560.6583 558.775 565.075 574.5833 583.8167
-9999 -9999 -9999 -9999 -9999 -9999 -9999 -9999 749.5583 740.1333 729.05 717.4333 705.6223 694.6111 684.2083 672.2222 658.5056 651.375 649.9111 647.3722 641.1 634.175 627.1277 621.4167 615.6639 603.3889 590.2333 576.6611 571.1778 571.1167 570.8195 567.8333 564.6667 558.3472 546.2278 538.2 536.5056 542.2139 551.15 560.6972 567.975 563.3083 558.9889 553.9167 548.925 547.0722 555.8583 565.925 577.0889 587.9667 591.7583 595.0361 595.6139 592.125 588.7473 584.3195 579.2333 574.3417 569.3083 562.8917 556.35 553.5417 558.3917 567.5889 577.0667
-9999 -9999 -9999 -9999 -9999 -9999 -9999 -9999 752.35 742.8889 732.0917 719.9 707.1528 694.1445 682.0833 670.6472 658.55 647.95 642.0722 638.8889 633.9 626.8694 619.8445 613.1 608.5222 600.7917 588.1917 578.8694 578.65 580.0583 581.4528 577.5333 571.425 561.7056 549.3083 539.4 533.2416 538.5528 547.6833 557.3972 562.2083 556.4083 550.2333 544.3444 539.6833 544.1334 555.3722 566.0667 574.4973 580.2028 583.8583 586.6528 585.8833 583.1167 580.5167 575.6528 570.45 565.4417 560.5167 554.8583 550.2417 549.6445 555.4667 564.2333 575.0056
-9999 -9999 -9999 -9999 734.8167 751.1 766.925 765.9584 756 744.8333 732.525 719.8 706.7 693.5583 681.3 669.9167 658.7667 647.95 637.0083 629.9667 623.525 618.7083 612.175 605 599.575 592.9417 587.875 586.5583 587.1833 588.7 591.0917 587.4667 576.85 564.4417 551.8834 540.325 531.3083 534.7416 544.45 554.45 556.6167 549.65 542.8083 536.3333 533.95 542.4417 553.325 562.775 568.6417 573.8917 576.3 576.6667 575.8083 573.975 571.7667 566.4916 560.625 555.05 549.8583 544.875 541.475 544.0084 552.725 562.6917 574.8583
-9999 -9999 -9999 721.4361 735.1111 752.3167 769.5917 773.1611 759.775 746.5 733.2916 720.2417 707.5527 696.6667 685.6417 673.3111 660.0944 648.4083 636.6805 627.475 620.025 615.0889 610.9361 605.4417 598.225 593.4806 593.9333 596.5945 598.925 598.2583 598.9389 592.025 580.275 566.9556 552.7639 539.9167 530.2083 530.5417 541.05 551.35 550.7333 543.725 536.2305 529.0167 531.175 539.0278 547.5278 556.1083 561.9389 567.0389 568.1583 568.3472 567.65 565.9583 563.0722 556.8722 550.3833 544.8389 539.5056 535.1 533.6528 537.7472 549.3583 563.025 576.5722
-9999 -9999 -9999 721.7056 735.2611 751.025 767.4694 775.6556 762.6917 750.5194 736.7083 723.6 712.8667 702.4278 689.9833 676.0806 662.525 651.675 641.6306 632.4333 626.1417 620.7944 616.7111 613.0417 608.9556 604.4861 604.7667 609.2694 612.4556 606.6666 600.4194 589.825 577.35 565.1528 551.65 538.7583 528.6583 527.6194 537.4833 547.9028 545.4833 537.8 530.075 522.2639 527.675 535.8639 543.7472 551.3167 557.3444 561.0917 561.3917 560.7611 559.8972 558.7 554.8361 548.3334 541.85 536.7833 532.4472 529.0833 533.9417 541.5278 552.825 566.025 579.3222
-9999 -9999 -9999 723.3917 736.3333 749.4 764.0084 771.975 765.45 754.7583 742.275 729.575 717.7083 705.7584 692.925 679.3417 666.1334 654.8 646.425 640.6 636.125 631.7333 628.65 625.35 621.8417 617.875 614.225 613.575 611.9333 603.8 596.1666 585.7584 573.7 561.475 549.1917 537.075 526.2083 526.6083 535.45 545.125 540.0167 531.75 523.5667 517.775 524.425 532.075 539.4166 545.9 550.8417 554.625 554.65 552.7167 551.1917 551.175 547.1167 540.15 533.5 528.4333 524.6 525.875 534.1083 544.1083 555.775 568.2333 580.4333
-9999 -9999 -9999 727.925 740.5306 751.1917 762.1028 770.8361 765.7917 755.9277 744.175 732.175 720.3 708.2 695.9083 683.5056 670.4083 660.2167 655.275 651.5167 648.2333 645.3528 643.0472 640.2 635.6861 630.5555 623.0167 614.9639 608.7305 599.6 589.4972 579.5944 569.55 557.7833 545.6917 534.725 523.6056 525.5695 534.0833 542.5972 537.4389 528.95 520.5306 515.425 519.0084 525.425 532.5027 538.6083 543.3112 547.325 546.7 544.0611 542.2222 542.65 539.3278 532.3 525.525 520.8472 518.1139 524.2083 534.3306 545.2305 556.35 568.2611 580.4056
-9999 -9999 -9999 733.9861 745.9389 757.1833 768.6917 773.175 764.3167 754.7916 744.1166 732.8917 721.4167 709.9472 698.55 687.2917 676.7806 670.5417 666.1361 663.1333 660.6083 657.5416 654.275 651.125 645.35 635.1055 624.575 614.3639 603.9473 592.5583 581.3361 572.1306 563.4583 553.4667 542.6111 532.25 521.6111 522.7028 530.0167 537.5944 538.5167 529.2416 520.5222 513.5972 511.6417 517.6445 524.9861 531.4833 536.3972 540.8222 540.35 537.4611 534.35 534.0833 532.525 526.0806 518.7333 515.1917 516.4445 524.55 535.5305 546.5222 557.5417 568.3945 580.0444
-9999 -9999 -9999 739.9833 752.0333 764.225 776.7917 774.4167 764.35 754.3666 744.5 734.325 723.3167 712.025 701.975 692.7167 684.3917 679.575 675.3834 671.8917 670.075 668.0917 663.95 656.5 645.8834 634.7667 623 611.1917 600.0583 588.725 575.7667 565.4167 556.9 546.675 537.675 528.925 519.3417 518.9584 525.75 532.9167 536.8 528.55 519.8834 511.6917 506.75 510.9333 517.8333 524.075 528.8167 533.0833 533.125 530.8333 528.05 526.85 524.9 519.2584 512.45 510.2667 516.3417 525.375 536.5333 547.7167 557.775 567.0417 576.3167
-9999 -9999 -9999 749.4528 759.6417 768.975 778.5167 772.7556 763.5084 755.7889 747.675 738.5917 728.0917 717.2278 708.15 700.8639 694.0167 688.4833 682.0194 676.2056 672.5833 670.1417 665.375 657.0417 646.1805 635.2056 623.3834 610.325 599.1972 588.7667 574.7111 566.05 558.3417 547.4944 534.9194 525.3083 517.7805 514.9917 519.65 527.5027 532.1528 527.65 519.4667 510.8834 500.6083 504.1667 510.4305 515.125 518.4028 521.1361 522.15 522.2333 521.4167 519.2833 516.8028 513.4916 507.625 507.55 515.8222 525.325 535.5084 545.8417 554.925 563.5639 571.6583
