data/Zona_60/elevation.asc
ncols         658
nrows         597
xllcorner     325692.38261041
yllcorner     4557715.6527613
cellsize      20
NODATA_value  -9999
[rows 232 to 260 of 597, columns 390 to 454 of 658]
373.4017 371.1439 371.62 373.0197 372.993 372.9133 374.0142 374.8372 375.0033 374.2264 373.2514 373.2333 373.1028 372.593 371.8708 370.8625 369.1683 365.3475 366.2683 366.8033 368.2325 368.0853 367.6875 367.105 366.585 366.1744 365.5492 365.0808 364.7097 363.7283 362.2025 359.7809 356.9233 357.2422 357.4181 356.425 355.8 356.0305 356.2833 356.2167 356 355.3 354.0306 352.9555 352.7667 352.2167 351.2306 350.4583 349.8528 349.6 348.7833 347.6611 346.9361 346.4917 346.5333 345.2805 343.1417 340.9333 338.8583 339.0167 339.3556 340.2917 341.0583 342.2972 343.2333
371.8767 369.695 368.46 370.7542 371.0792 371.2475 371.6908 372.5375 372.965 372.5008 371.6583 371.3675 371.1892 371.15 370.695 369.8567 368.36 365.6275 362.7742 365.2 366.775 366.75 366.1125 365.63 364.9058 364.4008 363.8775 363.3958 362.9783 362.185 361.0083 359.3116 357.1775 355.2517 354.9167 354.05 354.2667 354.35 354.125 353.6917 353.3 352.625 351.4917 350.5583 350.45 349.7583 348.7833 347.775 346.7667 346.1167 345.725 345.3333 344.7583 344.55 344.5917 344.625 343.5 342.0417 339.5667 337.575 337.1667 338.1833 339.675 341.2917 342.8667
368.9614 368.1989 364.5125 366.19 368.1028 368.8817 369.3425 370.0461 370.5767 370.4753 369.975 369.7433 369.8422 369.9264 369.3608 368.6689 367.1544 365.8533 362.0342 361.1911 365.5342 365.3647 364.4236 363.8258 362.9808 362.2689 361.9017 361.6275 361.2233 360.5 359.6169 358.4244 356.8275 354.7139 352.575 351.925 354.025 354.0722 352.55 351.4167 351.1972 350.6167 349.6194 348.7722 348.2167 346.9944 346.4055 345.4667 344.0833 343.5222 343.1667 342.9778 342.8861 342.9417 343.2889 343.5945 343.2333 342.275 340.5667 338.0917 336.3111 337.3667 338.5417 340.2583 342.1667
367.8425 365.9322 363.4716 362.5819 365.1392 366.2875 367.2483 368.2172 368.6033 368.352 368.1939 368.015 368.0361 367.6061 367.25 366.88 365.8942 364.6342 362.6283 360.1539 360.515 362.6261 362.2283 361.945 360.9422 360.1389 359.8475 359.7811 359.4367 358.6983 358.1322 357.1822 355.8225 354.4017 352.7653 350.4333 350.0278 350.4333 350.1833 349.9889 349.6611 349.15 348.25 347.425 346.9167 345.075 343.6833 343.15 342.075 341.7694 341.5833 341.7167 341.7528 342.0417 342.5528 342.6583 342.8083 341.5139 340.1889 338.2833 336.7805 335.4361 336.8583 338.6278 339.7139
369.2617 365.7725 363.0975 361.2225 362.9217 364.315 365.3667 366.0642 366.4025 366.22 365.8967 365.6375 365.4242 365.5492 365.4175 364.8567 363.9358 363.1375 361.66 360.7317 358.41 359.2592 360.3892 360.025 358.9691 358.415 358.0375 357.7433 357.3683 356.7575 356.28 356.1067 355.315 354.14 352.8667 351.625 348.5917 347.5417 348.6 348.7417 348.0583 347.35 346.475 345.5583 344.675 342.875 341.4667 340.85 340.3167 340.2417 340.25 340.7167 340.7333 340.9 341.275 341.4083 341.475 340.7083 339.8167 337.625 335.6417 333.6583 334.425 335.9417 336.7917
367.6475 365.542 362.0525 359.495 361.2111 362.4758 363.6961 364.0611 364.1475 364.1283 363.9064 363.6558 363.3872 362.863 363.0433 362.7264 361.8428 361.3075 360.4445 360.0761 358.3717 356.4533 358.2986 357.83 357.0725 356.7897 356.3942 355.7945 355.2764 354.875 354.8944 355.2644 355.1408 354.0617 352.7389 351.2333 349.725 346.6083 345.725 346.7722 346.1361 345.175 344.2 343.4139 342.1833 340.8694 340 339.3833 338.7805 338.7139 338.9167 339.7167 339.95 339.8417 340.0667 340.0333 339.725 339.3333 338.8195 338.3 336.2667 333.5333 332.325 333.2417 334.3417
364.4519 363.0261 360.8392 358.6967 359.8325 360.9367 361.9894 362.4828 362.6234 361.9292 361.9736 361.2125 361.2653 361.1761 360.9342 360.6339 360.0022 359.5225 359.0289 358.8014 358.335 355.4325 355.7328 355.5958 355.5742 355.6467 354.8783 353.8475 353.4339 353.2658 353.2603 353.5372 354.0742 353.7875 352.4819 349.8667 348.4028 345.425 342.4667 343.8972 344.35 342.9 342.0334 341.35 340.3333 339.3167 338.5194 337.9083 337.2833 337.3667 337.775 338.3639 338.8 339.0583 338.9695 338.6306 338.2917 338.05 338.0611 338.7833 337.9639 334.8472 331.5583 331.0056 331.85
362.5233 361.2008 359.2375 356.87 358.6983 359.845 360.4125 360.76 360.9975 361.0183 360.5092 360.1175 359.8592 359.7083 359.21 358.6783 358.3333 358.0025 357.505 357.2033 356.015 354.9267 353.725 353.2975 354.0367 353.5717 352.8175 351.8592 351.4442 351.365 350.9984 351.41 352.6925 352.925 351.6792 348.575 346.85 344.5167 341.85 339.8917 340.325 340.525 340.35 339.5583 338.475 337.5167 337.2834 336.375 335.6333 335.8167 336.475 337.3 337.725 337.875 337.9 337.6083 337.2 336.7083 336.85 336.6 336.5167 335.675 333.625 330.2833 329.15
361.2058 360.4881 358.5858 355.6433 357.085 359.0242 359.3078 359.4372 359.905 360.0867 359.7531 359.085 358.5919 358.0267 357.3734 356.9617 356.6575 356.4533 355.9714 355.6456 355.2033 354.5708 353.7617 351.7117 351.9492 351.6133 350.8733 349.9528 349.5183 349.6266 349.0114 350.1008 351.5817 351.5153 350.5083 347.2833 345.3389 343.7056 341.8583 339.4 337.1333 335.9833 338.4305 337.4472 336.325 335.0361 336.7694 335.3 333.9 334.4055 335.55 336.5 336.6222 336.4833 336.65 336.7667 336.6083 335.8389 335.0139 334.8333 334.5833 334.1694 333.6083 332.45 329.3944
359.94 359.5153 358.0175 355.5683 354.3542 358.3233 358.4605 358.4778 358.9708 359.0736 358.6728 357.7342 357.0553 356.4211 355.6841 355.468 355.0986 354.6517 354.1672 353.9819 353.9175 352.9544 352.0783 350.5909 349.9644 350.2458 349.5267 348.3547 347.63 347.5833 347.5339 349.6728 350.4492 349.9214 348.7806 345.4083 343.7056 342.3056 341.1417 339.6722 338.4194 336.8833 334.6805 334.4361 333.8583 333.0444 335.7139 334.0417 332.7306 333.6833 334.8917 335.6139 335.4 335.175 335.1167 335.5167 336.8833 335.5833 333.8222 333.2917 332.6917 332.0694 331.55 331.0861 330.4917
359.985 358.54 356.775 355.0475 353.5317 356.685 357.1008 357.2933 357.75 357.8109 357.6516 356.9325 355.655 355.2183 354.4225 354.3808 354.14 353.2625 352.885 352.4525 352.555 351.5992 350.3533 349.805 349.1817 348.4625 348.0675 347.3017 346.2983 345.615 345.8817 347.3767 347.9175 347.5042 346.45 343.4 342.2 341.3833 340.4 339.6667 339.1667 337.975 336.5333 335.3417 334.675 333.05 331.5667 331.575 332 333.1583 334.475 335.375 335 334.4 333.175 332.6417 333.725 333.725 332.3333 331.4 330.425 329.9 329.475 329.0083 329.0083
359.6925 358.1897 356.6992 355.3808 352.9119 354.3383 355.6981 355.9922 356.3375 356.4689 356.6708 356.3183 355.3186 354.56 353.5275 352.8853 352.9203 352.3858 351.6111 351.0981 350.9717 350.6064 349.5894 349.0108 348.6711 346.9445 346.8542 346.1903 345.007 344.1092 344.1281 344.3139 344.7275 344.9189 344.2792 341.6417 341.2917 340.7111 339.8667 339.1333 338.6917 337.775 336.6778 336.6778 335.95 334.5139 332.0583 330.275 331.325 332.8139 334.225 334.5945 333.8222 332.9583 331.5806 330.4889 330.4417 330.8944 330.0667 329.175 328.4083 327.9666 327.6083 327.1111 327.3445
359.1847 358.2719 357.0492 355.75 354.3355 351.0858 353.6819 354.6331 355.0375 355.2919 355.7122 355.48 355.0992 354.1517 352.58 351.8569 351.4994 351.355 350.748 349.985 349.4592 349.3195 348.9722 348.5225 347.8394 346.3908 345.265 344.71 343.7886 342.9183 342.2522 341.8639 342.1042 342.8833 342.1361 340.2667 340.5583 340 339.2083 338.5833 338.1833 337.5583 337.1139 336.6861 336.0167 335.3056 333.9722 331.0667 329.6056 331.325 332.7333 332.6278 331.8333 330.9083 329.9833 329.2639 328.8167 328.5778 328.2361 327.625 327.0139 326.5972 326.275 325.7444 325.0972
358.6266 357.7833 356.9425 355.9975 355.155 352.2125 350.445 351.9758 353.945 354.36 354.62 354.6825 354.3741 353.3825 352.1175 351.0442 350.5034 350.1375 349.6967 349.0983 348.59 348.3692 348.0175 347.7475 347.0942 345.8517 344.665 343.6242 342.6183 341.57 340.4258 339.5992 340.2275 341.0933 340.5042 338.775 339.4 339.1667 338.475 337.9083 337.6083 337.075 336.2083 335.5417 335.15 334.8833 334.3333 332.45 330.1917 328.7167 329.8 330.5083 329.925 329.3 328.6333 328.0667 327.325 326.7917 326.45 326 325.5917 325.2083 324.875 324.5833 324.1917
358.2547 357.2989 356.3525 355.5589 354.8633 353.935 352.2261 348.2436 353.115 353.5211 353.6431 353.6683 353.1631 352.3897 351.705 350.9995 350.1447 349.4366 348.6036 348.1853 347.7458 347.4189 347.0947 346.9684 346.5169 345.4236 344.1358 342.8189 341.8675 340.4675 339.0606 338.0817 338.5717 339.2756 338.6778 337.45 337.5472 337.5555 337.45 337.2889 337.0333 336.4667 335.1917 334.3139 333.9917 333.6833 333.0972 331.7083 330.1389 327.8167 327.4917 328.625 328.7389 328.5667 327.8944 327.2028 326.4583 325.8528 325.9 325.4167 324.6694 324.0278 323.4333 323.2 323.1889
357.7031 356.7425 355.8133 355.0133 354.4242 353.7567 353.1447 347.6864 351.9317 352.5172 352.6444 352.65 352.3736 352.0086 351.6417 351.2317 350.3706 349.3592 348.2492 347.2386 346.8283 346.5167 346.2606 346.3633 345.9119 345.0372 343.8808 342.1383 341.6167 340.655 339.4781 338.1611 337.0817 337.137 337.5569 337.2083 337.5194 336.3472 336.5417 336.75 336.6 335.9333 334.2805 333.2944 332.7917 332.4695 331.9722 330.65 329.2028 327.2083 326.0583 326.3667 326.4556 326.875 326.7667 326.25 325.7917 325.4167 325.2861 324.875 324.0333 323.2639 322.4 321.6472 321.5583
357.135 356.1775 355.2025 354.3525 353.7533 353.175 352.23 348.7375 349.8325 351.365 351.59 351.7475 351.7967 351.625 351.34 351.28 350.56 349.4875 348.415 346.7142 345.95 345.6234 345.555 345.825 345.395 345.0858 344.4 342.26 341.4708 340.585 339.5658 338.3825 337.03 335.7067 336.1917 336.025 337.075 335.4167 335.775 336.2167 335.8917 334.625 333.0667 332.1583 331.55 331.1083 330.7417 330.2 329.325 327.6667 325.9 324.5917 324.3833 325.275 325.2917 324.8833 325.05 324.8833 324.2417 323.875 323.3 322.275 321.25 320.6417 320.3083
356.4628 355.5861 354.6042 353.6597 353.1505 352.5683 351.4958 348.0372 348.3458 350.4114 350.6453 350.7367 350.7892 350.9691 351.0842 350.9283 350.8495 350.0075 348.1739 345.9925 345.0717 344.1981 343.6064 344.97 344.8072 344.5136 343.6317 342.0525 341.157 340.3275 339.1758 337.9358 336.6908 334.9666 334.9236 335.1333 335.9639 334.7917 334.8 334.9611 334.0028 333.0667 331.9778 331.05 330.4333 329.8306 329.3306 328.9167 328.5861 328.0972 326.6167 324.8722 323.8111 323.8 323.6778 323.4195 323.475 323.0583 322.8361 322.9583 322.5389 321.55 320.4333 319.9695 319.9611
355.8361 355.0475 354.1866 353.2856 352.8778 352.3517 351.3103 348.5361 345.9758 348.4489 348.29 348.3442 349.1705 347.4867 347.7117 347.9783 350.2828 349.745 347.8003 344.9336 343.615 343.1561 342.5328 342.2425 343.0842 343.1181 342.27 341.5775 340.8947 340.0408 338.8342 337.5128 336.1833 334.9928 333.7556 333.9 334.7556 334.3611 333.725 333.2694 332.5528 332.4333 331.2861 329.9472 329.35 328.85 328.2833 327.7 327.2972 327.1472 326.6667 325.3389 324.35 323.375 322.5806 321.8611 321.9583 321.3472 320.8972 320.8833 320.2722 320.1667 319.7333 319.4389 319.8972
354.2617 354.0042 353.6475 352.9242 352.2833 351.825 351.125 349.9133 346.95 344.4658 341.4433 340.945 345.83 346.4592 346.5475 347.6483 348.3342 348.2025 347.275 344.7208 343.2775 342.5467 341.965 341.71 341.9925 341.9758 341.4925 340.9967 340.5192 339.875 338.7933 337.6133 336.44 335.2083 333.6375 331.95 332.7583 332.7917 332.6 331.8667 331.05 331.4 330.1667 328.9333 328.575 327.8833 327.2667 326.6 326.1417 326.05 326.025 325.4583 324.5583 323.575 322.2167 321.4333 320.975 320.6833 320.3333 319.725 319.1583 318.7333 318.35 318.7167 319.4083
353.1956 353.1942 352.9167 352.8281 351.7069 351.0483 350.6161 350.2767 349.5742 346.887 343.0453 339.6833 339.6283 346.14 345.5875 345.9767 346.2981 345.8975 344.972 343.9081 342.9192 341.9956 341.6444 341.5233 341.2897 341.0725 340.965 340.4131 339.9297 339.3842 338.5942 337.4486 336.2758 335.2086 333.3736 330.625 330.7333 330.6805 330.225 329.825 329.3389 329.45 328.5334 328.3222 327.8 327 326.4305 325.9167 325.5 325.3694 325.425 324.9666 324.2944 323.6083 322.6861 322.5889 321.45 320.1722 320.075 319.6083 319.2667 318.2167 316.8417 317.3833 318.3917
352.5558 352.3889 351.3517 350.5089 350.38 350.0258 349.0717 347.36 343.7633 340.0305 339.2686 337.765 337.7433 338.9306 344.0267 344.87 344.7567 344.3467 343.8617 343.0383 342.1725 341.4872 341.24 341.0258 340.8145 340.5142 340.3217 339.7444 339.245 338.6942 338.1503 337.2636 336.2492 335.4 334.1375 331.3417 329.8639 327.5056 327.0667 326.8361 327.4222 327.375 326.3556 326.6722 326.6667 326.0778 325.5556 325.1917 324.9944 324.8722 324.8083 324.4528 324.1806 323.7167 323.4333 322.8833 322.225 321.0111 320.0639 319.675 319.425 318.4417 317.2333 316.2056 316.4917
351.5833 350.4258 349.385 347.865 345.7883 344.2925 342.0967 339.66 339.265 338.6575 338.1583 337.095 337.0483 336.8792 340.4275 343.8508 343.5708 343.0125 342.8542 342.2117 341.34 340.8892 340.7841 340.595 340.3975 340.145 339.7475 338.9208 338.5558 338.03 337.5917 337.4267 337.14 336.5034 335.4667 333.4 332.2667 329.9084 328.075 326.6583 325.625 325.075 324.65 324.7333 325.15 325.275 324.775 323.975 323.8 323.8333 323.7 323.1917 323.3 323.5 323.1167 322.4833 321.95 321.4167 320.7333 320.575 320.0833 318.5417 317.675 316.225 315.3333
347.4706 346.1295 344.5683 341.4239 340.4689 340.4258 340.7356 340.6989 340.0958 339.7803 339.6411 338.85 337.9506 336.2736 335.5616 341.79 342.3767 341.72 341.4036 341.3795 340.5408 340.2731 340.2547 340.135 339.7458 339.2161 338.9025 338.2542 337.9861 337.6367 337.3303 337.5189 337.9975 337.708 336.782 334.875 334.2944 332.9361 331.2917 329.6472 328.55 327.4417 325.8889 324.0167 323.0917 324.1806 323.6889 323.0917 322.8139 322.4194 322.05 321.5 321.6694 322.3667 322.55 322.0139 321.55 321.0167 320.375 319.85 319.2833 318.3222 318.7833 317.6194 315.9528
344.1028 343.0992 342.6167 343.6078 345.2231 345.2108 344.7444 344.2583 343.0408 341.4428 340.7733 339.7508 338.2478 336.3539 334.7509 338.2769 340.9281 340.3883 339.9792 340.0183 339.845 339.7772 339.6714 339.185 338.6764 338.3456 338.0675 337.6339 337.5014 337.415 337.1661 337.4867 338.3008 338.6025 338.0389 336.9333 336.55 335.3333 334.1583 332.9417 331.225 329.45 327.425 325.2639 322.3583 322.675 323.1056 322.5667 322.4167 321.7944 321 320.7333 320.8889 321.125 321.3055 321.1333 320.7833 320.4611 319.9195 319.1833 318.5305 318.5806 318.3833 317.5194 316.1417
344.7167 345.8058 345.7525 345.4409 345.7083 345.4425 345.1142 344.7675 344.035 342.59 341.4617 340.0525 338.1183 335.6192 333.9675 336.495 338.4025 338.6825 338.4167 338.3067 338.4525 339.0942 339.045 338.555 338.1233 337.6642 337.295 337.0217 336.9025 336.6975 336.7425 337.1883 338.18 339.3717 338.7333 338.875 338.725 337.7417 336.65 336.2667 334.7167 333.4 332.375 329.7917 326.5 321.9167 320.8667 321.675 322.15 321.4917 320.6 320.3333 320.3333 320.25 320.2083 320.125 319.925 319.725 319.2667 318.625 318.15 317.8667 317.575 316.6583 315.375
347.1778 347.968 347.3175 346.385 345.577 345.3617 345.1908 344.9905 344.3417 343.0372 341.8 340.525 337.5208 334.3109 333.6383 335.1255 336.4742 336.7392 336.775 336.8019 337.2808 338.4722 338.313 337.875 337.4369 337.0133 336.585 336.2469 336.0133 335.73 335.6578 336.0608 337.2842 340.1283 339.7889 340.0667 340.5389 339.7611 338.8917 338.9944 338.3333 338.1417 337.4639 334.9722 331.1 325.3806 321.5861 319.825 320.8278 320.5778 320.0333 319.7945 319.6806 319.625 319.2917 318.8806 319.025 319.0028 318.5444 318.1083 317.7834 317.4861 317.1 316.7556 315.1083
350.0261 349.7869 348.7808 347.7442 346.6614 345.935 345.4169 345.1419 344.4308 343.2211 342.0339 340.8508 337.6566 333.8122 332.6642 333.4911 334.8639 335.4117 335.722 336.0267 336.6108 337.8631 337.6628 337.2216 336.7556 336.3 335.8592 335.442 335.1311 334.8317 334.4878 334.8611 335.39 338.0133 339.1917 341.4167 342.0444 341.0972 339.8167 339.6194 339.7 339.5917 339.5389 338.4944 334.6083 328.9305 324.7944 321.5083 318.6806 319.1861 319.4167 319.2722 319.0639 318.6333 318.0361 317.5695 317.775 318.0639 317.9667 317.6917 317.3195 316.9528 316.5667 315.8055 314.525
351.7683 351.1408 350.215 349.0517 348.0908 347.295 346.6867 345.8542 344.7975 343.5617 342.35 341.125 339.5583 336.9892 333.9375 331.8358 333.3175 334.9625 335.2575 335.3467 335.7825 336.9267 337.185 336.6175 336.0667 335.5358 335.1425 334.5367 334.1108 333.99 333.6483 333.5942 333.7875 334.7267 337 340.75 341.625 340.7167 339.9 339.75 339.6167 339.4 339.475 339.0083 336.85 332.1083 327.925 324.55 321.425 318.7667 318.175 317.6667 318.0333 317.725 317.0833 316.625 316.875 317.25 317.1583 316.75 316.2583 316.0167 315.675 314.9167 313.9167
