data/Zona_60/elevation.asc
ncols         658
nrows         597
xllcorner     325692.38261041
yllcorner     4557715.6527613
cellsize      20
NODATA_value  -9999
[rows 203 to 231 of 597, columns 390 to 454 of 658]
419.2417 418.5725 419.755 421 421.4667 421.975 420.8542 419.2625 418.4425 418.9142 420.03 421.285 422.1983 422.0842 421.7725 421.39 421.1075 420.1325 418.4992 416.6992 415.2725 414.6458 414.4308 418.815 423.2367 426.275 428.535 427.3825 424.0817 421.25 418.2017 416.6433 415.57 414.2175 413.325 413.9625 415.5417 417.025 417.975 418.3833 418.6667 417.2 414.15 410.1833 404.9 401.3667 397.5167 393.225 389.6 389.075 389.125 388.0917 387.0083 386.55 386.4667 386.0667 385.35 384.6333 383.7167 382.65 381.7083 381.0083 380.35 379.9833 379.2
415.5861 415.2308 417.39 418.2464 418.9117 419.4958 419.1356 417.6803 416.4233 416.34 419.1656 420.6217 420.6653 420.11 419.7159 419.0397 417.8958 416.8092 415.303 413.5675 411.4167 410.2547 412.4556 415.4842 419.2017 422.4925 425.0083 426.4019 423.1547 419.7408 416.3311 413.4903 411.6042 410.7847 410.4967 410.8983 411.9833 413.2195 414.5417 416.2111 417.525 418.175 416.7972 412.6695 406.6417 400.7944 396.9861 393.5083 390.3083 387.45 387.95 386.4778 385.1889 384.6417 384.7472 384.7417 384.3667 383.7972 383.3222 382.7417 382.0361 381.2805 380.65 379.7278 378.0778
413.687 414.155 414.3867 415.3739 416.5681 417.0808 416.9769 415.9781 414.7166 414.4011 417.1042 419.1017 419.0158 418.3875 417.5783 416.2289 414.775 413.3958 410.2889 409.1392 408.4117 408.7661 411.0483 413.7675 416.6061 419.0364 422.11 424.5016 422.44 418.0167 414.6933 411.3047 409.3375 408.4175 408.0436 407.9767 408.4667 409.6111 411.0417 412.5833 413.95 415.275 416.3222 413.1139 406.9917 401.1333 397.4833 394.2417 391.3055 386.4 386.9167 386.1833 383.8889 382.7917 382.9167 382.95 382.6833 382.4167 382.6861 382.5583 382.4167 382.0639 381.2917 379.9222 378.2667
413.415 412.1442 411.77 413.0875 414.0992 414.645 414.7242 413.9175 412.62 411.8267 413.3108 414.8375 415.3975 415.9075 414.9025 412.4475 411.2467 409.3475 408.1733 406.6942 406.2625 407.0975 409.3008 411.7975 414.1025 416.15 419.3075 422.1025 422.8858 419.34 417.2858 411.0375 407.7625 406.075 405.2592 405.2775 405.8667 406.7833 407.75 407.9667 408.425 409.25 409.45 408.1417 404.975 400.975 397.7917 394.5 391.6667 387.225 384.125 384.4 383.5917 381.725 381.4 381.2167 380.95 380.6833 381.35 382.1 382.4333 382.45 382.15 381.0167 379.8167
412.6653 411.0625 410.0242 410.1831 411.44 411.6967 412.7131 412.6584 410.79 409.5397 409.7064 410.54 411.5514 412.1622 411.1058 409.8842 407.9836 405.8033 405.1758 404.3367 404.4675 405.3136 407.6728 410.1275 412.1281 413.6025 416.105 419.1478 421.9608 420.6675 420.0284 414.7328 408.4708 403.8853 403.0358 402.7408 403.1694 403.8445 403.5 403.4194 403.7333 403.5583 403.3139 402.725 400.4167 398.9556 396.7389 393.8833 391.8472 389.4389 384.5 380.2694 381.8222 381.3667 379.5083 379.3167 379.0917 379.075 380.8611 381.975 382.8944 383.0028 382.8 382.3611 381.2833
411.322 409.8044 408.5633 407.8764 408.9353 409.2808 411.0611 411.4125 409.9492 408.1678 407.8778 408.4733 409.1161 408.9395 408.1358 405.6919 404.6336 404.4633 403.5653 402.5803 402.4883 403.5381 405.265 407.695 409.507 410.765 412.5133 415.2964 419.0081 420.025 419.7711 416.7225 409.7292 404.8664 400.9861 400.05 400.1583 400.4306 399.2417 399.4278 399.2639 398.8583 398.6194 398.0806 396.975 396.0361 394.7195 393.0833 391.2805 389 384.4083 378.8861 379.7333 380.5583 378.7167 377.0167 377.2083 377.4278 379.8111 382.1917 383.0167 383.0222 382.975 381.5389 378.2778
411.0067 409.1567 407.59 405.7108 406.47 407.76 409.9833 409.5108 408.0825 406.6667 406.0125 406.2975 405.8408 405.5383 405.555 405.2717 404.2008 402.72 401.5808 400.7167 400.245 401.0317 402.5617 404.77 406.2783 407.3742 409.0225 411.6167 414.7192 416.9025 416.5692 413.1442 408.505 404.0075 399.4767 398.2425 397.1333 396.7333 395.7 395.6667 395.15 394.925 395.1583 395.0833 395.1 394.075 393.075 391.55 389.6083 386.9833 383.5 379.3917 377.7083 377.8 377.6 375.0917 374.075 375.5167 379.1 380.25 379.6083 379.35 378.75 377.65 375.975
410.2344 408.5158 406.275 404.5981 404.6255 406.1267 408.3722 407.5703 406.7408 405.1642 403.9569 404.2717 404.1392 403.7067 403.4742 403.2125 402.2556 400.8558 400.2006 400.1322 398.985 398.2753 399.3194 401.3492 402.7358 403.7069 405.0525 406.7203 409.8372 411.9508 409.4339 404.3019 401.335 399.9305 398.0103 395.8767 394.5667 393.8 392.7 392.0167 392.1056 391.95 391.7111 391.6833 392.1 391.0305 390.3194 389.8083 388.3528 386.1056 384.425 382.425 381.5722 379.375 377.1778 374.8333 374.1917 372.9528 375.7778 376.5167 376.2 375.7333 375.4 375.1083 373.9639
408.8708 407.3817 405.5775 404.8178 403.0708 405.1617 406.5983 405.2878 404.7675 403.9764 402.7478 402.56 402.3819 401.7953 401.4083 401.1075 400.3883 399.6733 400.075 400.2342 400.0275 396.2708 396.3992 398.0492 399.3575 400.1989 401.1508 402.5083 403.9928 401.3383 401.1853 402.9861 404.5667 401.368 398.9069 396.3292 393.95 392.0861 390.2083 388.7056 388.5278 388.425 388.0167 387.5833 387.975 387.6444 388.0528 388.9667 388.2 388.0861 387.325 386.9806 386.8055 385.0917 382.7667 381.1972 377.9333 370.7111 369.4361 370.5083 371.7472 371.975 372.5833 373.2195 372.9666
406.6183 406.4642 404.785 402.9642 401.5708 403.4025 404.4133 402.8317 402.3025 402.1275 401.555 401.1175 400.8217 400.1267 399.625 399.3358 399.0125 398.3725 399.6241 399.0058 397.8025 395.9783 395.2517 395.185 397.2308 398.0267 398.3975 398.7017 399.5767 402.2425 404.5625 405.3633 406.02 403.9225 400.735 398.0175 395.3 393.2917 391.1 389.1583 387.4833 386.275 385.1083 384.2167 384.45 385.3917 387.275 389.1 389.8417 390.3167 389.6 388.8 388.575 389.125 389.3 386.5417 382.075 374.8167 369.9167 367.25 366.875 368.0417 369.975 370.575 370.4917
404.2228 404.4494 403.7675 402.0078 400.4431 400.86 401.463 400.4131 399.9917 399.8203 399.7483 399.7833 399.3281 398.59 398.25 397.9919 397.7784 397.28 397.2469 396.4539 395.69 395.4359 395.7653 394.4083 394.5347 395.3975 395.565 396.4158 397.8342 399.905 402.9425 404.6642 405.19 404.813 404.1228 400.135 396.7333 394.4417 393.0333 392.1667 390.5083 388.375 386.3528 383.5444 382.425 383.5833 385.8861 388.15 389.1639 388.6306 387.75 386.9111 386.8028 388.0333 388.9861 385.6361 381.8833 377.6167 373.2444 369.7417 365.5167 363.4417 366.45 366.9722 367.1139
402.1794 402.5758 401.945 400.7586 398.2895 397.9458 398.4939 398.6358 398.5341 398.2603 398.1567 398.515 398.0775 397.1417 396.905 396.7822 396.5025 396.17 395.6611 394.9208 394.4041 393.4125 393.0164 391.8575 391.0958 392.6619 393.4575 394.4003 395.0431 397.1992 399.015 403.2128 404.3658 404.7731 405.7114 402.8467 398.7222 396.4722 395.6917 395.0778 394.6222 392.0833 389.4611 386.4 382.3917 380.6472 381.55 383.4083 384.1972 383.7556 383.6667 383.8139 383.8278 383.925 383.9667 383.0028 380.825 378.0639 375.8694 373.1 369.3306 362.9722 362.4583 362.1389 363.0444
400.1533 400.62 399.97 399.1408 397.6175 396.2225 396.3192 396.685 397.0225 397.1725 397.2283 397.275 396.7217 396.01 395.8925 395.6792 395.3567 395.035 394.1633 393.2858 392.4025 392.24 391.3242 390.0375 388.405 389.5717 390.2325 391.135 392.9716 394.9025 396.925 400.265 403.8875 404.6558 406.1492 405.21 401.6833 400.0667 399 398.225 397.7917 395.575 391.4 388.5417 384.325 379.8167 377.8083 378.325 379.1333 379.325 380.1 381.0833 380.8333 380.825 381.1083 381.225 380.15 378.5333 376.6833 375.1 373.2667 368.75 363.125 360 359.1167
398.0453 398.3308 397.9825 397.38 396.5136 395.7033 395.4222 395.8606 396.1483 396.0111 396.1514 395.9975 395.863 395.4172 395.2925 394.8136 394.6608 394.2625 393.2114 392.0786 391.0842 390.7703 389.1444 386.8883 385.4461 385.7606 387.47 388.8628 390.5544 393.3267 395.4003 399.3464 403.7425 404.822 406.6467 406.565 404.5056 402.8 402.6 400.1083 396.8361 394.025 390.575 388.1139 384.2167 380.1111 377.6222 375.7417 374.75 375.6167 377.2833 378.7833 378.3667 378.6833 379.9861 380.3639 379.6833 378.9194 377.1917 375.3917 373.1194 369.8195 367.0417 363.4444 360.0778
395.9228 396.0586 395.7517 395.06 394.4206 393.6025 393.8025 394.1103 393.9408 394.2242 394.6589 394.7842 394.6983 394.6017 394.3075 393.6953 393.4542 393.27 392.715 391.5478 389.9492 388.2214 385.0169 384.3433 383.3044 383.8958 384.4158 387.1136 389.7328 392.8467 396.5106 400.3914 403.0592 404.3811 406.1886 405.3408 403.3333 401.0639 399.7 397.0861 393.8417 391.1333 389.1889 386.9528 383.65 379.8194 377.4639 375.1417 372.8472 373.2778 374.6333 375.5305 375.8139 376.5333 378.4195 379.7611 379.05 377.2278 374.7833 372.8917 370.625 368.8222 367.1833 365.1 362.2972
394.0133 393.4659 393.1575 392.795 393.5967 393.5675 392.4925 392.6758 392.3925 392.605 393.1433 393.345 393.305 393.2733 392.975 392.4683 392.1208 391.9125 391.8583 391.0733 389.8325 388.575 385.9258 385.285 383.2525 382.1608 384.355 387.4533 390.3267 394.1175 397.2042 400.5658 400.2075 399.3825 399.075 398.55 397.1083 395.6417 394.975 392.85 390.5916 388.775 387.3333 385.5833 382.15 379.4667 377.2167 374.85 372.6917 371.375 372.05 372.5583 373.0583 374.7 376.5917 376.9833 375.3 373.6583 371.8417 370.225 368.7333 367.3 366.1 365.025 363.075
391.765 391.9605 392.1342 391.4731 391.8797 392.095 390.6381 391.2886 391.0775 391.0233 391.468 391.6767 391.6617 391.6144 391.5467 391.0609 390.7556 390.5633 390.5503 391.2267 390.2992 389.2522 388.1222 386.0892 383.0756 379.5828 383.29 387.4403 390.615 392.0758 393.7242 395.1278 394.9808 394.6144 394.0017 393.3175 392.2028 391.3445 391 389.6833 387.7444 386.0417 384.4639 382.8806 380.775 378.6833 376.8167 374.7667 373.175 370.6805 369.5083 369.6417 369.6083 370.6167 371.7917 372.5667 371.0083 370.0889 368.9972 367.725 366.7306 365.7639 364.85 363.8667 362.9222
391.2758 391.1803 391.205 390.5644 390.1281 390.585 390.2892 389.79 389.855 389.5172 389.6606 389.9042 389.9089 389.4881 389.51 389.4736 389.1539 388.9875 390.0975 391.8141 392.46 391.3725 388.655 384.9433 381.5247 378.3533 380.8817 383.8378 386.4867 388.1342 388.6358 389.2264 390.1708 390.5889 390.1561 389.6225 388.8 388.05 387.7417 386.975 385.3139 383.75 382.4917 381.5194 379.625 377.7167 375.7583 374.4167 373.1444 370.8917 368.3917 365.35 365.2556 366.5667 367.7805 368.7389 367.575 367.0778 366.35 365.5 364.6778 364.05 363.6833 362.7333 361.7306
390.745 390.3383 390.2125 389.795 388.5817 388.2175 388.6408 388.3091 388.53 388.0092 387.5942 387.6925 387.5992 387.22 387.0925 387.6859 387.5008 388.285 390.2317 392.0333 392.98 390.0975 385.4458 383.14 380.3342 377.6617 378.0925 380.94 382.5958 383.9325 385.3567 386.4475 387.1 387.3442 387.3775 386.82 385.8667 385.4 384.95 384.5417 383.2583 382 381.2 380.2417 378.5 376.675 375.025 374 372.7667 370.525 367.9 364.775 362.5167 363.1 364.4333 365.5083 365.15 364.875 364.3417 363.475 362.8167 362.675 362.425 361.5083 360.2583
390.1475 389.5228 388.92 388.2881 386.8783 385.2417 386.8703 387.4478 386.5717 386.365 385.7139 385.36 385.2367 385.7811 385.9917 385.9939 386.3658 388.2575 390.3019 391.3025 388.2583 385.1572 382.9269 381.2033 379.52 376.7631 376.0033 378.1353 379.4411 380.9267 382.3511 383.2742 383.9333 384.7397 384.4669 383.7467 382.4333 382.4722 382.6167 382.1222 381.5222 380.625 379.7139 378.6722 376.9167 375.6333 374.3611 372.4167 370.2639 368.2417 366.6583 364.6861 362.0972 360.925 362.1139 363.1805 363.1 362.7972 362.3333 361.4083 360.9417 360.8 360.6667 359.7833 358.5778
388.9953 387.8253 385.905 385.8111 385.1164 384.3467 385.7478 386.48 386.6958 384.7533 384.4917 383.7125 383.45 385.1536 386.0183 384.4261 385.1289 386.9408 388.1625 385.613 383.33 382.1275 380.55 379.3992 377.7442 375.2083 374.555 376.2183 376.562 378.0283 379.2711 379.6283 379.85 380.2939 381.2153 380.6792 379.65 379.8139 380.0167 380.0528 379.9028 379.2333 377.9389 376.4611 374.9667 374.0417 373.4833 370.9417 367.8167 366.2 364.8833 364.0389 362.575 360.0667 359.2389 360.6417 360.5833 360.7195 360.3639 359.5333 359.2583 359.4417 359.5417 358.8778 357.8
386.0533 384.8017 383.87 383.5342 383.3742 383.6575 384.7658 386.0142 386.6975 385.7142 383.5108 382.3 382.4017 384.7358 384.5925 381.6367 381.2908 382.565 382.2642 381.2433 380.5625 379.84 378.9183 377.9375 376.3483 374.0625 371.27 373.09 374.355 375.56 376.4942 377.3483 378.0525 378.5483 378.9333 378.5 377.5083 377.1167 377.675 378.65 378.1833 377.125 375.1083 373.225 371.8 370.4167 369.5083 368.075 365.8917 364.5 363.35 362.4083 361.625 359.625 357.375 357.7667 358.325 358.7167 359.4083 358.25 357.5917 358.0833 358.275 357.55 356.9167
383.1947 382.7364 381.9392 381.403 381.6403 382.9975 384.3339 385.6775 386.6658 386.1389 384.8217 383.0125 380.5894 381.0264 381.0375 379.6236 379.2042 379.085 378.8297 378.7917 378.2575 377.1636 376.8256 376.5842 375.4358 373.6472 370.3225 371.3367 372.5994 373.3583 374.6672 375.7378 376.6508 377.4042 377.782 377.6083 376.3667 375.475 374.75 374.4695 374.0194 372.975 370.9861 369.2111 368.0917 367.1111 366.2694 365.2083 364.0639 363.05 362.0667 361.1667 360.1611 358.9333 356.9833 355.2805 355.6083 356.3806 358.3 356.9666 355.8694 356.5861 356.925 355.5 355.4639
381.0517 380.2581 379.4367 379.5597 380.1094 381.895 384.0111 385.3889 386.9833 387.3736 386.0747 384.1875 380.8864 374.6872 376.6125 377.1433 377.5281 377.0392 376.5614 376.6061 376.2733 375.6558 375.4525 375.1333 374.7169 373.9111 371.675 369.1347 370.0247 371.5483 373.2442 374.0978 374.7617 374.3881 374.2333 374.5 374.0167 372.9667 371.775 371.0139 370.3361 369.2 367.5917 366.4167 365.4333 364.4639 364.0056 363.6167 362.3806 361.4667 360.7917 359.8528 358.7805 357.9333 356.9611 354.2583 353.3833 354.6333 356.2278 355.1333 354.3445 355.0861 355.3417 354.0556 353.75
378.6375 377.9725 377.6775 378.3992 379.7783 382.1125 384.2092 385.6758 386.425 385.9783 383.1158 381.3275 380.4267 376.54 372.7425 373.1867 375.445 375.055 374.64 374.7017 374.72 374.755 374.6242 374.175 373.6342 373.04 371.8475 369.7467 366.0808 367.4875 370.4275 370.8159 371.12 370.8658 370.6458 370.35 370.2833 369.4833 368.6 368.0083 367.4167 366.425 365.2667 364.35 363.5 362.65 362.4583 362.15 361.0083 360.3 359.675 358.5083 357.3333 356.275 355.3417 353.4333 351.525 352.4083 353.1917 352.825 352.7083 354.2417 354.3 352.275 351.25
376.6261 376.0925 376.4975 377.3109 379.5736 381.7508 382.81 382.7017 383.1125 383.0511 380.7556 378.9758 377.9406 376.6011 374.3267 368.9786 372.4995 373.4917 373.3117 373.3542 373.5125 373.6208 373.4292 372.9958 372.3514 371.6342 370.87 370.0725 367.5897 363.5475 364.4553 366.4908 367.4158 367.5395 367.4264 367.0333 366.55 365.8195 365.2167 364.7667 364.3583 363.8583 363.0806 362.3944 361.8583 361.1 360.7167 360.5167 359.9139 359.6472 358.6833 357.1778 355.6222 354.1583 353 351.3722 349.0833 348.8639 349.3778 349.9333 350.6833 352.0639 352.05 350.2444 348.8472
376.6581 375.075 375.9608 376.1731 376.8317 379.7975 380.3522 380.2503 380.8508 380.7611 379.9691 377.1967 376.1811 375.6428 374.84 370.8594 368.5695 371.7917 371.875 372.1311 372.3717 372.4817 372.2192 371.795 371.1417 370.3683 369.7458 369.0692 367.7664 365.7042 361.8808 361.7784 364.04 364.1836 364.2528 364.0333 363.7722 363.3528 362.7917 362.3 361.9806 361.5083 360.7444 360.1805 360.0417 359.1667 358.6306 358.4333 359.1945 358.8278 357.0417 355.2833 353.5639 352.1167 350.7528 349.1805 346.8 345.3639 346.0806 346.9583 347.5028 348.4167 348.8417 347.9333 346.4111
376.4767 374.0392 374.6725 375.0225 375.2208 376.65 377.65 378.32 378.6175 377.5317 376.8933 376.065 375.3908 374.8567 373.9325 372.2875 368.0775 369.63 370.42 370.3792 371.0625 371.2125 370.7675 370.27 369.7892 369.1375 368.38 367.8642 367.3725 365.7025 362.8325 359.9883 361.295 361.61 361.5417 360.95 361.1667 360.875 360.65 360.3833 359.95 359.425 358.775 358.2083 358.075 357.15 356.5167 356.2 356.5083 357.2833 355.125 353.2583 351.625 350.475 349.45 346.6917 344.4 342.3583 342.4917 343.2 343.7833 344.2833 345 345.6333 344.7583
375.3953 373.0478 372.98 374.0122 373.9253 374.5442 375.6047 376.3842 376.0092 375.5369 374.9397 374.85 374.3881 373.7664 372.8875 371.8003 368.5925 366.9683 368.5553 368.6245 369.9242 369.5309 369.0894 368.5742 368.2033 367.6719 367.0183 366.5967 366.3383 365.4758 362.8564 359.9136 358.4375 359.3669 359.3931 358.4083 358.4361 358.55 358.5916 358.4806 358.2667 357.7583 356.875 355.8889 355.7333 354.9389 354.0417 353.425 353.3778 353.5028 352.2083 350.6361 349.1306 348.5 348.4528 345.6889 343.1667 340.825 340.0833 340.6917 341.3139 341.8028 342.325 343.5278 343.8
