data/Zona_60/elevation.asc
ncols         658
nrows         597
xllcorner     325692.38261041
yllcorner     4557715.6527613
cellsize      20
NODATA_value  -9999
[rows 29 to 57 of 597, columns 390 to 454 of 658]
-9999 -9999 -9999 -9999 -9999 -9999 -9999 -9999 -9999 -9999 -9999 -9999 -9999 -9999 -9999 -9999 -9999 -9999 -9999 -9999 -9999 -9999 -9999 -9999 -9999 -9999 -9999 -9999 -9999 -9999 -9999 -9999 -9999 -9999 -9999 -9999 -9999 -9999 -9999 909.2025 900.1833 894.5925 892.2517 891.1942 887.7025 890.9817 900.0233 911.1025 921.39 927.5591 932.0475 936.0775 937.9608 938.565 940.2567 942.6567 945.1825 949.8625 953.4167 958.695 963.6358 967.295 969.62 970.4325 970.3984
-9999 -9999 -9999 -9999 -9999 -9999 -9999 -9999 -9999 -9999 -9999 -9999 -9999 -9999 -9999 -9999 -9999 -9999 -9999 -9999 -9999 -9999 -9999 -9999 -9999 -9999 -9999 -9999 -9999 -9999 -9999 -9999 -9999 -9999 -9999 -9999 -9999 -9999 -9999 886.9897 883.1345 880.5009 880.17 878.11 881.5833 894.49 905.528 917.7192 927.02 932.4803 937.0958 940.6655 941.6631 941.69 943.0364 945.827 948.9866 952.4033 954.9695 958.8508 963.51 967.4475 970.1333 970.9803 971.1619
-9999 -9999 -9999 -9999 -9999 -9999 -9999 -9999 -9999 -9999 -9999 -9999 -9999 -9999 -9999 -9999 -9999 -9999 -9999 -9999 -9999 -9999 -9999 -9999 -9999 -9999 -9999 -9999 -9999 -9999 -9999 -9999 -9999 -9999 -9999 -9999 -9999 -9999 875.5375 869.5725 868.3053 867.8983 868.0442 865.6997 869.9483 890.8997 902.9108 915.7625 929.5725 937.8981 942.3958 944.6478 944.8314 944.6259 944.7563 948.4822 952.445 955.3258 957.6111 960.0192 964.6898 967.7534 970.0233 971.3878 971.6731
-9999 -9999 -9999 -9999 -9999 -9999 -9999 -9999 -9999 -9999 -9999 -9999 -9999 -9999 -9999 -9999 -9999 -9999 -9999 -9999 -9999 -9999 -9999 -9999 -9999 -9999 -9999 -9999 -9999 -9999 -9999 -9999 -9999 -9999 -9999 -9999 874.6758 869.2767 862.635 858.3725 856.4475 855.47 855.5092 854.5292 859.0525 879.68 888.8992 905.29 926.0392 935.7917 941.18 946.3142 947.7758 947.3625 947.1325 949.4958 954.475 958.9958 961.4783 964.32 966.7659 968.8691 970.69 971.9984 972.2575
-9999 -9999 -9999 -9999 -9999 -9999 -9999 -9999 -9999 -9999 -9999 -9999 -9999 -9999 -9999 -9999 -9999 -9999 -9999 -9999 -9999 -9999 -9999 -9999 -9999 -9999 -9999 -9999 -9999 -9999 -9999 -9999 -9999 -9999 -9999 -9999 863.358 858.6967 853.9742 850.3267 848.812 846.2625 844.3672 843.5294 854.2609 866.8242 875.8403 892.0425 913.9267 928.1422 932.7142 942.5236 950.3661 951.045 950.4905 951.2275 955.6133 960.7339 964.3372 966.4875 968.278 970.1044 971.3942 972.627 973.0364
-9999 -9999 -9999 -9999 -9999 -9999 -9999 -9999 -9999 -9999 -9999 -9999 -9999 -9999 -9999 -9999 -9999 -9999 -9999 -9999 -9999 -9999 -9999 -9999 -9999 -9999 -9999 -9999 -9999 -9999 -9999 -9999 873.155 867.9794 862.4503 858.3475 855.9836 852.3881 848.08 845.5095 844.6369 842.7009 838.3008 839.8503 849.5458 856.8289 864.5736 876.1909 894.1122 913.0203 921.9392 937.5067 949.8134 954.4442 954.2833 955.5773 957.9808 962.7247 966.962 968.65 970.0728 971.7892 972.8992 973.6564 973.9222
-9999 -9999 -9999 -9999 -9999 -9999 -9999 -9999 -9999 -9999 -9999 -9999 -9999 -9999 -9999 -9999 -9999 -9999 -9999 -9999 -9999 -9999 -9999 -9999 -9999 -9999 -9999 -9999 -9999 -9999 -9999 -9999 865.38 861.9434 855.2883 851.2225 849.7775 845.835 841.1025 839.1908 837.9767 836.6825 833.7883 836.215 845.3425 851.2992 857.2609 865.77 879.1333 894.5117 909.1775 933.1975 947.6208 954.5925 955.785 957.3116 959.815 962.4767 966.7717 968.9275 970.425 972.28 973.685 974.69 975.1975
-9999 -9999 -9999 -9999 -9999 -9999 -9999 -9999 -9999 -9999 -9999 -9999 -9999 -9999 -9999 -9999 -9999 -9999 -9999 -9999 -9999 -9999 -9999 -9999 -9999 -9999 -9999 -9999 -9999 -9999 868.355 861.8389 858.1925 856.7502 850.9403 847.2017 844.6533 840.8653 834.8458 831.7097 830.1705 829.085 828.7911 835.0311 843.285 848.8111 854.412 859.9658 870.0906 884.5336 897.0575 917.0717 940.6339 947.9325 950.2631 955.3128 958.8242 962.0133 964.762 966.5217 968.6744 970.4722 973.0333 975.9597 977.1658
-9999 -9999 -9999 -9999 -9999 -9999 -9999 -9999 -9999 -9999 -9999 -9999 -9999 -9999 -9999 -9999 -9999 -9999 -9999 -9999 -9999 -9999 -9999 -9999 -9999 -9999 -9999 -9999 -9999 -9999 863.0889 855.9517 852.8116 850.7508 847.8464 844.3058 839.8625 836.4475 831.8525 826.6728 825.1378 823.6767 826.9072 834.2525 839.4758 845.6131 851.0089 854.2567 859.81 868.2466 877.3141 889.89 917.5711 934.675 940.2372 944.1719 948.56 955.2536 962.2142 965.9042 967.9844 969.5872 972.6958 977.0058 979.3203
-9999 -9999 -9999 -9999 -9999 -9999 -9999 -9999 -9999 -9999 -9999 -9999 -9999 -9999 -9999 -9999 -9999 -9999 -9999 -9999 -9999 -9999 -9999 -9999 -9999 922.8517 894.1075 885.5508 875.1317 869.645 860.8792 851.085 848.3475 846.0558 843.1058 839.17 834.43 831.1917 827.555 822.7767 819.5016 818.345 825.7425 831.8925 836.0775 841.6875 845.7858 848.19 853.4608 859.1225 866.04 873.1242 881.2683 904.115 919.4991 929.135 937.425 944.2275 956.1633 963.005 964.58 967.1058 970.2925 974.7083 980.0734
-9999 -9999 -9999 -9999 -9999 -9999 -9999 -9999 -9999 -9999 -9999 -9999 -9999 -9999 -9999 -9999 -9999 -9999 -9999 -9999 -9999 -9999 -9999 -9999 -9999 910.54 889.1375 879.2183 870.8961 866.6508 858.507 848.9461 845.425 841.2789 837.1514 833.2008 828.9961 825.6094 822.0075 818.957 816.0683 814.8591 825.9556 831.452 833.8583 836.5828 839.4128 843.5358 849.3297 854.7122 859.4241 864.7319 870.4947 879.7425 893.7319 908.7883 921.9483 929.9597 941.8139 950.4142 955.6603 960.9258 969.4183 973.2025 977.1306
-9999 -9999 -9999 -9999 -9999 -9999 -9999 -9999 -9999 -9999 -9999 -9999 -9999 -9999 -9999 -9999 -9999 -9999 -9999 -9999 -9999 -9999 -9999 -9999 -9999 895.0045 879.7117 871.9244 866.4953 860.8134 852.2383 847.2361 843.2266 837.5061 831.8264 827.6475 824.1214 820.567 815.7867 811.9398 810.8183 810.6984 823.2047 826.605 827.6758 830.3231 834.3361 838.1 844.4986 851.3111 856.3934 860.9742 866.6042 872.8691 881.2925 892.7211 904.0009 913.1583 921.5589 931.1216 943.3386 956.3958 968.5075 973.4233 976.1333
-9999 -9999 -9999 -9999 -9999 -9999 -9999 -9999 -9999 -9999 -9999 -9999 -9999 -9999 -9999 -9999 -9999 -9999 -9999 -9999 -9999 -9999 -9999 907.665 898.8116 887.0717 875.705 869.2217 863.2792 856.7775 849.3967 844.135 840.18 834.675 827.7625 823.065 818.505 814.2367 810.8375 805.3008 800.8592 806.5875 817.4325 821.5308 822.7325 825.9342 829.3834 834.6775 840.8759 847.9217 853.4275 857.8583 863.1742 868.33 873.0567 881.7 890.6675 899.235 906.3284 914.52 926.2158 939.9617 955.8575 972.645 976.5908
-9999 -9999 -9999 -9999 -9999 -9999 -9999 -9999 -9999 -9999 -9999 -9999 -9999 -9999 -9999 -9999 -9999 -9999 -9999 -9999 -9999 -9999 -9999 898.67 892.4014 882.7806 873.7108 867.8606 861.4617 854.7625 847.8647 842.2034 836.6917 831.062 823.7778 819.1033 812.7247 806.7189 803.8883 802.2869 796.7736 805.8016 814.27 817.29 817.6934 820.5272 825.1708 832.205 837.4962 844.3419 850.5075 854.6078 858.8747 862.7742 867.9347 875.5623 883.1841 890.2117 895.7131 899.7725 908.4153 919.8664 936.17 957.5153 976.1608
-9999 -9999 -9999 -9999 -9999 -9999 -9999 -9999 -9999 -9999 -9999 -9999 -9999 -9999 -9999 -9999 -9999 -9999 897.5072 895.155 892.5717 892.4175 892.6667 888.5034 884.5886 877.3964 871.6167 865.8217 859.545 852.5058 845.3736 838.9312 833.0858 826.5864 819.8209 814.7092 807.3628 801.1744 796.5466 793.887 792.6378 804.6875 810.4039 812.3317 813.6175 817.2214 822.2106 829.7117 835.1517 839.5964 846.17 851.2228 855.0536 859.4133 864.4842 871.9011 878.2808 883.1661 886.7361 890.8558 897.6575 905.6544 914.5433 934.9669 958.3508
-9999 -9999 -9999 -9999 -9999 -9999 -9999 -9999 -9999 -9999 -9999 -9999 -9999 -9999 -9999 -9999 -9999 -9999 888.9283 886.64 884.93 885.0616 884.6841 881.715 878.3458 873.9384 868.59 862.475 856.3517 848.8925 840.9125 835.0817 828.98 822.5784 817.6725 811.3325 803.0883 796.47 789.655 786.0192 791.4017 801.3375 806.2192 807.765 810.69 815.415 820.8408 826.195 831.5616 836.3209 841.8025 847.9175 852.4675 856.765 861.8917 867.7567 873.52 877.9375 880.22 882.9975 887.8083 894.0233 899.785 909.2133 924.3417
-9999 -9999 -9999 -9999 -9999 -9999 -9999 -9999 -9999 -9999 -9999 -9999 -9999 -9999 -9999 -9999 882.2289 883.1309 882.7648 880.8542 880.2633 881.2531 881.4406 879.8683 876.6155 871.8525 864.5258 858.188 851.2 844.0834 835.4764 828.8197 823.6367 818.855 814.0464 806.9183 797.9181 791.2725 782.1467 776.7305 789.1614 796.7833 800.5469 803.8428 807.4125 812.1461 817.0002 821.1325 826.9966 833.223 838.5016 843.5539 848.5092 853.1083 857.8561 863.3956 867.655 871.3978 874.9872 877.5641 880.6995 885.2491 891.0892 897.0611 904.5283
-9999 -9999 -9999 -9999 -9999 -9999 -9999 -9999 -9999 -9999 -9999 -9999 -9999 -9999 -9999 -9999 876.9272 878.3167 878.4366 877.7966 877.885 878.5539 878.6189 877.6533 875.135 869.3364 860.6675 854.6222 847.7642 840.1433 832.0045 823.2339 816.2825 811.2477 806.7278 802.1008 793.7058 783.8661 775.2925 772.3314 785.1953 789.8741 794.4391 797.8964 801.0808 807.1611 812.9312 817.5158 823.2547 829.3828 834.9384 839.6078 843.0411 847.9941 853.2167 857.877 860.8817 865.2947 869.6714 873.66 877.3375 881.2117 885.9584 890.6925 896.2781
-9999 -9999 -9999 -9999 -9999 -9999 -9999 871.1133 869.6825 866.9891 864.3592 865.2275 866.5333 866.95 868.475 870.7542 872.9817 874.6625 874.4767 874.5925 875.7025 876.1 876.0333 875.075 871.2708 865.5616 857.7975 852.7333 844.5592 837.26 829.0525 820.575 812.705 806.5517 801.7983 796.64 791.59 785.4633 774.7725 769.89 777.4434 781.3975 785.76 788.9475 793.3125 800.1984 808.4625 814.305 820.4225 826.4192 831.2 836.5267 840.8025 844.7475 850.055 853.3184 855.7175 860.5708 866.5034 871.43 876.2525 880.1158 884.0475 887.5208 890.54
-9999 -9999 -9999 -9999 -9999 -9999 -9999 866.4236 864.9966 862.3752 858.8167 858.4825 859.6386 860.9861 863.3834 866.0972 869.1514 870.875 870.4542 870.4397 870.7991 870.4239 869.7297 868.9425 866.6136 859.9522 853.9067 847.7139 842.0056 833.6266 825.8589 817.348 810.8733 804.9986 799.7328 792.4875 785.3033 777.2744 768.9733 764.8292 767.6386 770.6 772.9781 776.9445 784.0942 792.1119 800.055 810.0442 815.8458 823.2944 828.2534 834.0164 839.2778 843.8342 848.235 851.1583 853.4617 857.9247 865.0075 871.3 876.3897 880.1672 884.0617 887.4755 890.3728
-9999 -9999 -9999 -9999 -9999 -9999 -9999 861.3903 858.9675 856.5169 853.9697 853.6259 854.025 855.5433 857.905 860.9805 864.4083 865.7675 865.8614 865.8278 865.1625 863.6 862.2036 861.3792 858.1422 853.6378 848.88 842.832 836.6733 829.6666 823.2683 816.9439 811.0775 806.4861 803.205 799.8517 791.3511 782.04 772.9667 762.678 759.2186 761.23 762.815 767.6714 776.1875 783.9133 792.8773 802.1733 810.168 818.3389 824.7758 831.192 837.382 842.4475 846.127 848.5136 851.8875 856.8781 863.7336 869.9559 875.1572 878.4903 882.405 886.678 890.6567
866.6442 865.3134 863.18 860.3717 858.5408 857.455 856.7108 855.085 852.41 850.1141 849.0084 849.3675 850.1933 851.7625 853.0825 855.265 857.1833 859.145 859.865 859.9742 859.44 857.96 856.4208 855.24 852.8008 849.3267 844.865 838.8825 832.9359 828.1525 823.5442 818.7133 814.8025 810.9083 808.5941 807.575 801.2891 790.0258 780.1225 769.8192 758.58 753.505 753.7634 760.1825 768.715 777.1225 786.2633 794.4375 802.9242 812.1359 819.65 827.535 833.8525 839.1575 843.0334 845.6467 848.765 853.8208 860.6909 866.0775 870.9725 874.1733 876.8475 880.9092 885.6758
859.7253 858.6772 857.2617 854.3503 852.3383 851.2217 849.88 847.9631 846.165 844.6877 844.4442 845.3258 846.0783 847.6456 848.6225 849.798 851.2042 852.9267 854.1047 854.6219 854.7216 853.5283 851.6728 849.68 847.4025 844.7905 841.0958 835.3233 829.6775 827.7258 824.5297 822.4064 818.9608 815.2319 813.8569 812.115 809.5355 795.6422 787.5033 777.1825 763.733 752.6592 746.8936 754.8547 762.63 770.9664 780.9495 788.6392 795.7136 803.1286 811.7908 820.8683 827.4244 834.5383 839.298 842.7353 845.4258 850.8539 856.6619 861.295 865.16 868.6022 871.765 875.4208 880.0881
853.4708 852.5408 850.7075 847.5894 845.0147 843.7117 842.4239 842.0956 841.1141 839.9383 838.8492 839.1108 840.2253 841.99 843.4175 844.4158 845.7322 846.5308 848.2045 849.8075 849.5875 848.4869 846.7739 845.215 844.0728 841.2653 836.9483 830.8633 826.6719 825.4375 824.2905 821.7333 818.3617 815.5942 815.5247 813.9534 807.9194 798.24 789.6675 780.277 769.0825 755.8517 741.0986 748.48 757.3975 765.8123 772.9028 779.9683 786.6367 793.5828 802.7833 813.5797 823.1317 830.6458 836.603 840.5989 843.675 848.1914 852.3519 856.6167 860.9008 863.4186 866.5675 870.2136 874.5156
846.7575 846.6725 845.295 842.2341 838.6075 836.505 836.0942 836.2983 836.2325 835.3375 834.1384 834.0275 834.9375 836.5591 838.475 840.1283 841.8825 841.7525 842.885 845.11 845.3025 843.7659 842.5367 841.3375 840.1758 837.5158 832.935 828.3167 823.3817 821.4425 819.9409 817.2391 814.2625 812.1983 810.6934 809.425 805.1983 796.7367 787.92 779.6908 770.6234 761.0925 739.0659 733.0641 749.73 760.7958 764.5683 772.225 780.3317 790.4033 802.62 813.1116 821.0025 827.3575 832.8292 836.5725 840.14 844.3742 848.3066 852.6275 856.465 858.5533 861.175 864.5758 869.5483
840.5677 840.8542 841.5325 839.6775 833.7989 830.3483 830.3005 830.5928 831.28 830.545 829.4733 829.1234 829.8372 831.4492 833.1492 834.8644 836.9744 837.4533 838.7836 840.8 841.0591 840.0947 838.7286 837.6975 836.5886 833.8483 829.0717 824.7936 821.4664 817.8183 814.9717 812.1395 809.8467 805.9344 802.137 800.4966 798.8189 793.4528 785.8141 778.5783 769.5697 758.1583 739.7567 727.3914 739.975 752.4656 758.9395 767.5442 778.1753 789.4781 799.1692 808.7242 815.6859 821.7733 827.8664 832.1753 835.7467 839.7944 843.9531 848.605 851.993 854.1047 856.0908 859.4922 864.1381
836.863 835.6888 837.0242 836.6497 830.4272 825.8875 825.3353 826.0578 826.13 825.0731 823.6736 824.3125 825.0931 826.6017 828.2383 829.8528 830.9644 832.2017 833.6403 835.3678 836.1133 835.4617 834.5939 834.0908 833.1183 830.1348 825.4183 821.1144 817.4442 813.6908 810.2417 806.2436 804.99 800.1461 795.2603 793.0217 791.5233 788.8331 781.6783 773.0305 764.0786 753.3583 734.6325 722.9786 734.4817 743.5375 754.5111 764.2825 774.1692 784.9202 793.5117 801.8141 809.9561 817.1358 824.36 829.6233 832.7516 835.9161 839.3081 843.4333 846.5211 850.3578 851.535 854.3442 858.1861
833.79 831.9258 831.8925 831.7008 827.8792 822.6275 820.8508 821.4391 822.3 820.6817 818.4258 818.87 819.7933 821.905 823.8575 825.2058 825.4916 826.585 828.3325 830.0392 831.36 831.5017 831.645 831.4725 830.1292 826.9908 821.975 817.6383 813.7559 810.1725 806.0767 800.6125 796.61 794.8242 790.1166 785.8875 783.45 781.8783 775.355 764.8942 754.5134 741.3025 726.425 719.2258 729.7475 737.2233 748.3992 759.055 768.9775 779.3184 787.6925 795.9333 804.5675 813.285 820.9984 826.6808 830.26 832.5725 834.9017 838.0975 841.1392 845.1775 847.48 850.72 853.8975
829.8364 827.8531 826.24 824.777 821.9325 817.9175 815.1983 816.3511 816.0242 814.5 813.3295 813.5233 813.1381 814.6972 818.06 819.5005 820.2814 822.6225 824.8067 825.3661 826.5775 827.6403 828.3933 828.375 826.6302 823.8997 819.5858 815.6622 811.4911 806.6083 800.4033 794.58 789.9092 789.5258 787.005 780.8158 777.2892 775.9736 767.5192 755.5369 744.03 731.4092 720.9398 712.6202 723.38 732.5369 741.1511 752.5983 763.3734 774.6219 782.9608 791.2108 799.7983 808.7008 817.3075 824.887 827.7267 828.8234 830.6675 834.5867 837.9155 841.4875 847.0875 850.5139 853.8784
