data/ScottAndBurgan/Vilopriu_2013-asc/elevation.asc
ncols 508
nrows 610
xllcorner 494272.38261041
yllcorner 4652115.6527613
cellsize 20
NODATA_value -9999
[rows 464 to 492 of 610, columns 195 to 259 of 508]
122.1817 124.0894 125.5025 129.1083 130.9558 133.457 136.16 138.9478 141.4019 143.8075 145.1019 145.2989 145.2975 145.3642 145.6981 146.6658 147.6683 146.7836 145.1575 141.0953 141.3295 147.67 152.7786 155.5292 154.79 150.7217 146.4817 143.6058 141.0703 139.1436 138.2667 139.2133 139.8731 138.0867 134.8239 131.1011 129.64 128.865 128.8283 129.2325 129.6381 130.0031 131.3908 132.93 135.1139 135.805 136.3628 136.2783 135.73 137.2858 137.4228 137.16 137.1236 137.1561 137.4092 136.6872 134.032 131.5617 129.9372 128.7933 128.4133 128.2931 128.0783 127.9092 128.1817
121.8667 124.48 125.6272 127.3458 129.3492 132.2247 135.3133 137.7505 140.1403 142.4417 144.1806 144.8675 144.8883 144.6356 144.4864 145.81 147.3378 148.8592 150.0317 149.1806 150.1453 153.1 154.9019 155.5908 155.175 152.28 147.7122 144.3408 142.0708 140.5611 140.3383 141.6197 142.4242 140.285 136.9639 133.18 130.7442 129.3986 129.5317 129.8567 130.0886 130.4228 131.655 133.1553 134.7844 136.19 137.2942 137.5083 138.2008 138.2239 137.9542 137.6433 137.4242 137.5761 137.66 137.3731 135.4175 133.0083 130.3367 128.3961 126.7108 125.9853 125.4942 125.1817 125.4206
120.2025 122.595 124.52 126.215 128.2558 130.52 133.27 136.195 138.8842 141.2775 142.7167 143.4817 143.575 143.0225 143.6608 145.45 146.9058 148.1617 149.8425 151.1983 152.125 152.6175 152.5308 152.6692 152.7475 151.6467 148.4508 145.1875 143.17 142.0767 142.445 144.0717 144.6467 142.2825 138.9517 134.875 132.09 130.3008 130.085 130.43 130.8375 131.57 133.245 135.3575 137.6433 140.3325 142.08 140.9767 139.08 138.5208 138.2292 137.94 137.6925 137.5542 137.1725 136.6992 135.8667 134.665 133.7175 130.3 126.62 123.9192 123.3675 123.055 122.3425
118.7258 120.7267 122.6753 124.73 126.7681 128.6403 131.11 134.6228 137.335 139.93 141.3389 142.1514 142.1992 141.8956 142.6269 144.6567 145.9128 147.1628 148.5617 149.605 149.7422 149.6142 149.668 150.1142 150.2908 149.7897 148.5547 145.9592 144.365 143.5922 144.185 145.4083 145.8469 143.78 140.2603 136.1575 133.0525 131.3419 130.6925 131.2867 132.0155 133.1742 136.4767 139.7195 141.8078 143.6917 144.4658 143.0228 140.2133 139.0747 138.7417 138.3825 137.8483 137.2933 136.8975 136.5017 135.7645 133.8175 133.7039 131.3817 127.0208 123.1447 121.4075 120.7325 119.2061
117.4775 119.1431 120.8894 122.8675 125.0608 127.0481 129.7117 133.1433 135.85 137.7475 139.8214 140.8333 141.0025 140.9133 141.1761 142.6792 144.2086 145.1047 147.4992 149.045 150.0181 150.9075 152.1956 152.8633 152.6058 151.7136 150.0547 147.8667 146.2592 145.5089 146.0742 146.8617 146.1042 144.0375 140.7514 137.1922 134.2883 132.8233 132.7689 133.785 134.3775 135.2219 138.5267 141.6272 143.8275 146.0258 146.6325 145.3342 142.0583 139.8325 139.3322 138.6608 137.9867 137.4181 136.79 136.3342 135.1575 131.1058 129.075 128.0617 125.6425 122.4761 120.2936 119.2342 116.9094
117.1025 118.7 119.7292 121.3925 123.51 125.5683 128.485 131.4433 133.995 135.855 137.865 139.4183 139.79 139.8033 139.7408 140.5175 142.2608 143.5683 146.9875 150.0483 150.9725 152.585 154.5475 155.1133 154.8 154.145 152.6725 151.0625 149.8067 149.1267 150.6475 150.9975 148.6008 145.0325 141.7225 138.75 136.15 135.1125 135.1717 135.24 135.1958 136.6417 139.185 142.0575 144.7467 147.2125 148.5992 147.3642 144.3375 141.0275 139.61 138.8075 138.4717 138.7467 137.925 136.3033 134.4817 130.01 126.1008 122.9442 120.72 119.4125 118.4092 117.705 115.1675
116.4942 118.0667 119.5203 120.9467 122.7814 124.6553 127.1875 129.7086 132.1303 134.325 135.3169 137.2117 138.1317 138.2878 138.3875 139.4392 140.9464 143.0194 146.7675 150.1753 151.1853 153.0917 154.73 155.6703 156.0442 156.5153 155.4083 153.8333 153.0667 153.6125 155.875 155.1986 151.7753 147.4358 143.7908 140.8911 138.245 136.0003 135.5814 135.72 135.828 138.2392 140.6892 142.9114 145.5367 148.2867 150.0047 149.3983 146.3792 142.8683 140.6808 140.2208 140.8983 142.1253 141.0725 136.9003 134.7503 130.5767 126.5142 122.0281 118.0433 116.6044 115.4136 115.5383 114.0325
116.1283 117.6239 119.1844 120.5158 122.1847 124.2017 126.4967 128.9958 131.5186 133.9883 135.2206 135.9283 136.5683 136.5806 136.8928 138.4758 140.3922 142.73 145.6775 149.4056 150.9892 153.0592 155.025 156.4955 158.0858 158.9122 158.6725 157.9725 157.1683 157.7642 160.2967 158.9778 154.5142 149.5458 145.7706 142.4722 139.59 137.3925 135.9911 136.1525 136.6069 139.3911 141.6492 143.6683 146.0781 148.6825 150.2606 150.2983 148.4833 144.9211 142.5005 141.5167 143.187 145.0747 144.7542 139.1475 136.0047 131.2733 126.2975 122.6881 118.3042 114.9536 114.0961 113.2733 111.7311
115.44 116.8558 118.4083 120.08 121.6808 123.6575 126.1475 128.9667 131.5058 133.85 135.3733 135.51 135.395 135.2967 135.5217 137.0975 139.165 141.5958 144.3775 147.605 150.1608 152.625 155.0308 156.7608 159.0175 160.1992 160.27 160.2275 160.1642 160.3333 161.5075 160.3858 156.615 151.55 147.4183 143.9258 140.8475 138.4608 136.895 136.7625 137.3425 139.4225 141.505 143.6958 145.9908 148.22 149.995 150.7333 149.3925 145.9267 143.0617 142.265 144.2808 146.9683 146.98 142.6125 138.8875 133.73 127.0767 122.9208 119.3375 115.0375 112.6458 111.28 108.7392
114.3558 115.9336 117.7294 119.6358 121.3825 123.1883 125.7358 128.1333 130.4805 132.7242 134.3969 134.5486 134.5217 134.5656 134.6783 135.3858 137.2364 139.8478 142.7192 145.6392 148.3825 151.2575 154.1617 156.4094 158.6408 160.2431 160.5258 160.5867 160.3628 161.7775 162.6267 161.1106 158.0089 153.2833 149.3772 145.8544 142.5675 139.8681 138.5239 138.3392 138.5642 139.5511 141.2358 143.5358 145.7606 147.7492 149.6406 150.5267 149.5142 146.36 143.42 143.0883 145.3386 149.1064 149.2017 145.672 141.5703 136.62 129.8739 123.8536 120.4 117.0492 114.6956 110.4617 107.3264
113.3158 115.245 117.1945 119.0767 121.1825 123.3058 125.3883 127.4514 129.8006 131.9033 133.0617 133.255 133.7567 133.7153 133.9236 134.1917 135.0431 137.6386 140.4083 143.3711 146.2783 149.9317 153.0822 155.7247 158.3467 160.1172 160.6253 160.8375 160.7456 161.7681 162.1275 161.3967 159.165 155.0025 151.2581 147.7667 144.7133 141.8239 139.6278 139.26 139.5936 140.0228 140.8383 143.0192 145.4014 147.2308 149.0075 150.185 149.6 146.5539 143.9511 143.7158 146.1681 150.2467 150.5342 147.6467 144.0503 139.6975 133.6836 126.9931 121.5483 118.2064 114.9769 110.2267 107.225
113.0725 115.6042 117.8008 119.75 121.7283 123.7008 125.8775 128.1167 130.0325 131.095 131.4992 131.5425 131.64 131.2917 131.5375 132.2875 133.1833 136.0875 138.8075 141.7733 144.9042 149.1925 152.935 155.9975 158.07 159.48 159.7808 159.9 160.1608 160.2442 160.7525 161.24 159.695 156.57 153.3283 149.7575 146.5775 143.5933 141.1192 140.175 140.435 140.7342 141.255 142.9383 145.0775 146.7725 148.4217 149.79 149.5425 147.0117 144.6158 144.5475 147.275 150.76 151.235 148.8308 146.8425 145.045 139.3183 131.74 124.2375 119.4558 115.6708 111.4325 108.5233
112.4667 115.6036 117.5808 119.8567 121.9325 123.9625 126.2167 128.6014 129.9714 130.4117 130.5214 130.5092 130.14 130.1028 130.7111 131.5292 132.4236 135.0753 137.7775 140.7714 144.3953 148.4533 151.9225 154.7869 156.4642 157.4733 157.8183 158.0458 158.722 159.2619 159.7442 160.4417 159.7667 157.3542 155.3181 152.2219 148.6708 145.6878 143.2314 141.2983 141.1 141.6289 142.3508 143.6019 145.155 146.5392 147.9122 149.263 148.9308 147.5833 146.3889 145.925 148.9972 151.4831 151.0025 149.515 150.1542 149.5092 143.903 136.8536 128.3808 122.0664 117.9508 114.7258 111.8828
111.1433 113.8631 116.4719 119.2133 121.6381 123.8667 126.255 128.6308 129.8722 130.1417 130.1625 130.1156 129.465 129.3506 130.0681 130.9625 131.7486 133.9414 136.805 139.6436 143.49 147.055 149.7186 152.3905 154.1775 155.1144 155.5047 156.2117 157.1519 158.1981 158.8058 159.0817 158.8067 157.7075 156.2514 154.7597 151.4425 148.2697 145.8595 143.4775 142.4636 142.6792 143.21 144.2769 145.8397 147.3108 148.5917 149.5244 148.7708 147.6297 146.9447 146.4583 149.4636 151.5233 151.735 151.1856 152.4472 151.9967 147.7044 140.89 132.8783 124.9153 119.9408 117.8025 116.6031
110.24 112.6892 115.4025 118.39 121.2567 123.7575 126.125 128.4467 129.4283 129.62 129.4742 129.17 128.425 128.9425 129.7492 130.235 130.7208 132.96 135.825 138.19 141.5667 145.0125 147.6792 150.115 151.8075 152.9 153.3875 154.4075 155.6817 157.1617 157.6125 157.6425 157.765 157.8425 156.895 155.7425 154.1125 151.1117 148.24 145.8 143.9142 143.9208 144.3175 145.4267 147.0933 148.6175 149.5708 149.785 149.22 148.1217 147.6742 147.5125 149.3217 151.6083 152.87 153.6358 154.6392 154.475 150.8692 142.9908 134.455 127.5858 122.755 120.68 118.505
109.9408 111.8014 114.6928 117.7417 120.8933 123.6719 126.0283 128.3889 128.9108 128.8567 128.4039 127.9953 127.485 128.0886 128.765 128.9575 129.6819 131.7661 133.9658 136.0656 139.6669 143.2283 146.23 148.4158 149.8625 150.7786 151.3397 152.4867 153.9989 155.7808 156.3275 156.42 156.5636 156.9317 157.19 156.3794 155.4325 153.9814 150.8025 148.2767 146.3453 145.5903 146.2583 147.5236 149.0719 150.1408 150.6403 150.8247 149.7942 148.7928 148.4703 148.3833 148.9964 151.4739 153.2633 154.8014 155.9992 155.7408 152.0172 144.5292 136.19 130.5383 125.8914 122.9742 119.9042
109.7567 111.9003 114.4186 117.5333 120.7411 123.8922 125.8625 127.2161 128.2506 127.9183 127.3583 126.8956 126.725 127.1142 127.5583 127.7833 128.85 130.215 132.2375 134.6406 138.3958 142.0833 145.3194 146.675 147.575 148.4125 149.1255 150.2775 151.8586 153.8989 155.0183 155.2294 155.3914 155.7825 156.3458 156.377 155.8008 155.2872 153.9639 151.77 150.4553 149.3478 149.3742 149.9644 150.7897 151.3967 151.6217 151.8145 150.8342 149.9289 149.3283 149.0367 149.5103 151.2886 152.8617 154.7347 155.9528 155.7608 152.9842 146.8594 140.0267 134.6328 129.7964 125.295 120.8269
109.5475 111.9142 114.3108 117.045 119.8375 123.19 125.625 126.735 127.465 127.03 126.1367 125.5842 125.735 125.8942 126.14 126.645 127.9458 129.9675 131.4925 133.6675 137.1142 141.1075 144.0467 144.8108 145.58 146.2908 147.1367 148.535 149.8625 151.6892 153.44 154.0825 154.4017 154.8725 155.435 155.665 155.77 155.5708 155.2167 154.5525 153.0717 151.6192 151.2925 151.6783 152.2483 152.7575 153.0083 152.8433 152.105 150.9125 150.2042 149.8225 149.9033 151.145 152.7275 154.6475 155.6767 155.715 154.4033 150.295 144.62 140.6742 135.4233 128.235 121.5383
109.3675 111.6572 113.9642 116.365 118.9144 122.2003 124.9583 126.0233 125.9989 125.2083 124.1247 123.8325 123.8742 123.9075 124.5717 125.59 126.9347 129.7394 131.0808 132.8972 136.0103 140.0358 143.21 143.9508 144.3933 145.1914 146.1992 147.3133 148.4956 149.9517 151.5867 152.4133 153.0272 153.8042 154.7728 155.2781 155.4475 155.4808 155.4042 155.2142 154.6506 153.1281 152.7525 153.2658 153.85 154.1933 154.1728 153.6569 152.7092 151.4447 150.8231 150.575 150.7853 151.3861 152.9183 154.4505 155.3297 155.5692 155.235 153.175 148.3883 143.6906 139.0142 129.9875 122.1053
108.87 110.8511 113.1225 115.4442 118.0019 120.9464 124.1933 125.2903 125.0044 124.0867 122.9092 121.8692 121.9983 122.94 123.8989 125.0017 126.6503 129.7094 130.9117 132.1208 134.9883 138.7458 142.1214 142.7808 143.1508 143.8 144.7342 146.0308 147.3872 148.7081 149.7833 150.6669 151.5531 152.5442 153.5269 154.6761 154.9958 155.0947 155.0417 154.9167 154.6194 154.2589 154.1392 154.6486 155.1139 155.2633 155.0364 154.2097 152.8125 151.8445 151.0531 150.79 151.045 151.6089 152.5358 153.8058 155.0461 155.3133 155.2347 153.9658 150.1717 144.8511 139.5639 130.1458 122.65
108.1475 110.27 112.5783 114.7275 117.1767 119.8483 123.03 124.6408 124.3283 123.155 122.1608 121.3483 121.61 122.6717 123.7317 124.815 126.7067 129.35 130.63 131.435 134.1058 137.31 140.3725 141.7775 142.1625 142.5933 143.345 144.8025 146.2933 147.545 148.4275 149.3933 150.4667 151.415 152.1883 153.0842 153.7375 154.1158 154.0217 153.825 153.5325 153.7683 154.555 154.8833 155.4275 155.7775 155.4608 154.61 152.76 151.8642 151.3375 151.0475 151.0367 151.4083 152.1325 153.2692 154.3392 154.9975 155.2308 153.9483 151.0425 146.1117 140.04 130.415 123.2317
108.2958 110.3181 112.3078 114.2275 116.4625 118.9572 121.45 122.8678 122.6717 122.1358 121.5514 121.0636 121.0883 121.8797 122.8769 124.045 125.8533 128.3461 130.2608 131.3019 133.5303 135.9825 138.7625 141.2381 141.3408 141.4228 142.0364 143.6533 145.2911 146.4556 147.4758 148.6044 149.5261 150.3608 151.1456 151.8603 152.2292 152.7064 152.6794 152.5083 152.5261 153.7819 154.7042 155.0875 155.4703 155.85 155.5228 154.7783 152.9325 151.9547 151.5178 151.03 150.9922 151.1439 151.825 152.87 153.7531 154.64 155.1061 154.2975 151.3467 147.7125 142.2522 132.7925 124.53
108.0492 110.0344 111.9039 113.6992 115.6139 117.925 120.0892 120.9728 120.9669 121.24 121.1631 120.8939 120.805 120.9633 121.9739 123.225 124.8233 127.1831 129.1675 130.8769 133.1156 134.7117 136.9383 139.9944 140.2233 140.1356 141.0872 142.6983 144.4331 145.5742 146.6908 147.7492 148.6389 149.4808 150.3728 151.1808 151.02 151.3231 151.3858 151.3708 152.26 153.8772 155.1442 155.3861 155.5814 155.7167 155.3645 154.7706 153.2217 152.0714 151.3989 150.78 150.6417 150.8533 151.4858 152.5656 153.3722 154.2317 154.7356 154.0336 152.2258 148.7361 144.7822 136.6725 126.5808
107.5 109.5242 111.5258 113.165 114.6625 116.735 118.6675 119.75 120.17 120.3125 120.205 119.9983 120.2625 120.5392 121.3583 122.69 124.105 126.2483 128.28 130.6158 132.5325 133.6675 134.8233 136.5425 138.3325 139.0017 139.9558 141.94 143.6742 144.8958 146.075 147.0208 147.965 148.88 149.6158 150.2283 150.2575 150.1867 150.2717 150.78 152.13 153.6275 155.055 155.4742 155.5942 155.61 155.2717 154.6208 153.25 152.0875 151.1908 150.535 150.2333 150.3317 151.0625 152.1933 153.035 153.95 154.39 153.5792 152.315 149.755 145.2575 139.64 132.2975
106.7675 108.9208 111.0686 112.7475 113.9333 115.295 117.075 118.3939 118.9203 118.8267 118.7289 118.9556 119.8825 120.3719 121.39 122.28 123.5936 125.3747 127.1342 129.5478 131.7286 132.6775 133.8083 135.385 137.5333 138.1456 139.2328 141.2942 143.1139 144.3967 145.5592 146.5633 147.4494 148.25 148.7603 149.1522 149.2742 149.3711 149.4978 149.9433 151.1681 152.6583 154.4117 155.1664 155.3903 155.4658 155.2025 154.4003 152.9408 151.9786 150.9828 150.1442 149.7833 149.7906 150.5017 151.7808 152.7311 153.685 154.0514 153.3539 152.6125 150.8017 146.6383 142.1117 137.0683
106.0125 108.3711 110.6017 112.1625 113.2428 114.3989 115.6942 117.0908 117.4875 116.9592 116.7683 117.8964 119.1383 119.8872 120.3911 121.8217 123.3008 125.2267 126.57 127.6508 130.7858 132.0725 133.2383 134.8183 137.1725 137.7725 139.0814 141.2925 142.8314 143.875 144.6883 145.0808 146.4381 147.1733 147.6322 148.0658 148.2275 148.2142 148.3314 148.8675 149.6883 151.1864 152.9075 154.6272 155.1964 155.3808 155.2125 154.3625 152.8867 151.7622 150.6703 149.6858 149.3125 149.388 150.085 151.3778 152.4414 153.3492 153.6028 153.1122 152.7167 151.4961 148.6686 145.1142 140.9875
106 108.4075 110.1408 111.3075 112.395 113.4783 114.375 115.3342 115.6683 115.1275 115.27 117.2008 118.715 119.7667 120.2083 120.96 122.2575 125.0683 126.385 127.3558 128.9125 131.6325 132.9567 134.3658 136.7875 137.7175 138.8217 141.595 142.6933 143.5875 144.435 144.8492 145.0083 145.1675 145.6183 146.1383 146.5025 146.8958 147.185 147.735 148.5975 149.8258 151.52 153.1892 154.5342 154.91 154.79 153.6533 152.145 150.8658 149.9658 149.22 148.7992 149.0625 149.6875 151.0083 152.12 152.6825 152.7367 152.4058 151.7475 151.1308 150.4567 149.4875 147.8558
105.7042 108.4217 109.6272 110.64 111.5514 112.3369 113.06 113.6817 113.9797 113.9375 114.7856 116.4497 119.0542 119.9281 120.2242 121.4858 122.2628 123.2031 125.4792 127.2636 128.2683 130.43 132.5806 133.8967 136.04 137.3153 139.4633 141.9308 142.8803 143.7222 144.2942 144.4342 144.48 144.395 144.2531 144.4775 144.8442 145.3469 145.8775 146.5567 147.4233 148.6875 150.1367 151.7247 152.9261 153.5058 153.3842 152.9122 151.7283 150.2139 149.4336 148.7875 148.3747 148.7397 149.3067 150.6556 151.7181 151.8033 151.79 151.6856 151.07 150.5294 150.2642 150.4942 150.7908
104.6517 107.5394 109.0622 109.9867 110.6417 111.4169 112.6633 113.0014 113.3842 114.1908 115.6156 118.6061 120.5758 121.5442 122.6047 122.9933 123.2736 123.4031 125.0333 127.2817 128.1939 129.3442 132.0361 133.9072 135.975 137.7928 141.6725 142.2925 143.0847 143.5525 143.7992 143.6514 143.5422 143.2883 143.2081 143.5775 143.8067 143.9553 144.2967 145.1617 146.1517 147.3786 148.8567 150.2153 151.3383 152.1033 152.2308 152.1528 151.115 149.78 149.0164 148.3508 147.9769 148.2397 148.6867 150.2989 151.2783 151.0742 150.9061 150.8344 150.4267 149.4189 148.5795 148.4967 148.1097
