data/ScottAndBurgan/Vilopriu_2013-asc/elevation.asc
ncols 508
nrows 610
xllcorner 494272.38261041
yllcorner 4652115.6527613
cellsize 20
NODATA_value -9999
[rows 29 to 57 of 610, columns 195 to 259 of 508]
98.21667 97.48695 97.84834 98.81084 101.1581 103.9897 105.3092 102.9022 99.16778 96.93166 94.98028 92.95722 90.94833 89.0825 87.645 87.44917 87.62972 87.3975 86.5625 85.18027 86.66528 88.81333 89.93777 90.91389 91.95167 93.15056 94.35917 95.515 97.96389 99.58417 102.0042 104.9908 106.3144 108.5008 113.0594 114.6742 115.7342 116.1831 115.6172 115.3258 115.3219 115.2797 115.1308 115.45 117.1444 119.0658 121.1331 123.5347 127.0525 131.4981 136.1578 139.2925 141.2744 142.5922 142.18 141.0928 141.6378 143.1908 146.3842 149.4845 151.5917 153.4114 153.5945 152.8542 151.9542
98.82417 98.45834 98.73195 99.52917 101.5944 104.0975 104.2558 100.5656 98.3075 96.4525 94.55722 92.95805 91.4875 89.25027 88.09834 88.6525 88.84695 88.9675 88.89333 88.36916 85.55083 86.79167 89.37 90.41917 91.52417 92.63333 93.66639 94.85834 96.03222 97.87111 100.1675 102.2944 103.7144 106.0575 109.1408 112.8056 113.5392 113.8839 113.6558 113.3608 113.1339 113.0947 113.2967 114.3278 116.2367 118.3258 120.2011 122.7756 125.7225 129.2528 133.5872 136.1808 138.4286 140.2075 140.2892 140.0472 140.6958 142.5925 145.8767 148.6789 150.9283 152.6389 153.1325 152.8867 152.3728
99.665 99.47667 99.52333 99.7875 101.4642 103.4833 102.91 99.395 97.45333 95.8675 93.58583 91.72667 90.3775 88.76583 89.30333 89.86 89.975 90.20917 90.235 89.68584 88.74583 86.71 88.46167 89.62917 90.8275 92.255 93.32584 94.31 95.4275 97.19083 98.91 100.8625 102.8858 105.1375 107.6808 110.1092 111.635 111.9525 112.0108 111.695 111.4917 111.7983 112.4 113.5475 115.1908 117.695 119.7408 121.98 124.8825 127.9433 130.6925 133.71 136.49 138.2333 138.8675 138.985 139.9425 142.265 145.325 147.8833 150.3175 151.9142 152.4367 152.2375 151.3633
100.61 100.3075 100.2744 100.2458 101.3506 102.6136 101.8267 98.28973 96.1075 94.73666 92.97972 91.14389 89.37583 89.25222 90.35694 91.205 91.16138 91.20778 91.60583 91.31778 90.47833 90.17 88.04361 87.7225 90.08083 91.64333 92.87278 93.91583 95.41028 96.90222 98.5775 100.1319 102.2253 104.8425 106.8514 107.9711 109.1975 110.5142 110.6214 110.5375 110.5203 110.7978 111.5867 113.0686 114.695 116.91 119.5333 120.9581 123.6717 126.4658 128.8533 131.5933 134.5236 136.6036 136.8583 137.452 138.8711 140.9417 144.0025 147.4253 149.7942 151.5547 151.7214 151.3133 150.2817
102.0667 100.9872 100.9281 100.9308 101.6947 102.5769 100.9542 98.18278 96.13167 94.64916 92.97778 91.29333 90.40417 90.94833 92.08889 92.99333 93.01722 92.94112 93.41666 93.40611 92.77277 92.1425 91.24834 90.01805 88.65 91.15694 92.4725 93.47083 95.10389 96.63917 98.00333 99.32722 101.2364 104.1567 105.3603 106.2456 107.0808 107.8703 108.7236 109.5233 109.1231 106.155 108.245 111.8544 113.8739 116.4675 118.8139 120.9725 123.0267 125.3531 127.8256 130.4617 132.9478 134.6781 135.1258 136.0722 137.9103 139.5092 142.0886 145.3819 148.8008 150.6933 151.1169 150.4133 149.25
103.4725 101.8708 101.6542 101.895 102.3858 102.05 100.1075 97.78167 96.2375 94.81 93.42 92.36333 91.98 93.005 94.31417 95.6125 95.41084 95.14 95.0525 95.03166 94.31334 93.4575 92.835 91.74917 90.1025 90.67667 92.21 93.0975 94.48917 96.1025 97.4675 98.87417 100.4808 102.9775 104.3075 105.1683 105.965 106.6117 107.0517 106.88 104.1417 103.9225 107.2875 108.6025 111.9733 115.335 117.8633 120.1375 122.2175 124.4392 126.81 129.21 131.36 132.9783 134.005 135.0025 136.6125 138.4075 140.74 143.6758 146.64 149.2083 150.4167 149.555 146.6183
104.3867 102.6253 102.4372 102.5467 102.8256 102.0828 99.75667 97.78472 96.23361 94.88333 94.02611 93.49306 93.45167 94.64083 96.87 99.51917 99.81278 98.33889 96.92167 96.15166 95.31778 94.65583 94.24528 92.89139 91.3425 88.49223 91.93222 92.68667 93.72444 95.58527 97.01083 98.37945 99.59889 101.4358 103.0936 104.0175 104.7408 105.3281 104.0006 102.02 101.1686 105.8469 109.9758 111.2353 110.3908 113.6942 116.6892 119.0261 121.2792 123.1961 125.4361 127.7375 130.0153 131.7717 132.8467 134.0383 135.3605 137.3683 139.7275 142.3892 145.0417 147.3525 148.8664 147.5217 144.6117
105.8892 103.6892 103.2597 103.19 103.0911 102.1444 99.91333 97.94194 96.33944 94.7125 93.29806 92.82445 93.73666 95.2975 97.11472 99.56417 100.6122 99.77472 98.74916 97.86667 97.01889 96.27417 95.67389 94.14111 92.555 89.78278 91.91666 92.6125 93.38889 95.14944 96.60917 97.83417 98.97861 100.1475 101.7525 102.7742 103.3842 102.6067 98.57195 99.06667 102.7308 108.6294 111.9325 113.8717 114.9986 114.1117 115.5344 117.3864 119.375 121.6581 123.8433 126.1608 128.9853 130.5956 131.8983 132.9483 134.0964 136.1083 138.4189 140.8142 143.68 145.6861 146.7697 144.605 143.1125
106.265 104.76 104.1308 103.6575 103.3425 102.2083 100.08 97.67667 96.18083 94.68 93.10416 92.57083 93.705 94.95167 96.72334 98.42 99.77917 100.3375 100.0725 99.59917 98.78333 97.97 97.12334 95.73833 93.83 91.42583 91.33583 92.5775 93.18166 94.3075 96.32 97.39083 98.5675 99.7025 100.3542 101.5233 101.78 98.59084 98.26917 101.8475 105.4175 110.1975 113.0025 115.57 118.0117 118.36 117.7875 118.3108 118.92 120.7333 122.79 125.1775 128.49 130.0933 130.7225 131.61 132.7617 134.5375 136.9217 139.9092 142.7175 144.3258 143.5292 141.85 140.9833
106.7158 105.6836 104.8742 104.2875 103.6717 102.5 100.355 97.685 96.22083 94.86833 93.79222 93.21861 93.69833 94.83083 96.47083 98.09666 99.54611 100.8128 101.0917 101.04 100.3714 99.55333 98.53111 97.00362 95.23 93.255 89.505 92.38 92.84389 93.9975 96.135 96.90167 98.0425 99.0825 99.74055 100.1878 99.27583 97.09583 100.6664 103.37 107.0125 110.8211 113.3267 116.2697 119.4914 121.1458 120.5447 120.0811 120.0108 121.2211 123.1756 125.4233 128.4656 130.2133 130.3883 130.555 131.1644 133.0958 135.4939 138.3097 141.1425 142.9489 141.3928 139.8575 139.5806
108.1708 106.4756 105.6281 104.985 104.1378 102.5008 100.6583 97.97833 96.54111 95.5575 94.84055 94.21194 94.02583 94.93694 96.42722 97.88667 99.32944 100.8833 102.1158 102.3733 101.7094 100.9933 99.97444 98.31639 96.57333 94.315 89.46889 90.42834 92.75999 94.06583 95.19583 95.70778 96.91417 97.9925 98.84861 98.49751 96.3925 99.23056 101.7564 104.115 107.7597 111.1058 113.45 116.2983 119.7536 122.2733 123.7722 122.8669 121.5592 122.2208 123.9408 126.2592 128.9053 130.2547 130.2625 130.2078 130.4903 132.2675 134.3767 137.2783 140.1683 141.6264 140.1161 139.155 138.8953
109.355 107.4783 106.4267 105.615 104.6492 102.8042 101.215 98.38417 97.0725 96.3275 95.67834 95.09417 94.8975 95.53 96.6 97.7575 99.09417 100.7992 102.555 103.5025 103.1292 102.3575 101.1483 99.39333 97.5525 95.54916 91.63417 91.145 93.66 94.14833 93.735 93.53416 95.2025 96.36 96.8675 97.2725 99.1075 100.8508 102.5417 104.62 108.0942 111.2233 113.45 116.0975 119.4017 122.52 125.1133 124.6533 123.1775 123.2808 124.7417 126.5275 128.405 129.0567 129.1125 129.2517 129.7 131.0625 133.4625 136.9208 139.73 140.71 139.4117 138.155 137.6817
110.6267 108.6381 107.2142 106.1867 105.18 103.1894 101.3175 98.8275 97.69 97.00166 96.36333 95.68472 95.51917 96.18555 96.98528 98.06167 99.3325 100.7372 102.8567 104.4594 104.5419 103.6508 102.1389 100.2967 98.26083 96.13055 92.58972 89.66167 92.78638 94.37944 95.19917 95.91611 96.6075 97.04417 97.32667 98.40166 100.1475 101.1072 103.1547 105.1167 108.3272 111.2922 113.5458 116.1022 118.8983 122.0792 125.4183 125.5092 124.6083 124.5214 125.9842 127.6875 128.0589 127.6447 127.7208 128.0331 128.875 130.145 133.0956 136.6092 138.925 139.4589 138.31 137.0092 136.6014
111.7517 110.7808 108.0408 106.89 105.2406 103.0892 101.2258 99.15 98.25056 97.56166 96.83667 96.11528 95.90833 96.64166 97.515 98.56 99.60777 100.8408 102.995 105.5394 105.6389 104.9575 103.3678 101.3917 99.1 96.94861 94.61639 90.88583 91.21084 94.37972 95.29417 96.00584 96.72334 97.38667 98.03333 98.9325 100.145 101.3506 102.6539 105.1608 108.5747 111.4111 113.685 116.095 118.4733 121.1492 124.6111 127.1644 126.7583 126.7467 127.8908 128.5433 127.7097 126.7139 126.53 127.3808 128.4872 129.6358 132.7164 135.7003 137.7517 138.1128 136.6925 135.63 135.5703
113.005 112.6508 109.0625 107.5275 105.1342 103.245 101.475 99.605 98.73917 98.01 97.28083 96.555 96.3 97.02834 97.87666 98.82 99.93417 101.6 103.34 105.23 106.3892 106.9 105.0942 102.6183 100.24 98.07833 95.9725 93.1175 90 93.33916 95.5775 96.23666 96.91084 97.505 98.2575 99.13583 100.0425 101.1492 102.7767 105.4575 108.8425 111.5892 113.9075 116.0175 118.01 120.22 123.4175 127.7367 129.0075 129.0658 129.3283 128.35 127.2675 126.2367 125.8275 126.8142 128.0667 129.2425 131.4475 134.4808 136.6675 136.8292 135.2942 134.455 134.5575
114.05 113.2736 111.2925 108.2317 105.4667 103.4175 101.6575 100.0975 99.25139 98.46667 97.72501 96.99333 96.70416 97.41361 98.07861 98.93417 100.5453 102.7217 104.0725 105.8469 108.2103 110.0258 107.915 104.0617 101.6133 99.40945 97.44944 95.3325 91.96834 90.3875 94.77333 96.37028 96.79139 97.365 98.00806 98.84055 99.73583 100.9269 102.8564 105.8667 108.8714 111.5978 114.0967 116.0358 117.7703 119.5033 122.5919 126.595 128.8067 129.3169 129.4144 127.9442 126.7933 125.8011 125.3625 125.8128 127.0044 127.9242 129.255 132.0739 135.3708 135.7386 134.4167 133.6217 133.5614
115.1875 113.9053 112.6181 109.05 106.6208 103.8786 101.9442 100.5431 99.84472 99.03584 98.23806 97.4325 97.10833 97.63417 98.37611 99.23917 100.8911 103.1222 104.4108 106.3272 109.2331 111.4692 110.39 106.0231 103.15 100.9783 98.93056 96.75166 93.93111 90.74973 91.13583 95.01639 96.41389 97.19083 97.73861 98.3975 99.3225 100.7558 103.0111 105.9167 108.6389 110.9761 113.975 116.2586 117.7589 119.4425 122.2581 124.9553 126.3617 127.0111 127.8728 127.3742 126.1394 125.3242 125.025 124.9967 125.5594 126.04 127.5525 129.7511 132.8458 134.2045 133.39 132.8425 132.6922
116.325 114.5033 113.6167 110.65 107.2875 104.485 102.5725 101.1808 100.2575 99.3925 98.55667 97.75667 97.5025 98.04833 98.81333 99.595 100.8683 102.7242 104.7175 107.3525 109.8275 111.9425 111.1408 107.9125 104.69 102.4592 100.2333 97.9275 95.3425 92.91666 91.715 92.43834 94.5 96.725 97.55833 98.04916 98.9625 100.6425 103.0592 105.725 108.72 110.4458 113.7075 116.1358 117.805 119.4175 121.3967 123.1367 124.2125 124.88 125.8183 125.995 125.2217 124.53 124.2575 124.2267 124.3633 124.5425 125.805 128.0175 130.4275 131.6917 132.0667 131.885 131.7992
118.3208 115.5014 114.3319 111.7792 108.1986 105.5581 103.23 101.5422 100.5647 99.6575 98.64472 97.94611 98.13834 98.46944 99.11444 99.98833 101.6956 102.9094 106.07 109.5875 111.4747 112.845 112.4264 109.2631 106.355 103.9719 101.8069 99.52 97.19833 95.24333 94.39 94.39223 95.40139 95.23 96.94195 96.79388 99.09416 100.6347 102.7878 105.1583 107.8983 110.0489 112.9858 115.7631 117.9011 119.2008 120.6019 122.1722 122.9883 123.6544 124.2417 124.4117 124.0844 123.5914 123.2692 123.2983 123.5283 123.4825 124.4256 126.37 128.6717 130.0983 130.7892 130.9983 131.1269
119.1067 116.3419 114.6128 112.395 109.0508 106.5342 103.8042 102.2492 101.1583 100.1008 98.88223 98.52611 98.80334 99.07222 99.52278 100.605 102.4247 104.7547 108.2775 111.2656 113.3103 114.4967 115.0719 112.39 108.7342 106.0631 103.6686 101.7258 100.5233 100.1036 98.18417 96.99805 96.70028 96.59583 94.63306 95.49333 99.06417 100.4128 102.4703 104.5083 106.8742 109.2781 112.245 115.2272 117.9267 118.98 119.8403 121.0553 121.8583 122.4197 122.7897 122.86 122.8178 122.6369 122.2708 122.3075 122.7169 122.9075 123.8106 125.0742 126.8192 128.2586 129.0722 129.8842 130.4725
119.4525 116.975 114.9317 112.9325 109.3667 106.9808 104.27 102.9008 101.8208 100.7275 99.29667 98.8225 99.2475 99.635 100.1842 101.5225 103.4983 106.3742 109.5625 112.3758 114.7 115.68 116.3183 115.8933 112.76 109.3808 106.2825 103.9925 102.5525 101.205 99.3525 97.59583 97.31 97.1975 97.26 95.41583 98.6475 100.4 102.1425 103.9275 105.975 108.7267 111.5125 114.6067 116.4392 117.7325 118.7008 119.7108 120.645 120.9583 121.185 121.315 121.4783 121.42 121.275 121.005 121.1475 121.7775 122.945 124.1192 125.1725 126.2717 127.1225 128.355 129.4458
119.7858 117.1983 114.6714 113.1992 109.6019 107.2456 104.7983 103.5886 102.4417 101.2292 99.88472 99.28694 99.66666 100.1464 100.9678 102.49 104.6122 107.0742 110.1225 113.1847 115.3758 116.3883 116.8078 116.7994 115.8567 114.0556 109.4478 106.005 103.8275 102.0981 100.3917 98.38667 97.8975 97.79916 97.90916 97.13139 97.16 100.1817 101.48 103.2592 105.1661 107.8447 110.3258 112.7625 114.5072 115.8183 117.0822 118.0483 118.7692 119.0942 119.4956 120.0575 120.2986 120.5419 120.3458 119.74 118.8364 119.935 121.6947 123.1044 124.5383 125.5917 126.4617 127.4758 128.5761
120.1817 117.8319 115.6047 113.3242 109.6839 107.8697 106.165 104.2408 103.0197 101.7525 100.4464 99.85111 100.2142 100.7133 101.5086 102.8925 105.175 107.5042 110.3283 113.6317 116.0844 117.8642 118.08 117.9475 117.6008 116.2292 112.1589 107.8158 104.8686 102.6994 101.0808 99.18861 98.67111 98.37167 98.20834 97.87805 97.5825 99.84666 101.0869 102.5717 104.5411 106.8669 109.0117 110.6078 112.8956 114.34 115.3108 116.0389 116.4125 116.7361 117.2703 118.3383 119.3619 119.3797 118.7175 117.3594 116.315 118.4425 120.5839 122.1744 123.65 124.9103 125.8806 126.8275 128.2008
120.745 118.995 117.1892 114.4075 110.1508 108.6033 107.4575 105.0617 103.5483 102.3025 101.0983 100.3117 100.69 101.2725 101.8592 103.2225 105.465 107.7267 110.485 113.4225 116.41 119.1325 119.3842 118.9092 118.155 116.8175 113.9125 109.3575 105.8567 103.4775 101.6475 99.98 98.90833 98.8275 98.75916 98.50583 96.86501 99.0575 100.7983 102.36 103.9133 105.575 108.105 109.3517 111.4042 113.0375 113.5208 114.1425 114.4375 114.7367 115.2017 116.39 117.745 117.5717 116.895 115.4808 114.9083 117.2025 119.4258 121.0342 122.2825 123.6808 125.23 126.0575 127.9892
121.0958 119.8747 118.0014 115.1825 110.5442 109.1272 108.2667 105.8547 104.07 102.8942 101.8058 100.7889 101.1617 101.6886 102.2333 103.5233 105.7633 108.1867 110.5125 113.0508 115.8536 119.405 120.03 118.8889 117.4258 116.4322 115.0217 110.5783 106.6253 103.9194 102.1392 101.0894 99.93305 99.34167 99.30583 98.81694 98.04333 98.46695 100.4778 101.8483 103.2939 104.9067 107.04 108.2803 109.5906 110.7642 111.6808 112.4211 113.1083 113.5414 113.8747 114.8125 116.0517 116.1317 115.8933 114.7578 114.0586 116.0042 118.1136 119.7883 120.7983 122.3792 124.2003 125.1458 128.0886
121.8525 121.0517 118.795 116.1717 111.7386 109.4567 108.5383 106.9103 104.6531 103.5142 102.4128 101.7706 102.1825 102.6069 103.0219 103.9517 105.455 107.6069 110.2958 112.7944 115.5636 119.2533 120.4236 118.5753 116.59 115.4103 114.0781 110.5367 106.8689 104.1547 102.7625 101.6856 100.6464 99.94917 99.80334 99.58278 99.51667 97.52277 99.63555 101.0183 102.6317 104.0097 105.3142 106.77 107.8942 108.9983 110.1733 110.9144 111.5125 112.0953 112.6311 113.3333 114.5522 114.9492 115.0017 113.8542 113.6192 114.9583 116.5836 118.2336 120.2342 121.8431 123.185 124.3583 127.7025
122.345 121.8517 119.7808 117.2 114.0942 109.8975 108.72 107.43 105.7158 104.365 103.0725 101.93 101.96 102.3733 102.9733 104.31 105.7092 107.5467 110.22 112.6392 115.52 118.88 121.115 118.96 116.0775 114.0283 112.4533 109.8875 106.4758 103.9958 103.065 102.1467 101.3442 100.765 100.7025 100.5058 100.34 100.2908 98.78167 99.8625 100.8933 102.2733 103.625 104.8683 105.9475 107.125 108.84 109.5642 110.0425 110.65 111.3367 111.905 112.5817 113.2183 112.255 112.1542 112.7908 113.6375 114.63 116.8442 119.6975 121.8342 123.0367 124.425 128.18
122.6125 122.1433 120.1069 117.62 115.4275 111.1508 108.8767 107.6497 106.3786 105.1575 103.8281 102.5533 101.7708 102.0133 103.0706 104.4517 106.0369 107.9294 110.4275 112.7603 115.7069 118.515 121.3147 119.5017 115.5942 113.1103 111.2703 109.0633 105.9439 104.3231 103.3717 102.6994 102.1725 101.8808 101.6892 101.3108 100.6633 100.1839 99.65694 99.6525 100.6717 101.8758 103.2233 104.5986 105.6869 106.6225 108.0483 108.7 109.135 109.6144 110.3172 110.8558 111.1847 111.5056 110.7917 113.1278 114.0028 114.1917 114.3653 115.3339 116.8192 118.9711 121.5369 125.05 128.8547
123.7075 122.77 120.4839 118.1867 116.1075 112.4656 109.15 107.9789 106.7822 105.6117 104.4342 103.2364 102.0008 101.9153 103.1317 104.3942 106.0261 108.0194 110.4175 112.8892 115.7725 118.31 120.5044 119.9408 115.2308 112.5361 110.4356 108.155 105.8953 104.4958 103.7225 102.8797 102.7344 103.3683 103.2536 101.9408 100.8167 100.5231 100.8211 100.7308 99.22945 101.3467 102.8233 104.2208 105.4072 106.3042 107.3206 107.845 108.3117 108.7783 109.4039 109.6292 109.5419 108.9558 111.6225 114.4142 115.3625 115.6883 116.2017 117.0008 117.3175 117.1397 121.59 125.3108 128.1553
