data/ScottAndBurgan/Vilopriu_2013-asc/elevation.asc
ncols 508
nrows 610
xllcorner 494272.38261041
yllcorner 4652115.6527613
cellsize 20
NODATA_value -9999
[rows 580 to 608 of 610, columns 195 to 259 of 508]
80.6925 80.855 81.04333 81.6825 82.31333 83.25999 84.325 85.74416 86.73917 87.595 88.18833 88.90916 89.5575 91.39333 91.96083 92.6525 93.0525 93.2425 96.49 98.8625 100.255 101.5825 104.7767 106.3542 107.5975 108.995 110.1442 110.6325 111.1667 111.8383 112.705 113.5175 113.7167 114.64 115.6092 115.9242 116.2375 116.2842 116.4692 116.7 116.5558 116.3883 116.4575 116.5267 116.725 117.0625 117.4333 118.0958 118.79 119.6133 120.6367 121.5475 124.1 125.8758 127.33 128.8217 130.3725 131.5875 132.6983 134.4092 134.905 135.255 135.9542 136.3 136.5042
80.48583 80.68111 80.9025 81.64 82.16917 83.1825 84.50417 85.24389 86.18861 87.12833 87.92917 88.65166 89.34084 90.3175 91.85056 91.2075 92.62556 94.63555 98.20333 99.90444 100.7964 102.2742 104.3519 105.9111 107.4908 108.9483 110.1439 110.8117 111.6183 112.3258 113.2883 114.2286 114.9372 115.37 116.3708 117.4914 118.1925 117.1936 116.2628 116.2775 116.2311 115.7967 115.78 115.8467 116.1372 116.3708 116.6822 117.16 117.805 118.8875 120.2836 121.4833 123.3178 124.9042 126.2667 127.7069 129.1525 130.3267 131.4453 132.9439 134.7125 135.1797 136.0806 136.8283 137.315
80.40667 80.52917 80.85667 81.6475 82.36195 84.34888 84.58167 85.02277 85.94417 86.98583 87.98167 88.66972 89.365 90.12556 90.92084 95.2275 96.0425 97.86417 99.65166 101.0656 102.3136 103.1875 104.4586 105.8519 107.4258 109.0247 110.6386 111.6567 112.4511 112.96 113.73 114.6403 115.5586 116.045 116.9092 118.7756 119.6483 119.2961 118.2161 116.3283 115.9156 115.3764 115.0733 115.1786 115.4 115.7283 116.04 116.3833 116.9292 118.2722 119.7439 121.0667 122.6297 123.9061 125.0267 126.4111 127.8606 128.9758 130.2383 131.8642 134.1925 135.1097 136.0217 136.935 137.8497
80.3025 80.755 81.23333 82.08 83.13917 84.05833 84.49 84.93833 85.92333 86.99 88.19417 88.7275 89.2325 90.25417 94.855 95.63 96.6175 98.4325 100.2425 102.6275 105.0408 105.0075 105.3283 106.24 107.4825 109.0208 111.5417 113.0875 113.4625 113.7033 114.4725 115.4625 116.2942 116.65 117.9392 120.0333 120.55 120.3333 118.6742 117.4425 116.0275 115.0025 114.3075 114.1292 114.8117 115.27 115.62 116.04 116.76 117.8925 119.2075 120.4875 121.9342 123.065 124.1625 125.3558 126.5275 127.7975 129.1967 130.8 133.245 135.2108 136.1408 137.075 138.0467
80.6025 80.76972 81.79194 82.525 83.41222 84.0275 84.49 84.965 85.67472 86.97334 88.36361 88.45889 90.71667 91.68555 94.6475 96.16583 97.57306 99.42445 101.15 103.6839 106.125 106.0233 106.0244 107.1225 107.7517 109.9336 112.5794 115.1767 115.6489 116.0703 116.2317 116.4097 116.7922 117.18 118.2511 120.53 121.1433 120.4664 118.4628 117.1442 116.0672 114.6175 114.0708 113.5519 113.8164 114.4492 115.0972 115.705 116.5117 117.5336 118.7308 119.9125 121.3053 122.4975 123.6233 124.4617 125.4208 126.9942 128.6231 130.3344 132.9433 135.3244 136.3169 137.2108 138.0603
80.455 80.66055 81.86362 82.875 83.71278 84.30917 84.64333 85.24 85.67194 86.41333 89.08389 90.45306 91.36083 92.17416 93.44972 97.01417 98.55917 100.1419 101.8458 104.4594 107.7222 107.3433 107.1019 107.6075 108.2233 110.8253 113.6456 116.4542 116.7128 116.8067 116.8633 116.9131 117.27 117.6658 118.0131 120.4644 120.98 120.3886 118.1042 116.7383 115.5739 113.795 113.85 113.18 112.9678 113.45 114.0322 114.8172 116.2467 117.2608 118.2358 119.1575 120.6153 121.9503 123.0592 123.9819 125.0044 126.6208 128.3664 130.1247 132.0308 135.1453 136.3783 137.245 138.1117
80.215 80.5375 81.73167 82.9 83.79333 84.56 85.155 85.61667 87.20583 88.765 89.84084 90.7225 91.6625 92.59416 93.84917 96.8875 98.5175 100.1875 101.8075 104.9567 107.4633 108.335 108.3108 108.8192 110.025 112.1892 114.6267 117.045 117.1383 117.1975 117.2675 117.3833 117.7425 118.1225 118.4733 120.3267 120.725 120.24 117.8292 116.2525 114.9008 113.2008 113.045 113.1183 112.8375 112.72 113.3483 114.0075 114.685 116.0875 117.815 118.565 119.665 121.275 122.62 123.6983 124.8042 126.38 128.1183 129.8567 131.6975 135.1467 136.5383 137.405 138.2717
80.25833 80.54222 81.55528 82.3125 82.76278 83.85667 85.6875 87.52389 88.39944 89.18333 89.96028 90.88917 91.86833 92.85583 95.56528 96.96084 98.49667 100.0622 101.6983 105.3581 107.0461 108.7975 109.0225 109.3322 110.7433 113.1267 115.1842 117.765 117.7597 117.6703 117.58 117.5814 118.0622 118.4625 118.8392 120.275 120.5658 120.1622 117.5556 115.925 114.6333 112.6594 112.3358 112.5289 113.035 112.8108 112.7839 113.4339 114.0317 114.9669 116.1456 117.285 118.4008 120.8428 122.06 123.2425 124.3608 126.0933 127.8133 129.5483 131.4517 134.8078 136.5303 137.5608 138.3969
80.3775 80.70639 81.33916 81.6275 81.85889 85.45639 87.11167 88.27945 88.51222 89.26334 90.16306 91.06583 92.02167 95.04694 96.02528 96.91833 98.38638 99.91583 101.6692 105.3475 107.1386 109.0258 109.7006 109.8928 110.7742 114.1764 116.7778 117.7867 117.7969 117.6767 117.5592 117.5681 117.7625 118.3633 118.8919 120.1753 120.3633 120.1083 117.3275 115.6858 114.4594 112.6206 112.265 112.3219 112.6881 113.0958 112.8328 112.9464 113.745 114.5686 115.7419 116.7442 117.6394 119.1981 121.2025 122.3486 124.0239 125.6542 127.2483 129.0244 130.9775 133.2833 136.2903 137.4417 138.1042
80.18 80.47584 80.385 81.82 84.40917 85.52417 86.2475 88.15 89.07083 89.695 90.565 91.51667 93.07 95.23583 96.06167 96.9425 98.21917 99.7525 101.875 104.4183 106.6858 109.3375 110.71 110.7492 111.275 114.63 116.7842 117.5275 117.7208 117.6092 117.5125 117.5492 117.64 117.925 118.5433 119.9625 119.9175 119.7142 117.9967 115.6275 113.1708 112.2583 111.905 111.6642 111.745 112.2275 112.9267 113.18 113.5375 114.8033 115.9825 116.87 117.6533 119.9675 120.8775 122.375 123.5025 124.83 126.4117 128.2142 130.105 132.1667 135.4142 136.815 137.4908
79.60333 80.19945 80.56556 81.9125 84.07611 85.30861 86.00417 87.115 89.65583 90.35583 91.38499 92.81194 93.75166 95.69417 96.29945 97 98.16722 99.70028 101.66 103.5711 104.9081 108.6533 111.0528 111.625 111.8925 114.5544 116.485 117.1642 117.6031 117.5347 117.47 117.5317 117.6133 117.7158 118.4461 119.6025 119.1175 118.9394 118.1158 115.2817 112.4614 111.3919 110.7867 110.5772 110.6506 111.1175 111.5636 112.7747 113.98 114.7061 115.8383 116.925 117.8617 119.6397 121.5192 123.2444 124.2797 125.1225 126.1 127.6636 129.4242 131.1597 133.4075 136.1383 136.8872
78.48917 79.93555 80.19417 81.32166 83.45333 85.07584 86.02917 87.05611 89.57 91.34917 92.77695 93.23611 94.915 96.51472 96.64111 97.26667 98.50333 99.8 100.9533 103.1817 104.9917 107.9142 110.4589 111.9683 112.455 113.1306 116.1503 116.7733 117.445 117.4694 117.4383 117.5183 117.5911 117.6375 118.2131 118.7939 118.2342 118.0606 117.4153 114.6342 111.9364 110.6942 110.08 109.6033 109.8664 110.2725 110.6731 111.3561 113.2283 114.6228 115.7322 116.9308 117.9767 119.1878 121.8408 124.2481 125.5064 126.8842 127.98 129.2122 130.2517 131.237 132.9014 135.4783 136.2831
77.9525 79.43083 79.91833 80.92 82.82583 84.44334 85.61 86.8725 89.12417 91.885 92.7875 93.19 94.885 96.52167 96.58667 97.6 98.90083 100.2075 101.4825 103.6283 105.1433 107.4575 109.6467 111.81 112.8225 113.5892 116.0492 116.54 117.0642 117.4117 117.42 117.445 117.4 117.3575 117.6233 117.8675 117.295 117.0017 116.3008 113.715 111.1458 110.0683 109.6075 109.2383 109.5017 109.9125 110.4108 111.215 112.045 113.7917 115.6842 116.9225 118.0275 119.4233 121.63 124.495 126.2175 128.065 129.5375 130.735 131.7575 132.4258 133.2417 134.8125 135.7125
76.945 78.86222 79.77167 80.77666 82.26639 83.66084 84.97833 86.34444 88.80055 92.17084 92.43278 93.04527 94.17583 95.42861 96.42805 97.95834 99.14 100.3844 101.9617 103.5389 104.8033 106.905 109.0233 111.3336 113.0525 113.9381 115.0008 115.7483 116.4792 117.165 117.1683 117.0522 116.9422 116.84 116.8808 116.88 116.7392 115.8539 114.7489 112.2625 110.2053 109.6272 109.1975 108.8344 109.255 109.6108 110.1403 110.8878 111.695 112.6119 115.6111 116.7808 118.1908 119.6408 121.4317 124.2642 126.1633 128.3542 130.2783 131.5119 132.6008 133.2995 133.9431 134.655 134.9919
77.23583 78.84972 79.68472 80.58 81.7475 83.14584 84.55583 86.05611 88.52528 91.1225 91.95444 92.75362 93.635 94.50667 95.33805 97.50083 98.74556 99.84695 101.5767 103.2147 104.1425 106.0933 108.1414 110.6833 112.8133 113.4767 114.2178 114.8967 115.6589 116.4436 116.53 116.5025 116.3753 115.7958 115.5789 115.1369 114.6333 114.1964 112.9056 110.7867 109.4983 109.1597 108.8308 108.3603 108.3897 108.9717 109.8231 110.6622 111.515 112.3692 114.7303 116.4058 117.9383 119.5386 120.9775 123.6164 125.2711 127.995 129.455 130.7731 131.8708 132.7922 133.4681 133.7525 133.9272
77.2475 78.6975 79.52917 80.425 81.4125 82.68166 84.13 85.92833 87.63 89.095 91.30583 92.71167 93.2675 93.94833 94.58167 95.7675 97.895 99.04833 100.525 102.5308 103.3792 104.9025 106.9675 109.6608 112.2275 112.9192 113.6533 114.2875 114.9842 115.6275 115.775 115.8558 115.2242 114.9175 115.0442 114.0767 113.2625 112.6983 111.6742 110.2675 108.965 108.5633 108.22 107.6392 107.7292 108.63 109.5058 110.3425 111.18 112.1508 113.4458 115.9675 117.0308 119.0475 120.57 123.0467 124.5392 126.6325 128.33 129.845 130.885 131.5958 132.2042 132.4125 132.55
77.005 78.24667 79.37083 80.28667 81.20389 82.21472 83.575 84.92001 86.50972 87.8925 89.36555 92.27111 92.70833 93.40528 94.19333 94.93833 96.90833 98.14694 99.22334 100.6511 102.4506 104.37 106.4422 108.8897 111.0792 112.395 113.0569 113.6658 114.2053 114.7531 115.1658 115.08 114.5633 114.0642 113.7636 113.0594 112.3417 111.7656 110.54 109.465 108.4275 108.0836 107.7967 106.5444 107.2589 108.13 109.0011 109.8783 110.7992 111.7769 112.8975 114.9917 116.5622 117.6633 120.1458 122.2464 124.2003 125.8533 127.1869 128.6892 129.645 130.3481 130.9056 131.0725 131.1519
76.85667 78.02334 79.16167 80.20667 81.06139 81.90639 82.98167 84.35 85.81277 87.12083 88.23306 91.21445 92.015 92.65722 93.46584 94.33667 95.89222 97.18945 98.40833 99.71611 101.2231 103.7575 106.2211 108.9305 110.545 111.2428 111.9817 112.7592 113.1075 113.5425 113.9492 113.9086 113.7111 113.02 113.0011 112.3944 111.375 110.2917 109.5839 108.43 107.3664 107.1317 106.1958 105.7794 106.6844 107.7225 108.6064 109.4656 110.3258 111.3653 112.4853 114.5283 116.3172 117.1214 119.1467 121.1858 123.1856 125.5217 126.6203 127.4994 128.18 128.8856 129.485 129.7433 129.7989
76.6525 77.51917 78.68501 79.8775 80.81167 81.41333 82.6575 83.96833 85.32417 86.4625 87.5675 89.02 91.3875 91.88417 92.65 93.4725 94.19083 95.9475 98.2225 99.41833 100.7283 103.0775 105.6183 108.0825 109.4475 110.0958 110.99 111.755 111.9783 112.3783 112.715 112.7392 112.605 111.9675 111.88 110.9692 110.1125 109.235 108.31 107.1525 106.5492 106.375 105.3 105.375 106.2583 107.2625 108.2333 109.0767 109.8775 110.895 112.0417 113.6125 115.8375 117.1142 118.7775 120.42 122.12 124.18 125.9025 126.5242 127.1175 127.6983 128.1942 128.5175 128.7825
76.73583 76.84 77.45278 78.09 79.755 81.25083 82.04583 83.34778 84.85084 85.95834 87.02833 88.45333 90.06 89.625 92.00361 92.86667 93.42694 94.66666 98.14916 99.23167 100.3711 102.4017 104.8656 107.2539 108.5792 109.3044 110.14 110.7258 110.8658 111.2156 111.4433 111.6183 111.6878 111.0358 110.4436 109.8939 109.0917 108.2631 107.2292 105.8708 105.7042 105.6364 105.0417 105.1303 105.7767 106.79 107.7589 108.6211 109.3375 110.2108 111.3411 112.805 115.4772 116.8694 118.4583 119.7764 121.0683 122.6925 124.7819 125.6419 126.2217 126.5708 127.1269 127.4375 127.98
77.07916 77.08833 78.84834 78.6975 79.68972 81.22472 81.695 82.75555 84.32611 85.3375 86.48083 88.09556 88.46 88.93972 91.57222 92.52333 93.14806 94.32166 97.69417 98.81944 99.8075 101.5875 103.9578 106.5317 107.7842 108.5006 109.0319 109.5125 109.7403 109.9064 110.215 110.45 110.6914 110.1025 109.215 108.4364 107.77 107.4411 106.2372 105.0892 105.0022 104.7503 104.6625 104.9067 105.2589 106.065 107.0086 108.0558 108.785 109.6711 111.1078 112.2125 114.9311 116.4544 117.2217 119.225 120.0861 121.4317 122.4883 124.4711 124.9775 124.8769 125.8103 126.4042 126.7606
76.615 78.20834 78.64917 78.7225 78.7875 80.14917 81.715 82.36417 82.1625 84.29 84.9425 87.99417 88.1575 88.525 89.61333 92.4075 93.2975 94.43333 96.57 98.08584 99.69416 101.53 103.5533 105.8558 106.995 107.3592 107.7325 108.1625 108.4592 108.7192 109.1125 109.4892 109.6433 108.715 107.6325 107.0067 106.58 106.5117 104.71 104.4425 104.425 104.0867 104.065 104.3308 104.6983 105.275 106.2975 107.4283 108.4675 109.4483 110.6092 111.5675 112.9092 116.0717 116.5825 118.1517 119.6842 120.255 121.6883 122.6867 123.39 123.8725 124.3892 125.41 126.4975
76.9675 78.33945 78.81389 79.11417 79.22 79.23334 79.8725 80.33112 83.06834 83.98417 84.44305 87.56917 87.87583 88.39917 89.08778 91.3375 93.59834 94.74083 96.23333 97.81472 99.41694 101.2642 103.4447 105.0592 105.2558 105.1747 105.3886 106.4125 107.0475 107.2889 107.5808 107.8922 108.1203 107.5692 106.8 106.3144 106.0108 105.9614 104.1105 103.7833 103.5894 103.2675 103.48 103.7897 104.2308 104.7517 105.6586 106.6647 107.7042 108.8519 110.03 111.0558 112.0053 115.4458 115.9933 116.7825 119.3294 119.6658 120.1203 121.3842 122.39 122.8181 125.0347 126.2367 127.2192
77.37167 78.19556 78.79972 79.27 79.63333 79.85139 80.1025 80.37861 83.40723 84.05167 84.50722 85.00555 86.885 88.14639 89.02028 90.32333 93.0375 94.68611 96.14917 97.67472 99.21472 101.0025 102.6889 104.0189 104.075 103.9381 103.9528 104.8533 105.3594 105.6447 105.9942 106.3644 106.6394 106.2458 105.6008 105.4789 105.3533 104.7333 103.9358 103.3733 102.8428 102.2689 102.8325 103.2947 103.8094 104.4683 105.1717 106.1431 107.1925 108.3406 109.5606 110.7067 111.2917 112.6861 115.5792 116.3153 118.5375 118.9742 119.215 119.635 120.9067 122.6325 124.9544 125.9867 126.6439
77.4025 78.3375 78.86916 79.325 79.82667 80.23416 80.3775 80.13333 82.02833 84.09 84.5475 85.0625 85.95 87.1875 88.46 89.3175 91.025 94.74416 96.1025 97.61916 99.14084 100.7175 102.4483 103.3825 103.305 103.215 103.175 103.7875 104.1083 104.3342 104.6225 104.9192 105.19 104.94 104.5275 104.3558 103.9725 103.6683 103.5733 103.1725 102.4258 101.74 102.2875 102.8808 103.5733 104.2225 105.0467 106.0642 107.14 108.2367 109.3208 110.2975 110.8242 112.0617 114.5525 115.7475 116.6217 118.005 118.1883 118.5108 118.875 120.3558 122.5408 124.6675 125.8775
77.97083 77.30167 78.94139 79.4925 80.02695 80.41417 80.64833 80.82555 81.57861 84.17 84.61 85.0625 85.55666 86.50083 87.67472 88.85333 90.29305 94.26333 96.15584 97.53166 98.96556 100.4783 102.1856 102.8239 102.5975 102.4697 102.3972 102.7675 103.0531 103.3181 103.5092 103.6892 103.8725 103.8008 103.8361 103.5647 103.0917 102.7158 102.7358 101.6217 100.8047 101.1014 101.6425 102.4669 103.5678 104.285 105.1203 105.9686 107.0792 108.2786 109.3131 110.2467 110.9594 111.6747 113.3175 115.0533 115.835 116.765 117.0464 117.3839 117.685 118.3694 119.8008 122.3983 124.85
78.49416 78.5875 77.61889 79.395 80.09473 80.38667 80.66167 80.92973 81.55722 83.62167 84.725 85.14555 85.44333 85.87583 87.19361 88.68833 90.26083 92.5425 96.32667 97.63028 98.95722 100.4633 101.9833 102.0578 101.9558 101.7775 101.6353 101.7825 102.0033 102.1939 102.3717 102.5494 102.6661 102.155 102.7522 102.645 102.2325 101.9047 101.7719 100.7558 100.7897 101.4414 102.0033 103.2375 104.8792 105.5975 105.6686 106.0578 107.1167 108.1492 109.0683 109.9683 110.6406 111.2806 112.3758 114.1808 114.9728 115.5425 115.2275 117.3539 117.9708 118.6211 119.2831 120.5667 122.2364
78.87 78.94334 78.84666 78.83 79.9925 80.4 80.6775 80.95084 81.95667 83.645 84.8125 85.14167 85.3825 85.6275 86.95167 88.5375 90.21083 92.28416 96.315 97.6875 98.9825 100.7475 101.7208 101.6983 101.52 101.3333 101.1467 101.0925 101.2508 101.46 101.66 101.86 101.9808 101.3875 101.1317 101.085 100.7725 100.6933 100.4583 100.1525 101.1217 101.9142 102.5125 105.0442 106.93 108.3125 108.3533 107.39 106.875 107.6683 108.5042 109.2275 110.0967 111.0708 111.5775 112.7133 113.2817 113.17 113.8167 116.27 118.34 118.9892 119.6233 120.1325 121.0667
79.25417 79.36166 79.4425 78.7025 79.81389 80.38972 80.685 81.09695 82.34778 83.34333 84.89722 85.14472 85.205 85.42361 86.64028 88.31583 90.17889 92.02166 95.36166 97.08083 98.85361 100.74 101.425 101.4014 101.28 101.0933 100.9219 100.79 100.8706 101.0733 101.2733 101.4733 101.5039 100.7325 100.1667 99.94028 99.77917 99.73611 99.67528 100.2492 101.2467 102.3231 103.5133 106.0856 108.4017 110.1775 110.7019 110.5375 109.8417 109.4278 108.915 108.6742 109.5708 110.5597 111.3167 111.9764 112.5156 113.1058 113.785 114.8667 117.7675 119.3281 119.7844 120.1442 120.5858
