data/ScottAndBurgan/Vilopriu_2013-asc/elevation.asc
ncols 508
nrows 610
xllcorner 494272.38261041
yllcorner 4652115.6527613
cellsize 20
NODATA_value -9999
[rows 145 to 173 of 610, columns 0 to 64 of 508]
100.8 102.1025 104.1217 106.565 109.4167 111.9867 114.555 116.9483 119.1058 119.7 118.8483 117.4392 116.18 115.5375 114.6433 113.445 111.6383 107.5358 105.4625 102.2892 98.68 95.4525 93.9 92.91 92.52 90.95083 91.73333 93.88499 95.48666 97.61916 99.45 101.4017 103.6992 106.7275 109.2642 110.8642 110.0775 109.2117 108.3642 107.9325 108.2592 108.6958 109.1125 110.4042 112.8075 114.835 115.5917 115.2017 112.695 109.6842 106.9833 103.885 101.6117 98.60583 96.4525 94.5575 92.83417 90.69 90.24167 89.97 89.7425 89.71917 91.21 93.75 95.065
100.0633 102.3989 104.1586 106.5583 109.7011 112.4606 114.9658 117.135 119.0647 118.8567 117.7972 116.2703 114.4625 113.1589 112.4442 111.6183 109.4647 106.6419 103.7292 100.4386 97.12583 94.46 93.41778 92.35416 91.1975 90.27417 92.05055 93.84334 95.66112 97.92611 100.1617 102.6306 104.8356 107.68 109.8328 110.6353 109.6942 108.6017 107.5461 107.1583 107.5469 107.9369 108.3167 109.5644 111.8747 114.2117 115.1792 115.1764 113.2642 110.5658 107.8478 104.625 101.4467 98.79306 96.48583 94.48556 92.91361 91.065 90.0275 89.67167 89.4125 89.18111 89.66028 91.57166 93.61083
100.7092 102.8831 104.5878 107.1783 110.2564 113.1353 115.6542 117.605 118.3542 117.8942 116.5439 115.2264 112.8217 110.7308 110.0572 109.4525 107.5811 104.9142 101.89 98.94639 95.32917 93.61417 92.59361 91.66389 90.1975 90.83111 92.63333 94.41333 96.70722 99.10167 101.6867 104.4189 106.2508 108.5783 110.3558 110.1839 108.9058 107.7222 106.7522 106.4583 106.8367 107.225 107.7483 109.0606 111.1114 113.4342 114.9542 114.985 113.355 110.8972 107.8825 105.1817 101.885 99.2725 96.85417 94.68999 93.00972 91.07167 89.88639 89.38167 89.06583 88.80833 88.88445 90.31083 92.4025
101.205 102.8167 105.0258 108.0725 111.1733 114.0758 116.1625 117.8325 118.3058 116.8275 114.77 112.5017 109.975 108.1233 107.28 106.8725 105.4983 102.93 99.8175 97.02583 94.19833 92.5425 91.56583 90.575 89.82 91.2525 93.02917 94.96 97.53667 100.3225 103.145 105.6883 107.5875 109.215 110.3592 109.7417 108.06 106.645 105.8458 105.6225 106.1158 106.5883 107.435 108.6942 110.5242 112.7375 114.7133 114.7892 113.0225 110.9225 108.1658 105.325 102.1467 99.30334 96.7725 94.78333 93.02666 91.27 89.8675 89.21416 88.7275 88.3075 88.34583 89.6 91.3125
101.2508 102.8156 105.8292 108.9333 111.9778 114.8247 116.575 118.0392 117.5742 115.9192 112.9197 110.1339 107.695 105.7506 104.5236 104.1175 103.4753 101.4778 98.47 95.79417 93.35778 90.99583 89.61722 89.06389 89.13 90.92944 92.87222 95.265 98.19945 101.0461 103.8658 106.7717 109.0631 110.2267 110.6125 109.4106 106.91 105.4733 104.77 104.5867 104.8797 105.2697 105.9967 107.6417 109.9064 112.12 114.0017 114.6267 112.9358 110.9478 108.4242 105.4933 102.5181 99.97305 97.36166 95.39194 93.59222 91.53917 89.74722 89.08139 88.3725 87.82195 88.10861 89.085 90.09055
100.7475 103.8278 106.9775 110.0267 112.6828 115.4528 117.6208 117.5875 116.6406 115.5783 114.4772 109.7261 106.7933 104.0286 101.825 100.76 101.1464 99.72916 96.7675 94.17667 92.205 89.77917 87.65195 87.00139 88.67917 90.45139 92.94334 95.8775 99.38667 102.0667 104.6783 107.4511 109.8117 110.7792 110.805 109.0067 106.6925 104.9797 104.2547 103.8233 103.935 104.4725 105.3033 106.9911 109.3789 111.4717 113.1325 114.3447 112.8617 111.0189 108.5675 105.7117 102.8697 100.4394 98.06 95.90972 94.13083 91.94083 89.9925 88.91805 88.01 87.295 87.145 87.91417 88.71667
101.415 105.01 108.175 111.15 114.0208 116.705 117.8375 117.0158 116.1467 115.1375 113.1575 108.9533 106.175 103.2258 100.5908 98.955 98.265 97.15417 94.95 92.64584 89.7375 86.165 85.64667 86.77917 88.4025 90.38834 93.0625 96.1375 99.72083 102.4833 105.17 107.9692 110.5017 111.5875 111.09 108.9933 106.4625 104.5317 103.6008 103.09 103.1875 104.0608 105.1175 106.8617 108.9692 110.885 112.5383 114.0425 112.9 111.2158 109.0525 106.27 103.525 100.7108 98.305 96.11166 94.27 92.2175 90.15667 88.625 87.3825 85.94833 85.83 86.7875 87.695
101.7575 105.7381 108.9753 111.6692 115.1311 117.8767 117.4292 116.6358 115.9014 114.9342 111.8836 108.1375 105.1358 102.2356 99.51639 97.575 96.44889 95.20833 93.62417 91.37889 86.63805 84.655 84.97472 86.44723 88.53834 90.51 93.265 96.19334 99.43833 102.7167 105.0617 107.8247 110.6431 112.1333 111.1625 108.7411 105.9492 104.3183 103.24 102.3983 102.7164 103.5228 104.4567 106.1586 108.2706 110.2858 111.9928 113.6153 113.4383 111.9683 110.5125 107.3992 104.3539 100.9378 98.45416 96.13861 94.16888 92.29833 90.17639 88.56389 86.68417 84.99194 85.25528 86.29417 86.59556
101.86 106.0897 109.3053 111.775 114.9711 117.7928 117.2475 116.4522 115.6014 114.4308 111.0353 107.6936 104.6358 101.9642 99.3875 97.1 95.44722 94.07333 92.55833 90.94611 86.57917 84.3275 84.79667 86.21611 88.81667 90.67416 93.59972 96.5225 99.37583 102.2061 104.7883 107.34 110.3769 111.2525 110.9697 108.6428 105.8542 104.1558 103.0553 101.9442 101.84 102.5553 103.435 105.1897 107.3447 109.6992 111.7578 113.16 113.7275 112.695 111.1783 108.3233 104.7197 101.0828 98.57916 96.28806 94.31972 92.63917 90.45444 88.79056 86.47166 84.80417 84.88084 84.95667 85.21027
102.02 106.1417 109.235 111.3475 114.1142 116.8058 117.02 116.305 115.335 113.915 110.3742 107.5375 104.7925 102.1267 99.47916 96.9575 94.915 93.5525 91.995 90.44583 87.18166 84.525 84.335 85.62 88.8275 91.035 93.50667 96.2575 99.24167 101.6367 104.4575 107.1825 109.7458 110.625 110.275 108.5158 105.7725 103.9458 102.6225 101.4125 101.2233 101.7367 102.5225 104.3042 106.3058 108.42 110.33 111.9392 113.2575 112.5717 111.2658 108.9775 105.285 101.9733 99.085 96.7175 94.63417 92.965 90.95416 89.22833 86.705 84.7775 84.23833 83.9425 84.33833
101.3925 105.9839 108.8175 110.4742 112.7961 116.2883 116.7925 116.0981 115.1492 113.6825 110.3242 107.4397 104.7658 101.6975 99.14445 96.97334 94.51472 92.94 91.44833 89.71638 86.40083 84.00584 83.84417 84.86833 88.48833 91.10834 93.19972 95.88416 99.02833 101.4575 104.2933 106.8292 108.8342 109.9308 109.8525 108.2944 105.095 103.5344 102.0147 100.8767 100.5928 101.0667 101.8225 103.3825 105.1433 107.0783 108.9981 110.8906 112.7708 112.465 111.2311 109.4858 105.6183 102.7375 100.2825 97.91361 95.4875 93.6825 91.84417 90.02306 87.88833 84.97444 83.49722 83.045 83.4025
100.6808 105.2033 108.1869 109.5917 111.5519 115.7861 116.5333 115.8736 115.0542 113.4692 110.5203 107.0639 103.8875 101.4236 98.82362 96.24416 93.83139 91.89306 90.24166 87.81667 84.58167 83.155 83.34639 83.93305 86.91917 90.90112 93.23444 95.89167 99.22945 101.3011 103.5342 105.845 108.0025 109.2958 109.7197 108.0258 104.9433 102.9789 101.3592 100.3 100.0228 100.28 101.0517 102.5344 104.3711 106.2217 107.9806 110.0231 112.2142 112.3344 111.0808 109.8333 106.0969 103.6208 101.5292 99.34722 96.74556 94.33 92.58945 90.86417 89.2925 86.65972 84.86778 83.55334 83.25555
100.28 102.7325 107.6883 108.78 109.9508 114.7775 115.7725 115.6467 115.0642 113.3975 110.4183 106.53 103.455 101.0217 98.14167 95.06 92.5825 90.62334 88.7825 85.925 84.01666 82.5325 82.6525 83.425 86.435 90.85333 93.22916 95.6475 98.37833 100.7142 102.665 104.8783 107.0142 108.47 109.2633 107.9767 104.88 102.5708 100.7775 99.6925 99.1825 99.47 100.0475 101.4292 103.1492 105.1075 107.07 109.1633 111.1475 112.0275 110.9925 109.9075 107.6892 104.5717 102.8075 100.7933 97.93667 95.065 93.1975 91.93083 90.755 88.80417 86.63834 84.945 84.40166
99.8875 101.9922 107.1439 108.0642 108.4831 112.8453 114.7492 115.2211 114.8047 113.68 110.94 105.4364 103.3142 100.8947 97.78056 94.32166 91.67528 89.82722 87.46083 85.03611 83.11833 81.66 81.94473 84.08778 87.1675 90.77639 93.28777 95.39083 97.73 100.0675 102.3042 104.1617 105.8522 107.2525 108.7042 107.1233 104.4958 102.3322 100.4014 99.36833 98.86305 98.72806 99.13917 100.2739 101.9856 104.3308 106.54 108.6008 110.3808 111.565 110.8458 109.8192 108.5703 105.4072 103.8317 101.5131 98.81528 95.68333 93.82222 92.62111 91.33 89.68889 87.47556 85.42834 84.49778
99.89916 101.9697 106.6394 107.3383 108.115 111.5022 113.1833 114.1061 114.0008 113.1858 110.0139 105.1753 103.095 100.6258 96.92084 94.32 91.59972 89.30833 87.59416 84.93833 81.97584 81.51583 81.92111 84.97056 88.22916 91.0725 93.08167 94.96333 97.12 99.49639 101.7092 103.4636 105.2144 106.6842 108.2275 106.9081 104.1542 102.0558 99.97083 98.66833 97.58111 97.03222 97.59834 98.76305 101.2006 103.4783 105.5992 107.7675 109.7308 110.9331 110.3861 109.6108 109.0481 105.6519 104.1717 101.6817 98.92667 95.92917 94.04 92.74944 91.49083 90.31972 88.07777 85.54167 83.88334
100.04 102.0458 106.1792 106.71 107.9117 110.6642 111.9675 112.5583 112.5708 111.7325 107.8483 104.9575 102.29 99.1475 96.04083 93.64 90.78917 88.15083 86.22 83.61833 81.0925 81.395 82.4975 85.765 88.9825 91.3875 92.84084 94.455 96.69833 99.12083 101.0325 102.6192 104.3875 105.9625 107.2167 107.155 104.595 102.01 99.87334 97.8575 95.90833 95.215 96.0225 98.18 100.685 102.7625 104.665 106.8142 108.9825 109.9925 109.4958 108.87 108.4525 106.0633 103.9625 101.2992 98.64084 96.015 94.24333 93.05083 91.86 90.66084 88.63499 85.6725 83.4225
99.5975 102.1761 105.5508 106.0733 107.9917 109.79 110.5892 110.9925 111.1658 110.6208 107.2161 104.6564 101.235 98.03722 95.8025 93.01833 89.89111 87.13917 84.71667 82.23444 80.38 80.67416 82.50861 85.53861 89.29417 91.59 92.41666 93.9175 96.22806 98.33417 100.3683 101.9331 103.805 105.2783 105.8628 106.0269 104.54 101.5489 98.81055 96.68833 95.34528 94.58111 95.20084 97.56084 100.3403 101.98 103.8364 106.1289 108.2175 108.5144 108.1333 107.7792 107.5111 105.6789 103.4742 101.0778 98.76472 96.42166 94.40778 93.12028 91.90417 90.695 88.81167 85.6325 82.91028
99.91417 103.0669 105.0575 105.555 107.3219 108.1075 108.7892 109.7222 110.1878 109.4233 106.3089 102.5997 98.69583 96.27111 94.76666 92.23833 89.50027 86.52444 83.80666 81.35278 79.845 80.11083 82.22667 85.0575 88.77917 91.36195 92.64944 94.065 95.73611 97.99028 100.0508 101.5475 103.4294 104.97 105.2717 105.0164 103.4342 100.0256 97.71 96.07167 94.95695 94.16111 94.64584 97.08611 100.0414 101.1117 102.9194 105.0167 106.7525 107.1189 106.9072 106.7017 106.6044 105.7328 103.9017 101.5067 99.15195 96.83916 94.63194 92.82028 91.56917 90.4125 88.22028 85.22 81.63084
99.9925 103.6867 104.7967 105.125 106.1325 106.1433 106.7225 107.6975 108.1833 107.2825 104.6858 100.7017 97.4925 94.87917 93.01833 91.3475 89.185 86.11584 83.155 80.59834 78.88834 79.515 81.35834 84.47833 87.755 90.94417 92.77084 94.07249 95.75333 97.7025 99.6725 100.5592 102.6867 104.71 104.55 104.1442 101.8375 99.1225 96.805 95.345 94.10166 93.205 94.2225 96.21917 98.48666 100.28 101.9858 103.9492 105.38 105.9317 105.9267 106.3275 106.7367 105.6958 104.18 101.6892 99.25417 96.8775 94.72166 92.82333 91.1625 89.93916 87.69417 85.0075 81.98334
100.1167 103.9564 104.5386 104.8783 105.0153 104.4792 104.7517 105.5714 105.9053 104.8625 102.4725 99.39806 96.91 94.41222 92.43945 90.58167 87.99889 85.08639 81.85333 79.34528 77.55666 79.14 82.04972 84.6325 87.08083 90.02084 92.37833 93.6425 95.02056 96.85778 98.49 99.42917 101.1717 103.3083 103.0603 102.9192 101.0533 98.75278 96.46389 94.835 93.26167 92.16694 93.74917 95.57028 97.57083 99.47333 101.2064 102.9386 104.5783 105.3222 105.4253 105.9158 106.3981 105.6492 104.1875 101.4439 99.04389 97.07833 94.8725 92.62917 90.76833 89.51444 87.56944 85.19083 82.46222
101.2825 103.6614 104.1856 104.3767 103.9942 103.2103 103.1358 103.6475 103.6311 102.8608 101.0169 98.8825 96.4925 94.17056 92.09167 89.51167 86.35111 83.46722 80.49416 77.77944 76.79305 79.06084 81.73695 84.34417 86.70917 89.16444 91.61445 92.895 94.27695 95.8575 97.41167 98.87556 100.6539 101.5575 101.3847 101.9042 100.535 97.92972 96.09417 94.22583 92.49361 91.44666 93.355 95.15778 96.72055 98.3875 99.92528 101.7833 103.4283 104.6567 104.9172 105.1292 105.6258 105.1981 103.5758 100.7717 98.61917 96.59 94.5275 92.43055 90.54333 89.43945 87.57083 85.22166 82.79611
102.15 103.0733 103.4708 103.4775 102.6967 101.8658 101.4 101.6633 101.5925 101.1075 99.91 98.12917 95.9875 93.87083 91.72916 88.735 85.58667 82.61833 79.615 75.99917 76.22166 78.255 81.05083 83.61833 85.3775 87.22 90.48083 91.9975 93.47667 95.06084 96.575 98.12251 99.71667 100.8625 100.7292 100.7192 99.7875 97.435 95.47833 93.9325 92.79083 90.72083 92.5425 93.93083 95.48416 97.41 99.25667 100.7292 102.1275 103.3258 104.0433 104.5075 105.2383 105.0775 103.2025 100.74 98.64834 96.475 94.41833 92.39166 90.465 88.855 87.07583 85.11 82.80666
101.8883 102.5353 103.0603 102.5783 101.4283 99.97556 99.2975 99.26945 99.16361 99.2 99.0725 96.32584 94.7325 92.96139 90.89167 87.95 85.30833 83.18889 80.4025 75.23 75.68639 77.74083 80.66195 82.67722 84.42917 85.79222 90.15139 91.4 92.80556 94.30028 95.63834 97.15417 98.80305 100.0633 100.175 100.2675 99.67333 96.23055 94.53472 93.11 92.40611 89.42139 91.53 92.84972 94.51305 96.69083 98.49223 99.5875 100.7642 102.0617 103.1222 104.1692 105.18 104.7278 103.0875 101.2319 99.29556 96.98083 94.7175 92.70694 90.72833 88.84278 86.96695 84.89417 82.39639
101.6825 102.28 102.7369 101.4642 100.3942 99.7675 98.82167 97.56194 97.66666 97.81667 97.86806 95.73862 93.96 92.155 89.87583 86.4625 84.4325 82.65667 79.00167 74.83694 75.06638 77.46416 80.30222 82.14445 83.8925 85.33916 89.81583 90.63333 92.08556 93.56361 94.9225 96.24528 97.56778 98.33334 98.87389 99.27306 98.92333 95.59306 93.63861 92.43166 91.5775 88.47083 90.31917 91.84944 93.5625 95.40083 96.98917 98.09555 99.475 100.8322 102.1711 103.55 104.4789 104.2431 102.805 101.3669 99.82722 97.53333 95.20611 93.12305 91.00166 88.88167 86.89167 84.7325 81.92472
101.6175 102.185 102.3742 100.605 99.5775 98.955 97.755 96.00917 96.23167 96.3175 96.2325 94.79 93.31 91.58833 89.125 86.2675 83.85583 82.10583 77.97 74.57584 74.6275 77.2075 79.6875 81.46416 83.305 85.0375 88.815 89.9075 91.15833 92.62333 93.9325 95.2125 96.60333 97.1575 97.5325 97.68916 97.2325 94.93417 93.15334 91.6225 90.4875 87.87417 89.13 90.84834 92.42333 93.995 95.51666 96.61833 98.215 99.64917 101.0725 102.4025 103.77 104.12 102.72 101.3242 99.81583 97.555 95.27333 93.08916 90.9175 88.8 86.70833 84.45 81.85
101.4858 102.0511 102.0878 99.92917 99.02333 98.04528 95.60084 95.0175 94.83139 94.60583 94.76222 93.59278 92.2975 90.83694 88.87833 86.10167 83.97222 81.54945 77.60917 74.3425 74.29972 76.7675 78.76861 80.68806 82.67583 84.65806 87.21139 89.2275 90.245 91.64694 92.93833 94.145 95.92361 95.8025 96.09666 96.62333 96.49583 94.485 92.60555 90.83 89.71555 87.14694 87.94917 89.77917 90.75777 92.235 93.86222 95.17583 96.78834 98.43139 100.1933 101.9133 103.5819 103.9817 102.5642 101.1481 99.51 97.06833 94.785 92.67889 90.51667 88.47528 86.42083 84.21333 81.77666
101.3567 102.0153 101.2072 99.6425 98.55278 95.09917 94.57833 94.51167 93.14 93.3975 93.45084 92.68445 91.30167 89.64667 87.19806 84.75417 82.63667 80.82861 77.79417 74.15556 73.99389 76.37833 78.22667 80.04805 82.03583 84.10278 85.77722 88.48083 89.59278 90.91277 92.53833 94.04166 94.57306 94.56084 94.83334 95.49194 95.955 94.26666 92.07611 90.20333 88.87083 85.2225 85.8625 87.27889 88.44028 90.265 92.04528 93.90139 95.75166 97.60056 99.58167 101.6392 103.7939 103.8994 102.3925 100.9383 98.99612 96.31417 94.10861 92.11306 90.075 88.06333 86.04806 83.84833 81.38611
101.31 101.9808 100.6308 99.315 96.55333 93.04584 92.5425 92.9225 91.5025 92.0825 92.15833 91.57167 90.5225 88.66917 86.24833 84.19749 82.42167 80.59333 78.815 73.99917 73.50333 75.96 77.65833 79.34 81.5025 83.67333 85.3775 87.9 89.01417 90.25667 91.7 92.7725 93.48666 93.455 93.715 94.32166 94.965 94.325 91.81834 90.06 86.56416 82.70167 83.85 84.88583 86.47083 88.7275 90.88834 92.9275 94.985 96.99667 98.95834 101.015 103.2258 104.175 102.5875 100.8917 98.43834 95.55251 93.38333 91.52417 89.5475 87.4875 85.44083 83.225 80.85083
101.3175 101.9839 100.0767 98.52083 95.28583 92.21333 91.14 90.58055 89.81917 90.40083 90.75472 90.35889 89.37667 87.64167 85.45556 83.46584 81.81084 80.18306 78.61083 74.94277 72.56139 74.775 77.61916 79.32778 81.69833 83.81194 85.08194 87.16084 88.12583 89.20889 90.23666 91.42973 92.27806 92.36583 92.75917 93.44028 93.87083 93.41389 91.65222 90.0625 85.70055 81.23778 82.49583 83.7525 85.20972 87.54417 90.01611 92.24111 94.41 96.42611 98.37527 100.3492 102.4647 104.327 102.9075 100.8506 98.1375 95.24083 93.05111 91.0325 88.92833 86.8325 84.69472 82.46 80.19195
