data/ScottAndBurgan/Vilopriu_2013-asc/saz.asc
ncols 508
nrows 610
xllcorner 494272.38261041
yllcorner 4652115.6527613
cellsize 20
NODATA_value -9999
[rows 476 to 503 of 610, columns 315 to 377 of 508]
74.99052 78.31876 85.36955 86.54796 89.39144 93.09708 96.64967 96.31112 92.33263 86.09254 83.03175 82.49385 82.63506 82.71188 83.07417 83.6328 86.61244 89.46508 88.44526 83.64564 76.4547 69.80145 66.18024 51.78724 36.23921 33.72597 48.79044 68.84222 68.27 41.69125 25.62618 32.42725 27.80898 13.40057 18.2516 312.8779 312.8089 31.35666 75.38231 84.39645 91.03537 97.35073 99.74837 100.8657 100.6256 102.9639 212.0153 270.2131 280.3656 290.9526 81.18233 81.9167 60.1161 38.85258 57.16732 41.00758 314.6902 324.6559 355.5921 38.7274 61.67861 69.4542 67.18466
77.18224 73.8104 75.24628 80.87704 87.09835 84.84045 75.13657 68.22218 67.33368 73.24688 78.41229 81.66679 82.63497 82.62937 82.78226 85.0068 90.00388 91.42891 84.61124 69.9477 57.76777 52.72142 50.10706 35.7066 33.81129 47.6271 61.53759 72.69341 67.80347 40.79646 29.97992 34.1048 31.73335 14.94646 7.142839 322.8931 287.4229 117.3381 101.0238 93.05021 93.84871 97.49046 97.86956 97.98628 98.11777 100.7973 237.131 264.9258 271.9176 285.4056 71.6505 58.75922 7.113968 7.366364 26.13924 15.04226 321.5035 325.927 4.836274 37.16874 49.92895 53.48135 41.68783
86.24619 77.89479 75.39212 79.40386 79.83278 71.41801 59.22616 55.38976 54.08112 58.21504 63.93792 70.8735 77.51333 81.46089 83.29682 87.2827 88.68579 81.92399 66.96866 53.08603 47.38953 45.52752 43.21817 35.32768 41.45394 57.76542 64.72258 69.12128 62.55571 38.03172 30.52074 31.73082 41.1417 21.30874 339.0194 357.9608 105.1838 136.655 117.2003 89.9071 87.63061 91.77048 92.21598 90.78388 87.81187 80.49958 300.6033 251.0258 244.0345 248.9912 78.51814 32.79715 341.3588 358.4161 19.6934 5.1374 327.8746 323.9841 9.813334 40.24293 44.63105 44.60474 38.9372
94.2574 79.37263 71.24564 66.28598 61.43156 61.94315 61.45687 56.46325 51.96982 51.87 53.61551 57.11671 62.51408 69.6823 77.41476 79.30788 71.19607 56.95857 46.20167 42.06385 42.01539 42.45174 42.75455 47.51974 59.26537 67.46008 66.45722 63.50381 53.08586 31.82779 24.82675 30.37691 36.52768 0.5286575 345.9169 61.35802 100.4308 123.8916 132.8833 84.95544 83.14729 82.77955 82.43428 81.23262 72.45534 44.94944 19.8424 320.8823 267.8364 280.5494 7.959062 354.0722 316.5674 332.3489 0.7815869 347.1982 318.5973 317.3286 15.09032 41.29302 37.13798 32.5211 25.81435
105.0665 90.36871 76.24599 63.25029 56.73602 63.80808 66.84964 59.60374 54.29168 56.14939 58.07097 60.94319 64.75172 70.28469 75.44605 70.1925 57.0686 48.3447 44.07766 45.00629 47.25581 48.15231 49.85521 61.39558 68.86527 67.64332 64.584 58.59949 46.84945 30.26354 35.6494 45.2029 10.0934 353.8376 26.19482 76.51934 85.06565 81.24227 22.86695 82.68947 85.39978 81.31872 77.65161 75.6667 58.97794 17.36984 21.87419 14.31136 320.8464 313.541 338.8954 347.9042 335.0863 324.7174 319.3754 301.076 285.6913 304.8059 358.6899 11.44855 15.05582 19.42713 19.88906
98.55719 94.8455 82.34779 70.47421 65.46387 64.25496 58.98212 50.23507 60.23777 77.79743 83.2076 82.40451 82.00459 83.10354 84.12271 77.34664 61.39489 47.69087 35.53235 44.80331 54.66162 55.98639 60.88597 69.76218 65.56329 55.17088 58.50987 58.80043 50.33656 51.39291 66.89885 31.8079 346.1861 18.6216 79.67731 84.60081 71.29246 42.62572 15.09917 74.4783 85.76425 86.86174 84.78448 76.31813 43.78394 359.4652 26.98662 18.46086 328.1285 315.1837 319.1566 332.944 344.4047 343.6482 325.76 306.6084 291.477 304.2394 341.9703 349.9892 359.7458 16.02016 26.83669
73.94038 73.40835 69.99091 65.26556 65.27763 64.25282 58.82441 54.6468 59.04609 72.31114 87.04156 89.99997 87.31509 90.13632 89.02088 85.01515 66.05806 46.7937 34.52768 57.51827 66.12871 63.3656 69.74277 73.37952 63.78445 57.41507 67.95369 71.27308 75.19078 92.05812 85.59618 344.7683 15.75507 97.74869 101.4608 85.77831 61.27251 37.07715 34.11042 75.47047 83.6529 85.81944 84.42251 66.31046 30.88584 0.6994451 39.99659 17.11212 323.7572 317.1909 314.37 303.7422 322.499 351.298 332.6773 304.2234 290.0024 299.0042 325.46 329.9919 344.5747 7.95094 27.02221
62.19062 60.61786 60.57351 62.04165 67.26045 72.17531 76.005 76.1087 67.30692 61.84226 53.77741 59.74624 87.77988 100.7305 88.99099 71.34846 51.28804 61.00169 82.42308 87.2202 78.09734 67.41177 70.48336 73.30255 71.84834 76.87466 82.56901 92.33236 111.7959 113.8341 51.96214 319.1754 110.2342 110.4739 102.4014 85.83739 69.04561 64.66972 71.83585 78.41542 74.58915 64.56236 51.85108 41.72876 33.12048 25.89705 41.69226 358.912 319.9312 318.2503 333.9387 272.1878 278.8409 332.1445 334.4765 300.3336 290.0722 301.5289 323.8685 323.2593 333.0002 3.944647 29.94416
63.35157 62.18996 65.02619 71.98112 81.88517 89.58195 94.69234 96.05259 93.40099 73.48996 51.43258 54.97213 63.38837 64.2709 72.77222 61.32976 41.9052 61.66018 78.86035 83.83585 76.73845 71.13503 73.73476 75.37435 75.28827 81.23768 88.03035 94.45415 95.4088 65.36539 9.239904 102.9523 112.4042 104.7417 95.80264 91.87203 94.67177 92.58267 77.99512 68.08742 68.08482 61.99161 47.53275 45.26698 40.86037 34.43912 29.27907 343.3633 316.6551 316.8507 14.39321 308.4099 280.2583 302.938 322.7462 304.7503 302.6775 313.4944 327.5183 328.0606 333.9829 18.61432 48.84502
77.15658 80.19439 85.54362 92.18726 98.44977 103.2506 105.9328 105.3444 97.74702 83.20812 70.85399 63.78253 51.22992 43.32238 39.60639 33.67873 42.77838 57.52999 62.48793 65.69622 71.66728 75.69934 78.36289 77.63818 72.99593 79.1427 90.53925 87.58649 60.96653 24.29021 46.50877 81.14223 91.7054 94.439 94.33771 97.91243 102.4919 97.12795 38.77338 30.14312 62.01091 71.59781 60.07202 55.40245 45.86582 38.57485 30.49395 336.3818 312.1246 312.8787 5.393426 346.7514 291.8125 286.6191 306.731 305.1612 308.5161 316.8379 325.5423 337.4477 9.771557 52.09513 73.45311
84.83943 88.07301 92.11755 96.06694 98.28526 99.46928 99.44892 94.58163 80.0765 66.803 66.99554 70.4 65.73998 56.27528 49.2754 35.95697 29.90116 45.78964 56.76856 62.87478 71.10503 75.6968 78.7376 80.81542 80.45432 93.41241 104.5633 97.48388 55.56306 45.8113 58.53087 69.71861 79.3593 84.32263 86.8358 87.36041 80.18388 40.65935 347.1116 351.5256 67.35389 74.22805 50.95132 54.94244 49.08975 47.74509 38.54934 329.2461 310.1882 310.7154 343.4125 356.2921 302.3589 290.0815 294.9669 294.2993 295.3501 298.9109 306.6141 335.8251 38.75057 64.54829 81.88235
79.49261 79.79835 80.89709 82.05805 81.97853 80.14561 76.55193 69.68056 61.36258 57.74931 63.79374 75.32016 84.94758 97.05059 101.1428 79.22887 39.6758 53.0167 69.0146 92.54434 86.04783 76.70933 83.38905 89.79453 104.0193 110.3897 107.6586 70.23959 46.38627 53.87566 62.39556 74.15804 81.31915 79.77882 66.40955 51.06474 29.14946 6.393424 352.0492 343.3787 76.36184 76.84072 50.24088 57.0928 54.36581 57.23658 39.6707 323.186 310.6148 309.6901 335.9578 52.77999 253.5426 265.4567 271.6279 268.3923 260.1736 256.9602 260.3004 268.1313 73.71765 79.46598 87.13467
78.80082 75.92452 73.42742 70.03056 66.81757 63.16092 59.06184 56.24879 53.93833 49.22844 61.27974 77.51693 87.07544 94.44689 104.6606 140.8652 162.9981 105.7249 81.27186 84.14449 99.04204 98.53867 96.04564 100.3416 107.9643 103.8557 65.93659 28.72305 50.88791 61.90745 61.71627 60.5898 56.06581 42.59023 25.97744 20.24116 11.45978 4.275127 2.235689 6.235905 72.5565 79.7356 75.088 76.60756 64.01174 58.89143 27.75785 325.3292 310.741 284.9178 137.1034 144.6801 199.0903 236.9127 249.2697 243.6648 240.0282 246.1496 247.1471 232.9307 125.1002 87.13034 88.80712
79.06763 75.05635 70.7325 65.8716 62.19352 58.64837 55.71984 53.50075 46.46512 39.90993 60.90799 73.41123 73.38766 73.90126 78.57249 92.28374 151.3421 142.8562 95.28703 85.69093 100.2822 109.1861 89.96767 77.43327 75.07254 59.93259 36.9019 48.89743 59.99298 60.14244 32.56963 15.31736 28.90634 33.44565 16.27124 13.42984 10.5704 8.273398 11.05987 19.46884 72.58015 83.11997 92.05628 95.74868 68.49879 53.92485 18.29303 334.9787 323.5486 207.1428 151.009 138.7424 293.542 258.4472 256.5041 255.814 261.666 268.0592 269.8383 259.4658 167.7163 81.20088 76.99989
80.74149 77.45848 73.32471 69.52481 64.95662 60.29178 57.8401 52.7537 41.83046 36.06581 57.27078 66.49381 62.36584 62.73753 64.14128 63.62064 51.35986 86.03186 104.2238 106.4963 106.5318 104.7104 80.16493 62.81995 59.15442 53.67253 49.66427 55.45705 57.72481 13.31744 348.562 352.1019 34.82281 50.43779 22.64602 18.17884 19.69986 20.72485 22.55023 25.39315 71.37684 79.10288 77.2672 66.97472 53.17726 50.43068 19.7013 356.9435 44.13489 75.02578 320.5137 337.5667 356.0149 323.728 282.44 282.4536 286.1438 284.6913 283.0922 292.307 18.6404 75.99473 63.72507
97.20853 93.74416 87.00947 79.97371 70.73676 64.78714 62.1296 54.34375 47.36295 49.57096 60.53982 48.93908 29.75899 45.2292 60.3272 64.92937 65.16998 96.14661 105.3752 106.3279 106.9933 112.1717 112.2257 80.81962 70.46539 63.74152 58.85625 54.21002 18.69433 342.8771 339.1082 354.6914 67.53983 70.619 36.39357 31.47346 37.34432 43.00148 39.45887 26.30808 75.01278 79.16129 69.49363 49.07119 48.9716 74.28722 108.2547 225.148 24.4809 9.084026 332.2232 333.4039 1.901567 326.137 286.0731 277.6851 276.7552 273.9789 263.6979 244.8656 161.1561 84.3104 59.89112
96.40755 94.92328 86.0089 78.73175 74.93665 75.67893 74.66033 68.91673 68.93375 78.30794 79.31098 56.15544 29.76 67.64188 77.59084 66.69719 68.20607 93.9994 107.3883 106.2437 106.2728 108.1022 102.3201 70.37554 64.19149 65.82677 67.37667 39.45889 346.0918 338.1153 348.1786 68.8546 81.9018 75.38653 62.417 87.07058 118.5405 141.1853 158.2443 170.5097 96.23182 88.15866 72.05074 54.68658 66.413 95.56264 129.5428 190.8536 219.5225 268.0547 285.2451 294.8741 338.1528 323.1174 298.6441 272.3806 257.9135 249.9116 242.9732 229.6945 206.2124 123.5454 93.28568
64.69756 60.16211 60.45646 63.38371 71.16653 80.2332 82.52287 81.74525 84.67439 88.94999 95.15739 114.0513 140.4025 108.3866 99.45206 82.11094 79.23009 90.69627 100.4286 98.33738 94.55817 71.50487 39.07951 28.73195 58.81163 74.45354 68.20639 356.5831 343.6912 21.52667 90.49121 119.0486 116.6561 129.2983 157.7244 141.4625 133.2079 149.7168 167.979 162.4922 114.8447 94.97144 73.66072 65.04066 73.65551 87.95166 103.467 176.3712 233.3438 206.6424 225.9968 274.7899 314.6765 317.2011 307.855 275.7797 247.6801 237.7757 239.0826 241.993 234.2801 168.4424 115.6943
51.56474 49.39322 51.22845 58.53758 67.61456 74.47817 77.25214 80.71883 86.1038 90.21269 96.21851 111.0983 130.4541 108.506 107.3727 138.7595 98.41003 89.04835 86.11716 85.17074 75.32635 24.16603 15.31479 15.27358 68.53536 69.3509 24.28166 349.972 21.63232 92.05791 134.9739 154.3981 141.022 137.5376 185.651 130.8025 58.1232 15.93578 32.70514 94.47722 101.7301 88.86543 75.90729 72.44762 68.89442 66.75908 63.04175 15.24245 305.2921 20.22202 263.8543 276.0529 294.4957 300.5614 300.8525 286.0207 251.9796 240.1464 244.9584 248.0371 241.0137 172.243 102.9234
59.34437 56.53731 55.35651 60.07659 65.90564 69.53613 75.14684 82.24039 86.02788 89.21742 94.86737 106.6931 128.5345 117.4981 110.1199 149.1215 100.2391 86.05987 81.22205 80.99966 70.23053 22.03945 22.91359 11.78338 54.29467 47.92623 43.04822 138.7987 129.3553 124.2791 125.1431 134.0911 133.3806 49.26367 342.8098 1.824728 17.4056 28.22427 62.63246 81.40885 83.40746 81.65298 78.63596 71.41169 60.16727 49.12225 36.43307 3.491307 328.5487 41.75156 317.6959 276.273 282.9258 286.1028 290.3497 288.3228 264.6915 256.4063 256.2444 250.0533 236.9517 194.034 78.98673
67.60437 65.68546 63.35466 58.13866 56.30542 61.30883 71.85609 81.15656 86.98364 87.85692 84.35912 85.43775 99.35876 105.8493 93.47558 54.32123 78.83405 76.71407 59.64771 59.20987 59.47054 23.32463 357.5551 2.158789 88.70192 125.6003 147.1111 163.4161 163.9559 107.8415 57.58694 49.17477 16.06247 8.362655 355.2467 10.63001 47.41974 67.87893 81.67011 86.46468 85.60645 83.57468 78.20074 64.01735 49.67302 39.03298 26.61577 358.2628 329.5407 43.55917 358.2845 288.4205 284.9779 284.6686 287.3372 291.6544 280.2823 272.7604 266.524 256.5894 242.6875 211.9241 138.9199
70.72781 75.82001 76.17348 63.90382 57.16851 68.90681 79.90745 87.28285 95.09554 95.54813 82.35358 76.08997 83.74992 92.95814 93.8372 90.74998 90.14467 82.23054 71.33025 61.90796 52.28338 19.61997 351.9514 21.23493 86.98402 102.0158 114.6138 134.225 194.4034 251.9412 28.85496 48.34708 39.62828 24.61739 21.97225 50.34913 75.29423 80.10246 85.33858 87.48212 86.43362 84.7178 78.81763 59.09953 40.52571 33.93163 23.18394 351.5262 328.4058 21.26392 357.5258 304.388 287.6257 284.4608 288.8946 308.4961 314.6006 294.7926 275.6767 260.127 246.1573 215.5024 204.9791
84.14523 85.53735 85.11154 79.1072 75.01226 86.87754 95.83827 104.4654 104.8709 107.6762 116.2851 116.7025 109.4657 104.032 97.13348 96.16249 93.50029 88.09218 90.25084 87.69276 77.63409 78.87276 155.1761 162.569 54.77994 52.147 53.77414 65.89368 141.9672 221.6596 220.7272 65.61063 58.74422 47.39377 48.59349 59.79882 68.51739 69.93277 74.94791 78.3991 79.1891 78.96006 72.89224 49.11693 29.02412 31.54644 22.89249 348.6901 327.5416 344.549 340.2389 313.0485 288.0861 274.3136 275.5288 294.135 306.5548 300.9483 282.7125 264.8835 256.086 242.6199 223.3232
96.75996 91.12791 94.06414 118.9191 136.047 115.7444 93.52716 66.72549 60.24444 76.45458 102.8649 114.7824 109.3681 94.57406 69.65629 64.06259 82.90013 90.5733 83.4407 90.66097 108.8412 124.9156 164.3768 237.387 354.7388 53.22716 60.15653 62.96701 70.85777 231.7482 243.3028 199.543 67.1534 67.81796 67.51215 62.34502 63.89128 65.91961 72.71832 76.20683 76.09879 73.75546 62.14896 34.66784 22.13112 31.0864 21.26903 353.4868 340.7481 323.5294 302.7607 298.8407 274.1544 256.7202 258.6049 270.7224 280.631 283.2039 279.2271 275.9858 276.5785 267.6176 199.7915
127.6502 123.5618 114.8605 111.6847 117.2665 108.8838 75.19218 48.69656 53.75971 71.99946 83.31145 84.79893 79.90572 75.73584 73.83056 77.44396 88.15723 91.98434 87.70731 85.93285 86.21241 83.54533 45.1738 269.9769 259.3173 71.26412 63.92553 58.57288 55.45883 23.71954 275.4231 271.4049 80.62184 85.15923 82.89847 71.76645 71.00993 78.48524 89.42554 91.87138 89.40842 78.72973 53.91021 30.683 26.30723 26.54597 12.51023 356.8659 352.1004 340.6103 303.5435 286.6624 244.8096 249.1558 256.3171 266.4709 273.8148 281.7676 296.2618 300.3699 304.3263 349.8687 88.20498
126.1197 138.0471 127.4561 103.0505 85.97274 87.3228 106.1906 119.0653 103.4646 87.76907 86.65647 87.64159 84.95114 80.25404 75.4045 92.86265 103.2149 91.22292 73.64694 71.17566 61.28977 43.0254 17.91282 331.1293 231.4772 128.1125 74.22199 60.39631 55.01933 35.22624 320.7605 276.238 93.31075 85.44554 66.40558 80.67052 78.21068 86.37383 96.21306 99.10435 93.27115 67.26896 36.11984 32.71231 32.66353 21.23448 4.118371 356.8518 355.7441 344.377 313.034 314.6585 175.9816 252.5612 257.7786 272.4255 293.7058 306.5843 303.9515 305.6014 304.6256 1.770848 55.27452
132.9395 149.859 158.2557 141.7064 122.0207 127.5183 133.4529 140.3692 134.4654 93.35686 88.13762 88.87862 87.76232 83.3859 85.75028 96.92376 101.0556 82.86961 67.51138 64.68285 59.2356 32.31425 11.33121 7.266905 16.92046 36.10958 42.68422 64.0872 67.07476 46.72567 10.40045 238.9104 104.2846 86.24709 74.50018 82.74992 76.31022 81.02829 85.38132 83.54945 70.7979 41.95603 37.3958 50.98101 47.21252 21.18017 2.86326 357.9799 355.7083 354.7214 284.9063 302.2442 73.07692 262.4676 258.6024 271.1706 289.1402 309.6131 293.0905 281.2671 274.1977 305.1712 46.9137
83.14445 75.12819 73.49403 100.9838 103.3428 109.1029 123.8666 147.128 174.9182 100.9607 90.41901 89.18935 86.63926 82.41127 76.96217 63.41429 44.24105 33.02895 38.95512 48.9376 52.92619 9.151668 350.6089 4.84118 15.09829 20.86324 23.21319 56.42971 66.06436 54.19201 55.10762 95.67373 115.3659 103.9439 93.62971 83.28319 71.83889 72.70978 71.5651 64.27781 52.18006 46.73771 69.08717 82.70392 63.63343 9.62207 6.371891 5.439146 348.9499 16.02386 307.0124 300.2423 77.66256 273.2297 268.4918 268.0912 270.2436 282.1873 287.182 281.3122 273.8042 268.8455 6.564105
