data/ScottAndBurgan/Vilopriu_2013-asc/saz.asc
ncols 508
nrows 610
xllcorner 494272.38261041
yllcorner 4652115.6527613
cellsize 20
NODATA_value -9999
[rows 28 to 55 of 610, columns 189 to 251 of 508]
249.1752 252.9783 267.7016 65.61948 75.21613 75.77323 70.43153 35.79178 326.2924 307.5511 311.5841 316.9046 339.9142 68.55807 103.3736 114.2831 109.772 102.2656 95.24554 91.21655 75.87659 44.12583 344.901 296.6476 199.2148 210.9721 223.8288 246.8811 256.0508 252.8922 251.8844 252.0948 249.1539 249.0152 244.5786 240.7751 244.9054 242.3347 238.4605 241.5435 234.6554 213.6241 199.3904 180.0372 164.7546 162.0577 165.6113 169.8522 177.0468 220.2148 247.6569 255.8519 261.1608 265.8067 265.4196 260.8752 254.3416 246.3399 231.0207 194.6259 146.8647 157.0788 218.1241
253.7809 252.3756 252.0949 98.65105 88.56904 84.32815 74.73028 19.84467 324.7765 300.037 294.6689 295.93 90.86966 109.463 111.5453 110.4116 104.5876 95.58221 87.88419 84.66999 61.98915 13.01038 0.06232562 4.780051 19.12779 14.4474 229.5042 238.0592 246.2476 251.3729 252.5238 249.6008 243.9435 242.2061 236.0984 233.6078 236.0474 226.0066 220.6859 230.9272 228.1642 212.1689 196.6458 179.4734 168.4318 170.2871 175.1785 177.7865 187.6976 223.8173 244.6161 249.5014 252.3427 254.8362 252.1319 246.6831 239.5666 228.5327 217.127 194.1035 159.6694 169.6141 225.8757
264.837 258.7859 256.8596 104.8092 87.57615 80.53582 65.54388 5.584035 329.126 289.7213 273.4394 254.123 125.7519 115.3441 114.2933 108.6073 108.6017 108.3056 100.6849 87.66877 17.77599 346.2862 354.6547 3.511994 15.03096 28.66486 20.83496 251.2744 242.6823 239.2458 244.5145 246.7491 244.834 240.1925 236.2465 236.5913 234.6609 226.1408 226.8581 235.2509 232.8267 219.6582 197.961 181.7439 171.8424 172.7942 178.1584 184.4092 202.0167 231.5306 245.5043 249.7122 252.0761 253.2045 250.632 244.3054 233.7981 223.8848 219.1368 202.6142 175.3347 188.3033 238.4643
268.8299 265.0594 265.1308 74.67712 77.18862 74.14088 60.57298 5.778776 343.9019 289.2564 264.9941 226.9058 118.2597 112.1255 119.685 116.2589 113.5076 119.2053 117.6486 88.104 333.3863 343.3389 353.8445 353.9311 8.229136 28.82007 28.20074 355.4949 254.3125 227.5468 240.0028 246.9924 247.7597 250.0778 254.982 253.7829 247.1757 243.9487 249.5267 252.4593 241.7979 221.9538 203.4005 189.2237 175.2693 171.6322 181.1119 198.858 225.1071 243.6125 250.3587 254.2738 255.0139 252.3288 249.9937 243.3878 234.4735 231.1376 228.4958 211.6085 189.5246 203.6259 237.9172
285.332 271.2795 263.3634 298.0419 67.52256 67.07658 56.43401 15.95068 358.6253 308.9046 273.9624 205.102 109.3933 104.711 109.7046 108.2045 101.0521 96.36092 75.73425 340.2791 327.0939 345.1407 358.5499 352.4536 359.2773 16.67525 20.79655 20.69392 19.79081 289.8496 246.4272 246.2955 247.7659 253.7689 260.3783 259.6012 253.0774 248.7974 252.5735 251.9216 234.5397 215.3736 206.6378 196.9112 186.4145 178.156 167.6668 186.9247 217.464 238.8174 251.3354 256.2251 256.3882 254.7773 251.1085 244.7227 241.2916 239.8962 233.4878 212.6546 195.3987 214.2067 234.6012
314.168 289.037 266.477 274.0839 49.33807 57.96011 53.93238 31.01964 1.441469 329.6813 298.4911 118.8814 104.5466 97.71381 90.73645 86.65134 80.32729 61.71751 10.78896 334.5826 331.714 347.5509 1.952896 356.7448 356.3336 12.10377 19.68629 24.60682 26.44628 24.60459 301.1906 258.4024 251.5456 252.2804 254.3215 253.0932 249.3957 247.7518 250.307 244.3532 224.2313 213.188 208.7846 201.643 193.7532 172.6976 157.949 185.7415 222.6221 230.059 239.8853 249.8998 252.1966 254.2691 252.7802 248.705 247.1012 244.0175 234.3699 215.1327 205.6638 225.5058 235.393
331.2021 311.6474 280.1504 278.3772 16.78921 58.22964 59.82941 43.42375 0.7915941 335.9668 336.2002 97.18719 100.802 96.70719 89.81485 81.62649 64.82635 35.35863 350.1279 327.2881 328.4646 346.1668 4.877961 8.647406 7.291506 17.89289 29.72028 27.72115 32.6978 43.7981 44.01899 249.7823 248.2445 248.7767 249.1612 249.7495 250.1208 249.0944 246.6607 238.535 223.671 216.4046 211.6356 194.2091 176.7163 163.401 167.0455 244.3141 277.0656 259.0211 243.2341 244.1457 245.2347 246.0859 246.109 245.0217 243.2819 240.194 233.9395 223.0528 219.0632 229.7612 235.6637
337.0491 319.2153 287.673 280.599 330.1563 57.51486 60.68108 47.46049 5.708615 344.711 32.99997 86.54488 90.44857 89.09731 88.72748 91.19882 89.03592 40.06224 319.196 306.0744 305.4603 326.6197 7.86311 23.77574 23.26681 25.1862 29.10342 23.9644 34.09869 49.16263 65.77249 277.9819 261.7997 252.141 252.2092 253.1638 251.4338 247.1907 241.248 234.4341 224.0035 213.56 198.628 164.7307 161.0378 170.1838 247.4256 292.8864 312.9468 334.7649 310.3355 264.743 245.269 238.4368 236.447 236.7961 237.3464 238.7475 237.9648 230.5085 225.8483 228.3978 234.6373
338.2683 327.2019 309.8494 293.4217 314.4102 55.95875 62.70764 49.9924 18.18991 9.443961 60.44766 85.08324 87.79311 89.7859 91.93253 96.92899 112.2023 199.7768 269.2921 273.16 266.3336 259.6263 305.6959 41.63345 29.85012 25.18478 24.74151 22.68577 34.73358 48.34817 58.31999 22.29493 278.4331 258.3473 255.7035 253.5889 252.029 248.874 244.4183 236.2438 224.8504 210.6602 172.6413 147.9549 158.786 261.7695 292.0453 294.6626 304.7505 329.11 346.7039 338.4027 297.4533 258.6462 242.4489 239.6544 240.1727 245.6843 247.7535 237.2448 225.4555 223.0509 230.2599
331.1207 327.01 325.2532 314.0987 318.4697 63.14043 70.74007 53.65645 32.97127 33.88069 65.48172 82.41661 86.89141 90.70506 91.60967 86.61639 78.78172 308.8187 269.0341 262.4488 257.4464 249.8874 249.2506 355.4101 19.5407 22.6665 25.71848 26.99868 37.6475 49.12391 55.07155 57.5864 249.5994 248.0793 251.9975 255.4335 255.5339 249.5254 247.0023 237.7405 223.8516 199.5881 150.7815 141.3003 287.8693 301.1363 294.068 288.1497 288.9931 299.0298 329.8542 357.2291 353.897 333.2115 288.9889 266.6278 261.8805 263.0469 263.5358 253.2787 224.663 217.387 225.7181
317.023 317.6992 320.9806 321.4421 326.0587 55.43721 63.05236 50.73547 41.73205 43.43063 66.84849 81.66913 84.64666 84.59097 80.24574 68.20946 48.42485 4.301943 289.7119 269.9753 264.9678 261.4868 265.1003 293.5167 350.7511 16.60304 27.18196 30.89684 41.52119 51.04394 55.28593 72.45515 123.7245 240.8595 249.3959 260.5234 248.3882 231.7061 233.2072 227.2509 210.3521 171.3913 147.5038 262.3697 295.53 291.8528 284.569 280.0834 276.7274 278.7671 293.6924 339.2227 4.434312 6.906447 340.2885 298.2674 286.0896 279.9568 276.3983 272.1416 224.8962 214.6017 230.7897
301.0809 300.3763 301.4088 311.0108 327.624 33.90596 54.07977 51.70839 45.06122 48.9804 69.4482 79.88473 81.52644 79.33279 68.32237 51.94001 38.10791 20.11774 324.8774 286.3776 273.1066 264.9699 263.896 275.3149 312.286 5.985069 26.5675 33.57764 46.18211 54.64543 59.1132 70.7263 67.83432 272.2781 272.6378 261.1529 214.8104 209.6322 219.1319 212.9487 194.8942 160.5274 284.4479 300.6525 293.8419 282.8588 277.75 274.9822 271.3186 269.2797 272.5183 296.0241 351.4941 22.22135 6.707192 313.0018 292.0741 281.1273 269.3503 235.6723 185.0486 198.7896 233.512
293.7426 299.682 315.1592 327.04 337.5645 17.02797 50.7227 54.68833 49.55717 54.59695 70.30343 77.77597 80.84607 77.66129 61.22552 46.28695 40.70322 28.37845 339.8236 302.024 285.3045 275.0857 270.1705 271.9549 287.8601 342.6006 23.28129 38.14863 53.13902 61.63631 65.66506 71.07335 69.1716 282.0823 268.4035 277.4871 285.1652 271.0711 261.5084 238.0944 222.051 292.8486 311.2469 300.3041 289.0528 280.1009 275.0338 272.7436 270.5278 267.2015 265.1574 271.05 304.6993 34.63955 21.63324 324.612 299.7079 285.7575 252.308 195.7897 184.2387 196.7302 225.993
307.9136 311.9209 322.4903 336.0352 351.2331 14.67984 41.22846 51.74594 53.77854 61.18828 77.7252 85.58249 86.40754 79.28154 59.16291 48.65997 49.29053 38.89467 334.6991 303.6152 295.3638 288.0999 279.9445 274.2675 281.2703 316.8303 19.10176 42.37319 55.68034 63.5708 68.66073 71.37421 73.11382 89.14432 252.8194 267.2774 324.9399 324.5458 315.3404 317.0439 314.1287 298.9296 290.366 280.1892 274.6365 274.3885 273.8354 272.988 271.9569 268.1349 262.151 260.4839 270.5185 9.864325 15.99356 338.2576 316.0007 310.3586 199.6766 171.7943 189.9105 212.7776 235.3798
310.6513 308.1605 312.1351 327.9254 355.6538 20.66865 30.94355 50.33583 59.48705 68.8037 84.98946 89.17926 85.86503 77.35934 59.51334 54.63702 56.75237 46.9528 328.2441 298.2234 294.2714 289.3086 285.7463 281.5897 278.8235 291.1219 2.245493 36.09861 52.13574 60.98455 64.93484 63.91067 62.67812 59.1841 255.1735 254.474 270.2754 283.2902 285.0618 294.706 296.6905 284.5656 273.3906 267.8752 268.6581 272.032 273.8474 274.103 272.8785 267.9052 259.608 254.7302 261.0143 307.0613 1.817791 346.7558 333.0664 5.133012 111.8213 143.0511 199.7264 234.882 247.5577
306.6424 303.3874 302.7816 310.595 346.1903 29.28707 35.53351 53.72075 61.67518 69.50471 82.95802 85.03886 81.63014 72.95477 58.97929 57.72394 58.59102 48.66267 329.7124 295.3275 287.9385 284.5377 289.5534 292.8239 286.0635 288.317 326.5954 16.63773 47.06703 58.55279 60.80075 59.13794 57.92233 59.06684 27.09905 246.7614 250.7934 272.5857 275.5681 269.9939 268.5033 265.2296 261.1134 264.5752 272.2661 274.5395 273.507 273.0255 273.0274 268.5918 259.5853 254.5603 257.4708 266.7498 320.8591 344.7093 11.35512 94.87971 112.1921 125.4519 200.8443 234.3837 235.8964
308.0446 308.0599 306.9674 305.3893 330.9938 38.17488 51.12978 55.56135 63.76302 69.45378 74.95407 78.5788 79.55488 70.31828 56.73325 56.07752 57.55307 49.70641 333.9463 294.2486 287.4521 283.5717 285.1509 289.9419 289.9937 290.7241 306.814 2.41473 49.39387 58.70175 57.30408 55.24248 54.32351 57.1596 60.38616 235.865 236.4347 235.2764 245.0412 252.1469 250.1452 248.3016 253.2496 264.2634 271.583 272.2911 268.5811 266.2622 269.2696 271.123 265.8521 261.3745 257.8117 247.0497 221.0802 200.3627 152.4599 116.6517 116.128 124.7376 183.6078 221.0964 217.4812
301.2787 304.9533 308.1045 304.052 317.6149 42.99635 59.90697 56.35188 65.96777 69.59882 71.51624 74.75932 73.33138 65.37939 57.99208 60.19384 62.04024 53.93518 339.574 298.2266 293.7727 283.9884 275.0963 273.8616 281.175 285.5959 289.2584 338.992 59.67111 62.78577 57.12173 54.96658 56.68853 60.87896 61.60219 50.03696 241.824 229.2944 226.4502 239.8557 245.9099 245.9923 254.4058 265.5358 269.9421 269.4205 265.5625 262.2443 264.9454 269.4231 270.3652 265.6246 254.7953 233.6058 206.6593 197.0577 181.9754 143.5986 129.5423 138.4594 169.4179 202.1528 203.7677
281.2101 292.5262 300.8024 302.4753 309.1014 36.46152 59.45297 56.1244 64.54039 70.55798 72.3146 71.93331 69.38869 66.91562 66.28734 71.11552 73.519 56.65466 339.0033 305.252 296.2137 288.2802 279.3265 277.4468 288.397 297.007 297.4183 326.0355 63.04847 65.90782 59.23875 55.68326 57.01599 58.93544 55.79936 39.66306 346.6702 274.7879 248.302 237.4606 226.4142 237.1096 259.1541 267.4491 266.1779 263.5843 260.7255 260.0345 261.3575 263.7907 268.0332 262.0947 248.2981 228.8432 208.596 203.5402 193.8572 165.1257 146.626 152.0668 169.9759 187.9663 192.599
262.6876 270.348 278.0463 287.2625 297.8267 27.87404 63.24763 63.84405 69.90979 75.49601 73.34286 70.38046 70.33983 67.46996 65.09223 71.3187 72.20669 34.1345 336.7919 315.5385 299.442 292.9545 295.1249 296.4459 298.0715 305.3617 313.1368 338.3193 41.76551 55.82054 54.13028 51.73154 51.23314 46.78092 35.42833 23.99402 12.08689 349.4162 327.8058 256.4245 201.4255 231.9535 260.355 266.3622 261.8065 256.5057 252.5006 254.631 257.7667 260.8513 265.4671 258.0433 244.3677 229.9567 213.2832 206.0836 194.7587 175.6847 161.3032 158.9821 171.1022 188.1522 190.6225
262.076 262.0302 265.343 271.9579 280.3091 29.7282 74.85817 75.03008 76.26816 79.87764 78.38296 76.18966 73.73816 64.2767 59.40066 65.7739 64.34053 11.47534 330.3199 323.3817 306.786 296.9214 298.1628 298.9009 297.2517 300.82 312.8322 334.5214 23.72808 43.43598 44.54487 44.27586 44.51252 37.92554 25.99279 25.66499 29.20503 16.76015 2.325391 23.2235 63.16768 256.9057 262.3524 263.6367 260.3693 254.1782 251.5919 254.2125 256.9963 256.0993 248.4767 234.3703 229.6475 222.3859 209.0086 198.715 189.5096 180.9288 173.6764 166.7094 170.8143 186.5178 193.8308
265.8793 263.3529 268.1164 275.5054 280.145 20.40617 79.56665 82.51437 83.672 84.18014 83.7016 81.65886 75.91795 63.4073 60.37836 65.31163 62.01004 6.655751 319.606 318.8555 307.3964 299.3304 294.9541 290.2606 287.8474 290.65 301.3373 319.7089 7.397853 39.17735 39.66577 40.2212 44.1886 42.60566 40.76114 52.03389 60.94329 52.52264 19.7102 17.39613 29.58754 305.7484 262.3751 257.1509 256.3289 251.7453 252.1637 253.271 251.1239 242.4901 226.3354 215.7882 215.2631 212.6269 201.4093 191.862 189.4515 187.078 182.7162 174.0073 167.0248 173.129 189.9776
269.5055 262.1316 265.6677 274.0541 284.0276 6.090616 77.77272 80.84079 81.08891 85.31123 85.30418 77.64962 68.16644 60.74463 63.08174 66.69576 60.48993 9.754542 319.9716 312.6212 300.2115 291.9168 287.4407 281.94 279.1395 282.2896 294.0023 319.2372 351.797 29.01071 36.43433 45.37691 53.13334 54.56714 57.66447 63.09327 65.77347 56.38865 23.53086 5.998649 33.12815 8.711492 269.0295 258.3405 252.0466 250.4649 251.5797 249.3665 240.8304 230.728 221.8536 215.6149 210.4453 203.2165 193.8601 189.7486 194.4963 198.419 192.8813 175.0818 159.4958 159.2953 187.683
286.8624 271.0081 264.0575 266.4687 276.1787 355.7577 70.64456 68.36336 65.44946 77.10413 80.81801 67.82671 60.5897 61.87349 64.75704 66.25352 59.67331 14.27777 319.8195 309.4763 292.8249 282.4108 279.5799 276.8966 273.8406 274.7169 286.204 317.2965 357.9714 19.04082 41.14288 60.29311 65.05126 64.96238 66.29462 68.3426 68.92343 61.52153 36.00242 15.18222 25.72427 49.69423 267.4201 258.0687 254.0248 254.7688 250.9046 246.3441 237.9637 231.4621 228.8886 217.913 205.9915 197.0185 190.1635 190.4752 199.3104 207.9646 197.7026 170.0677 153.8654 152.4276 195.3749
303.7046 289.2586 267.9175 253.4843 242.3946 235.6584 65.83007 63.41991 64.67803 75.74802 78.18392 63.90655 63.16567 67.17781 66.11706 64.26797 59.00815 22.03782 315.9516 307.5991 291.1116 280.1318 277.7554 276.1178 271.2029 266.9857 271.2972 291.6085 7.845764 56.57325 84.57043 79.27257 73.41799 72.30607 72.3337 72.52515 68.55814 58.76384 42.07196 17.89584 22.04327 58.81322 280.0182 258.106 255.3565 255.1986 249.4105 246.7281 240.7002 232.6907 227.3572 211.8141 201.0608 197.1123 192.6241 193.5417 204.5785 214.2162 199.4265 168.7918 146.6199 141.3965 211.1447
316.2806 304.7569 285.449 259.8141 251.9258 264.11 29.5795 61.93164 69.54256 76.9538 76.7643 67.27892 68.94381 70.02845 66.4252 62.28719 56.29606 18.60325 328.1002 322.0518 302.2212 281.2734 271.9307 268.7021 266.8727 264.0194 264.9462 271.5384 46.02177 96.62704 115.593 110.0235 89.75437 83.70547 81.37314 78.61325 68.35973 55.94415 45.3663 24.08686 22.06276 38.81491 24.50067 259.953 249.0131 246.4113 246.0633 243.3717 233.783 223.7649 218.581 209.8651 204.405 201.8766 198.9135 197.5829 206.6244 216.5936 204.2542 176.0286 143.558 132.4386 219.5123
325.3658 311.3936 307.039 298.7281 294.395 298.2648 355.6026 59.32933 68.42707 71.03908 69.74012 68.46973 73.28909 70.67672 63.68975 58.05321 57.34185 27.02302 318.6141 307.6877 294.5515 281.472 270.1444 265.0916 265.3977 266.0845 266.4027 269.1223 46.24279 90.45326 110.134 128.287 112.6337 98.10333 92.0663 86.69895 72.7556 61.38448 51.22921 27.59134 14.40338 17.26989 30.02621 345.3082 250.3325 233.5409 230.5595 226.9001 221.7439 215.8571 212.6798 214.7329 213.0662 204.5511 201.0314 200.6786 204.7013 211.5669 204.6808 181.8327 160.1125 158.108 213.3408
321.2563 303.5225 303.7736 305.2654 306.2488 311.8744 358.4417 68.29695 74.56803 71.13221 69.26458 70.1127 74.18772 74.04479 64.10732 57.46997 60.30505 60.34542 241.8062 249.5876 270.0271 278.5302 278.3059 274.2568 271.5642 270.56 268.873 268.8303 346.6216 84.91106 99.83128 120.8233 118.6255 105.2556 97.84258 89.91164 72.87521 58.36214 41.56389 19.73348 11.07581 17.43301 28.42483 31.67235 302.4117 240.4388 233.5252 232.1306 231.5092 228.2716 224.3661 228.9342 225.1025 208.4081 204.2999 206.8618 207.4964 206.3942 201.134 177.6368 172.7524 208.7835 261.9541
