data/ScottAndBurgan/Vilopriu_2013-asc/saz.asc
ncols 508
nrows 610
xllcorner 494272.38261041
yllcorner 4652115.6527613
cellsize 20
NODATA_value -9999
[rows 336 to 363 of 610, columns 126 to 188 of 508]
51.84971 59.16031 52.15681 47.3297 50.20557 50.00639 39.63034 31.15468 25.6578 15.47013 311.7521 280.3581 273.9921 50.08004 71.14165 71.84787 62.20242 48.77071 66.68963 28.69436 279.5383 279.678 284.7369 316.7964 39.58308 44.57435 41.6335 42.55396 37.18848 16.21415 329.5009 293.856 288.0439 282.8196 287.0914 323.2015 183.279 184.3057 192.3967 193.2889 190.1059 226.7093 243.6901 222.8695 142.7222 118.9824 114.4966 114.1888 114.5416 108.8372 71.57161 25.84484 15.42861 359.7049 321.1135 257.2801 222.7197 214.3699 182.5128 136.8864 162.6794 171.3336 151.5665
43.9908 49.51053 41.48642 44.80838 51.24832 46.51658 39.66286 45.52831 32.69843 15.52999 321.2149 292.8408 283.3205 348.9732 64.81785 67.17053 62.826 62.17884 73.91289 359.1488 291.1968 287.5465 287.6273 315.3369 27.19891 36.85814 36.3945 46.96173 49.93948 28.29767 333.2902 292.6459 285.2154 278.2693 279.1174 42.77498 104.1597 138.7292 175.7715 190.3805 199.3071 224.1818 230.8374 202.6141 139.545 118.2297 113.3154 112.5868 113.5084 110.8488 83.83585 60.79742 51.03798 41.0088 58.41383 176.7448 214.0684 223.5003 222.0996 123.1659 115.0503 150.9953 161.1231
47.60303 46.23096 36.10356 44.11576 49.92791 41.71481 36.54762 41.39769 29.51044 6.122802 312.2681 297.0935 293.9443 311.831 69.50014 70.96323 69.7967 72.82214 81.24488 312.9908 296.1324 297.3682 294.8272 324.8792 9.11075 23.37483 34.06565 44.97951 38.49449 16.67962 353.3582 312.0016 284.9654 272.7095 270.0066 65.49083 89.76232 103.48 133.1387 165.1498 193.8873 216.8453 221.5736 189.1686 135.1758 118.2621 115.0976 115.675 116.1599 115.5846 60.81578 52.47229 56.57076 63.42637 71.52702 89.93819 224.0671 240.2974 244.2147 128.1838 97.66016 108.6375 149.8358
61.17068 63.96309 52.4349 59.16043 59.94244 47.08921 39.5554 39.70778 32.13791 7.289356 315.0792 300.381 310.8743 16.47882 98.3224 88.60717 75.4265 71.39886 81.13365 288.958 289.4095 297.9025 293.9878 323.7895 0.8891371 23.6029 48.38433 45.94595 31.14412 17.85877 2.731584 331.5529 292.7763 272.2781 267.7511 24.70367 84.48486 92.93441 110.6565 133.1332 182.4116 214.4765 214.8756 179.1842 131.7172 118.3085 115.3585 118.4463 126.5595 152.0019 33.19789 50.2929 48.81802 44.20532 45.25694 42.12188 359.0659 287.5282 266.527 126.2728 84.8334 76.85416 106.0248
67.16505 73.98199 72.23337 79.62165 72.83374 48.44616 39.28679 34.57767 33.64436 17.61567 324.9003 299.3616 316.2728 77.76026 101.5605 94.09473 76.27929 74.20089 81.34154 286.1488 285.7311 296.5301 288.3148 307.8652 355.3607 33.45338 52.51987 42.43067 36.78215 33.92622 9.896976 331.1924 302.8786 280.7754 275.9371 339.4915 85.13714 86.51962 96.66841 108.9667 159.947 211.5114 204.6502 168.546 131.111 119.0372 114.7787 115.1503 135.586 213.2173 233.4864 48.96596 45.22217 38.56643 37.7464 31.37088 7.979455 335.2591 311.925 12.8526 60.31692 58.28438 66.49952
64.13698 74.1497 71.02242 71.21307 58.90697 37.61217 33.57074 23.42833 25.52868 22.82015 350.198 303.9283 316.4326 88.41942 89.52067 84.62293 78.07346 80.66085 82.74203 285.39 280.3838 284.5378 269.6504 256.8839 283.9855 2.975424 32.80501 37.10327 36.86784 35.51279 5.61936 326.3667 309.2454 284.0027 277.458 98.97983 92.2729 91.15489 96.09564 102.336 133.3771 200.3492 187.3952 153.6486 127.9812 116.8425 113.4693 112.1602 122.7531 216.1828 238.2734 270.3018 33.84956 34.08019 32.62602 23.58777 6.08102 353.8756 345.798 12.6917 49.61592 55.69707 57.15456
66.65742 73.57235 60.44592 50.74878 35.67186 26.58183 27.517 21.2459 22.37011 24.53182 9.040351 337.8585 49.95131 95.22247 89.39113 81.90371 75.83224 80.15321 82.21572 284.0455 276.0732 262.4655 242.5545 229.4082 240.8335 285.5275 31.81092 54.36052 45.72106 39.1476 4.538636 323.5685 308.1656 275.9156 263.9042 148.7139 106.4607 102.1831 102.0861 102.5271 119.496 175.0533 163.6583 139.6581 123.0921 112.7595 109.4422 109.5401 55.3844 341.868 274.7856 279.759 351.4606 21.77789 25.35721 17.19828 5.150115 3.534147 6.377461 40.56875 69.0693 72.22075 73.66847
74.61246 72.06277 49.6958 41.85025 32.50175 32.84255 36.32461 26.84164 23.55729 22.54314 15.4626 22.00201 76.55045 98.02034 90.60094 78.58272 72.02607 78.03879 80.87855 286.718 279.3339 304.6909 249.2749 244.6101 248.1441 256.4872 112.4108 85.32863 67.88744 48.01948 6.992176 317.631 298.4412 273.7897 260.1339 148.9088 113.6895 108.5032 106.7096 104.914 116.1133 150.3548 144.9067 129.195 118.436 112.1582 110.555 119.5928 49.88189 345.6273 320.2512 312.0844 327.3971 8.485896 26.24813 20.6295 14.48831 22.31296 56.80662 95.73302 110.0251 113.0651 114.6691
79.02824 73.58861 44.30615 28.46805 19.17816 33.32193 48.79761 40.91131 28.01855 24.0014 24.90147 55.07685 80.48095 92.31831 94.22491 85.5687 81.26913 82.93695 84.08363 283.7418 280.6696 9.190265 310.1786 281.3186 267.1414 257.8272 173.8761 100.8371 98.14221 90.346 17.34067 291.0109 288.003 277.8771 261.6012 139.5665 117.6408 113.4579 110.8494 109.5017 118.2447 139.1117 133.5775 119.3997 111.007 108.0571 111.0278 151.4001 215.0951 284.2174 315.3961 327.6811 318.6544 359.6155 43.75525 39.32534 51.92241 88.7644 112.0386 119.8973 128.0547 129.5117 129.1908
83.64258 75.84304 32.19838 6.785078 7.496198 39.81411 61.52035 64.20957 53.96115 54.77352 57.9647 75.83421 84.69754 94.9486 113.6472 112.3575 105.6262 92.20415 88.03561 278.0682 276.928 8.440625 326.8411 301.4175 283.114 259.5714 175.8792 112.128 115.2439 128.7689 197.9723 264.9561 282.491 276.2734 238.0795 136.8332 124.8047 119.8887 114.3307 112.9133 119.1368 130.4839 124.1284 112.3108 104.3612 100.7689 100.2156 133.4249 230.5125 259.9563 282.4678 328.6646 320.1987 2.11205 58.83908 50.69665 59.41123 88.72476 113.007 127.0556 131.4894 130.0276 127.3774
86.09327 69.88402 14.06747 350.5153 9.637011 64.18758 75.80367 77.68388 80.2884 87.08783 77.93708 78.62462 83.19177 90.19036 111.3254 120.7343 116.6185 95.89104 89.0343 275.238 272.9774 0.4838106 303.7897 291.6964 282.4278 255.9218 164.5631 114.781 111.728 127.842 201.2605 256.681 272.2226 262.642 176.347 131.6232 128.331 127.4139 115.5519 110.4288 118.4649 132.2978 125.4762 113.8927 104.1462 100.4457 101.3168 114.7301 268.0801 279.5916 292.763 338.9857 339.2812 17.32699 52.38977 37.62984 64.37739 107.1832 135.3984 166.2178 166.9006 148.1308 315.7091
87.27467 66.70543 19.91559 11.04678 77.12652 85.10477 86.70638 88.07499 92.56938 90.91283 76.38292 81.61182 85.66738 90.11633 103.3174 115.4015 119.205 101.5783 90.76774 271.8045 267.6165 185.8207 251.5798 270.6386 282.1076 297.9045 93.91974 102.9756 104.4307 118.3703 247.4021 275.2079 269.9914 225.652 144.5444 122.2624 124.9072 132.0036 120.0984 110.5158 118.9026 138.8622 135.1633 122.1384 108.4518 101.7787 102.3043 123.4115 281.924 290.877 309.1593 1.337708 5.812816 31.70455 47.07551 36.04245 96.72311 115.2991 142.8761 180.2136 194.0829 208.8334 251.573
92.53947 75.81323 72.67322 115.8738 148.5152 109.8329 97.61765 95.06079 92.41359 86.52027 87.14304 92.52097 92.8807 94.60989 101.147 111.1762 116.6112 101.6199 89.91652 269.6893 263.0852 212.0062 273.8427 292.5446 295.3584 339.76 100.9565 114.1635 110.253 118.3858 288.3167 284.4001 266.3804 174.0672 130.3008 119.9965 122.5243 127.9136 115.7907 105.4366 112.1281 133.125 136.1815 129.6212 116.8398 100.316 90.3308 339.8981 279.6808 288.4223 314.8955 31.1997 43.4072 47.96147 54.4726 47.21389 36.19318 67.44707 84.99292 151.709 206.6386 226.7031 243.6902
92.28491 81.85649 94.76045 111.4531 139.7899 110.0672 97.15523 92.02121 78.20597 71.67035 45.98154 81.15714 90.64921 93.44482 98.05721 110.0061 114.7784 98.0788 87.33629 272.4264 264.0671 259.4285 287.2686 311.9567 310.5081 99.77152 124.3336 139.9783 121.7681 332.1054 297.9094 271.4234 205.0475 152.5373 132.2152 122.5144 122.2327 124.5809 111.5511 99.38935 97.1767 103.3657 112.1232 117.1665 110.7287 83.9737 66.69807 11.55766 287.7364 294.0774 342.1221 68.13339 75.32729 65.9609 61.71422 342.7173 322.0906 6.989535 38.85827 48.44506 315.9204 258.3205 263.5374
95.50593 90.48213 95.58232 99.56101 111.6855 99.63463 93.40697 89.79627 76.84873 73.50977 84.96328 93.46856 90.93533 91.9091 100.9554 115.9751 120.7691 105.1203 88.97106 271.1836 265.0871 268.2334 283.6235 313.4196 5.04471 113.1717 130.1638 156.6997 173.0335 234.2298 269.1722 247.9001 149.407 129.397 120.8846 113.1471 113.3481 122.9595 118.1723 105.7371 92.79305 82.44537 89.18326 93.17638 80.90166 67.45905 55.07689 28.0825 296.3936 306.1877 25.90585 57.85344 71.74564 56.20669 30.05281 308.6357 288.9207 315.5548 59.28015 62.69046 28.41639 299.0499 283.1225
107.0131 103.3782 98.93159 92.41135 85.85805 89.30347 89.82058 90.06628 93.85543 95.27913 115.0472 102.197 88.30939 87.52007 98.35407 118.9592 121.0531 110.1955 93.46082 252.5528 263.6509 266.6633 276.6661 296.6439 105.9131 118.1615 136.7907 151.1986 169.6158 210.8898 221.677 212.7998 113.2481 97.68372 99.28075 99.59335 104.6432 118.7266 120.2032 118.7237 113.9705 98.29597 96.74553 99.01091 102.448 92.00932 77.49767 38.04588 294.106 299.1278 52.79081 66.23565 64.93967 15.70817 352.8018 278.9008 246.616 210.2806 125.9284 85.57896 30.86653 340.3469 303.3625
110.6213 104.8564 98.75782 94.93105 93.87724 95.00961 95.65306 99.86509 120.5372 125.8753 110.0858 91.68262 85.19032 87.27254 93.3027 117.1288 132.6649 117.0623 97.14169 233.2477 262.6851 261.9742 262.9119 207.5555 122.5865 120.8218 144.4001 143.2094 146.2037 214.218 226.6653 224.9748 160.9421 92.2448 97.65437 100.9612 102.5172 113.9207 117.9338 124.3115 136.0627 116.8434 112.5936 118.8206 129.8764 135.4614 128.1412 306.0002 280.8635 265.679 108.7331 92.69176 79.03063 32.92468 304.3719 181.529 200.135 188.0811 147.4485 98.42647 26.03532 1.642429 325.9416
108.7457 99.79619 99.03387 111.1459 121.7452 102.5353 98.61958 104.9531 132.6333 145.1856 141.3245 117.6509 104.6724 97.06502 93.16712 113.0483 158.9732 144.263 106.6529 221.9519 259.4112 252.6411 247.3443 172.404 130.9377 129.2562 154.0401 152.8445 145.3123 253.4511 251.3508 243.5793 235.2653 87.81621 90.91148 97.3548 98.65918 106.3197 113.7233 125.0874 143.3242 132.9686 129.1608 141.3171 136.2227 141.757 151.7262 284.5302 279.0639 261.0135 110.8642 100.3582 82.75368 105.6868 206.7074 119.9424 136.6154 156.3528 168.1921 187.226 163.0318 104.7584 156.9551
113.6859 102.8744 103.6358 123.7742 149.9724 120.6984 99.3709 97.00448 116.9444 138.1481 152.7708 132.3761 114.5197 107.8165 96.12819 105.1308 161.3877 156.5766 118.0983 217.9952 252.1045 240.1569 232.9008 165.0858 132.4072 135.4519 160.4121 170.7972 190.334 226.1452 239.7319 247.6451 251.2038 83.32597 81.28574 83.66866 92.40007 100.9244 109.7247 125.1118 139.9516 141.1255 136.7178 151.644 138.9661 113.5823 325.4846 291.7692 279.081 276.2606 91.82595 71.24162 62.99781 86.22539 169.9711 144.4192 68.34177 63.85028 19.25541 305.9049 353.7328 113.9106 138.1119
126.1024 118.5693 107.2554 119.7163 150.0045 142.9765 114.5493 99.83791 102.7884 118.8026 144.0574 132.662 109.0504 104.3826 94.75449 97.3553 140.9319 153.5069 125.3674 221.0724 245.205 222.285 214.0238 172.0443 139.0738 134.3351 156.5964 180.345 197.3426 210.2375 225.6008 247.3372 259.5077 81.14176 78.80105 77.75035 87.45958 95.6156 102.6424 114.3963 125.771 131.0416 117.661 126.2515 158.7479 301.9843 319.6855 282.3177 263.5038 231.708 98.54114 88.13435 80.23101 89.60793 123.4365 204.1081 79.3618 36.24496 8.976593 356.9854 6.950439 39.42872 106.1312
127.2166 125.2619 104.5882 107.4646 127.9524 137.0366 125.3636 107.2547 93.42825 95.56347 117.0955 129.7744 108.8913 100.3777 95.49552 96.95654 121.7467 144.4265 133.837 218.4695 236.814 211.4216 208.3775 180.5886 145.7747 136.3549 152.831 184.1872 199.9693 213.314 237.5646 255.1089 256.5882 118.769 102.2996 96.92966 94.95384 98.8287 106.4128 114.9696 122.0194 111.725 98.54525 99.1396 286.9825 292.5744 311.607 291.8945 273.7071 264.3832 98.90553 131.6961 136.2674 114.8635 113.3921 244.8865 228.3338 164.9585 60.20979 24.74354 11.49004 67.31998 107.0834
103.3645 102.0349 91.8703 92.53841 100.4437 110.2005 115.8226 109.8208 87.89229 86.52728 100.0971 118.5237 111.0238 103.4741 98.84055 99.8049 117.0135 136.941 140.6058 209.3618 234.7869 225.9592 212.0237 180.5725 144.3066 136.6867 153.4995 181.9944 203.4537 226.342 247.2416 250.4588 222.8776 140.0905 130.0461 121.933 107.7163 108.3656 113.0659 120.5032 139.0949 128.3419 112.2131 93.20361 300.7684 300.9522 312.4015 308.4011 291.9644 299.3289 96.76743 114.457 131.1819 128.4068 132.7202 294.6733 267.1429 228.8001 188.8861 293.0925 8.523521 118.9605 116.82
82.29233 76.73541 83.29935 84.86539 88.981 96.78524 102.7849 110.0403 99.25713 95.66595 102.7716 117.334 121.1772 119.2596 103.8764 99.93681 109.0669 122.452 132.5834 188.0188 234.2596 228.806 186.1216 169.8052 146.5446 131.7619 141.8027 178.2055 216.6076 238.2406 244.0757 231.2319 184.2719 142.9419 141.7733 137.2034 117.5404 113.8217 115.3568 116.9484 112.861 114.7537 101.2945 336.753 302.4061 303.9644 310.2984 306.4334 299.6785 3.643436 74.11288 82.02317 91.24078 82.99551 333.578 325.4624 318.903 321.2155 326.3125 291.5723 135.5379 120.6718 120.4485
45.31094 42.05505 77.1715 83.72285 86.76343 89.77579 92.99914 108.3278 121.6797 107.9033 105.407 113.1472 125.1314 141.5073 121.5209 99.97025 93.11714 93.59964 104.7854 139.5242 226.5203 218.8963 169.5148 163.2617 155.6555 134.6888 124.9968 157.6754 227.4714 235.5307 228.0018 202.5871 162.9241 141.5267 147.3102 146.1647 127.8147 118.6342 116.6729 100.5542 63.36829 75.15657 52.14017 320.516 308.2533 306.4403 309.379 312.7724 325.6086 10.97489 60.89044 78.52097 79.46709 41.88221 357.2234 346.9732 347.151 352.1922 350.3275 133.8019 124.7277 119.6811 119.7479
28.03218 30.87472 67.68998 77.62686 76.08483 69.64317 68.75137 79.49307 107.8683 110.9399 101.681 94.88118 102.9544 121.6054 115.0291 100.4901 96.47665 102.7321 118.8655 131.7497 200.0578 198.3164 159.1036 157.2671 164.7747 151.6442 142.1456 150.6645 194.8658 221.5603 217.1787 189.5273 154.992 136.841 139.2909 135.7471 117.6549 109.7361 105.9247 41.05629 68.33415 66.9481 14.63771 322.31 312.7828 287.5133 281.8314 293.0187 318.6578 75.81319 104.0329 104.1254 94.9025 21.87163 10.55583 11.81099 15.49899 15.98575 106.8605 129.1277 121.0251 119.0206 120.2213
39.08607 45.26135 68.94896 74.11145 67.5872 55.07247 53.48845 57.31504 79.929 97.10918 99.58031 87.51856 84.02518 71.42 89.11317 105.282 115.9988 120.2308 125.6471 143.6567 148.9287 164.709 155.5778 148.6744 168.8567 168.7931 161.262 155.5715 161.856 213.752 214.7137 187.586 154.7098 131.6874 125.9231 117.7618 102.0053 96.94138 97.36462 93.60503 84.46806 58.40981 359.7863 336.9915 338.2134 226.1135 250.1138 259.2137 237.3302 115.5886 118.3057 118.2886 117.5054 330.3809 7.870447 28.34647 35.05398 23.19809 128.379 129.8394 125.6384 122.5488 121.9889
52.37377 58.9754 72.94319 76.0643 69.54061 57.19479 55.97762 60.33217 77.19592 83.76611 80.95985 82.90961 79.11334 77.16689 95.90546 105.8768 117.3641 119.0919 123.5868 158.0098 113.6039 134.5374 156.4116 146.2799 166.4663 173.9229 169.8027 163.9486 151.376 194.8081 200.5028 182.88 161.1729 136.4858 124.2257 119.8945 111.2613 107.9397 119.8722 106.9972 76.00108 31.3978 355.8589 12.0499 77.71989 181.066 245.6435 255.7431 263.5338 84.68842 92.8474 103.6456 168.6559 265.3837 326.0208 77.12892 84.94083 133.1634 128.0036 128.7322 130.5331 131.5075 306.5052
45.63004 46.6243 65.93528 76.50119 72.79624 60.7296 60.68716 70.90313 78.17748 71.52731 53.21935 74.74966 77.74234 84.15013 94.61614 98.85651 104.3632 110.785 126.225 216.3694 101.3116 115.6353 150.2066 153.6269 169.7935 170.7787 174.266 182.5771 185.0557 169.5477 171.3394 175.4992 167.0889 147.2955 130.6854 118.491 111.0172 110.3138 130.5357 77.79657 59.30943 1.298951 350.2829 22.37322 51.56235 45.89116 254.3264 249.3265 241.2606 96.58652 89.9809 88.12408 145.9679 210.6174 192.9444 145.0016 128.6269 126.5154 124.0882 125.6212 131.957 302.0284 300.8618
