data/ScottAndBurgan/Vilopriu_2013-asc/saz.asc
ncols 508
nrows 610
xllcorner 494272.38261041
yllcorner 4652115.6527613
cellsize 20
NODATA_value -9999
[rows 196 to 223 of 610, columns 0 to 62 of 508]
157.2137 191.8442 172.9518 149.9844 132.8857 111.9261 101.5165 101.5215 100.2527 96.9755 98.1001 105.0525 102.9312 103.0117 107.4222 112.3246 104.5607 125.5792 244.0732 245.8714 256.0428 267.5553 269.0498 220.3994 200.7541 183.9999 144.7393 133.1371 148.4525 175.5257 213.7264 230.4348 224.5594 203.8155 186.4696 171.1489 169.3852 271.8307 306.9654 309.0593 293.3422 292.7572 298.233 305.3344 310.2541 305.0071 289.1669 281.7726 278.4716 255.6378 108.1812 112.6144 123.5138 135.0852 153.9395 169.5144 166.513 163.7964 122.5193 100.8579 96.88819 95.97313 95.16366
171.2177 179.1795 169.3327 150.0109 135.0321 114.1147 105.9774 108.1077 107.5784 101.4814 99.33663 100.8865 95.61723 94.82878 100.0822 108.3459 113.9755 149.5643 259.6538 256.7444 251.0828 231.8311 197.9722 187.8509 180.6882 177.1091 151.2227 145.6433 165.2672 200.2727 228.4689 233.0999 195.6782 177.6965 195.4568 249.9671 324.5554 317.0196 323.8102 326.0185 294.1165 296.5758 304.1541 307.1134 314.5215 314.5065 285.606 276.6581 272.6736 218.2714 105.2108 108.9311 119.7325 130.3515 153.1372 177.4617 177.116 161.3925 126.4978 104.986 99.146 98.1196 98.40769
186.0991 175.1184 169.7113 155.5397 141.6823 120.6069 112.8685 113.1534 115.5182 106.1397 99.72686 101.7158 89.34865 85.03238 94.35556 111.3715 120.6459 183.7007 236.815 263.2621 257.8573 221.6991 196.7702 186.9706 170.1866 166.2601 159.4214 157.1927 193.4406 224.6887 223.7318 211.0166 184.0016 187.2929 259.1732 295.436 313.264 317.9019 325.9871 340.2005 303.2219 300.5549 302.1273 298.5773 301.1706 311.6474 285.5334 278.0981 269.8217 212.2827 99.99644 103.5793 113.8972 127.0495 158.8684 177.208 177.1396 170.8039 148.8736 115.4333 102.2975 99.52877 99.23081
195.8244 176.2446 169.6812 157.942 148.4944 121.5302 113.2799 107.3959 107.1495 104.4617 103.1076 110.9777 99.48513 92.61057 102.0066 127.219 114.8125 176.5989 234.9744 255.6509 262.9469 222.3764 195.228 178.5674 154.9614 156.8944 169.0404 184.2364 226.6878 227.587 213.6605 206.2007 208.3103 263.2804 287.5618 285.6285 280.4876 282.2632 299.5563 326.8891 300.8535 293.1051 292.0435 286.9147 283.2378 291.5534 281.1176 276.6324 266.9805 207.1011 101.5653 103.8867 112.4938 120.9035 146.8467 165.607 173.2333 178.5917 169.5707 131.6809 108.0259 103.1051 102.3693
180.8424 177.8215 176.2268 168.395 165.9578 135.3596 112.8218 101.2837 99.36958 101.7993 104.8876 116.5366 115.739 103.8369 107.822 135.4497 106.4458 130.9524 234.3282 252.3521 251.252 194.6217 180.6842 145.6821 129.3744 139.2385 197.1206 214.7066 226.6963 229.8715 217.9665 226.9937 253.3499 269.7484 270.9379 269.3553 270.5631 272.3257 279.8315 295.4865 283.2074 275.8753 273.7516 270.8741 265.635 266.8032 269.9446 266.1185 243.3503 168.5697 112.3263 109.0101 113.9402 113.9725 128.9011 149.1075 165.8839 182.0639 178.4829 145.7925 120.7652 114.1424 110.1238
159.8354 172.3142 176.4346 172.6237 173.8125 155.9829 122.9338 100.7628 100.3507 100.1689 99.1666 105.5467 106.7506 100.3785 102.4245 126.7898 109.0286 113.9198 248.8182 258.2392 235.9026 189.2664 177.7619 149.4691 133.5201 154.8232 216.4086 236.9393 254.7691 249.543 238.1669 250.9105 260.8503 264.3605 263.5613 263.1897 263.9562 264.7484 273.9968 288.2091 276.7571 265.3257 262.0526 259.6904 255.9955 259.5927 262.9125 251.3125 200.2097 158.6481 126.0921 117.9472 124.581 120.0021 124.161 138.9616 159.5886 171.944 168.3146 146.8204 129.5687 120.8478 109.1876
130.703 145.9319 165.1064 171.7775 173.3194 163.3538 133.7184 99.69759 97.51838 97.88348 94.45351 93.00157 95.91732 96.11379 100.5618 131.8146 121.9163 114.1515 267.5717 260.8735 224.0137 192.2075 166.6716 149.9118 147.1023 193.211 257.8409 278.5694 279.7916 276.3213 290.5237 302.8634 296.0588 282.214 269.9905 264.048 262.1094 262.259 271.0781 284.0997 280.8093 261.2501 254.7622 251.9625 252.3793 256.0873 254.0095 234.6533 180.2733 150.6293 132.824 128.478 135.4757 130.021 128.1012 140.9966 163.7307 154.5594 150.3827 142.9338 127.5126 111.1099 93.29441
142.2473 148.016 161.9846 173.8765 172.2548 166.0938 146.3482 102.885 99.78064 101.1167 100.7523 106.4736 103.1354 98.36779 102.7893 135.328 128.2377 133.6031 258.0521 260.0952 233.0202 182.7673 147.3847 147.9231 175.466 257.4142 279.8739 298.5176 320.7353 337.6341 344.5125 347.9332 349.5959 342.7733 307.4365 279.3758 271.1561 265.0933 264.149 268.662 276.8642 262.6406 252.0721 249.1516 249.2676 252.3794 250.0441 231.6694 168.4568 132.0646 124.7705 125.9184 132.3694 132.637 130.3277 137.5746 152.8575 148.3555 147.3296 144.3664 121.6615 94.72359 90.02694
148.2673 158.5437 171.0013 179.6238 176.3385 170.6922 157.2905 111.1059 100.0262 98.26221 104.3579 119.4951 109.3068 98.73633 100.0073 127.7743 128.9445 144.8046 257.4396 262.5655 199.8158 152.2081 145.5542 167.2713 251.7119 294.2573 311.1898 316.1941 322.4059 336.5252 349.0372 356.7826 7.563691 18.21519 5.34088 299.3298 278.2331 269.846 265.0222 264.1471 269.3514 268.1931 254.6241 250.5968 247.3446 245.5722 239.0911 217.8784 171.0636 127.7579 114.9521 114.5832 118.7384 124.296 125.7357 130.7636 143.7619 148.7969 149.7061 151.0431 122.453 94.28017 88.31956
144.7562 164.689 176.9041 180.66 177.3439 170.5584 150.4319 118.4657 98.83999 91.07929 99.92058 123.7922 119.4238 102.9818 99.64932 122.0896 136.3516 157.2358 262.8865 258.6615 147.7646 140.6919 152.9731 255.6391 298.3297 314.6063 323.878 321.8592 316.3128 322.7384 338.9721 356.7667 16.38681 31.37406 35.14458 354.5066 274.7892 271.2548 274.774 272.5403 271.4754 272.6404 255.0313 251.1459 247.3928 236.019 220.5143 197.9879 180.6783 149.5238 120.9621 110.9555 108.0812 111.3275 121.4937 127.9313 137.4113 150.7125 163.3174 172.8157 150.9877 111.1024 87.5154
137.5748 168.6573 173.8776 168.858 170.688 164.9895 134.4794 114.038 98.87295 92.08447 98.07294 118.2665 122.2608 107.6945 100.0039 114.3202 144.7813 190.864 252.461 224.1771 145.206 142.8402 229.3783 293.8423 302.5772 310.9589 320.1694 321.4236 314.4438 312.7612 322.3665 350.6111 25.83076 39.10951 46.64902 40.6613 313.0747 299.572 292.7903 278.6595 272.5743 272.6617 254.948 251.4868 248.7444 238.5132 219.239 193.8236 185.646 162.8703 130.0224 113.0549 105.1866 113.2725 122.9615 127.3299 135.6167 156.5058 177.515 180.2429 168.7848 149.5869 110.3103
130.67 162.0582 159.4691 152.7358 159.4707 155.5161 124.7308 107.8811 106.9989 101.9794 101.6836 109.0784 112.607 108.521 103.0489 108.6905 140.5137 188.0363 223.7229 195.988 153.8663 167.3786 281.0344 291.1593 293.315 297.3766 306.0559 313.0105 311.4285 307.962 310.1679 341.9182 50.71481 54.86989 64.76973 63.55852 320.1295 306.7439 296.3039 271.6205 265.7563 263.047 256.3765 249.2037 247.1502 243.7362 224.2376 194.0103 184.8516 163.7555 136.6085 120.0642 112.0228 115.6351 120.4267 125.6779 133.1 151.5818 176.4872 180.008 173.4689 172.3966 161.1903
136.7097 156.0652 153.8352 143.394 143.6594 138.891 128.9898 122.7241 112.1546 105.1216 103.6485 105.2125 106.8071 108.7197 106.946 110.0297 123.8916 169.7435 211.1988 195.2387 185.7078 264.4422 282.0697 283.9006 282.2673 281.4119 286.649 296.0798 301.3245 303.5391 304.8503 345.3638 68.65342 74.32576 80.16002 75.66592 315.5206 284.4332 273.2361 262.8777 258.8935 252.877 248.0315 243.9868 245.954 242.4731 223.2398 190.8574 175.6292 159.4028 139.893 127.4578 122.0516 121.9521 123.4708 126.8016 127.0568 139.6409 166.6242 174.6856 174.0305 177.8265 178.7697
159.8869 167.673 170.2496 164.8372 152.6442 142.8644 137.549 139.0426 118.8766 105.3563 103.0767 105.7206 108.6127 112.3899 116.7846 128.4434 109.6169 124.4986 265.7163 280.939 300.9679 305.9427 297.084 287.8112 278.4008 271.6014 270.7171 275.4877 281.7999 288.9708 294.2969 340.005 69.97015 76.16837 77.71034 69.35431 12.50228 285.1293 264.6035 259.4133 253.6051 247.4748 243.6339 242.3141 242.2318 240.3078 233.0533 194.6943 166.0832 155.0341 137.8661 128.5354 116.1586 119.0818 129.3468 133.6156 135.0946 140.8423 156.3566 167.9503 175.0539 183.5567 193.3082
165.4718 172.2511 177.1675 173.5428 159.3983 149.3352 141.0166 136.766 121.0972 110.657 107.7427 106.1775 106.1484 107.0166 115.8083 145.2316 119.1877 327.7301 313.2902 325.7458 322.3591 322.0251 316.9121 304.825 287.7322 271.1484 259.2072 252.4219 252.396 250.7144 247.0769 247.3746 81.7216 79.94109 77.21271 70.37173 51.16997 332.017 281.9532 264.3337 253.9805 248.183 243.8624 240.3619 237.6084 242.934 241.781 212.3561 152.9276 154.9795 141.6162 128.3746 117.7532 115.0682 125.0944 135.0476 140.9594 144.9349 153.4062 166.1633 185.6378 205.6927 219.2514
164.1677 172.2987 178.3984 171.9677 160.8554 150.8673 139.2151 126.2475 112.7446 112.5964 114.9229 106.3007 103.8605 104.5042 109.5518 133.3664 161.3713 276.5619 297.8784 310.973 314.1602 319.3477 323.4449 318.965 300.9018 275.6336 253.8909 240.1046 240.3251 237.0675 227.4233 230.4363 101.8641 84.13769 76.44005 72.34274 64.05951 11.28889 321.9374 283.5133 264.246 256.2218 249.8203 242.0646 244.6092 246.7294 240.0466 218.3803 159.7861 158.0133 152.1209 126.6311 120.7211 119.4976 119.796 129.5634 139.2223 145.5865 157.0227 175.9225 202.9686 219.8729 225.5246
164.9786 170.1286 177.0131 170.2553 163.9178 149.7453 136.341 124.3923 108.7181 109.4839 116.6472 108.5698 104.6885 108.8144 120.8983 116.2003 265.1144 278.6185 290.6519 302.7148 307.4685 312.8771 321.6399 328.3156 321.5272 294.0896 260.5278 240.4937 244.7634 245.5947 238.7525 243.3405 132.9059 84.9009 78.56808 77.13451 71.1019 26.85451 359.4209 301.1478 275.1188 263.7858 254.909 247.4955 252.2721 254.4927 244.4321 228.1715 178.7534 149.2417 137.3609 116.0402 112.6649 115.5065 116.2681 123.6793 129.7867 132.4064 150.6326 186.6943 212.0817 220.2587 223.8172
171.2717 167.6734 173.3326 171.9523 170.3729 149.6936 139.1964 136.5264 120.7709 113.3393 113.0378 107.5801 101.9417 105.7229 132.3375 145.2804 279.1483 283.1547 290.4826 296.667 300.4555 306.0274 316.1556 330.37 340.5655 337.2977 304.4462 259.448 255.958 255.4268 247.2892 246.5831 216.4928 86.71716 82.77067 80.62411 71.00439 43.05102 32.18474 309.9053 274.0938 264.9827 256.8621 252.0383 258.8573 270.3395 272.6273 255.4207 218.4188 127.8845 110.0141 110.6297 115.0504 119.552 117.1086 122.7528 125.9591 118.6969 131.5511 185.7652 213.7157 219.2719 224.9018
189.1217 173.203 170.9031 170.1813 167.1267 144.9617 133.5913 132.7206 126.2705 120.0186 114.9288 112.6654 110.043 113.4805 143.4676 190.6837 260.9994 277.2034 283.997 286.6905 290.6658 298.6599 309.6583 324.9253 345.9882 359.1506 348.3423 313.082 269.8424 260.1296 244.4481 243.2355 237.0679 85.62032 78.96637 82.88037 80.34802 61.25314 41.58573 358.4159 276.3571 265.2498 260.7066 257.1347 261.3565 267.5325 274.7428 279.1391 251.0188 136.1701 115.4826 115.9461 121.5884 128.6441 126.2392 128.5941 135.23 131.6354 135.2397 176.222 214.069 223.0264 232.1388
196.4716 200.7047 192.7407 161.6183 142.4134 126.2226 119.9557 117.9508 116.7541 119.3208 120.3929 112.3614 109.8255 116.5039 150.4745 220.2527 264.0165 273.0256 278.0207 280.7674 284.1759 291.8139 302.7101 316.8772 351.7019 22.04841 359.0538 333.0311 280.0713 266.6235 250.9906 250.7003 250.9216 76.43748 78.61913 85.52937 86.0984 58.17971 34.75525 18.87219 321.7675 272.3145 263.1181 261.9248 264.2584 266.8841 270.7826 268.1479 151.6436 151.231 131.173 113.3531 105.7925 114.4761 126.9416 134.926 140.0709 142.3974 146.5011 175.0765 215.7281 231.2288 242.1566
196.101 214.4824 210.4535 178.685 146.4835 123.31 115.8527 112.2248 111.994 117.6936 120.9132 106.3656 100.4913 103.1293 136.0571 241.4468 264.3973 271.7645 278.685 282.6797 281.4202 280.588 285.6787 301.8262 19.17942 40.85676 340.3138 331.4472 287.8842 276.3873 266.7878 263.3004 262.3205 282.512 72.67181 74.5758 66.8299 40.38541 30.05653 21.00978 7.850428 302.7603 265.347 257.2522 259.1627 263.1607 265.9804 235.1497 112.032 115.9542 103.0929 95.14133 94.0525 97.1616 108.3697 122.8143 131.2466 139.4641 151.9128 176.9902 211.8184 233.0154 242.938
186.2376 217.7478 211.2534 188.2924 160.9393 136.1806 123.9386 116.2875 112.7123 115.5469 117.7501 103.782 99.02645 100.5069 114.4265 248.2077 261.833 269.5043 277.1834 282.6868 281.9526 278.5142 279.6865 295.3963 8.872972 19.79062 342.3857 332.6806 296.6042 280.3643 276.7019 274.2489 272.3532 283.9286 61.35498 67.34987 62.11673 43.95819 30.00543 26.84845 26.71555 358.1658 274.5541 253.8142 256.2941 261.718 258.647 209.2067 77.46123 41.86715 62.07508 87.54215 104.7342 107.6212 107.3844 112.8846 121.8432 137.019 157.7413 176.7111 203.8998 230.0181 239.3156
170.7092 208.9359 216.9696 198.2057 159.0294 141.4043 131.7419 123.3501 116.5127 115.3054 117.3865 104.753 101.0625 106.5372 117.4951 246.6031 259.9314 266.1046 271.0469 277.4052 285.6329 290.1378 291.1299 299.8422 342.9502 8.515234 353.1311 336.567 309.0401 283.1549 277.9243 280.5957 280.8948 284.7719 63.06751 71.54224 67.21432 55.71623 40.9677 40.51339 38.31594 27.53073 326.1813 267.7579 266.4455 267.1126 258.6985 235.9731 52.99829 74.252 87.63747 90.0713 97.32732 107.7758 113.0242 117.833 126.1873 141.427 162.3242 181.2433 200.6319 225.5983 234.0861
171.1024 199.8427 221.6722 205.5241 152.1766 135.8747 130.2684 126.0004 121.6531 119.0834 119.595 106.5213 103.2966 116.5804 143.1646 223.1415 251.9709 262.1705 266.9728 272.324 281.4432 290.9244 296.8212 305.3035 324.3657 356.9829 1.047696 341.5664 316.8767 288.5009 278.1659 278.0402 278.2072 281.5811 57.63723 72.9617 70.21881 62.23348 49.31338 45.10196 37.19668 30.61469 18.39677 291.5522 273.4971 267.1229 258.8029 275.9182 346.1472 82.24923 93.66164 88.45831 83.72109 87.3884 99.08396 110.7915 122.3686 134.119 155.5581 186.8373 204.6983 221.9738 228.8724
174.318 196.8958 214.542 206.3995 159.3578 122.0403 119.5053 123.7725 125.0056 122.4119 119.7113 108.1377 108.7482 132.1742 159.9771 205.7484 247.8772 262.6103 268.0353 271.5388 276.1158 285.4085 298.9606 313.9414 325.7296 349.643 5.106949 351.8804 329.8591 300.2169 285.9817 281.5384 280.2063 285.1584 34.40602 68.34804 68.14799 62.26859 50.6512 44.63718 38.61652 39.70934 46.46983 296.8656 267.0279 253.6963 254.8513 274.726 358.8462 88.08816 93.22739 88.91676 80.53978 74.65948 77.00936 84.30987 93.51707 104.4392 126.0765 186.8783 210.4519 221.7583 227.1001
180.804 197.2475 210.8529 207.0865 173.6966 140.2982 129.5669 126.6828 126.2236 123.2888 116.2299 104.1808 107.3388 142.2146 168.7704 218.0778 257.7614 266.5285 270.1012 272.3032 272.9145 275.1447 282.0344 296.2618 317.1544 344.1159 359.9427 359.391 344.37 312.4536 290.6476 282.8388 287.6172 295.3882 31.69742 67.46643 68.71686 67.335 56.69563 51.54309 53.70026 65.72469 79.76911 264.1689 258.3094 249.4534 265.2894 275.6018 49.19577 88.64532 88.96754 86.55639 81.67805 75.14798 71.20857 70.26173 73.89624 87.12749 106.2842 169.1481 207.9657 218.681 222.3036
187.7509 198.6451 204.6975 192.0269 163.9457 148.588 142.2615 135.0277 128.4001 122.8587 116.0905 101.9752 99.15515 124.1997 195.453 261.1674 273.9409 272.6036 271.0775 268.4541 263.9637 258.2096 255.9286 260.4664 279.6109 314.9344 346.004 357.2285 351.024 333.6673 312.9366 295.7823 289.9223 282.3424 129.4814 86.29527 78.85889 77.05569 67.62393 66.09545 72.78381 84.22835 90.76019 232.8852 255.7371 262.3322 274.2032 278.0321 55.56886 83.33403 82.7273 82.23239 83.26022 84.90424 83.07893 78.48624 76.6164 84.7806 101.8656 152.7425 199.0805 211.3458 214.9339
186.6279 197.3871 202.3875 169.1963 144.9687 141.6784 143.2174 143.0863 136.7233 125.3643 118.5705 114.3977 111.9239 126.5292 215.602 271.5598 286.2817 282.4597 277.7842 270.9603 263.8609 258.5031 256.4307 254.8815 258.1228 271.953 302.4958 335.8016 344.809 342.5935 327.4812 307.0693 285.1143 210.7242 147.5342 125.672 92.43921 84.95955 81.29814 87.39754 95.90424 107.0923 106.2966 247.4227 268.8647 273.8782 276.0274 276.603 65.37508 82.66407 79.99741 80.21549 84.24215 90.0444 93.17166 88.35709 78.52943 76.47961 84.2835 121.3569 183.0244 201.0857 204.1434
