data/ScottAndBurgan/Vilopriu_2013-asc/slope.asc
ncols 508
nrows 610
xllcorner 494272.38261041
yllcorner 4652115.6527613
cellsize 20
NODATA_value -9999
[rows 336 to 363 of 610, columns 124 to 185 of 508]
5.527045 4.804128 5.369837 5.544375 4.17268 3.652929 3.470391 2.791409 2.198168 2.343062 2.493288 2.240501 2.563103 4.572211 3.157331 1.237399 4.748047 5.691376 4.108329 2.206507 1.565164 0.3041297 1.800274 2.908694 3.110372 1.422344 1.695314 2.384807 2.786279 2.779796 1.848945 0.967461 0.8920897 2.339412 3.920457 7.169781 5.741586 0.9101133 0.9893759 2.996849 4.7942 5.493276 4.862438 5.472887 8.976512 8.211543 10.36615 18.66965 21.4843 19.09178 11.95511 4.862357 1.087044 1.079391 1.140623 0.8880265 0.5494882 0.3266203 0.4666961 0.4278112 0.2336847 0.2222447
6.07192 5.771273 6.79677 6.816916 5.369237 4.61623 4.00288 3.265331 2.499897 1.860688 1.466119 1.793123 2.512809 3.747025 2.881148 0.8762414 4.303445 5.799612 4.315089 2.879124 2.204111 0.4352306 2.136331 3.173473 3.374526 1.5548 1.511705 2.153466 2.554584 3.046344 2.431251 1.207833 1.05596 2.514652 4.053961 7.2445 5.260765 0.6775434 1.588696 2.261159 2.971978 4.129938 4.705282 6.182657 8.458254 7.951114 11.50959 18.61864 20.65973 16.23397 8.106057 2.495958 0.457621 0.3441406 0.3651009 0.3233479 0.1036915 0.2102224 0.422077 0.467611 0.2752284 0.1749176
4.717289 3.925768 6.063767 7.055743 6.396252 6.327624 5.165745 3.628259 3.275289 2.992947 1.801923 1.325026 2.227302 3.17477 2.351111 0.8269655 3.049114 5.529171 4.709037 3.373932 2.778525 0.7421908 2.813548 3.353967 3.66227 1.944933 1.806124 2.358434 2.666437 3.134894 3.275559 2.778681 2.373154 2.555886 3.844667 6.688234 5.162697 0.5790595 2.587914 2.386984 2.142882 3.45007 5.064112 6.821472 8.006763 7.250669 11.75677 18.84835 19.51995 12.7963 5.169378 1.091694 0.2900772 0.3742716 0.3275304 0.2897299 0.2850482 0.1842213 0.190075 0.4201612 0.3628932 0.1327495
5.178113 3.308992 4.261849 5.317563 4.392096 5.835861 5.535523 3.51857 3.027614 3.353041 2.888069 1.956851 2.340789 3.119845 2.093228 0.4755002 2.421041 4.496461 4.46561 4.00691 3.520591 1.315742 3.487339 3.266917 3.713644 1.897633 1.602269 1.835547 2.360202 2.478179 2.805011 2.93159 2.598978 2.346057 3.214597 5.756279 5.348285 0.1958842 3.150456 2.788061 3.198819 4.263006 4.581122 6.56359 7.581136 7.30344 12.85372 18.92233 17.08032 9.098003 2.840261 0.3699599 0.09010818 0.3476798 0.4056152 0.3854797 0.4075308 0.3838163 0.2196617 0.3101268 0.3333404 0.06674902
5.779912 4.195514 3.858938 4.989428 3.582154 5.036025 4.785074 3.256465 3.049441 3.058599 3.314205 2.55912 2.234987 3.023427 1.677759 1.545645 2.763574 3.426995 3.430592 4.412698 4.357121 1.910869 4.190802 3.064505 3.388808 1.433583 0.922257 1.207903 2.108027 2.123518 1.921358 1.692822 1.450593 1.824007 2.655033 5.076272 5.302848 0.2955618 3.2118 3.245796 4.237586 5.131861 3.262691 5.268262 6.76603 8.275169 14.28004 17.64835 13.3409 5.760715 1.058932 0.2941572 0.1887424 0.1484852 0.3629391 0.4004835 0.4356294 0.4560992 0.4170377 0.3717225 0.2858371 0.1202907
5.5733 4.793316 4.26562 5.25445 3.833991 4.862892 4.360828 3.411475 3.45379 3.403191 3.823736 3.614587 2.492185 2.559967 0.8158312 2.324762 2.815766 2.777861 2.691571 4.449773 4.853416 2.29753 4.542938 2.396042 2.720255 1.216668 0.4622054 1.011694 2.185259 2.479418 2.209608 1.915315 1.478763 1.892932 2.316494 4.765916 4.743526 0.2542815 2.929501 3.543856 5.08809 6.066738 3.294532 3.78181 5.478022 8.631592 13.67774 14.67415 9.467252 3.205502 0.3037324 0.2505467 0.3639374 0.1320018 0.2480482 0.3727798 0.4234107 0.4462001 0.4563478 0.4316763 0.3502983 0.2621448
5.222529 4.522622 4.676878 5.532736 3.76275 4.61331 5.013957 4.854405 4.435795 3.787819 3.700203 3.910986 3.311607 2.239046 0.7594817 2.42679 2.516253 2.525469 2.436948 4.402621 5.085664 2.40043 4.483121 1.4585 2.349383 1.875287 1.33564 1.119806 1.298848 2.119803 1.799336 1.859048 1.499322 1.744308 1.743133 4.110314 3.892662 1.024659 2.735381 3.949289 5.693042 6.555865 3.841273 3.15765 5.216408 8.584145 11.65032 11.47184 6.464205 1.412089 0.2715882 0.11922 0.3481674 0.3157139 0.1969475 0.3603364 0.4431621 0.4518009 0.4421383 0.4034221 0.3035734 0.2294217
4.781268 3.595196 4.572367 5.314952 3.459987 3.811707 4.085048 4.39862 4.250587 3.524993 3.37623 3.551091 3.53696 2.567654 2.274873 2.379103 2.019248 2.247541 2.27395 4.286215 5.352414 2.41533 4.45351 0.4724041 1.537728 1.860375 1.750696 1.842678 0.3003035 1.747318 1.067987 1.196234 1.032728 1.124609 1.219988 3.3868 3.046069 1.180236 2.793683 4.534736 6.037113 6.599449 4.644209 3.605661 5.363692 7.981442 9.947385 9.115343 4.306403 0.5575383 0.1190194 0.2957328 0.4641938 0.4010122 0.2791337 0.3080513 0.385953 0.363072 0.3089333 0.2483758 0.2131277 0.2778189
4.512992 2.945015 4.281865 4.555002 2.843853 3.414564 4.323036 5.045053 4.689764 2.803339 2.422266 2.671448 2.658179 3.035466 3.709002 2.484589 1.603648 1.898228 2.073143 3.976141 5.519213 2.444412 4.740705 1.056807 1.17144 1.54899 1.553411 1.820788 0.4895008 1.540778 0.7879533 0.5926424 0.1548526 0.5850809 1.284916 2.902946 2.081678 1.330263 3.330149 5.163034 6.202817 6.764145 5.50875 4.218407 5.142747 7.072784 8.776793 7.146665 2.686223 0.4723198 0.2993131 0.366125 0.4273704 0.3159213 0.238364 0.1630371 0.2396234 0.2219456 0.1972572 0.2029699 0.3393187 0.4270599
4.012703 2.728967 4.018808 3.751794 2.098625 2.97358 4.067027 5.361502 5.97662 2.945791 1.13417 1.200605 1.413663 3.155802 4.575627 2.986225 1.680925 1.860727 1.939138 3.572333 5.464995 2.551862 5.097681 0.9032623 1.109767 1.283469 1.237892 1.321396 0.6104227 1.302736 0.8738982 0.6609663 0.3507386 0.7263314 1.704823 2.335464 1.203284 2.28985 4.433007 5.500604 6.365893 7.145556 5.691734 3.995462 4.563147 6.41359 7.899396 5.60174 1.866482 0.4299151 0.5139967 0.6832668 0.4151299 0.189361 0.170777 0.09446345 0.1787812 0.1757256 0.2345703 0.3844495 0.5161173 0.478371
3.48189 2.743656 3.512633 3.03809 1.726064 1.882098 1.704832 3.946106 6.677833 3.897666 1.044789 0.9710138 1.01229 2.935652 5.094123 3.766162 2.025157 1.925418 1.712969 3.088604 5.232392 2.627334 5.268711 0.3298585 0.665684 0.9276695 0.9298869 0.722953 0.5171966 1.015849 0.9505656 0.6355708 0.4364357 1.121633 2.068977 1.540604 1.200399 3.668177 5.42259 5.369672 6.225109 7.221497 5.573696 4.03054 4.662439 6.075732 7.051816 4.597105 1.623181 0.4153861 0.5849046 0.8691338 0.5326643 0.2110908 0.1642026 0.1138904 0.16625 0.1710647 0.2705037 0.8639148 1.112339 0.8592436
3.132367 2.752427 2.805242 2.19633 1.168493 0.5352129 0.4790486 3.1802 6.822067 4.521305 1.178068 0.9114019 0.7220304 2.61523 5.316003 4.54754 2.444453 1.784759 1.53818 2.646633 4.843488 2.522327 5.10492 0.3903438 0.742883 0.9282483 0.8967189 0.4053192 0.3303202 0.8469856 0.995386 0.5210297 0.2642925 1.38712 1.989929 0.9394022 1.858209 4.708807 5.772968 5.094233 5.825935 7.281045 6.167813 4.813058 5.168959 5.72924 5.966945 3.776398 1.481216 0.2156881 0.8554518 1.024579 0.6040738 0.2854606 0.1718757 0.1266237 0.1514648 0.1391366 0.4537173 1.966352 2.453073 2.399864
2.914185 2.707651 2.248326 1.432421 0.9170881 1.017875 1.125472 3.199441 6.716504 4.430675 1.145483 0.8095485 0.6385826 2.587707 5.448345 4.955586 2.714667 1.758202 1.490849 2.205962 4.361557 2.163512 4.653776 0.6600319 1.190201 1.130512 1.062462 0.3016199 0.7211497 0.9490824 1.00132 0.3360268 0.6092762 1.504388 1.332754 0.8526018 2.825768 5.684799 5.695382 4.340786 4.853077 7.201043 6.877925 4.953414 5.082655 5.260057 4.435105 2.840574 1.395238 0.04544182 1.093617 1.138987 0.539754 0.2895651 0.1670462 0.1088873 0.1247914 0.1092455 0.4952337 2.388565 2.845762 1.652339
2.735259 2.4056 1.755932 1.202027 1.44762 1.673532 1.276792 3.230153 6.155775 3.838342 1.053038 0.8226404 0.6654576 2.935132 5.800867 4.942498 2.93839 1.825887 1.359471 1.726536 3.942787 1.606695 4.155808 1.089676 1.983283 1.35903 0.9608543 0.5667371 1.409579 1.090834 0.6999737 0.2032611 0.8644277 1.076988 0.9221092 2.165616 4.421208 6.064421 5.021675 3.535567 4.13599 6.999961 6.84895 4.212394 4.273624 3.918046 2.386324 1.98799 1.462682 0.4780962 1.331004 1.309581 0.3816974 0.2932496 0.1869351 0.08375929 0.1036974 0.2095993 1.772692 4.006232 6.519711 4.464597
2.345214 1.848874 1.318484 1.276256 1.821596 1.83133 1.133707 3.079875 5.59946 3.381809 0.9556343 0.8490463 0.4452588 3.183067 5.944202 5.09535 3.401309 1.844216 1.234702 1.311971 3.55154 1.059081 3.845788 1.877256 2.627059 1.31051 0.3653775 1.673276 1.881497 1.426836 1.19966 0.991838 0.8468295 0.4822488 0.9650428 2.705262 4.409764 5.019997 4.206563 3.244268 4.361054 6.489289 5.706986 4.489558 4.762147 3.106247 1.310087 1.583748 1.504736 0.8701009 1.664351 1.667073 0.8892449 0.5950286 0.2594457 0.0760078 0.09653398 0.5532897 2.528561 2.105469 4.702457 5.874817
1.729169 1.446892 1.145882 1.405092 1.877853 1.671037 1.153947 3.081975 5.384642 3.263916 0.9023875 0.8410648 1.128572 3.071496 5.228392 5.791806 3.98775 1.612901 1.02829 1.056474 3.25914 0.7298406 3.677495 2.585718 3.048558 0.906262 1.21229 2.670967 1.934903 1.612719 1.991423 2.615045 2.209803 0.9444918 0.7849624 2.843339 3.909957 4.425977 4.296638 3.623196 5.376663 6.17278 4.1134 4.567946 5.199778 2.797948 1.070493 1.1205 1.076014 0.6552699 1.866633 1.588456 0.9909563 0.8994207 0.3947565 0.1282315 0.183377 0.5290825 2.049759 2.545114 3.394461 3.947575
1.546416 1.365007 1.124526 1.413825 1.745757 1.441603 1.18995 3.312333 5.462682 3.30917 1.113421 1.024446 1.392911 2.484919 4.510658 6.494043 4.651586 1.47803 0.9045088 0.9842188 3.172361 0.6883702 3.594516 2.995974 3.194575 0.8258446 2.447941 3.081725 1.724664 1.494165 1.490384 1.990427 2.78125 1.925951 0.4456841 3.16867 4.237842 4.502803 4.728013 4.607756 6.519485 5.729344 3.552585 5.095881 5.168578 2.5201 1.411114 1.239892 0.8563018 0.1402912 1.702134 1.034949 0.8461097 0.8154185 0.4464204 0.0598453 0.1113554 0.2833937 1.39081 2.305536 2.285472 1.467917
1.656953 1.366162 1.055047 1.284797 1.818818 1.639668 1.415766 3.618573 5.56488 3.368921 1.580301 1.637495 1.689022 2.402205 4.601371 6.253333 5.017547 2.03199 1.299161 1.329026 3.152725 0.9285588 3.548116 2.982227 3.214025 1.731757 3.217566 3.038887 1.743289 1.471457 0.8494095 0.8562458 1.817295 2.082152 0.8761504 3.119017 4.884259 4.570943 4.875354 6.055475 7.095065 5.357278 4.618107 5.892447 4.648184 2.151999 1.476387 0.9372712 0.3147803 0.6660517 1.460163 0.5533731 0.7317126 0.5449174 0.4431958 0.1758504 0.2151288 0.4115268 0.6436745 1.427662 1.718832 0.9520603
1.807472 1.398582 0.9705511 1.15164 2.377104 2.759672 2.581369 3.58357 5.071933 3.403165 1.880645 2.025393 2.075043 2.864609 5.224313 5.179052 4.750554 3.076206 1.626148 1.829799 2.960069 1.296344 3.47051 2.828785 3.153972 2.324233 3.277071 2.869556 2.14063 1.883902 1.390423 1.351055 1.584485 2.046657 1.495725 2.446391 5.30548 4.963039 5.340861 7.604075 7.514084 6.071831 5.771074 4.949854 3.000595 1.354804 0.850099 0.1402297 0.3331908 0.8544646 1.252735 0.2681811 0.6274641 0.32324 0.4607352 0.4804857 0.2844578 0.2441255 0.554923 1.153642 0.6062548 0.5989037
1.987262 1.515398 1.006722 1.179013 3.245271 4.058702 3.428341 3.6395 4.030375 3.234637 2.322946 2.292356 2.139183 2.863286 4.959632 3.885277 4.219137 3.975703 1.571762 1.840786 2.481045 1.431189 3.159507 2.742025 3.354156 2.90961 2.993331 2.737313 2.246947 2.080673 2.0024 2.171359 2.306502 2.481717 1.94877 1.584787 4.962773 5.488125 6.544679 8.639498 8.149015 6.509048 4.335267 2.124481 1.181307 0.5290276 0.1561466 0.316052 0.3857456 0.6299087 1.049685 0.292634 0.5451682 0.1833218 0.3757764 0.7557616 0.3179033 0.2501021 0.1099153 0.829885 1.180503 0.9702073
2.141022 1.673235 1.08121 1.273093 3.853874 4.54482 2.838822 2.788573 2.91189 2.542634 2.378975 2.612488 2.386728 2.785741 4.10887 3.214859 4.017234 4.500452 1.937037 1.846033 2.03681 1.533373 2.751104 2.338524 2.764481 2.467395 2.63858 2.853284 2.391646 2.169165 2.172388 2.184605 2.628743 3.094007 2.168121 1.661886 4.528868 5.325473 7.51437 9.719959 9.385818 6.378879 2.535388 0.8725058 0.7959054 0.400782 0.2159175 0.4723652 0.3208747 0.4545359 0.872236 0.2591731 0.5300945 0.363679 0.5660544 0.7894213 0.2941397 0.1282021 0.1282302 0.05634028 0.07988759 0.2267218
2.21078 1.780241 0.985809 1.032726 3.91032 4.63231 2.643132 2.285764 2.123947 1.721494 1.919592 3.058092 3.323407 2.754631 3.211297 2.909001 4.147402 4.772277 2.448069 1.884874 1.531874 1.359185 2.488598 1.721998 1.491923 1.761478 2.491501 3.360703 3.627539 3.767424 3.539419 2.826598 2.856725 3.361964 2.368811 3.820008 5.461884 5.285519 8.479649 11.43098 9.945381 4.902934 1.292081 0.7109436 0.7198505 0.2011484 0.4302982 0.4983915 0.3754193 0.5398116 0.7602992 0.1494664 0.6009956 0.5792578 0.6675465 0.5451859 0.09193307 0.0781594 0.07380174 0.02974664 0.006442379 0.01394888
2.158667 1.847593 1.026362 0.8955953 3.752476 4.904022 3.000884 2.408151 2.012051 1.311236 1.455922 3.552027 4.247549 3.119432 3.110486 2.816622 4.178362 4.822615 2.582245 1.459155 0.8640245 0.8093047 2.247427 2.124659 1.600257 2.145872 2.800289 3.784958 3.699003 3.293487 3.896582 4.03284 3.155361 3.076171 3.449133 5.850103 5.87744 5.718226 10.08391 12.40127 8.169666 2.465367 0.4613762 0.5390126 0.4332266 0.1844753 0.512269 0.4666537 0.4633818 0.6138347 0.5856016 0.1643615 0.6184415 0.768349 0.5879957 0.2047472 0.08919408 0.08211438 0.05992742 0.02858486 0.01291135 0.01379692
2.071541 2.017984 1.477337 1.281193 3.723923 5.259069 3.427984 2.489818 2.149235 1.479165 1.793304 4.067667 4.499789 3.551774 3.90417 3.483685 3.780379 4.240883 2.427859 1.127903 0.6641545 0.6420406 1.648551 2.328553 2.405815 3.094787 3.420788 3.466253 2.426502 1.106256 2.709045 4.738279 4.095079 3.354386 4.450068 6.505242 6.746878 8.130579 11.58139 11.05889 4.929089 0.7423422 0.6106705 0.5633917 0.2659666 0.3746566 0.4993232 0.4961862 0.6175514 0.7817071 0.6785033 0.4869552 0.7244051 0.9650928 0.6127012 0.1862464 0.1293659 0.08208716 0.04652216 0.02489736 0.01775683 0.2085262
2.316153 2.628697 2.45879 2.195138 4.113103 5.758677 3.830288 2.566388 2.506496 2.123155 2.644499 4.126878 3.639623 3.846104 4.19632 2.469389 2.58239 3.407384 2.304805 1.24324 0.9662834 0.8112528 0.9973218 2.037542 3.054216 3.75792 3.509126 2.746775 1.798682 1.268968 2.040485 4.599715 5.194677 4.320031 4.891489 6.358059 6.668708 7.222189 9.323835 7.533725 2.043139 0.3804342 0.6953635 0.6330307 0.3286752 0.4488742 0.37813 0.3715349 0.6558978 0.7816743 0.4321804 0.3303719 0.8409044 0.9911692 0.4667272 0.1500617 0.1808157 0.1428811 0.09455163 0.0588729 0.06174057 1.605506
2.509426 2.675343 2.408357 2.064647 4.052422 6.008681 4.230223 2.76879 2.888992 3.140964 4.182611 4.197645 2.435257 4.011784 4.277986 2.160244 2.838335 3.458085 2.240839 1.442722 1.210809 0.7729017 1.235824 2.397127 3.166244 3.097837 2.492149 2.124077 1.735346 1.588997 1.783431 3.137678 4.568978 4.355817 4.640654 5.627388 5.302922 5.073088 7.353676 5.587363 0.9939662 0.2720945 0.5840145 0.5180053 0.4271278 0.377913 0.07530782 0.2750678 0.7898062 0.9050964 0.2200226 0.7334929 1.089455 0.8340594 0.2222769 0.1119057 0.1801494 0.1875079 0.1286827 0.08181596 1.182067 5.015261
2.96307 2.925611 2.694393 2.122191 3.618047 5.75477 4.298132 2.667248 2.637654 3.136336 5.467317 4.902617 1.841588 3.855055 3.965331 2.436608 4.139387 3.751045 1.830207 1.388037 1.150095 0.4260939 1.893793 2.698897 2.524659 2.314521 1.787234 1.826902 1.833866 1.624215 1.37784 1.752786 3.451533 4.421899 4.65917 4.736572 4.44142 5.071233 6.922153 4.546217 0.7109537 0.2657567 0.36926 0.3917902 0.4476895 0.3444965 0.3086593 0.1978835 0.7987841 1.096498 0.3003215 0.8627779 1.097199 0.5734084 0.06827723 0.1285374 0.02207102 0.1317295 0.1139417 0.7242416 4.313456 7.77961
3.205122 3.385136 3.335337 3.148214 3.921815 5.584286 4.296073 2.568427 2.506643 3.046651 5.499902 5.237217 2.593034 4.015956 3.890725 3.192952 5.024953 3.486496 1.47931 1.503247 0.8962479 0.2690593 2.804766 3.182456 2.40714 3.051036 3.189743 3.644412 4.104813 3.799485 2.64731 2.128639 3.096452 4.103784 4.174685 4.017701 4.203369 5.409541 6.10406 3.011802 0.2548306 0.197638 0.2145726 0.2370016 0.3565431 0.4296209 0.6252899 0.3255549 0.4922766 1.170822 0.6741816 0.812523 1.188516 0.5286613 0.03252795 0.158005 0.1873924 0.1449885 0.3776471 2.952092 7.304629 6.693192
