data/ScottAndBurgan/Vilopriu_2013-asc/slope.asc
ncols 508
nrows 610
xllcorner 494272.38261041
yllcorner 4652115.6527613
cellsize 20
NODATA_value -9999
[rows 448 to 475 of 610, columns 0 to 61 of 508]
0.6005742 0.4562366 0.549772 0.7802864 0.8900708 0.8916734 0.8864832 0.9058052 0.7773688 0.7513057 1.040278 1.237151 1.179379 0.93889 1.16439 2.34753 2.471374 1.855352 2.068983 3.098969 3.995965 4.164045 3.614921 3.132545 2.890802 3.008303 5.056794 10.98485 14.1844 9.05899 4.911241 7.979176 10.76681 9.804739 6.712714 4.237298 3.519939 6.570877 6.599264 2.048835 2.566241 1.458006 1.89259 2.115789 1.001979 0.7423809 0.7905058 1.466726 1.239311 0.9788088 0.7859483 0.8777057 0.951225 0.6087964 0.489922 0.5611397 0.6647831 0.7594709 0.8438797 0.9217467 0.9946755 1.086688
0.6013392 0.5105827 0.420519 0.4330971 0.515876 0.5811234 0.7057204 0.899078 0.8096609 0.6149846 0.6825342 0.66907 0.4928541 0.4851299 1.528187 2.559657 1.681564 1.641483 2.694353 3.881331 3.932753 3.364233 3.224606 3.410322 3.333292 3.491141 5.956313 11.56554 13.8095 9.132091 4.726896 6.833436 9.706558 11.19731 8.471992 4.890649 3.310658 4.996395 7.317903 4.207388 2.750374 1.100487 2.326619 2.597883 2.364548 1.078545 0.7410089 1.16805 1.133444 1.049152 0.8827751 1.009785 1.19902 0.9902 1.030551 1.216038 1.293942 1.214342 1.027375 0.8259999 0.6914873 0.6571651
0.5644099 0.5478591 0.418883 0.2553842 0.2326587 0.2657528 0.4106528 0.6581266 0.7065935 0.7700846 0.7841834 0.593298 0.2941616 0.8337449 2.30759 2.547031 2.258442 3.11994 3.850155 3.571099 2.773676 2.689156 3.254989 3.350653 3.168796 3.498806 6.475008 11.98361 13.70168 8.489861 2.688043 5.193417 8.194713 10.82017 9.333155 5.547015 3.625425 3.717736 6.710938 5.673595 3.18009 1.59033 2.046146 1.483352 2.475788 1.412491 1.270667 1.491584 1.444112 1.343863 1.303653 1.392141 1.502212 1.379723 1.375353 1.475961 1.627426 1.677209 1.531512 1.318215 1.149501 0.9928902
0.3868959 0.4377331 0.4436324 0.2547276 0.1512495 0.3136753 0.6485127 1.000727 1.212085 1.373304 1.323612 1.106321 1.150489 2.192578 3.26321 3.859627 4.613493 4.794486 4.630057 4.7487 5.006122 4.828851 4.035969 3.16863 2.796148 3.775235 7.642763 12.71829 13.03929 7.158984 1.86993 4.38834 7.832808 10.70405 9.996694 6.523479 4.584504 3.714445 5.572146 6.28747 3.543754 1.182952 1.579046 1.007895 2.187939 1.317685 1.31535 1.51868 1.659781 1.48345 1.412189 1.528795 1.564579 1.415824 1.300685 1.200117 1.263581 1.484246 1.661775 1.650367 1.571102 1.457128
0.3614093 0.5984308 0.9539266 1.153156 1.276035 1.338999 1.336333 1.409448 1.431067 1.239961 1.029647 1.025643 1.771815 3.946234 6.34265 7.743559 6.981005 5.61747 5.930145 7.738144 9.086936 9.11226 7.09046 4.664577 4.757656 6.053297 8.662214 13.10808 11.38786 4.970905 0.4659597 2.965307 6.582272 10.06296 10.02606 7.550161 5.920334 4.002934 4.376158 6.318881 4.140218 0.113043 1.557254 0.9112622 1.927361 1.403975 1.109825 0.9603424 1.242178 1.35973 1.361881 1.59706 1.744262 1.561547 1.390732 1.261941 1.253498 1.349583 1.540137 1.600256 1.559792 1.490768
0.7825825 0.8896475 1.049665 1.280474 1.47951 1.457384 1.216506 1.017763 0.8727228 0.7074282 0.5348541 0.6011476 2.257123 6.780948 11.32459 11.79227 9.764987 7.718139 7.861585 9.444465 10.00418 10.11659 9.401961 7.164954 7.485819 7.851212 8.191868 11.64373 8.610047 2.95841 1.40879 2.684709 5.099048 8.297356 8.587004 7.866017 7.320467 4.727803 4.224493 6.201269 4.967568 0.3622706 2.220668 0.6587452 1.475223 1.394734 1.170847 1.021443 1.111801 1.34165 1.503627 1.909704 2.458539 2.466619 1.957245 1.48268 1.519626 1.4828 1.419447 1.389716 1.295927 1.178476
0.7196702 0.4835377 0.3557804 0.4080219 0.5029696 0.5953607 0.7334139 0.7670972 0.7193409 0.6850627 0.593981 0.6511971 3.38832 10.75837 15.01708 12.30808 11.15994 8.763372 7.084664 8.438706 8.73501 8.52376 9.473918 9.103775 9.927519 9.116076 8.001254 8.109243 6.168585 2.8503 2.058404 3.133288 4.940413 6.968426 6.921738 7.016504 7.94232 6.432719 4.562059 5.048995 5.544709 1.78039 2.193321 0.3645103 1.079812 1.246583 1.282546 1.412543 1.543632 1.715249 1.852125 2.020685 2.424757 2.936082 3.120419 2.730949 2.028353 1.343566 1.027031 0.9714908 0.8636691 0.8432472
0.3304865 0.3842949 0.341147 0.3985398 0.4712329 0.4985393 0.5667257 0.7093303 0.7944942 0.8112323 0.7826473 0.9215006 4.84844 13.91312 16.16672 8.718567 8.189005 7.768524 4.856224 7.596546 8.437822 7.233039 8.405358 7.145913 7.992346 6.764203 5.250035 3.791981 3.798653 2.866298 2.157752 3.072465 4.44688 5.497208 5.461964 5.840426 7.610667 8.745926 5.682269 3.481442 5.027795 3.791278 1.317256 0.8931301 0.7664509 1.234329 1.384509 1.416299 1.490413 1.596164 1.801245 2.189131 2.432916 2.718418 3.211069 3.349031 2.782535 1.971925 1.484158 1.284052 1.007324 1.011629
0.2150449 0.3742564 0.3387389 0.3969048 0.4840483 0.5226271 0.5101888 0.6169178 0.7852275 0.8719332 0.9122087 1.588167 6.674069 15.39329 16.07521 7.125124 5.654103 7.333062 4.868358 8.121656 8.361072 4.958386 7.370142 3.064002 3.281302 1.853807 1.249367 0.7403512 2.036079 2.44971 1.822102 2.76655 3.618189 4.04579 4.467373 5.157655 6.374143 9.415947 7.288233 2.711422 3.154194 3.815066 1.684273 0.9900795 0.8929231 1.165445 1.464849 1.455645 1.389784 1.42192 2.200882 3.767288 4.389418 4.15231 3.704736 3.557909 3.498959 2.999452 2.643234 2.406109 2.04287 1.885974
0.6907526 0.6425532 0.613243 0.5231596 0.5331324 0.5725775 0.51077 0.5050771 0.6273623 0.7585816 0.8681729 2.359641 8.394292 15.97373 15.6368 7.412054 4.812652 7.014719 5.517692 8.031958 6.844098 2.820139 6.932508 4.051198 2.311376 0.7181405 0.5218663 0.3896779 0.9186808 1.307103 0.9914595 2.191727 2.775975 3.029396 3.77615 4.93582 5.738902 8.741363 7.844395 2.950793 2.015092 3.15224 3.064305 0.7334228 1.983244 1.13068 1.326701 1.563781 1.858534 2.488173 3.737454 4.80349 4.368664 4.361186 4.102583 4.127295 4.001012 3.271089 3.029037 2.815134 2.579514 2.416427
0.9460722 0.8330675 0.7595791 0.6211631 0.5815955 0.6013228 0.5165732 0.4641255 0.5127121 0.6582415 0.8468382 2.951295 10.135 16.9062 14.796 6.715853 3.300595 5.785655 4.57978 6.169972 4.132343 0.9111876 4.538826 4.769681 2.207546 0.7800838 0.4845968 0.3782819 0.6132234 0.6255481 0.5695671 1.767187 2.346548 2.555437 3.503254 5.212214 6.293856 8.253367 7.51936 3.455218 1.779522 2.264245 2.913582 1.719316 2.080828 1.048144 1.236861 1.820787 2.836227 3.719027 4.326358 4.023377 2.784181 3.507872 4.625338 5.218469 5.05498 3.624633 3.026196 2.276607 1.637835 1.615873
0.6646941 0.6427478 0.6095897 0.4945821 0.5353275 0.5947608 0.4897389 0.3896427 0.3974497 0.5458374 0.8129317 3.475427 12.01736 17.65782 13.08808 5.016104 1.311165 3.678629 2.573322 2.622895 2.449193 2.861751 1.981751 2.693046 2.249684 0.8297641 0.4156303 0.2557792 0.3206538 0.3601082 0.7160207 1.797775 2.421322 2.546551 3.388479 5.468142 6.976034 7.84265 6.945621 3.77114 1.994806 1.698149 1.544809 0.8773131 1.620299 1.528656 2.153104 3.141361 3.834879 4.012517 4.198236 4.404569 4.877751 6.019547 6.579544 6.744379 6.644825 4.60776 3.497596 2.3702 1.164546 1.157061
0.3382545 0.3923272 0.5151241 0.519944 0.5544883 0.5185934 0.377387 0.2901072 0.2925668 0.4520322 0.7734284 4.275965 12.98921 16.83903 11.42821 3.868132 1.553397 2.463173 2.166194 3.244312 4.38906 4.461124 3.78848 2.421427 2.00779 0.7256147 0.2517738 0.1766197 0.194043 0.4593617 1.174511 2.304178 2.819076 3.190609 4.636672 6.381286 7.548634 7.776262 6.459175 3.856071 1.755977 0.9240082 1.887088 2.163654 2.827151 3.401878 3.811482 4.18897 3.862151 3.95157 4.749985 6.021775 7.469089 7.843721 6.729366 6.362758 6.9944 5.536577 3.935626 2.613626 3.038962 3.326694
0.1196575 0.162237 0.2959768 0.4170417 0.4681165 0.3761604 0.2802829 0.2434256 0.2354884 0.4243763 0.9067811 4.77103 11.98816 14.45458 11.95554 7.161102 4.777894 4.516701 3.636532 2.548663 1.868019 1.603332 1.943398 1.67122 0.8594155 0.5909909 0.3854578 0.251331 0.1406164 0.4962753 1.90439 2.837438 3.189932 4.552696 6.93218 7.929357 7.611015 6.601698 4.583845 2.987955 2.596522 3.477484 4.229357 3.385732 1.687927 4.040691 3.67016 3.938379 3.772972 4.202069 5.126896 6.513456 7.218993 5.670313 4.90196 5.439871 6.619509 5.71355 4.357886 4.670424 5.661807 6.213082
0.1609334 0.2585242 0.3120935 0.3088679 0.2733374 0.2498088 0.2388429 0.2258559 0.3240349 0.6446903 1.196426 4.338465 9.500517 11.59224 12.91092 10.90296 6.301138 3.681179 1.854076 0.7400362 0.7941204 0.7224579 0.6004144 0.6637495 0.5662355 0.8962328 1.035357 0.6976217 0.4627441 1.382414 3.003083 3.404367 4.062887 5.838792 6.784778 5.590329 4.056459 4.122355 4.513847 4.582494 3.717858 2.588182 1.587572 4.340199 1.45327 6.051832 2.733062 3.820478 4.205155 4.335129 4.633071 5.424617 4.841064 1.338757 4.420822 6.027012 6.198601 4.128236 3.368363 5.102763 6.37989 6.720786
0.6286209 0.6260437 0.5609366 0.407352 0.2065544 0.2005893 0.4033091 0.7203957 1.021693 1.230716 1.39495 3.273311 6.713117 7.163674 9.293593 10.70314 7.185618 4.100782 2.794195 1.845362 1.05926 0.6065055 0.5591452 1.105199 1.042866 0.8663659 1.098883 1.063923 1.5281 2.85544 3.677919 3.573454 4.309421 5.256009 4.646156 3.684862 3.301286 3.390882 3.289045 3.043766 2.136472 1.511786 2.316928 2.420588 3.856186 6.552304 3.05264 4.075637 4.244593 3.836662 4.250744 4.252761 2.741877 1.291153 4.613137 6.092787 5.503421 2.749209 2.184961 4.682206 5.805208 5.935655
0.8643468 0.7226467 0.5941529 0.5187863 0.2501744 0.3466926 0.8654361 1.22217 1.312776 1.229936 1.306367 2.456027 5.306036 4.636069 4.849754 8.024546 7.104289 5.158909 4.430702 3.590189 2.079371 1.84537 2.555817 2.70906 1.879858 1.20555 1.03464 1.426199 1.765332 2.794956 3.382979 3.743377 4.545729 4.406097 3.435463 2.874271 2.384255 2.179144 2.248324 2.474102 2.824764 2.941402 1.440681 0.9152394 3.683772 4.796804 2.629391 3.825886 5.252917 5.455108 5.864854 4.872235 2.308557 1.99338 4.149178 5.485396 4.459926 3.069865 3.855316 4.89699 4.088017 4.083206
0.357732 0.2726266 0.3161104 0.4988006 0.3187247 0.6273941 1.147475 1.083273 0.8484353 0.7335613 1.367713 2.195636 4.55948 4.235955 2.73384 5.940538 6.218874 4.486053 4.631948 5.156005 4.370975 2.659184 1.641228 1.309954 1.991266 3.685863 4.839709 5.176187 4.903944 4.730842 4.51317 5.272471 6.597993 4.738754 3.129107 2.841387 2.299505 2.076661 2.187354 2.361471 3.332776 4.044774 1.70195 1.994592 4.196282 5.397852 4.201647 5.817833 7.724384 6.509467 4.992085 3.32107 2.613924 3.400253 3.778408 4.755936 3.287595 2.677282 3.258357 3.950115 3.236773 2.580793
0.2705381 0.2849449 0.1735983 0.3385688 0.2801407 1.204236 1.535299 1.004827 0.5752116 0.3829334 1.59743 1.935942 3.761986 4.065021 1.628577 4.461716 6.709216 4.68215 3.456844 5.108305 6.451089 5.494577 3.650162 2.601983 3.797341 5.369285 6.907856 7.113122 5.503913 4.215226 3.229166 4.7651 7.399927 5.037847 2.979227 2.639845 2.109111 2.116211 2.407753 2.523669 4.555829 5.155704 1.466185 0.7817087 4.06554 7.552856 8.07642 8.342233 7.685349 4.377582 2.044574 1.089842 2.765049 4.039182 3.553992 4.431576 2.777529 1.333872 1.774434 3.306211 2.656036 2.757679
0.3024005 0.831877 1.338439 1.517956 1.343254 1.556767 1.504996 0.8092701 0.4263803 0.2764963 1.901753 2.692744 3.988383 3.407521 0.5934221 2.101078 6.228774 6.000135 3.109441 3.648618 5.274941 5.471207 5.295885 6.404947 6.048138 5.411871 4.191275 4.913742 5.434225 5.219079 3.90284 4.749202 7.000328 4.992533 3.375247 2.498754 1.760782 1.813947 2.358201 3.301239 6.704572 3.734505 2.441233 3.889384 6.183707 9.248439 8.676848 6.845928 5.421714 2.967581 2.277404 2.276718 3.29139 4.601726 3.763877 4.475547 3.021199 0.7142113 1.3598 3.071586 1.731134 3.031328
1.677757 1.753039 1.70206 1.739169 1.659241 1.082052 1.149056 0.3433329 0.4979676 0.3942624 2.671421 6.19918 7.432001 4.859599 1.96906 0.8217353 4.341691 6.119289 3.493804 2.368136 3.489753 5.037803 7.125592 8.45702 6.292315 3.830416 1.984013 4.508724 5.661767 5.698946 4.213446 4.850617 6.037045 4.682762 4.393731 2.591645 1.425869 1.29737 2.626298 6.648405 5.694583 1.757463 4.245261 4.835223 6.615322 7.806659 7.335129 5.77867 4.314337 2.314967 2.075629 2.58539 3.469067 4.85276 3.963149 4.176857 3.751049 1.157544 1.450413 2.882925 1.138231 2.914965
1.220241 0.7866061 0.3793687 0.3180156 0.7971045 0.560985 0.9016639 0.3068239 0.3531312 0.7534135 3.859289 8.304194 6.912385 5.240034 5.483539 2.632778 3.276138 5.344822 3.688988 2.418435 4.273918 5.723497 6.856363 9.393819 6.428014 1.22332 1.458558 4.77381 5.533555 5.61038 4.209874 5.142763 5.349109 3.490867 5.010732 3.461385 1.798062 1.595192 4.215711 7.142307 2.899423 1.360551 2.680792 5.46267 6.809802 6.932475 6.516726 5.348219 3.462331 1.812271 0.7465993 0.9877915 3.45098 5.347932 3.976794 3.040758 3.845331 3.145786 2.026416 2.483277 0.2159601 2.951479
0.1105188 0.1337501 0.2255276 0.2525621 0.5177664 0.5048397 0.6437799 0.341988 0.3187719 1.438689 4.059254 7.531011 7.011268 2.205602 5.441225 3.724704 3.346624 4.601093 3.187104 2.768708 4.905688 6.17384 6.634106 9.179859 6.224773 0.5286378 2.181337 5.147372 4.839339 5.086047 4.183341 5.34529 5.461879 2.494516 4.312311 4.004771 2.270827 2.155829 4.438935 6.693068 5.92314 3.595371 3.261385 7.47999 6.401637 5.883516 5.062024 3.352485 2.487439 2.117777 1.644967 0.6778686 3.065821 5.979612 3.991631 2.056528 2.312575 2.878129 2.77453 2.305613 1.473716 3.954245
0.2537425 0.324135 0.3683421 0.366511 0.4398754 0.4590557 0.4514938 0.3693828 0.3020772 2.064995 3.246112 5.911473 7.885318 3.003858 3.473605 2.935957 2.70988 3.953801 2.96684 2.844375 5.064989 6.375409 6.246433 8.6356 6.105363 0.4838345 3.358768 5.500001 4.03515 4.170245 3.786031 4.968371 5.879395 3.008514 3.548693 3.736889 2.170001 2.288513 3.277091 4.139961 4.468882 4.936828 2.663989 8.192856 6.520747 4.655334 2.53859 1.820611 2.266718 2.067096 1.803861 1.304573 2.206461 5.798488 4.339699 2.272921 1.732028 1.677548 0.9147671 1.959377 3.247116 3.482666
0.5343954 0.5079907 0.4658375 0.3972937 0.3560385 0.3232615 0.3756481 0.3529656 0.2449965 2.512366 2.786052 4.18669 7.642617 4.408287 2.745083 1.748054 2.543275 4.091672 3.054232 2.469865 4.693435 6.07469 6.12947 8.811915 6.003124 0.2577701 3.955114 5.260037 3.374243 3.382337 3.056693 4.129601 6.025937 4.181334 3.471401 3.593101 2.066087 2.015553 2.560691 2.60986 2.64298 4.858189 1.109718 7.764247 6.56076 4.753741 2.737128 2.706523 3.039903 2.297507 2.085928 1.275889 1.407345 4.834262 4.765387 3.625462 4.307907 4.363992 2.940519 1.384831 1.501617 4.207792
0.5729682 0.4796569 0.3730477 0.2809205 0.2735865 0.2292557 0.5192606 0.5111339 0.3804931 2.777016 2.938294 2.19892 5.737641 5.206674 2.711447 0.5555122 2.946036 3.684081 2.656739 2.260568 3.990967 5.503019 6.348705 8.999822 6.745667 2.194293 3.475492 4.684327 3.127691 3.372576 3.038909 3.591195 6.000378 5.002596 3.548061 3.567452 2.19449 1.786955 2.186452 2.21753 2.979799 5.510676 0.9101309 6.42037 5.867568 5.116841 2.80233 3.267463 3.8301 2.791904 2.743258 2.299325 3.909287 7.378689 7.561767 5.558822 2.457165 1.33829 3.301337 4.092781 3.928938 3.840948
0.187818 0.153116 0.1370911 0.1946936 0.2541626 0.07228117 0.6580231 0.5679235 0.750971 2.832302 2.662555 1.040266 3.537514 4.396715 2.593671 1.979376 3.150277 2.737841 2.278235 2.547613 3.41737 4.862115 5.971648 8.209439 9.639442 8.814574 5.397555 2.995053 2.081354 3.101791 3.234496 3.608196 5.978487 5.499122 3.846445 3.677546 2.540232 2.013314 2.076197 1.770551 3.502705 5.321744 1.513989 4.742203 4.303687 4.817121 2.443787 3.031661 3.903453 4.568018 6.038988 6.979552 6.996013 6.082517 2.218685 3.555519 5.62872 5.86033 4.226811 1.862322 0.4536886 1.355798
0.1798466 0.1046428 0.07088684 0.1861039 0.275251 0.05037094 0.8733455 0.5941049 0.596562 2.277323 1.934617 1.023305 2.459205 3.282024 2.841343 2.824977 2.978269 2.203561 1.929846 2.339132 2.959576 4.600993 5.048601 3.525615 3.131338 4.858731 4.639485 3.461786 1.150389 1.787042 3.491386 4.12551 5.776142 5.65679 4.031631 3.79399 2.96971 2.603847 2.343209 1.581377 3.947818 4.809723 2.054323 3.559924 3.004552 4.594266 2.244845 2.486785 3.711517 2.769017 1.602734 1.306731 1.805562 5.478052 7.268123 6.072173 3.258034 1.135491 0.9211432 1.192938 1.709039 1.740863
