data/ScottAndBurgan/Vilopriu_2013-asc/slope.asc
ncols 508
nrows 610
xllcorner 494272.38261041
yllcorner 4652115.6527613
cellsize 20
NODATA_value -9999
[rows 0 to 27 of 610, columns 372 to 433 of 508]
7.673884 8.077687 7.83744 8.874791 7.700064 3.106897 2.543293 6.743757 8.516263 10.49718 11.63491 10.86575 9.189505 6.954717 4.624096 4.072049 2.191942 3.266209 4.210287 4.254396 3.307981 4.033806 5.065451 6.401126 7.237071 6.857602 6.777118 6.776497 7.877364 10.03651 9.632882 8.113175 8.819856 10.48447 11.82274 13.21532 14.32437 14.30799 15.39767 17.90254 19.31478 20.39971 21.35867 21.53251 21.06323 20.52021 19.25138 13.89314 5.833501 1.843869 4.890301 7.340313 9.77113 12.33597 14.34802 16.06725 17.26616 17.67295 15.94064 9.513777 12.52676 6.39971
7.434381 8.12724 7.884941 9.340189 8.907291 4.626414 1.283354 5.593711 7.621865 9.54744 11.11032 10.89233 9.505399 7.28472 5.159563 4.669146 3.097573 2.225506 3.321405 4.36561 3.289096 3.545056 4.804452 5.872455 6.446313 5.862428 6.188948 6.781073 6.443473 8.41214 9.520351 7.999744 7.642641 8.997664 10.63546 12.00254 13.00556 13.32979 13.96724 15.87471 17.59374 18.62629 20.02817 21.43012 22.03726 22.14679 21.99259 18.4601 10.70359 3.342515 3.195424 6.049745 8.587299 11.54094 13.83356 15.77542 17.31418 17.34876 15.69052 11.51221 11.21903 6.056346
6.766459 8.06454 8.629782 9.464686 8.615215 5.562985 1.65625 4.173464 6.503215 8.66373 10.68176 10.93424 9.650378 7.301754 5.414993 4.641221 2.901254 1.497053 2.292616 4.098113 3.865323 3.440612 4.766321 5.640666 6.149559 5.383602 5.423488 6.517737 5.844305 6.917375 8.686146 7.569675 6.747996 8.055734 9.732881 10.95372 11.69801 12.12137 12.78004 13.70275 15.06893 16.56447 17.9703 19.5585 21.62929 22.74192 22.93655 21.59684 16.03464 8.054168 1.108509 4.497434 7.086649 10.27231 12.79593 14.80029 16.71933 17.118 15.12612 12.45684 10.17341 6.335953
6.216228 7.775979 9.102967 9.658627 8.602361 6.509699 3.643626 2.255102 5.029422 7.826783 10.13865 10.60877 9.634612 8.304909 7.018704 5.677417 3.555892 1.478384 1.600313 3.098016 4.548449 3.955749 4.663052 5.193313 5.971575 5.376241 4.71176 6.003631 5.915492 6.089114 7.893218 7.21297 6.14926 7.235321 8.621629 9.835914 10.5034 10.97978 11.79134 12.22814 12.57261 13.26495 14.20924 16.48076 19.93019 22.02544 22.55691 22.54469 20.31862 14.22704 5.180085 1.829874 5.294477 8.603505 11.28521 13.41011 15.21382 16.1554 14.95067 12.69427 9.643715 7.149139
5.892247 7.339973 8.992553 9.749594 9.081941 7.728454 5.423872 2.057291 3.267285 6.730788 9.096334 9.434402 9.654626 9.86282 8.991282 7.039678 4.496019 1.64438 1.746395 1.846199 3.999437 4.896353 4.702934 4.671882 5.757512 5.734185 4.27248 5.206233 5.958652 5.573887 6.921337 6.987617 6.124739 6.456826 7.440585 8.802353 9.601109 10.12172 10.8942 11.30461 11.31647 11.54661 12.8502 15.23195 17.80591 20.22564 21.80719 22.22457 21.71778 18.7512 10.98343 2.816618 2.763594 6.820141 9.37913 11.59095 13.24213 13.89048 13.24555 11.23905 9.325967 9.874535
5.309569 6.479016 8.044556 8.925261 8.338898 7.698131 6.344524 3.055139 1.586974 5.440936 7.653861 8.039892 9.229153 10.74568 10.71216 8.045526 5.240197 2.185242 1.628933 1.64635 2.809381 4.623305 4.775329 4.519346 5.635014 6.373738 4.523856 4.346475 5.7096 5.467217 6.006808 6.591962 6.328033 6.123367 6.509289 7.62796 8.556306 9.03085 9.504622 9.8319 10.03932 11.26761 13.39383 14.52082 16.04338 18.11432 20.54048 22.19639 22.17655 20.83862 15.83995 8.450366 1.64857 4.498096 7.808692 9.792095 11.33401 11.63402 10.71557 9.512509 10.21019 12.71897
4.859051 5.864195 6.91468 7.627414 7.093276 6.915661 6.737278 4.526168 0.4113597 3.996007 5.901585 6.127552 7.191277 10.52509 12.15002 9.496771 6.288989 3.390615 1.447897 1.851679 2.312491 3.251855 4.005661 4.672698 5.799957 6.759345 5.326275 4.135334 5.163333 5.249437 5.420045 6.142957 6.180993 5.873618 5.91359 6.464214 7.39982 7.85337 7.966033 8.038116 8.446054 10.69409 12.72933 13.45452 15.00851 16.7393 18.64716 21.52773 22.6982 21.61683 18.77827 13.66819 7.123703 0.9985246 5.509183 8.118687 9.427837 9.881557 9.538851 9.772618 12.34416 15.54207
5.251538 6.395024 6.901209 6.949827 6.280498 6.038468 6.080812 5.276407 2.883121 1.568284 3.718551 4.411347 5.464458 8.685527 11.90099 10.9367 7.960372 5.413173 2.186822 1.82866 2.184714 2.339547 2.601968 4.294834 6.104685 6.378522 5.596952 4.655427 4.767353 4.782535 5.143328 5.717924 5.502172 5.407728 5.703234 5.592382 6.071284 6.650458 7.029852 7.791202 8.155115 9.348353 11.27171 12.34126 13.98445 15.99335 17.08718 19.84725 22.38397 21.99573 20.1596 17.36977 12.96046 6.712359 2.122259 5.786748 7.775417 8.680244 9.946784 12.12061 14.98385 18.25216
5.753079 7.217636 7.38984 6.838605 6.18233 5.864253 5.385426 4.446773 3.391765 2.257984 4.313754 5.597674 5.962293 7.186936 10.17095 10.92714 9.091275 7.487665 5.038087 2.034581 2.013715 2.254969 2.363196 3.80098 6.470182 6.302364 5.164898 4.862424 4.64636 4.58087 5.121588 5.360359 5.097329 5.551479 6.2525 5.884993 5.440395 5.762239 6.684422 8.028261 8.280883 8.31191 9.957154 11.40343 12.62842 14.73379 16.04514 17.9851 20.82441 21.80656 21.09459 20.17024 18.14002 14.07669 8.299948 4.846545 6.460153 8.631862 12.47004 16.12178 18.17781 20.29288
5.58993 7.415241 7.784291 6.818398 6.34161 6.411178 5.976772 5.747755 6.855161 7.160208 7.110309 7.850588 7.530334 7.043493 8.498612 9.652556 8.813391 7.666006 6.677389 4.276077 1.89565 2.525859 2.604139 2.960999 5.891948 6.316825 4.719405 5.220228 5.300064 4.912754 5.392515 5.668211 5.612277 6.057201 6.87594 6.643791 5.322727 5.222218 6.442795 7.850061 8.482848 8.061666 8.850065 10.38797 11.16573 12.84949 14.95888 16.50765 18.45408 20.44749 21.39309 21.78182 21.36484 19.30712 15.10588 10.09185 9.221104 12.88537 17.52951 20.04575 20.65643 20.61352
5.376882 6.944711 7.866669 6.853985 6.245169 7.022834 7.31112 7.997281 8.798082 7.045732 6.06678 8.26606 8.314634 7.300334 7.709771 8.417756 7.867105 6.696652 6.033209 5.365748 3.418753 2.431956 2.816932 2.369189 4.105371 5.594756 5.598388 6.471406 6.082663 4.784715 5.286838 5.386753 5.464654 5.784554 6.639519 6.933522 5.473182 5.234886 6.579532 7.704507 8.368778 8.071298 8.408929 9.719581 10.0807 11.15792 13.8754 15.9673 16.79671 18.32259 20.10629 21.33443 22.11952 21.66296 19.15831 15.27678 14.05549 17.92537 20.93681 21.51296 20.96373 19.15992
5.269858 6.010864 7.572649 7.278482 6.177023 7.11512 8.27823 9.34585 9.61098 6.339781 2.184331 7.492264 8.526248 7.301069 7.301408 8.062024 7.350972 6.248256 5.550595 5.241979 4.366739 2.375293 2.578676 2.082287 2.294408 3.127939 4.021535 6.143758 6.66328 4.931118 5.020539 5.625529 5.602765 5.382134 6.530556 7.196879 5.823558 5.483613 6.594062 7.471058 7.91731 7.963134 8.380342 9.464476 9.496991 9.834912 12.50012 15.73965 16.56559 16.76438 17.72339 18.67041 20.10207 21.15703 20.30389 17.83527 16.43144 18.79519 20.60825 20.84011 19.50187 16.80548
5.028349 5.247637 7.139423 7.692378 6.236887 6.67765 8.47885 9.749699 10.04124 7.779127 0.9343196 5.761 7.979472 7.524058 7.084346 7.962364 7.115386 5.985919 5.628341 5.83533 6.00378 3.886927 1.788447 1.664405 1.628833 2.03227 2.921267 4.314631 6.162933 5.754683 4.908771 5.84058 5.97244 5.300611 6.392904 7.039371 5.611033 5.318663 6.452659 7.190569 7.459429 7.612665 8.117942 9.240359 9.309607 8.834013 9.967685 13.26236 15.65774 16.76473 17.36609 16.84873 17.18497 18.79739 19.10742 17.31294 15.30497 16.95296 19.46387 19.1025 16.63742 14.33142
4.660358 4.850492 6.815619 7.825602 6.287826 5.981111 8.098488 9.885112 10.06324 8.324334 2.067091 3.83758 6.585066 7.919842 7.901803 8.067843 6.781648 5.200482 5.748932 7.369453 8.309803 7.003036 2.899923 1.701968 1.715693 2.21011 2.69219 3.079867 4.745831 5.62456 4.759553 5.149714 5.508553 4.907736 5.608429 6.013862 4.980318 4.975605 6.145363 6.883145 7.241253 7.299191 7.586375 8.583451 8.967527 8.484779 8.065042 9.350487 11.62006 14.15359 16.6905 16.88454 15.89694 16.66208 17.17204 15.37606 12.79277 14.20253 17.63634 16.78796 14.34705 12.91606
4.399354 4.567001 6.288486 7.626067 6.425091 5.589396 7.594719 9.954356 10.1659 8.598004 3.496339 2.489878 5.36738 7.674687 9.083705 8.806194 6.657144 3.972799 6.237232 8.272956 9.327863 9.534663 5.62238 2.093295 1.984221 2.250334 2.451907 2.566763 3.423339 4.976974 4.845315 4.375044 4.840826 5.083066 5.469865 5.437571 5.010564 5.071898 5.670444 6.284256 7.059121 7.395298 7.326693 7.87074 8.637568 8.859375 8.248729 7.6729 7.939161 9.448856 12.71884 15.20138 15.43257 15.52276 15.43261 13.43303 10.97691 12.35147 16.07584 15.60851 13.34705 12.06605
4.192719 4.193676 5.555604 7.181738 6.620727 5.764148 7.417172 9.811719 10.23181 8.765606 5.171723 1.348085 4.107812 6.691299 9.436442 9.771614 6.410763 5.786019 8.769661 8.64122 9.409351 10.50285 7.937735 2.20961 1.687781 1.762088 2.006644 2.116056 2.493469 4.303854 4.820634 4.083452 4.694942 5.302241 5.520296 5.406403 5.259238 5.687003 6.163024 6.14371 6.952547 7.993645 7.787182 7.411586 7.90061 8.447088 8.229976 7.686601 7.319777 7.743711 9.407719 11.71232 13.68971 14.9904 15.16321 13.00865 9.888723 12.14919 15.69923 15.11499 12.52595 10.93296
4.315285 3.867146 4.911452 6.633189 6.766482 6.168002 7.470742 9.563954 10.17725 9.069879 6.649776 2.419516 2.206973 5.387653 8.877318 10.01304 6.032566 8.506742 8.955728 7.570095 9.275595 10.57778 9.728753 4.027476 1.170347 1.429639 1.706605 1.910391 2.14471 3.5572 4.314935 3.750409 4.323172 5.170582 5.340121 5.088009 4.809966 5.344706 6.228327 5.630937 5.67796 7.084573 7.211276 6.317744 6.608524 7.148998 6.882492 7.101028 7.40114 7.976964 8.406077 8.99647 10.66489 12.98775 14.39463 13.39876 10.56578 12.52634 14.85563 13.47795 11.07056 9.604423
4.654778 3.723535 4.498383 6.122613 6.737961 6.370598 7.233362 9.074719 10.03847 9.644516 8.016755 4.734301 1.216504 4.135684 7.482696 9.004519 6.891229 8.801944 7.377485 6.992243 9.834841 10.79467 10.38572 6.439738 1.310937 1.292931 1.600152 1.845796 1.998755 2.925652 3.750277 3.341452 3.542854 4.621094 5.139013 4.855507 4.415531 4.585352 5.686362 4.955216 4.535241 6.082292 6.643715 5.830421 5.945576 6.307133 5.68717 5.816384 6.489836 7.524827 7.909161 7.749716 8.466572 10.53544 12.23383 11.88776 9.310318 10.32239 12.32383 10.97138 9.246878 8.480104
4.264003 3.875215 4.331126 5.748867 6.568137 6.328491 6.594159 7.990034 9.38367 9.65062 8.633871 6.413995 1.934217 2.738338 5.355066 7.195855 8.228024 9.677011 8.697794 8.562863 11.1421 11.23107 10.09829 8.030716 4.268435 1.654265 1.147972 1.583452 1.909457 2.475727 3.524316 3.432321 2.982511 3.746249 4.576701 4.578899 4.289233 4.467608 5.669473 5.137148 4.553978 5.811849 6.751706 6.277999 5.648945 5.772811 5.276616 4.778855 5.071655 6.346814 7.398842 7.447931 7.457443 8.650148 9.575184 9.19988 6.197843 6.546082 10.0844 9.609184 8.150737 7.800332
3.09806 4.159651 4.328638 5.506075 6.43986 6.165175 6.047796 6.937428 8.284894 8.827152 8.247557 7.177978 3.50693 1.083799 3.981902 6.937483 9.739661 10.98264 9.360251 9.791331 12.20546 11.40394 9.866805 8.549322 6.633248 4.232437 2.357251 1.03178 1.745792 2.030425 3.165627 3.596815 2.827547 3.16047 4.012024 4.237864 4.103036 4.153548 5.39979 5.511386 4.831126 5.424897 6.59051 6.864045 5.935056 5.638101 5.46282 4.914464 4.677543 5.369901 6.452199 7.041656 7.4396 7.946651 7.220147 6.850851 5.491324 5.199757 9.081718 9.470743 7.553768 6.868392
1.591863 4.244219 4.559617 5.439689 6.391002 5.99764 5.867848 6.45042 7.411992 8.24066 8.040948 7.420069 5.125792 3.71264 5.991701 8.434691 10.13613 10.41736 8.600533 11.39233 13.41579 12.06499 10.01148 8.201131 6.374747 4.771346 3.91001 2.498432 1.668707 1.736373 2.482919 3.368616 2.7233 2.974332 3.981164 4.227098 3.977818 3.978243 5.252647 5.942378 5.305129 5.139902 5.897848 6.719947 6.345494 5.845188 5.77056 5.519837 5.096958 5.260144 6.160283 6.927743 8.045596 8.426116 6.068742 4.272559 4.128162 4.849363 8.038432 8.535495 6.72506 6.297101
0.2993582 3.744766 5.174814 5.517283 6.317284 6.049175 6.101096 6.371916 6.987015 8.294105 8.892125 8.652678 7.344061 6.228816 7.025706 8.37628 9.270862 9.264953 8.520849 12.36998 14.41762 13.13381 10.52837 8.136772 5.803967 4.379075 4.226129 3.896485 2.484783 1.521229 1.706367 2.833406 2.452246 2.69883 3.888247 4.239165 3.753452 3.537873 4.622809 5.675876 5.506248 5.033444 5.199629 5.870219 5.992839 5.616066 5.547081 5.60071 5.500409 5.838272 7.061477 7.687747 8.343246 8.479091 5.845427 3.133041 2.535234 3.675694 6.168295 6.260305 6.01359 6.770518
1.927837 2.431212 5.636215 5.427254 6.165821 6.269124 6.4345 6.637214 7.330187 8.635367 9.367347 9.598513 8.278782 6.603459 6.837965 7.731478 8.341404 7.774654 6.994688 11.46397 14.01188 13.46175 11.10324 8.331224 5.941454 4.641173 4.208763 4.29853 3.543663 2.018495 1.418715 2.249515 2.067198 2.33404 3.278459 3.738568 3.473702 3.35248 3.998495 4.896766 5.142276 4.828716 4.769741 4.993437 5.105765 5.073432 5.272626 5.650558 5.758502 6.084885 7.919127 8.914766 8.712731 8.403118 6.292752 3.857793 2.387196 2.291304 4.074754 4.530844 5.782471 7.659995
2.91555 1.349779 5.21505 5.099652 5.841376 6.351743 6.520083 6.842036 7.83808 9.03949 9.413224 10.0554 9.157422 7.542325 6.808944 6.670299 6.91068 5.074246 5.014112 10.72734 13.0976 12.93661 11.06169 8.33191 6.265715 4.860507 4.019974 4.004946 3.916264 2.975031 1.877167 1.886438 1.975656 2.378402 2.882221 3.249035 3.386998 3.588104 3.88311 4.367607 4.630504 4.594692 4.649789 4.651887 4.377799 4.318553 4.865232 5.807992 6.264581 6.394618 8.147434 9.792975 10.23041 10.0299 8.285017 5.675939 3.183643 1.624687 2.489741 3.557743 5.31181 7.484399
2.246882 1.406531 3.83665 5.10839 5.51336 6.328743 6.33946 6.548305 7.802065 9.345614 9.474446 9.985321 10.08636 9.344045 8.45096 7.351371 6.320155 3.352968 5.496304 10.92546 12.33307 11.99865 10.21904 8.038003 6.925936 5.619236 4.242094 3.676455 3.648713 3.083012 2.102439 1.622662 1.867626 2.331784 2.565763 2.880817 3.081006 3.409006 3.878485 4.103718 4.237262 4.513114 4.743621 4.686885 4.090542 3.422684 3.558164 4.768209 5.829655 6.441279 7.717305 9.182185 10.51604 11.12604 10.34791 8.338775 5.388756 3.104223 1.64208 3.290885 4.816716 6.245193
1.131431 2.337904 1.933277 4.817096 5.602419 6.38664 5.955893 5.887113 7.405546 9.216287 9.08706 9.173089 10.26417 10.39927 10.00755 8.939146 6.912043 3.370272 6.202135 11.6308 12.13577 11.18207 9.258418 7.423867 7.110037 6.666369 5.60876 4.744732 4.203597 3.149204 2.002338 1.540667 1.629552 2.143651 2.325703 2.623657 2.84484 3.056438 3.572536 3.758507 3.782918 4.220089 4.84393 4.903929 4.269617 3.421844 2.950961 3.550746 4.392363 5.217129 6.24202 7.123963 8.553134 9.970922 10.43631 9.783194 7.457981 4.98745 2.31185 2.648846 4.217442 4.682112
1.868903 2.347563 1.496865 3.619735 6.007209 6.242015 5.665279 5.636595 7.139848 8.977466 8.907978 8.467606 9.963859 10.85256 10.75007 9.853878 7.856005 4.330703 5.906668 12.24075 12.24417 10.80459 9.126436 7.47344 7.111975 7.143447 6.963368 6.782281 6.285914 4.496958 2.179924 1.635602 2.257171 2.310205 2.022385 2.388543 2.691976 2.75944 3.140216 3.349787 3.284588 3.491053 4.320355 4.770544 4.475766 4.021206 3.480814 3.42954 3.764129 4.331146 4.980243 5.211373 5.915833 7.527005 9.183552 9.838017 8.795354 7.062181 4.790951 2.36755 3.732583 3.490617
2.146354 1.625813 1.898813 2.311658 5.726607 5.692392 5.741473 6.08831 7.133937 8.696628 9.269402 8.810185 9.998913 10.89734 10.96155 10.64702 9.053362 5.832953 5.333902 12.40933 12.15847 10.38888 8.86618 7.368153 6.864377 6.610179 6.481423 7.037446 7.786822 6.468994 3.390198 2.963373 4.064357 4.044936 2.854424 2.010598 2.428545 2.501547 2.800454 3.063761 3.068929 3.087756 3.515113 4.133086 4.313498 4.151484 3.822021 3.556293 3.694513 4.269308 4.671778 4.507277 4.360488 4.7637 6.105665 8.015455 8.833734 8.26215 7.287011 5.20397 3.876586 3.616442
