data/ScottAndBurgan/Vilopriu_2013-asc/slope.asc
ncols 508
nrows 610
xllcorner 494272.38261041
yllcorner 4652115.6527613
cellsize 20
NODATA_value -9999
[rows 532 to 559 of 610, columns 0 to 61 of 508]
2.228152 1.217025 0.6412092 0.6669843 0.6980569 0.8705264 1.986804 3.270809 3.219442 3.904313 5.603767 5.809826 4.636367 5.613218 4.234694 1.569503 4.881402 7.555595 4.404603 4.390275 6.723547 6.509486 6.640438 4.645817 1.838718 1.530457 4.156948 7.743539 8.71544 5.396309 3.839808 3.755741 3.14053 2.779571 3.209619 4.286898 4.086282 2.785466 2.158007 2.069346 3.215538 2.763378 2.227168 3.017206 2.763746 3.196302 4.212588 4.373426 3.751518 3.074068 4.354163 6.069392 7.128062 10.31567 13.11148 13.67395 14.74747 12.57526 7.737618 9.97272 5.048742 2.184553
1.13965 0.4389708 0.4031016 0.4926176 0.2633213 0.8575697 2.118862 4.062355 4.531613 5.211593 5.311633 4.325828 5.498617 5.878469 3.485153 1.981305 6.502233 7.031637 2.539503 4.742598 5.919665 5.741263 8.019453 5.571051 1.30842 1.358097 3.992879 7.546912 7.705423 4.565973 3.635029 3.592795 3.301935 2.943907 3.354196 4.334418 4.428254 3.946772 2.934645 2.192789 2.406777 2.168002 2.111667 4.360669 4.212799 5.359418 7.56669 8.840963 9.238847 8.536857 6.292563 4.304538 4.641103 7.465888 10.6958 12.56648 13.81346 12.40757 7.662534 7.91232 4.737073 1.659694
1.437062 0.6609877 0.871685 1.143544 1.382435 1.649148 2.316612 4.268838 6.170823 8.032075 6.926052 4.333882 4.955909 6.126517 3.339976 2.350643 6.994851 6.281053 1.484853 5.104829 5.657174 4.561512 7.694028 6.547573 2.486113 0.6181728 4.274011 7.573156 6.094047 3.43571 2.694812 2.403401 2.266133 2.23706 2.980644 3.503634 3.517444 3.97579 3.491926 3.04046 3.567153 3.973788 4.403712 5.800161 4.224848 6.885609 10.7774 13.05283 14.43058 14.71965 13.01683 8.028208 2.785209 5.136077 7.764079 9.809913 12.51261 12.56956 8.338475 6.226099 3.765087 2.010686
2.40446 1.906732 2.019726 2.349997 2.766925 3.374507 3.613187 3.671049 6.552221 9.075827 5.1555 3.525858 4.646166 5.16203 3.437543 3.134708 6.869121 5.395345 1.32322 5.317826 5.874847 4.200606 6.631796 6.380167 3.43295 0.2724104 5.173331 7.295618 4.510815 2.528907 2.314419 2.010286 1.758655 2.218663 3.173372 3.230143 3.302881 3.71864 3.899955 3.991897 4.3502 4.68368 4.222429 4.063341 2.557994 7.922741 12.39339 13.2892 12.84589 12.68804 13.94598 13.80069 8.602072 3.065065 5.435364 6.419762 9.199804 11.78006 9.652082 5.594369 2.614745 3.294516
2.036592 2.010387 2.405959 2.526983 2.473636 2.609928 2.871549 2.918322 5.125573 7.958611 6.363108 3.539609 2.98351 3.448996 3.451643 4.255061 6.093953 4.139935 1.934572 5.589959 6.153582 5.118271 6.837754 6.080808 3.05398 0.9350488 5.358843 6.466106 3.799087 2.391803 2.501889 2.466023 2.343958 3.10517 4.147394 4.328094 4.5189 4.673911 4.2186 3.042461 2.515692 2.978591 1.761871 2.712852 3.036716 9.440656 13.68371 12.54873 10.37101 10.18504 12.69692 16.37336 15.45648 8.0256 2.931112 3.714429 4.75045 7.864989 8.922415 6.307571 3.805123 4.15949
2.605104 1.887074 1.981034 2.147414 2.274988 2.326628 2.419803 2.428855 3.577548 5.317276 5.113219 5.312035 5.617125 5.278035 5.063985 5.521415 5.373753 3.505973 3.311319 5.873849 6.517219 6.700923 7.346517 5.262245 1.90185 1.304784 4.351705 6.03482 5.434288 4.876785 4.90221 5.029902 4.837183 4.938965 5.575024 5.678804 5.387445 5.086669 4.507876 3.237319 2.520803 3.321681 2.565896 2.981228 3.720364 9.883025 14.07181 12.45249 10.65903 10.49164 10.5274 14.78119 18.23379 14.46937 6.05991 2.395481 2.331014 3.596028 5.54833 6.318258 6.18043 5.951322
2.694665 2.094337 1.843508 1.705451 1.759962 1.877705 1.942225 1.899276 2.852156 4.319121 3.160301 2.631028 4.350795 5.509397 6.468686 7.672273 6.064881 3.523772 4.262969 5.956396 6.939754 7.559725 6.976485 3.979795 1.220419 1.556802 2.959226 3.963587 4.025904 3.753242 3.654406 4.053833 4.933506 5.85097 6.541377 6.458753 5.795774 5.676762 5.508142 4.231732 2.886364 3.153502 3.295491 3.279331 4.078136 9.715796 13.73289 12.32469 11.99867 12.18678 9.07416 10.74405 17.39101 18.29347 11.69332 4.505441 2.457113 1.973373 2.337408 3.907414 5.746492 7.127849
2.597407 1.725618 1.731014 1.929066 1.827061 1.748977 1.608057 1.685909 3.079487 4.775368 3.570177 2.425297 2.920229 4.560328 6.210139 8.862007 6.72591 3.310997 4.772981 6.362581 7.119033 7.714706 6.566954 3.118289 0.9717868 1.971782 2.803426 2.872647 2.306252 1.494623 1.227389 1.469666 3.517684 5.726575 7.465716 8.070048 7.27022 6.750018 6.62937 5.58719 3.711566 2.552071 2.131816 2.334863 3.789216 9.265635 13.1019 12.23067 13.30281 14.02067 10.20045 7.698507 14.21791 19.34175 17.07177 10.38152 4.565637 1.867278 0.8496446 1.138575 2.596143 5.249056
2.15329 1.344395 1.416577 2.010669 2.033082 1.903925 1.832802 2.282776 4.334394 5.779644 4.269171 3.398558 3.67695 4.92739 7.039879 8.883648 5.753888 3.318214 5.701773 6.859081 6.555618 7.682101 6.440589 2.520611 0.9748139 2.441545 3.410167 2.956477 2.067838 1.624534 1.755963 2.887271 5.30792 6.159193 6.937309 8.371842 8.546464 8.162324 8.003574 7.457475 5.730488 3.166657 1.125195 1.366023 3.627805 9.272684 12.76621 12.38862 14.31878 15.03967 10.95176 6.668346 10.37397 17.56494 19.41302 16.24369 9.992432 4.059633 1.370537 0.9385776 1.731897 3.524508
0.8509404 0.9197578 1.385568 1.937184 1.829465 1.85827 2.266274 3.347312 5.530109 5.347283 2.799893 2.035407 2.7196 4.145659 6.977228 8.014503 4.654129 3.754034 6.432492 6.965971 5.961929 7.57002 6.270071 2.189953 1.360962 2.701898 4.128036 4.005868 3.968772 4.438245 4.780469 5.858203 7.534991 6.748955 5.823346 6.669936 7.271435 8.053635 8.788056 8.815515 7.854709 4.884386 1.335636 1.217263 4.147871 10.01427 12.72002 12.57736 14.74095 15.0418 11.4818 7.772833 7.306595 13.7241 17.5536 18.0264 15.26599 8.792356 2.908811 1.124557 2.123119 2.995477
0.8391436 0.8797496 1.191636 1.519686 1.435391 1.799125 3.092 5.088619 6.08968 4.160032 2.044485 1.845805 2.307818 3.734832 6.848471 7.577751 4.26887 3.930016 6.507888 6.883858 5.88771 7.19648 5.906031 2.379391 1.641681 2.309732 3.489256 3.960783 4.69867 5.312973 5.802006 7.139926 8.528214 6.860807 5.856122 6.043038 5.721343 6.624492 8.133439 9.057939 9.203521 5.792077 1.450119 1.175652 4.889074 10.90394 12.42638 12.3219 14.55075 14.75926 12.1131 9.046504 5.71744 10.00824 14.59754 16.36424 16.94007 13.21354 5.677458 1.340591 2.475156 2.963313
0.6966026 0.7493761 1.075391 1.20366 1.281044 1.952004 4.076517 6.335576 5.515135 2.949592 1.786348 1.806832 2.466751 3.741117 6.392419 6.85536 4.096875 4.208936 6.417185 6.931488 6.223296 6.747821 5.549937 2.682235 1.384554 1.851069 2.591584 2.869091 2.972954 3.224448 4.18096 6.476394 7.880417 5.861551 6.330872 6.766259 6.036907 5.346906 6.536979 9.447514 10.44534 5.845519 1.180983 0.8316717 5.601251 11.4716 11.80444 11.75786 14.16711 14.64659 12.66854 10.01415 6.337294 6.599569 12.5528 14.52324 16.26818 15.64066 9.21257 2.650521 2.782361 3.046162
1.165553 1.102669 1.29564 1.156226 1.375202 2.325825 4.381314 6.446801 5.044878 2.427443 1.719582 1.969172 2.815602 3.983936 5.971292 5.695866 3.923794 4.692499 6.399316 7.030025 6.139929 5.869946 5.800256 3.999248 2.00538 2.318191 3.446495 3.873471 3.731752 3.928505 4.740115 6.734948 7.399044 5.00017 6.299527 7.071519 6.222963 5.120295 6.616997 9.779309 10.80792 6.262707 2.010573 1.009205 6.235789 11.5466 11.06585 11.17131 13.77553 14.55327 12.97528 10.89826 7.867532 3.365245 10.79908 14.07011 15.56921 15.80395 11.238 4.728025 3.30452 3.267064
1.761951 1.987907 1.959628 1.888989 2.198516 2.831266 3.92418 5.733497 5.127831 2.710485 1.998681 2.339137 2.977295 3.947971 5.539161 4.607663 3.415124 5.039815 6.271298 6.49502 5.81575 5.618333 6.559496 6.025651 3.535725 2.314086 3.294477 4.084763 4.504027 4.421665 5.604472 8.222272 7.99876 5.920406 6.669963 7.585183 7.440749 6.683983 7.405931 9.950517 11.05236 8.253739 4.923381 2.655187 6.320778 10.87339 10.29721 10.68396 13.47219 14.47399 13.02025 11.52658 9.509243 3.973123 9.171513 14.90359 15.9319 15.17324 11.03354 5.424626 3.296004 3.147828
1.832108 2.377378 2.629879 2.884782 3.098809 3.129963 3.14565 4.252755 5.264819 4.048124 2.87743 2.245345 2.52155 3.612931 5.054512 4.288546 3.152034 4.911439 5.942117 5.414966 4.991454 5.336898 6.331006 6.390744 4.911727 2.560978 2.438486 3.406121 4.490511 5.611424 7.672101 9.370569 8.318376 7.157175 7.649819 8.963027 9.583118 9.319357 9.42066 10.62428 10.65546 8.824751 6.64609 3.58567 5.438897 9.62368 9.599871 10.23339 13.19628 14.44635 12.94573 11.92916 11.40223 6.904471 6.828473 15.58892 17.13965 15.17372 10.39913 5.113065 2.761678 2.684884
1.996732 2.065813 2.091337 2.139216 2.187128 2.208116 2.271914 3.238423 5.729731 6.2492 4.080408 2.73527 2.564853 3.605897 4.629494 4.094905 3.173556 4.595327 5.727022 5.326427 5.350524 6.549096 5.942306 5.531151 5.232174 3.440081 3.227918 3.726189 5.077589 7.17263 9.060201 9.603803 8.569079 7.441276 7.699831 9.025629 9.344873 9.291515 10.34804 11.18245 9.556909 7.624057 6.646344 3.776269 3.977091 8.385794 9.075589 9.743003 12.70441 14.28109 12.83579 12.36989 13.41932 9.497807 3.795134 15.14898 17.63509 15.38069 9.960485 4.92341 3.182145 2.562609
1.837138 1.73264 1.523229 1.390248 1.445395 1.479394 1.986871 3.742163 6.737526 6.935315 3.273298 2.186563 2.814421 3.860093 4.959909 4.878003 4.500858 4.911203 6.099116 7.161345 7.664692 8.201439 6.897655 5.655743 4.852698 3.823653 4.340003 4.682551 5.99305 7.978691 9.717815 10.27302 8.971363 7.096697 6.815798 7.92907 7.486958 6.784471 9.870312 11.66119 8.822113 6.637739 6.19276 4.098519 2.571313 7.471897 8.740325 9.189246 11.82517 13.88967 12.76081 12.68116 14.80749 11.40424 1.996341 14.22595 17.35062 15.39114 9.516265 4.365364 3.202639 2.532253
1.482084 1.527868 1.595046 1.738255 1.848452 1.857854 2.371762 4.306177 6.762314 6.081795 2.42279 1.284233 2.047216 3.557883 5.322822 5.734418 5.445807 5.516885 7.132606 9.142338 9.480041 9.674273 8.285579 6.027081 3.983319 3.438139 4.672545 5.975471 7.675471 9.559422 10.72517 10.05192 8.043648 6.332257 6.769697 8.411815 7.593371 7.108553 10.59896 11.76434 8.2165 5.900962 5.568193 4.210748 1.682297 6.613723 8.324931 8.581901 10.67048 13.50139 13.06408 12.67972 15.07102 12.74923 1.691056 12.98122 17.10002 15.29353 8.902136 3.807492 2.984687 2.615836
1.1632 1.054372 1.042967 1.043385 1.080463 1.466408 2.270174 3.920933 6.364727 5.907358 2.676802 1.587681 2.163798 3.655213 5.092837 5.742516 5.717465 6.006251 7.568427 9.628562 9.751367 8.235991 5.127081 2.744923 2.106571 2.573 4.983416 7.475153 9.356427 10.84701 10.63954 8.885523 6.933609 5.628157 7.582019 9.75421 8.520586 8.574928 11.11042 10.93234 7.484317 5.237866 5.044502 4.117352 1.407096 5.453973 7.564689 8.042948 9.519058 13.19541 13.74493 12.47747 14.53416 13.51046 3.597487 11.24147 16.7928 15.16333 8.10375 3.575566 2.97674 2.645757
0.8203247 0.6287872 0.7290984 0.8357013 1.09824 1.749163 2.386598 3.391465 5.887893 6.189954 3.09063 1.471868 2.133888 3.632806 4.841909 7.016811 8.310572 6.999842 7.277404 9.902754 9.785598 6.955112 4.282181 2.734566 2.255852 2.890557 5.617609 8.356512 10.33105 11.54435 10.34027 7.913869 6.570714 6.330072 9.06717 11.05464 9.828547 9.573283 10.64621 9.928944 7.002838 4.806383 4.692676 4.00877 1.287768 4.05521 6.667199 7.532855 8.455709 12.58948 14.09962 12.32088 13.84613 13.53492 5.08074 9.051382 15.88274 14.73368 7.486047 3.48087 2.903015 2.663113
0.5141963 0.38454 0.4274851 0.4768305 1.222859 2.159439 2.510802 3.384911 5.942297 5.919046 3.087467 2.008787 2.255667 3.852628 5.513771 8.655416 9.333958 6.46115 7.145504 9.891779 9.762259 7.59192 5.785805 4.555516 3.776697 3.895279 5.699007 8.058046 10.6529 12.19898 11.10444 8.38415 7.083603 8.50049 11.34917 12.42953 11.23405 10.05809 9.621946 9.223557 7.122372 5.058312 4.825902 4.370137 1.895894 2.836084 5.914547 6.997609 7.692777 11.43567 13.77625 12.50102 13.21695 13.29297 6.158223 6.766269 14.34858 13.92794 7.259165 3.73301 3.183526 2.831784
0.5282013 0.5063958 0.7800428 1.322313 2.269426 2.553094 2.387551 3.560783 6.73903 5.478288 2.063932 2.459856 2.82976 4.302437 6.482736 9.275594 9.460073 6.886742 7.410488 9.505377 9.985735 7.335735 4.121816 3.771749 3.861116 4.095284 5.043668 7.108089 10.76205 12.99066 12.52811 9.470719 6.264582 9.300592 13.11906 13.5873 12.28669 10.61991 9.111205 8.899568 7.863789 6.228509 5.631125 5.293674 3.153432 2.029749 5.230719 6.36371 7.200728 10.01018 13.10345 12.97027 12.46376 12.72546 7.437747 4.95562 12.26855 12.62506 7.225879 3.830778 2.990909 2.403428
0.7433827 0.723321 1.212519 1.843878 2.460346 2.457592 2.369494 3.446054 6.743706 4.787972 1.183158 2.477374 3.350991 4.708492 7.212678 9.436036 9.28345 6.872139 7.062154 9.486876 9.816465 5.894413 2.224808 2.764316 3.032087 3.151359 4.284879 6.206244 10.72381 13.7544 13.73525 9.961363 4.168709 8.951086 13.56108 13.85869 12.60297 11.13394 9.189528 8.412116 8.002578 7.056584 6.41237 6.082178 4.405215 1.897774 4.381712 5.573969 6.655321 8.77319 12.39588 13.33573 11.8755 11.68048 8.086919 3.301741 9.922363 10.98106 7.071111 3.596961 2.522782 1.962221
1.115775 0.8388475 1.366409 1.831325 2.197816 2.220429 2.495771 3.792657 6.021337 4.032056 1.202189 2.396736 3.337683 4.978617 7.795969 9.508274 8.732212 7.358324 7.990065 9.886245 9.129539 5.101296 2.944953 3.041263 2.883283 2.683847 3.922677 5.742401 10.50871 14.33902 14.30325 9.786543 2.36959 8.606113 13.11296 13.46441 12.46447 11.50382 9.670773 8.008595 7.392858 7.059245 6.833628 6.284556 5.011534 2.513298 3.380303 4.800054 6.047632 7.980934 11.60284 13.06853 11.58245 10.86059 8.417955 2.082728 7.76973 9.551558 6.993742 3.951567 2.825644 2.456886
2.113344 1.050671 1.354298 1.694053 2.202542 2.860238 3.990872 5.201546 5.199762 2.813814 1.346902 2.3363 3.042278 4.947921 8.017738 9.27703 8.446604 8.334094 9.195971 10.15568 9.306572 5.838553 4.037338 3.555732 3.211601 2.994194 3.885765 5.792031 10.38381 14.60678 14.29526 9.375829 2.063626 8.020413 12.19166 12.96177 12.49608 11.9981 10.56791 8.282746 6.98314 6.9165 7.202356 6.492363 5.116881 3.180624 2.277669 4.170882 5.606381 7.555189 10.64801 12.11933 11.2045 10.52223 8.675798 2.763713 5.593456 8.263123 6.772058 4.892881 3.912856 3.056978
2.878991 1.224103 1.477777 1.724679 2.609088 4.237201 5.415089 5.019973 3.206425 1.389894 1.265545 2.189263 2.80574 4.766953 7.906962 8.897223 8.48149 9.098698 9.898278 10.60785 10.31357 6.434796 3.05756 2.865284 2.588357 2.164981 3.225802 5.813687 10.12244 14.3598 14.2428 9.501662 3.209572 7.638881 11.53551 12.75533 12.71515 12.41028 11.49244 9.113306 6.935587 6.623153 7.254881 6.913632 5.333343 3.775422 1.816013 3.583803 5.447648 7.309333 9.638497 10.963 10.65421 10.26411 8.490318 3.74121 3.115235 7.089352 6.538225 5.243968 4.29336 2.95659
3.336756 1.513734 1.80757 1.997672 2.953955 5.00346 5.755746 3.566411 1.206744 0.5293978 1.09755 2.07321 2.896703 4.750222 7.674252 8.53746 8.339095 9.36624 10.55649 11.54514 11.29862 6.882828 1.71663 2.052631 2.461853 2.120289 3.154492 5.837238 9.69408 14.05502 14.6781 10.30465 4.062627 6.848509 11.0366 12.95121 13.2017 12.8196 12.18976 10.3437 7.43795 6.190041 6.77422 7.041945 5.863932 4.343588 2.450073 3.222527 5.423097 7.033065 8.750693 10.22448 10.53298 10.15367 8.056119 4.452947 1.42945 5.916102 6.445997 4.989129 4.072947 3.11121
4.336403 2.473161 2.303359 2.313378 2.942213 5.045975 5.995298 3.13633 0.3343722 0.4916687 1.092447 1.98191 3.043572 5.08103 7.497718 7.986281 8.105341 9.382545 10.95694 12.432 11.92518 7.498833 2.421163 1.554238 2.710584 2.963922 3.529918 5.640677 9.461888 14.105 15.24112 10.89242 4.452902 5.342433 10.13117 13.37125 13.95292 13.3304 12.63887 11.61566 8.59581 6.089252 6.145797 6.684396 6.277527 4.750736 2.502086 2.988395 5.174553 6.406634 8.06921 10.28859 11.27087 10.49524 7.974399 5.239274 2.850556 5.161149 6.682202 5.145133 3.794503 3.212601
