data/handson/Instances_Belgium/Case4_Maasmechelen/elevation.asc
ncols         601
nrows         601
xllcorner     734418.5234000001
yllcorner     683086.1043
cellsize      10.0
NODATA_value  -9999.0
[rows 220 to 274 of 601, columns 480 to 575 of 601]
89 89 89 89 89 88 88 88 87 87 86 86 87 87 87 87 87 88 88 88 88 88 87 87 87 86 86 86 87 87 88 88 88 88 88 88 88 87 87 87 87 86 86 86 86 86 86 85 85 84 84 84 83 83 83 82 82 82 81 81 81 81 81 80 80 80 80 79 79 79 78 78 78 78 77 77 77 77 77 77 77 76 76 77 77 76 76 75 74 74 73 71 70 69 67 66
89 89 89 89 89 88 88 88 87 87 86 86 86 87 87 87 87 87 88 88 88 87 87 87 87 87 86 86 87 87 88 88 88 88 88 88 87 87 87 87 87 86 86 86 86 86 86 85 85 85 84 84 84 83 83 82 82 82 81 81 81 81 80 80 80 79 79 79 79 78 78 78 78 78 78 78 78 78 78 78 78 78 78 79 79 79 79 78 77 76 74 73 71 70 68 67
89 89 88 89 89 88 88 88 87 87 87 86 86 86 87 87 87 87 88 88 87 87 87 88 88 88 87 87 87 87 88 88 88 88 88 88 87 87 87 87 87 86 86 86 86 86 86 85 85 85 85 84 84 84 83 83 82 82 82 82 81 81 81 80 80 80 80 79 79 79 79 79 79 79 79 79 79 79 79 79 79 79 80 80 81 81 81 81 79 77 76 74 72 71 69 67
89 89 88 89 89 88 88 88 87 87 87 86 86 86 87 87 87 87 88 88 88 88 88 88 88 88 87 87 87 87 88 88 88 88 88 87 87 87 87 87 87 87 87 86 86 86 85 85 85 85 85 85 84 84 84 83 83 83 83 82 82 82 81 81 81 81 81 80 80 80 80 80 80 80 80 80 80 80 80 81 81 81 82 82 83 83 83 82 81 79 77 75 73 71 69 68
89 89 88 89 89 88 88 88 87 87 86 86 86 86 87 87 87 87 88 88 88 88 88 88 87 87 87 87 87 87 87 88 87 87 87 87 87 87 87 87 87 87 87 86 86 85 85 85 85 85 85 85 85 85 84 84 84 84 84 83 83 83 83 83 83 82 82 82 81 81 82 81 81 81 81 81 81 82 82 83 83 84 84 84 85 84 84 83 81 79 77 75 73 71 70 68
89 88 88 88 88 88 88 88 87 87 86 86 86 86 87 87 88 88 88 88 88 88 89 88 87 87 87 87 86 87 87 87 87 87 87 87 87 87 87 87 87 87 87 86 86 85 85 85 85 85 85 85 85 85 85 85 85 85 84 84 84 84 84 84 84 83 83 83 82 82 82 82 82 82 82 82 83 83 84 84 85 85 85 86 86 85 85 83 82 80 78 76 73 71 70 68
88 88 88 88 88 88 88 88 87 87 86 86 85 86 87 88 88 88 88 88 88 89 89 88 87 87 86 86 86 86 87 87 87 87 87 87 87 87 87 87 86 86 86 86 86 85 85 85 85 85 85 85 85 85 85 85 85 85 85 85 85 85 85 85 85 84 84 84 83 83 83 83 83 83 83 83 84 85 85 85 86 86 86 86 86 86 85 84 82 80 78 76 73 71 70 69
88 88 88 88 88 88 88 88 87 87 86 86 85 86 87 88 88 88 88 88 88 88 89 88 87 86 86 85 85 86 86 87 87 87 87 87 87 87 87 86 86 86 86 86 85 85 85 85 85 85 85 85 85 85 86 85 85 85 85 85 85 85 85 85 85 85 85 85 84 84 84 84 84 84 84 84 85 85 86 86 86 86 86 86 86 85 85 83 82 80 78 75 73 72 71 70
88 88 88 88 88 88 88 88 87 87 87 86 85 86 87 87 88 88 88 88 88 88 88 88 87 86 85 85 85 85 86 86 86 86 86 87 87 86 86 86 86 86 86 86 85 85 85 85 85 85 85 85 85 85 85 86 86 85 85 86 86 86 86 86 86 86 86 85 85 85 85 85 85 85 85 85 86 86 86 87 87 86 86 86 85 84 84 83 82 80 77 75 74 73 73 72
87 87 87 87 87 87 87 87 87 87 86 86 85 85 87 87 88 88 87 88 88 88 88 88 87 86 85 85 84 84 85 86 86 86 86 86 86 86 86 86 86 86 85 85 85 85 84 84 85 85 85 85 85 85 85 86 86 86 86 86 86 86 86 86 86 86 86 86 86 86 86 85 85 86 86 86 86 86 87 87 87 86 86 85 84 84 83 82 81 79 77 76 76 75 75 74
87 87 87 87 87 87 87 87 87 87 86 85 84 85 86 87 88 88 88 88 88 88 88 88 87 86 85 84 83 84 84 85 86 86 86 86 86 86 86 86 86 85 85 85 84 84 84 84 84 85 85 85 85 85 86 86 86 86 86 86 86 86 87 87 86 86 86 86 86 86 86 86 86 86 86 86 86 87 87 87 87 86 86 85 84 83 83 82 80 79 78 78 79 79 78 77
86 86 86 87 87 87 87 87 87 86 86 85 84 84 86 87 87 88 88 88 88 88 88 88 87 86 85 84 83 83 84 85 86 86 86 86 86 86 86 86 85 85 85 84 84 83 83 83 84 84 85 85 85 85 86 86 86 86 86 86 86 86 87 87 86 86 86 86 86 86 86 86 86 86 86 86 87 87 87 87 86 86 86 85 84 83 82 81 80 80 79 80 81 81 80 79
86 86 86 86 86 86 86 86 86 86 85 84 83 84 86 87 87 87 87 88 88 88 88 88 87 86 86 84 83 83 84 85 86 86 86 86 86 86 86 86 85 85 85 85 84 83 82 82 84 84 84 85 85 86 86 86 86 86 87 87 86 86 86 86 86 86 86 86 86 86 86 86 86 87 87 87 87 87 86 86 86 86 85 85 84 83 82 82 81 81 82 82 82 82 81 80
86 85 85 85 85 85 86 86 86 85 85 84 83 84 86 86 87 87 87 87 87 87 87 87 87 86 86 84 83 83 84 85 86 86 86 86 86 86 86 86 85 85 85 85 84 83 81 82 83 84 84 85 85 86 86 86 86 86 87 86 86 86 86 86 86 86 86 86 86 86 86 87 87 87 87 87 87 86 86 86 86 86 85 85 84 84 83 83 83 83 83 83 83 83 82 80
86 85 85 85 84 84 84 85 85 84 84 83 82 83 85 86 87 87 87 87 86 86 87 87 87 86 85 84 82 82 84 85 86 86 86 86 86 86 86 85 85 85 85 84 84 82 80 81 83 84 85 85 86 86 86 86 86 86 86 86 86 86 87 87 87 87 87 87 86 87 87 87 87 87 87 87 87 86 86 86 86 86 85 85 85 85 84 84 84 84 84 84 84 83 82 80
86 86 85 85 84 84 84 84 84 84 83 82 81 82 85 86 86 86 86 86 86 86 86 86 86 85 85 83 81 82 84 85 86 86 86 86 86 86 85 85 85 85 84 84 83 81 79 80 82 84 85 85 86 86 86 86 86 86 86 86 86 87 87 87 87 87 87 87 87 87 87 87 87 87 87 87 87 87 86 86 86 86 86 85 85 85 85 84 84 84 84 84 83 82 81 79
86 86 86 85 85 85 84 84 84 83 82 81 80 82 84 85 85 86 86 85 85 85 85 85 85 85 84 83 81 82 84 85 85 86 86 86 85 85 85 85 84 84 84 83 82 80 78 79 82 84 85 86 86 86 86 86 85 86 86 86 87 87 88 88 88 88 87 87 87 87 87 87 87 87 87 87 87 87 87 86 86 86 86 85 85 85 85 84 84 84 84 83 83 82 80 78
86 86 86 85 85 85 85 84 84 83 82 81 80 81 82 83 84 84 85 85 85 85 85 84 84 83 83 82 80 81 83 84 85 85 85 85 85 84 84 84 84 84 83 82 81 79 76 78 81 83 85 85 85 85 85 85 85 85 86 86 87 87 88 88 88 88 88 87 87 87 88 88 88 87 87 87 87 87 87 86 86 86 86 85 85 85 85 84 84 83 83 83 82 80 79 77
85 85 85 85 85 85 85 85 85 84 83 82 80 80 80 81 82 83 83 84 84 84 84 83 82 82 82 81 79 80 83 84 84 84 84 84 84 83 83 83 83 83 82 81 79 77 75 77 81 83 84 85 84 84 84 84 84 85 85 86 87 87 88 88 88 88 88 88 88 88 88 88 88 88 88 87 87 87 87 86 86 86 85 85 85 85 84 84 83 83 82 81 81 79 78 76
83 84 84 84 84 84 84 84 84 84 83 82 80 80 79 80 81 81 82 82 82 83 82 82 81 80 80 79 78 79 81 82 82 82 82 81 81 81 80 80 80 80 80 79 77 76 74 76 79 81 82 83 83 83 83 83 83 84 85 86 87 87 88 88 88 88 88 88 88 88 88 88 88 88 88 88 87 87 87 86 86 86 85 85 85 84 84 83 82 82 81 80 80 78 77 77
81 81 82 82 82 82 82 83 83 83 82 82 81 80 79 79 79 79 80 80 81 81 81 80 79 79 78 78 77 77 79 79 78 78 78 78 77 77 76 76 76 76 76 75 75 74 73 74 77 79 80 80 81 81 82 82 82 83 84 85 86 87 87 88 88 88 88 88 88 88 88 88 88 88 88 88 87 87 87 86 86 85 85 85 84 84 83 83 82 81 80 79 79 78 77 78
80 80 81 81 80 80 81 81 81 81 81 80 80 79 78 78 77 77 78 78 78 78 78 78 77 77 76 76 75 76 76 76 76 75 75 75 74 74 74 73 73 73 73 73 73 72 71 72 74 75 76 77 78 79 80 80 80 81 83 85 85 86 87 87 88 88 88 88 88 88 88 88 88 88 88 87 87 87 86 86 86 85 85 85 84 84 83 82 82 81 80 80 79 79 78 79
81 81 80 80 79 79 79 79 79 79 78 78 77 77 77 77 76 76 76 76 76 75 75 75 74 74 74 74 74 73 74 73 73 73 73 72 72 72 72 71 71 71 71 71 70 70 70 70 71 72 72 73 74 76 77 78 78 80 82 83 84 85 86 87 87 88 88 88 88 88 88 88 88 88 87 87 87 87 86 86 86 85 85 85 84 83 83 82 82 82 81 81 81 80 80 80
82 81 81 80 80 79 79 79 79 78 78 77 77 77 77 77 76 76 76 75 75 75 74 74 74 74 74 74 73 73 73 73 73 73 72 72 72 72 71 71 71 71 71 70 70 70 70 69 69 69 70 71 71 73 74 75 76 77 80 81 82 83 85 86 87 87 88 88 88 88 88 88 88 87 87 87 87 87 86 86 86 85 85 85 84 84 83 83 83 82 82 82 82 81 81 81
83 82 82 81 81 81 81 80 80 79 79 78 78 78 77 77 77 77 76 76 76 76 76 75 75 75 75 75 75 74 74 74 74 74 73 73 73 73 73 72 72 72 72 71 71 71 70 70 69 69 69 69 69 70 71 72 73 75 77 79 80 81 84 85 86 87 87 87 87 87 87 87 87 87 87 87 87 86 86 86 86 85 85 85 84 84 84 83 83 83 83 83 83 82 82 82
83 83 83 82 82 82 82 81 80 80 80 79 79 79 78 78 78 78 78 77 77 77 77 77 76 76 76 76 76 75 75 75 75 75 74 74 74 74 74 74 73 73 73 72 72 71 71 70 69 69 68 68 68 68 68 69 71 72 74 76 77 79 82 83 85 86 86 87 87 87 86 86 86 86 86 86 86 86 86 86 86 85 85 85 85 84 84 84 84 84 83 83 83 83 82 82
84 84 84 84 83 83 83 82 81 81 81 81 80 80 80 80 80 80 79 79 79 78 78 78 78 77 77 77 76 76 76 76 76 76 75 75 75 75 75 75 74 74 73 73 72 72 71 71 70 70 69 68 68 67 67 68 68 69 71 73 75 77 80 81 83 84 86 86 86 86 85 85 85 85 85 85 85 86 86 86 86 86 85 85 85 85 84 84 84 84 84 83 83 83 83 83
84 84 85 85 85 84 83 83 82 82 82 82 82 81 81 81 81 81 81 80 80 80 79 79 79 79 78 78 78 78 78 78 77 77 77 76 76 76 76 75 75 74 74 74 73 73 72 72 71 70 70 69 68 67 67 67 67 68 69 70 73 75 77 79 81 83 84 85 84 84 83 83 84 83 83 83 84 85 85 86 86 86 85 85 85 85 84 84 84 84 84 84 83 83 83 83
85 85 86 86 86 85 84 84 84 84 85 84 83 82 83 82 82 82 82 82 81 81 80 80 80 80 80 80 80 80 80 79 79 78 78 78 77 77 76 76 76 75 75 75 74 74 74 73 72 71 70 69 69 68 67 66 67 67 67 68 70 72 75 77 78 80 83 83 83 82 81 81 81 81 81 82 83 84 85 85 86 85 85 85 85 85 85 84 84 84 84 84 84 84 84 84
86 87 87 87 86 86 85 85 85 85 86 85 84 83 84 83 83 83 83 83 83 82 82 82 82 82 81 81 81 81 81 81 80 80 79 79 79 78 78 77 77 77 76 76 75 75 74 74 73 72 71 70 70 69 67 67 66 66 66 67 68 70 72 74 76 78 81 81 80 80 79 79 79 80 80 81 83 84 85 85 85 85 85 85 85 85 84 84 84 84 84 84 84 84 84 84
87 88 88 88 87 86 86 86 86 86 86 85 85 84 84 84 84 84 84 84 84 84 83 83 83 83 83 83 82 82 82 81 81 81 80 80 80 80 79 79 78 78 77 77 76 76 75 74 74 73 72 71 70 69 68 67 67 66 66 66 67 68 70 72 73 76 78 79 78 77 76 76 77 78 80 82 83 84 85 85 85 85 85 85 85 84 84 84 84 84 83 83 84 84 84 84
88 88 88 88 87 87 87 86 86 86 86 85 85 85 85 85 85 84 85 85 85 85 85 84 84 84 84 83 83 82 82 82 82 82 81 81 81 81 81 80 80 79 78 78 77 76 76 75 74 73 72 72 71 70 68 67 67 66 66 66 66 67 68 70 71 73 76 76 76 75 74 74 76 78 80 82 83 84 84 84 84 84 84 84 84 84 84 84 83 83 83 83 83 84 84 84
88 88 88 88 87 87 87 86 86 86 86 86 85 85 85 85 85 85 85 85 85 85 85 85 85 84 83 83 83 82 82 82 83 83 82 82 82 82 82 81 81 80 79 79 78 77 76 75 74 74 73 72 71 70 69 68 67 66 66 65 65 66 67 68 70 71 73 74 74 73 72 73 75 78 80 81 82 82 82 82 82 82 83 83 83 83 83 83 83 82 82 82 83 83 84 84
88 88 88 88 87 87 87 87 86 86 86 86 86 86 86 86 86 86 86 86 85 85 85 85 85 84 83 83 83 83 83 83 83 83 83 83 83 83 83 82 82 81 80 79 78 77 76 75 75 74 73 72 71 70 68 67 67 66 65 65 65 65 66 67 68 69 71 72 72 71 71 72 75 77 79 80 80 80 80 80 80 80 81 81 82 82 82 82 81 81 81 81 82 83 83 83
88 88 88 87 87 87 87 87 87 87 86 86 86 86 86 86 86 86 86 86 85 85 85 85 85 84 84 83 83 83 83 83 84 84 84 84 84 84 83 83 82 82 81 80 79 78 77 76 75 74 73 72 71 69 68 67 66 66 65 65 65 65 65 66 67 68 69 70 70 70 70 72 75 76 77 78 77 77 77 77 78 78 78 79 79 80 80 80 79 79 79 80 81 82 82 83
88 88 88 88 87 87 87 87 87 87 87 87 87 87 87 86 86 86 86 86 85 85 85 85 85 84 84 84 83 83 84 84 84 84 84 84 84 84 84 83 83 82 81 80 79 78 77 76 74 73 72 71 70 69 67 66 66 65 65 65 64 64 65 65 65 66 67 68 68 68 69 70 73 74 75 75 74 74 74 74 75 75 75 76 77 77 77 77 76 77 78 79 79 80 81 82
88 88 88 88 88 88 88 87 88 88 88 88 88 87 87 87 86 86 86 86 85 85 85 85 84 84 84 84 84 84 84 84 84 84 85 85 85 84 84 83 83 82 81 81 80 78 77 75 74 72 71 69 68 67 66 66 65 65 65 64 64 64 64 64 65 65 65 65 66 67 67 68 70 71 71 71 71 71 71 71 71 72 72 73 73 74 74 74 73 74 76 77 77 78 79 81
88 88 88 88 88 88 88 88 88 88 88 88 88 88 87 87 87 86 86 86 85 85 85 85 84 84 84 84 84 84 84 84 84 84 85 85 84 84 83 83 82 82 81 80 79 77 76 74 72 71 69 68 67 66 65 65 64 64 64 64 64 64 64 64 64 64 64 64 65 65 65 66 67 68 68 68 68 68 68 68 68 69 69 69 70 70 71 70 70 71 74 74 74 75 77 79
89 89 89 89 89 89 88 88 88 88 88 88 88 88 87 87 87 87 86 86 85 85 85 84 84 84 84 84 83 84 84 84 84 84 84 84 84 84 83 82 82 81 80 79 77 76 74 72 70 69 68 66 65 64 64 64 63 63 64 64 64 64 64 64 64 64 64 64 64 64 64 64 64 64 65 66 65 65 65 65 65 66 66 66 67 67 67 67 67 69 71 72 72 73 75 77
89 89 89 89 89 89 89 88 88 88 88 88 88 88 87 87 87 87 86 86 85 85 84 84 84 84 84 83 83 83 83 83 84 84 84 83 83 82 82 81 80 78 77 76 75 73 71 70 68 67 66 65 64 63 63 63 63 63 63 63 63 63 64 63 63 63 63 63 63 63 63 63 62 63 64 64 64 64 63 63 63 63 63 64 64 65 65 65 65 67 68 69 69 71 73 74
89 89 89 89 89 89 89 89 88 88 88 88 88 88 87 87 87 86 86 86 85 85 84 84 84 83 83 83 83 83 83 83 83 83 82 82 81 80 79 78 77 75 74 72 71 70 68 67 66 65 64 64 63 63 63 63 63 63 63 63 63 63 63 63 63 63 63 63 63 63 63 62 62 62 62 62 62 62 62 62 62 62 62 62 62 62 63 63 64 64 65 66 67 68 70 71
89 89 89 89 89 89 89 89 89 88 88 88 88 87 87 87 87 86 86 85 85 84 84 83 83 83 83 82 82 82 82 81 82 81 80 79 78 77 77 75 73 72 71 69 68 67 66 65 64 64 63 63 63 63 63 63 62 63 63 63 63 62 63 63 62 62 63 63 62 62 62 62 62 62 62 62 62 61 61 61 61 61 61 61 61 61 61 62 62 63 63 64 65 66 67 68
90 90 90 89 89 90 90 90 89 88 88 87 87 87 87 87 86 86 85 85 84 84 83 83 83 82 82 82 81 81 80 80 80 79 78 76 76 74 73 72 70 69 68 67 66 65 65 64 64 63 63 63 63 63 63 63 62 62 63 62 62 62 62 62 62 62 62 62 62 62 62 62 62 61 61 61 61 61 61 61 61 61 61 61 61 61 61 61 61 61 61 62 63 63 64 65
90 90 89 89 89 90 90 90 89 88 88 87 87 87 87 86 86 85 85 84 84 83 82 82 82 81 81 80 80 79 78 77 77 76 75 74 73 71 70 69 68 67 66 65 64 64 64 63 63 63 63 63 63 63 63 63 63 62 62 62 62 62 62 62 62 62 62 62 62 62 61 61 61 61 61 61 61 61 61 61 61 61 61 61 60 60 60 60 60 60 60 61 61 61 62 62
89 89 89 89 89 89 89 89 88 88 88 87 87 87 86 86 86 85 84 84 83 82 82 81 81 80 80 79 78 77 76 75 74 73 72 71 70 68 67 67 66 65 65 64 64 64 63 63 63 63 63 63 63 63 63 63 63 62 62 62 62 62 62 62 62 62 62 62 61 61 61 61 61 61 61 61 61 61 61 60 60 60 60 60 60 60 60 60 60 60 60 60 60 60 60 60
89 89 89 89 89 89 89 88 88 88 87 87 87 86 86 85 85 84 84 83 82 81 80 80 79 78 78 77 76 75 73 72 71 70 69 68 67 66 66 65 65 64 64 64 64 64 64 64 64 64 64 64 63 63 63 63 63 63 63 63 63 62 62 62 62 62 61 61 61 61 61 61 61 61 61 61 61 61 61 61 60 60 60 60 60 60 60 60 60 60 60 60 59 59 59 59
89 89 89 89 89 88 88 88 87 87 87 87 86 86 85 85 84 84 83 82 81 80 78 78 77 77 75 74 73 72 70 69 68 67 67 66 65 65 65 64 64 64 64 64 64 64 64 64 64 64 64 64 64 64 64 65 65 65 65 64 64 63 63 62 62 62 61 61 61 61 61 61 61 61 61 61 61 61 61 61 61 61 61 60 60 60 60 60 59 59 59 59 59 59 59 59
89 89 89 89 88 88 88 88 87 87 86 86 86 85 84 84 83 82 81 80 79 78 77 76 75 74 73 72 71 69 68 67 66 65 65 65 65 64 64 64 64 64 64 64 64 65 65 65 65 65 66 66 66 66 67 67 67 67 67 67 67 66 65 64 64 63 62 62 62 62 62 62 62 61 61 61 62 62 62 61 61 61 61 60 60 60 60 59 59 59 59 59 59 59 59 59
88 88 88 88 88 88 88 87 87 87 86 86 85 84 83 83 82 81 80 79 78 76 75 73 72 71 70 69 68 67 66 66 65 65 65 64 64 64 64 64 64 64 65 65 65 65 66 66 66 67 67 68 68 69 70 70 71 71 71 71 71 70 69 68 67 66 64 64 64 63 63 63 62 62 62 63 63 63 62 62 61 61 60 60 60 59 59 59 59 59 59 59 59 59 59 59
88 88 88 88 88 87 87 87 87 86 86 85 84 83 82 81 80 79 78 76 75 74 73 71 70 69 68 67 67 66 65 65 65 65 65 65 65 65 65 65 65 66 66 66 67 67 67 68 68 69 69 70 71 72 73 73 74 74 74 74 74 73 72 71 70 68 67 66 65 65 64 63 63 63 63 63 63 63 63 62 61 61 60 60 60 60 59 59 59 59 59 59 59 59 59 59
88 88 87 87 87 87 87 86 86 86 85 84 83 82 80 79 78 77 75 74 72 71 71 70 68 67 67 66 66 66 65 65 65 65 65 65 65 65 66 66 67 67 67 68 68 69 70 70 71 72 73 74 75 76 76 77 77 77 78 77 77 76 75 73 72 71 69 68 67 66 65 65 64 64 64 64 64 63 62 62 61 61 61 60 60 60 60 60 59 59 59 59 59 59 59 59
87 87 87 87 86 86 86 86 85 85 84 83 82 80 78 77 76 74 73 72 70 70 69 68 67 67 66 66 66 66 65 65 66 66 66 67 67 67 68 68 69 69 70 71 71 72 73 73 74 74 75 76 77 78 79 79 79 79 79 79 78 77 76 74 73 71 70 69 68 67 66 65 64 64 64 64 64 63 62 62 62 61 61 61 60 60 60 60 60 60 60 59 59 59 59 59
86 86 86 86 85 85 85 85 84 83 82 81 80 78 76 75 73 72 72 70 69 68 68 67 67 66 66 66 66 66 66 66 66 67 68 69 69 70 70 71 72 72 73 74 75 75 76 76 76 77 78 78 79 80 81 81 81 81 80 80 79 78 76 74 73 71 69 68 66 66 65 65 65 65 64 64 63 63 63 62 62 62 61 61 61 61 61 61 60 60 60 60 60 59 59 59
85 85 85 85 84 84 83 83 82 81 80 79 78 76 74 73 72 71 70 69 68 67 67 67 67 67 67 67 67 67 67 68 68 69 70 71 72 73 73 74 75 75 76 77 77 78 78 79 78 79 79 80 81 81 81 81 81 80 80 79 78 76 74 73 71 69 68 67 66 65 65 65 65 65 64 64 64 64 63 63 63 63 62 62 61 61 61 61 61 61 60 60 60 60 60 59
84 84 84 84 83 82 81 80 79 78 77 76 75 73 72 71 70 69 69 68 67 67 67 67 67 68 69 69 69 69 70 70 70 71 73 74 75 75 76 77 78 78 80 80 80 80 80 80 80 81 81 81 81 81 81 81 81 80 79 77 75 73 71 70 68 67 67 66 66 66 66 65 65 65 65 65 65 65 65 64 64 63 63 62 62 62 61 61 61 61 61 61 61 61 60 60
