data/handson/Instances_Belgium/Case4_Maasmechelen/elevation.asc
ncols         601
nrows         601
xllcorner     734418.5234000001
yllcorner     683086.1043
cellsize      10.0
NODATA_value  -9999.0
[rows 495 to 549 of 601, columns 480 to 575 of 601]
81 81 81 81 81 81 81 81 81 81 81 81 80 80 80 82 84 87 89 90 90 90 91 89 87 85 84 84 85 85 86 86 87 88 88 89 90 90 90 90 90 90 90 91 91 91 92 92 91 90 89 88 88 88 88 88 88 88 88 88 88 88 88 87 87 87 88 88 88 88 88 88 88 88 89 90 90 90 90 90 90 89 89 89 89 88 87 87 86 84 83 81 78 76 75 73
81 81 81 81 81 81 81 81 81 81 81 81 81 80 80 81 81 84 89 90 90 90 91 89 85 83 83 83 83 84 84 85 85 85 85 86 86 87 87 87 87 88 88 89 90 91 91 91 91 90 88 88 88 88 88 88 88 88 88 87 88 88 88 88 88 88 88 88 88 88 88 88 88 88 89 90 90 90 90 90 90 90 89 89 88 88 87 86 84 83 81 79 77 75 74 72
83 83 83 83 83 82 82 82 82 81 81 81 81 80 80 81 82 85 89 90 90 90 90 88 83 82 81 81 82 82 82 82 82 82 83 83 83 84 84 85 86 86 87 88 89 89 90 90 90 89 88 88 88 88 88 88 88 88 88 88 88 88 88 88 88 88 88 88 88 88 88 88 88 89 89 90 90 90 90 90 90 90 89 89 88 88 86 85 83 81 79 77 76 74 72 71
87 87 86 86 85 85 84 84 83 82 81 80 80 80 80 82 86 88 89 90 90 90 90 86 82 80 80 80 80 80 80 80 80 80 80 80 81 82 83 83 84 85 86 87 88 88 88 88 88 88 88 88 87 87 88 88 88 88 88 88 88 88 88 88 88 88 88 88 88 88 88 88 89 89 90 90 90 90 90 90 90 89 89 89 88 87 86 84 82 80 78 76 74 73 71 69
89 90 89 89 88 88 87 87 86 85 84 83 83 83 82 85 88 90 90 90 90 90 89 86 81 79 79 79 79 79 79 79 78 78 78 79 79 80 81 81 82 83 83 84 85 85 85 86 86 86 87 87 87 87 87 88 88 88 88 88 88 88 88 88 88 88 88 88 88 88 88 88 89 89 90 90 90 90 90 90 90 89 89 88 88 87 86 84 82 80 77 76 74 72 70 69
91 92 92 92 91 91 91 91 90 90 89 88 87 87 86 88 90 91 90 90 90 89 88 85 81 79 79 79 79 79 79 79 78 78 78 78 78 78 79 79 79 79 79 80 81 81 82 83 83 84 85 86 87 87 87 87 87 87 88 88 87 88 88 88 88 88 88 88 88 88 88 88 89 89 89 90 90 90 90 90 89 89 88 88 87 86 85 83 82 79 77 75 74 72 70 69
91 92 92 92 91 91 91 91 91 91 90 90 89 89 88 89 91 91 90 90 90 90 89 86 82 81 81 80 80 80 79 79 78 78 78 78 78 78 78 78 77 77 77 78 78 79 80 80 81 81 82 83 84 85 85 86 86 86 86 87 87 87 88 88 88 88 88 88 88 88 88 88 89 89 89 89 89 90 90 89 89 89 88 87 86 85 84 82 80 78 77 75 73 72 70 69
91 91 91 90 89 89 89 89 90 90 89 89 90 90 89 90 90 90 90 90 90 90 89 88 85 84 84 83 82 81 80 79 78 78 78 78 78 78 78 78 77 77 77 77 77 77 77 77 77 78 78 79 80 81 82 82 83 84 85 85 86 87 87 88 88 88 88 88 88 88 88 88 89 89 89 89 89 89 89 89 89 88 87 86 85 84 82 80 79 77 75 74 73 71 70 69
89 89 88 87 87 87 88 88 88 88 87 88 89 90 90 90 90 90 90 90 90 90 90 89 88 88 87 86 85 84 83 82 81 80 80 80 79 79 79 78 78 77 77 77 77 77 77 76 76 76 76 77 77 78 79 79 80 80 81 82 83 84 85 85 86 86 86 87 87 87 87 88 88 88 88 88 89 89 89 89 89 88 87 85 84 83 81 79 77 76 74 73 72 70 69 68
86 86 85 85 85 86 87 86 85 85 85 87 88 89 89 89 90 90 90 90 90 90 91 91 91 91 91 90 90 89 88 87 86 85 84 83 82 81 80 79 78 77 77 77 77 77 77 76 76 76 76 76 76 76 76 76 76 76 77 78 79 80 81 82 82 83 84 85 86 87 87 87 87 87 87 87 88 88 89 89 88 87 86 85 83 82 80 79 77 75 74 72 70 69 68 67
85 84 83 83 84 85 85 85 83 83 83 84 85 86 87 88 89 90 90 90 90 91 91 92 93 93 92 92 92 91 90 89 88 87 87 86 85 84 83 82 80 80 79 79 78 78 77 77 76 76 76 76 76 75 75 75 75 75 75 75 76 77 78 78 79 80 81 82 83 84 85 85 85 85 86 86 87 87 88 87 87 86 86 85 84 82 81 79 77 75 73 72 70 69 68 67
84 84 83 83 84 84 84 82 81 80 80 81 82 83 84 86 89 90 90 90 90 91 91 92 93 93 92 92 92 92 92 91 90 89 89 89 89 88 87 86 85 84 83 82 81 80 79 78 77 76 76 76 75 75 75 75 75 75 75 75 75 75 75 75 75 76 77 78 79 80 81 81 82 82 83 85 86 86 86 86 85 85 86 85 84 83 82 80 78 76 74 72 70 69 68 66
84 84 83 83 83 83 82 81 79 79 79 80 81 82 84 86 89 90 90 90 91 91 92 92 92 92 92 92 92 92 92 91 90 90 90 90 90 89 88 87 87 86 86 85 85 84 82 81 79 79 78 77 77 76 76 75 75 74 74 74 74 74 74 74 73 74 74 75 76 76 77 78 78 79 80 82 83 83 83 83 83 84 85 85 84 83 82 80 78 76 73 72 70 69 67 66
84 84 84 83 82 81 81 80 79 79 79 80 82 83 86 87 89 90 90 91 91 92 92 92 92 92 92 92 91 91 91 91 90 90 90 90 89 88 87 87 87 88 88 89 89 88 87 85 84 83 82 81 79 78 77 76 75 74 74 74 74 74 74 74 73 73 73 73 73 73 74 74 74 75 76 77 79 79 80 81 82 83 83 83 82 82 81 79 77 75 73 72 70 69 67 66
80 81 82 82 81 80 79 79 79 79 80 81 82 84 86 88 89 89 90 91 92 92 92 92 92 92 92 92 91 91 91 90 90 90 90 90 89 88 86 86 87 88 89 90 90 90 89 88 87 86 85 84 83 82 80 79 77 77 76 76 75 74 74 74 73 73 73 73 73 72 72 72 72 73 74 74 75 76 76 77 79 79 80 80 80 80 80 79 78 76 75 73 72 70 68 66
75 77 78 79 79 79 78 78 78 79 80 81 82 84 86 87 89 89 90 91 92 92 92 92 92 92 92 91 91 91 90 90 89 90 90 89 89 88 86 86 86 87 88 89 89 89 89 89 89 89 89 88 87 86 84 83 82 81 79 78 77 75 74 73 73 73 73 73 73 72 72 72 72 72 72 72 72 72 72 73 74 75 76 77 78 79 80 79 79 78 77 76 73 71 69 67
72 73 75 76 77 77 77 77 78 78 79 81 83 85 86 88 88 89 90 91 92 92 92 92 92 92 92 91 91 90 90 90 89 89 89 89 88 87 85 85 85 86 87 88 89 89 90 90 90 90 90 90 89 88 87 87 86 84 83 81 80 78 77 76 75 74 74 73 72 72 72 72 72 71 71 71 71 71 71 71 72 72 73 74 74 76 77 77 77 77 77 76 75 73 71 69
70 71 72 73 76 76 76 76 77 78 79 81 84 86 87 88 88 89 90 91 92 92 92 92 92 92 91 91 91 90 90 89 89 89 88 88 87 86 84 84 83 84 86 88 89 89 90 90 90 90 90 90 90 90 90 89 89 88 87 86 84 83 81 80 78 77 75 74 72 72 72 72 72 71 71 71 71 71 70 70 71 71 71 71 71 71 72 73 74 75 76 76 76 75 74 73
69 70 70 72 74 75 74 75 75 77 78 80 83 85 87 88 88 89 90 91 92 92 92 92 92 92 91 91 91 90 90 89 89 88 88 87 86 85 83 82 82 83 85 87 89 89 89 90 90 90 90 90 90 90 90 91 91 90 90 89 87 86 85 84 82 80 77 75 74 73 72 72 71 71 71 71 71 70 70 70 70 70 70 69 69 69 70 71 72 72 73 74 74 74 74 74
69 69 69 70 72 73 73 73 74 75 77 79 82 85 87 88 89 90 91 91 92 92 92 92 92 92 91 91 90 90 90 89 89 88 88 87 85 83 81 80 80 82 85 87 88 89 89 90 90 90 90 90 90 90 90 91 91 91 91 90 90 90 90 88 86 83 81 78 75 74 72 72 71 71 71 71 71 70 70 70 70 70 70 69 69 69 69 69 69 69 69 70 70 71 72 73
69 69 69 69 70 71 71 72 73 74 76 78 81 84 86 88 88 89 90 91 92 92 92 92 92 92 91 91 90 90 90 89 89 88 88 87 85 83 81 79 78 80 84 86 88 89 89 89 90 90 90 90 90 90 90 91 91 91 91 91 91 91 91 90 89 86 83 80 77 75 73 72 71 71 71 70 70 70 70 70 70 70 70 69 69 69 69 69 68 68 68 68 69 69 70 71
68 68 68 68 69 69 70 71 72 73 75 78 80 83 85 87 88 88 89 90 91 92 92 92 92 91 91 91 90 90 89 89 88 88 87 87 86 84 82 79 77 79 83 85 87 88 89 89 90 90 90 90 90 90 91 91 91 91 91 91 91 91 91 91 91 88 84 81 78 76 74 72 71 71 70 70 70 70 70 69 69 69 69 69 69 69 69 69 68 68 68 68 68 68 68 68
68 68 68 68 68 68 69 70 71 72 74 76 78 81 83 84 85 86 88 89 91 91 92 92 91 91 91 91 90 89 89 88 88 88 87 86 85 83 81 79 76 77 81 84 86 88 88 89 89 90 90 90 90 90 91 91 91 91 91 91 91 91 91 91 91 89 85 81 78 76 74 72 71 71 70 70 70 70 69 69 69 69 69 69 69 69 68 68 68 68 68 68 68 67 67 67
68 68 68 68 68 68 68 69 69 71 72 74 76 78 80 82 82 84 86 88 90 91 91 91 91 91 91 90 90 89 89 88 88 87 87 85 84 82 80 78 76 77 80 83 85 86 87 88 89 89 90 90 90 90 91 91 91 91 91 91 91 91 91 91 90 88 85 82 79 76 73 72 71 70 70 70 70 69 69 69 69 69 69 69 68 68 68 68 68 68 68 68 67 67 67 67
68 68 68 68 68 68 68 68 69 70 71 72 74 76 78 79 81 83 85 87 89 90 91 91 91 91 90 90 90 89 89 88 88 87 86 85 83 81 79 77 75 76 78 81 83 85 86 87 88 89 90 90 90 90 90 90 90 90 91 91 91 91 91 90 89 87 84 81 78 75 73 71 71 70 70 70 70 69 69 69 69 69 69 68 68 68 68 68 68 68 67 67 67 67 67 67
68 68 68 68 68 68 67 68 68 69 71 72 73 74 75 77 79 82 84 87 89 90 91 91 91 90 90 90 89 89 88 88 88 87 86 84 82 80 77 76 74 75 77 79 82 83 85 86 88 89 89 90 90 90 90 90 90 90 90 90 90 90 90 89 88 85 82 80 77 75 72 71 70 70 70 70 69 69 69 69 69 69 68 68 68 68 68 68 67 67 67 67 67 67 67 67
68 68 67 67 68 67 67 67 68 69 70 71 72 73 74 75 78 80 83 85 87 88 89 90 90 90 90 89 89 88 88 88 87 87 86 84 81 79 76 75 74 75 76 78 81 83 84 86 87 88 89 90 90 90 90 90 90 90 90 90 90 90 90 88 86 84 81 78 76 73 72 71 70 70 70 69 69 69 69 69 69 68 68 68 68 68 68 67 67 67 67 67 66 66 66 66
69 68 68 67 67 67 67 67 68 68 69 70 71 72 73 74 76 78 80 82 84 86 88 89 89 89 89 89 89 88 88 88 87 87 85 83 80 78 75 74 73 74 76 78 81 82 83 85 86 88 89 90 90 90 90 90 90 90 90 90 90 89 89 87 85 82 79 77 74 72 71 70 70 70 69 69 69 69 69 69 68 68 68 68 68 67 67 67 67 67 67 66 66 66 66 66
69 68 68 67 67 67 67 67 67 68 68 69 70 70 71 72 74 76 78 80 82 84 85 87 88 88 88 88 88 88 88 87 87 86 85 82 79 77 74 73 73 74 76 78 80 82 83 84 86 87 89 89 90 90 90 90 90 90 90 90 89 88 87 85 83 80 78 75 73 71 70 70 70 69 69 69 69 69 69 68 68 68 67 67 67 67 67 67 67 67 67 66 66 66 66 65
69 68 68 67 67 67 67 67 67 67 67 68 68 69 70 71 72 73 75 77 79 81 83 84 86 87 87 87 87 87 87 87 87 85 84 81 78 75 73 73 73 74 76 78 80 81 82 83 85 87 88 89 90 90 90 90 90 90 90 89 89 87 85 83 81 78 76 74 72 70 70 70 69 69 69 69 69 68 68 68 68 67 67 67 67 67 67 67 67 67 66 66 66 66 65 65
69 68 68 67 67 67 67 67 67 67 67 67 67 68 68 69 70 71 73 74 76 78 80 82 83 84 85 85 86 86 86 86 85 84 82 79 76 74 72 72 72 73 75 77 79 80 81 83 85 87 88 89 89 89 90 90 89 89 89 88 87 85 83 81 79 76 74 72 71 70 69 69 69 69 69 69 68 68 68 68 67 67 67 67 67 67 67 67 66 66 66 66 66 66 65 65
68 68 68 67 67 67 67 67 67 67 67 66 66 67 67 68 69 70 71 72 74 75 77 79 81 82 82 83 84 85 85 84 83 82 80 77 75 73 72 71 72 73 74 76 77 79 81 83 86 87 88 89 89 89 89 89 89 88 87 86 85 83 81 79 77 75 72 71 70 69 69 69 69 69 69 68 68 68 68 67 67 67 67 67 67 67 66 66 66 66 66 66 66 65 65 65
68 68 68 67 67 67 67 67 67 67 66 66 66 66 66 67 68 68 69 70 71 73 74 76 77 78 79 80 82 82 83 82 81 80 78 75 73 72 71 71 71 72 73 75 77 79 81 84 86 88 89 89 89 89 89 88 88 87 86 85 83 81 79 77 75 73 71 70 70 69 69 69 69 69 68 68 68 68 67 67 67 67 67 67 67 66 66 66 66 66 66 66 66 65 65 65
68 68 68 68 67 67 67 67 67 66 66 66 66 66 66 66 67 67 68 68 69 70 72 73 74 75 76 77 79 79 80 79 79 78 76 74 72 71 70 70 70 71 72 74 77 79 82 84 86 88 89 89 89 89 89 88 86 85 84 83 81 80 78 76 74 72 71 70 69 69 69 69 68 68 68 68 68 67 67 67 67 67 67 67 66 66 66 66 66 66 66 66 66 65 65 65
68 68 68 68 68 67 67 67 67 66 66 66 66 66 66 66 66 66 67 67 68 68 69 70 71 72 73 74 75 76 77 77 76 75 74 72 71 70 70 69 69 70 72 74 77 79 82 84 86 87 88 88 89 89 88 87 85 83 82 81 80 78 76 75 73 71 70 69 69 69 68 68 68 68 68 68 67 67 67 67 67 67 66 66 66 66 66 66 66 66 66 66 65 65 65 65
67 68 68 68 68 68 67 67 67 67 66 66 66 66 66 66 66 66 66 66 67 67 68 68 69 70 70 71 72 73 73 73 73 73 71 71 70 69 69 69 69 70 72 74 77 79 82 83 85 86 87 87 88 88 87 86 83 82 80 79 78 77 75 74 72 70 69 69 69 68 68 68 68 68 67 67 67 67 67 67 66 66 66 66 66 66 66 66 66 66 66 65 65 65 65 64
67 67 68 68 68 68 67 67 67 66 66 66 66 66 66 66 66 66 66 66 66 66 67 67 68 68 69 69 70 70 71 71 71 71 70 69 69 68 68 68 68 69 71 73 76 78 80 82 83 84 85 85 86 86 85 84 81 80 79 78 77 75 74 72 71 70 69 69 68 68 68 68 67 67 67 67 67 67 67 66 66 66 66 66 66 66 66 65 65 65 65 65 65 65 65 64
66 67 67 68 68 68 67 67 67 66 66 66 66 66 66 66 66 66 66 65 66 66 66 66 67 67 67 68 68 68 69 69 69 69 69 68 68 68 67 67 67 68 70 72 74 76 78 79 81 81 82 83 84 83 83 81 79 78 77 76 75 74 73 71 70 69 69 68 68 68 67 67 67 67 67 67 67 67 67 66 66 66 66 66 66 66 65 65 65 65 65 65 65 65 65 64
66 66 67 68 68 68 68 67 67 66 66 66 66 66 66 66 66 66 66 65 65 65 65 65 66 66 66 66 66 67 67 68 68 68 68 68 67 67 67 67 67 68 69 71 73 74 75 77 78 79 79 79 80 80 79 78 76 75 75 74 73 72 71 70 70 69 68 68 68 68 67 67 67 67 67 67 67 67 66 66 66 66 66 66 66 65 65 65 65 65 65 65 64 64 64 64
65 66 67 68 68 68 68 68 67 67 66 66 66 66 66 66 66 66 66 66 65 65 65 65 65 65 65 65 65 65 66 66 66 66 67 67 67 67 66 66 66 67 68 69 71 72 73 74 75 75 75 75 76 76 75 75 73 73 73 72 72 71 70 70 69 69 68 68 68 67 67 67 67 67 67 66 66 66 66 66 66 66 66 66 65 65 65 65 65 65 64 64 64 64 64 63
65 66 67 67 68 68 68 68 68 67 66 66 66 66 66 66 66 66 66 66 66 65 65 65 65 65 65 65 65 65 65 65 65 66 66 66 66 66 66 66 66 66 67 68 69 70 70 71 72 72 72 72 73 73 73 72 71 71 71 71 70 70 69 69 69 68 68 68 67 67 67 67 67 66 66 66 66 66 66 66 66 66 65 65 65 65 65 65 64 64 64 64 64 63 63 61
65 65 66 67 67 68 68 68 68 67 67 66 66 66 66 66 66 66 66 66 66 65 65 65 65 65 65 65 66 66 65 65 65 65 65 65 65 65 66 66 66 66 66 66 67 67 67 68 69 69 70 70 70 70 71 70 70 70 70 70 69 69 69 69 69 68 68 68 67 67 67 66 66 66 66 66 66 66 66 66 66 65 65 65 65 65 65 64 64 64 64 64 64 63 61 60
64 65 66 66 67 68 68 68 68 68 67 66 66 66 66 66 66 66 66 66 65 65 65 65 65 65 65 66 66 66 65 65 65 65 65 65 65 65 65 65 65 65 65 65 65 66 66 66 66 67 68 69 69 69 69 70 69 69 69 69 69 69 69 69 69 68 68 68 67 67 66 66 66 66 66 66 66 66 66 66 65 65 65 65 65 65 64 64 64 64 64 64 64 62 60 59
64 65 65 66 67 67 68 68 68 68 67 66 66 66 66 66 65 65 65 65 65 65 65 65 65 65 65 66 66 65 65 65 65 65 64 65 65 65 65 65 65 65 65 65 65 65 65 65 65 66 68 69 69 69 69 69 69 69 69 69 69 69 69 69 68 68 68 67 67 67 66 66 66 65 66 66 66 65 65 65 65 65 65 65 65 64 64 64 64 64 64 64 63 62 59 58
63 64 65 66 66 67 68 68 68 68 67 67 66 66 66 65 65 65 65 65 65 65 65 65 65 65 65 65 65 65 64 64 65 65 64 64 65 65 64 64 65 65 65 65 65 64 65 65 64 66 68 68 69 69 69 69 69 69 69 69 69 69 68 68 68 68 67 67 67 66 66 66 65 65 65 65 65 65 65 65 65 65 65 65 64 64 64 64 64 64 64 63 62 60 59 58
63 64 64 65 66 67 67 68 68 68 68 67 67 66 66 66 65 65 65 65 65 65 65 65 65 65 65 65 64 64 64 64 65 65 64 64 64 64 64 64 64 65 65 65 65 65 64 65 65 66 68 68 69 69 69 69 69 69 69 68 68 68 68 68 68 67 67 67 67 66 66 66 65 65 65 65 65 65 65 65 65 65 64 64 64 64 64 64 64 63 62 61 60 59 58 57
62 63 64 65 66 66 67 68 68 68 68 68 67 67 67 66 66 66 65 65 65 65 65 65 65 65 65 65 65 64 64 65 65 65 64 64 64 64 64 64 64 64 65 65 65 65 64 65 65 66 67 68 68 69 69 69 69 69 69 68 68 68 68 67 67 67 67 67 66 66 66 65 65 65 65 65 65 65 65 65 65 64 64 64 64 64 64 63 63 62 61 60 58 58 57 57
61 62 63 64 65 66 67 67 68 68 69 69 69 69 68 68 67 67 66 66 66 66 66 66 66 66 66 66 66 65 65 65 65 65 64 64 64 64 64 64 64 64 65 65 64 64 64 64 65 66 66 67 68 69 69 69 69 69 68 68 68 68 67 67 67 67 67 66 66 66 65 65 65 65 65 65 65 65 65 64 64 64 64 63 64 63 63 63 62 61 60 59 58 57 57 57
60 61 63 64 65 66 67 67 68 68 68 69 69 69 69 69 68 68 67 67 67 67 67 67 67 67 67 67 67 67 66 66 66 66 65 65 65 64 64 64 64 64 65 65 65 65 65 65 65 65 66 67 68 69 69 69 69 69 68 68 68 68 68 68 67 67 67 66 66 65 65 65 65 65 65 65 65 64 64 64 64 64 63 63 63 62 62 62 61 60 59 58 57 57 57 57
60 61 62 64 65 66 66 67 67 68 68 69 69 69 69 69 69 69 69 69 69 68 68 68 68 68 68 68 68 68 68 67 67 67 67 66 65 64 64 63 63 64 64 65 65 65 65 65 65 65 66 67 68 69 69 69 69 69 69 68 68 68 68 68 68 67 67 66 65 65 65 65 65 65 65 64 64 64 64 64 63 63 63 63 62 61 61 60 60 59 58 57 57 57 57 57
61 61 62 64 65 66 66 67 67 68 68 68 69 69 69 69 69 69 69 69 69 69 69 69 69 69 69 69 69 69 68 68 68 68 67 67 66 65 64 64 64 64 65 65 66 66 66 66 65 66 66 67 68 69 69 69 69 69 69 69 70 70 69 69 68 68 67 66 65 65 65 65 65 64 64 64 64 64 64 64 63 63 63 62 61 60 60 59 59 58 58 57 57 56 56 56
61 61 62 64 65 66 66 67 67 68 68 68 69 69 69 69 70 70 70 70 69 69 69 69 69 69 69 69 69 69 69 69 69 68 68 68 67 66 66 65 65 65 66 66 67 67 67 67 67 67 67 68 69 69 69 69 69 69 69 70 71 72 71 71 70 69 68 67 66 65 65 65 64 64 64 64 64 64 64 64 64 63 62 61 61 60 59 59 58 58 58 57 57 56 56 56
61 61 63 64 65 66 66 67 67 67 68 68 68 69 69 69 69 70 70 70 70 69 69 69 69 69 69 69 69 69 69 69 69 69 69 68 68 67 67 67 66 67 67 67 68 68 67 67 67 67 68 68 69 69 69 69 69 69 69 70 71 71 71 71 70 69 68 67 65 65 65 64 64 64 64 64 64 64 64 63 63 63 62 61 60 60 59 59 58 58 58 57 57 56 56 56
61 61 63 64 65 66 66 67 67 67 68 68 68 68 69 69 69 69 69 69 69 69 69 69 69 69 69 69 69 69 69 69 69 69 69 69 68 68 68 68 67 68 68 68 68 68 68 68 68 68 68 68 69 69 69 69 68 68 68 69 70 70 70 69 69 68 67 66 65 65 65 64 64 64 64 64 64 64 63 63 63 63 63 62 60 60 59 58 58 58 57 57 56 56 56 56
61 62 63 64 65 66 67 67 67 67 67 68 68 68 69 69 69 69 69 69 69 69 69 69 69 69 69 69 69 69 69 69 69 69 69 69 69 69 69 68 68 68 68 69 68 68 68 68 68 68 68 68 68 69 68 68 68 68 68 68 68 69 68 68 68 67 66 66 65 65 64 64 64 64 64 64 64 64 63 63 63 63 63 62 60 59 58 58 58 57 57 57 56 56 56 56
