data/handson/Instances_Belgium/Case4_Maasmechelen/elevation.asc
ncols         601
nrows         601
xllcorner     734418.5234000001
yllcorner     683086.1043
cellsize      10.0
NODATA_value  -9999.0
[rows 330 to 384 of 601, columns 384 to 479 of 601]
90 90 89 89 89 89 89 90 90 90 90 90 90 90 90 90 89 89 89 89 89 88 88 88 88 88 88 88 88 88 88 88 88 88 88 88 88 88 88 88 88 88 88 88 88 88 88 88 88 87 87 87 87 86 86 86 86 86 85 85 84 84 84 84 84 83 83 83 83 83 82 82 82 82 82 82 82 81 81 81 81 81 80 80 80 80 81 80 80 81 82 83 85 86 87 87
89 89 89 90 90 90 89 89 89 90 90 90 90 89 89 89 89 89 89 89 89 88 88 88 88 88 88 88 88 88 88 88 88 88 88 88 88 88 89 89 89 89 88 88 88 88 88 88 88 88 88 87 87 87 87 86 86 86 86 85 85 85 84 84 84 84 83 83 83 83 82 82 82 82 82 82 82 82 82 81 81 81 81 81 81 81 82 81 81 81 82 83 85 86 87 87
89 89 89 90 90 90 89 89 89 89 89 89 89 89 89 89 89 89 89 88 88 88 88 88 88 88 88 88 88 88 88 88 88 88 88 89 89 89 89 89 89 89 89 89 88 88 88 88 88 88 88 88 87 87 87 87 87 86 86 86 86 85 85 85 84 84 83 83 83 83 83 83 83 83 83 83 83 83 82 82 83 83 82 82 82 82 82 82 82 82 82 83 85 86 87 88
89 89 90 90 90 90 89 89 89 89 89 89 89 89 89 89 89 89 89 88 88 88 88 88 88 88 88 88 88 88 88 89 89 89 89 89 89 89 89 89 89 89 89 89 88 88 88 88 88 88 88 88 88 87 87 87 87 87 87 86 86 86 85 85 85 84 84 83 83 83 83 83 83 83 83 83 83 83 83 83 84 84 83 83 83 83 83 83 82 82 82 83 85 86 87 88
89 90 90 90 90 89 89 89 89 89 89 89 89 89 89 89 89 89 89 88 88 88 88 88 88 88 88 88 88 89 89 89 89 89 89 89 89 89 89 89 89 89 89 89 88 88 89 89 88 88 88 88 88 88 88 87 87 87 87 87 86 86 86 85 85 85 84 84 84 84 84 84 84 84 84 84 84 84 84 84 85 84 84 84 83 83 83 83 83 82 82 83 84 86 87 88
90 90 90 90 89 89 89 89 89 89 89 89 89 89 89 89 89 89 89 89 89 89 89 89 88 88 88 89 89 89 89 89 89 89 89 89 89 89 89 89 89 89 89 89 89 89 89 89 89 89 89 88 88 88 88 88 88 87 87 87 87 86 86 86 85 85 84 84 84 85 85 85 85 85 85 85 85 85 85 85 85 85 85 85 84 84 84 84 83 83 82 83 84 85 87 87
90 90 89 89 89 89 89 89 89 89 89 89 89 89 89 89 89 89 89 89 89 89 89 89 89 89 89 89 89 89 89 89 89 89 89 89 89 89 89 89 89 89 89 89 89 89 89 89 89 89 89 89 89 88 88 88 88 88 87 87 87 87 86 86 85 85 85 85 85 85 85 85 85 85 85 86 86 86 86 86 86 86 86 85 85 84 85 85 84 84 83 83 84 85 86 87
90 90 89 89 89 89 89 89 89 89 89 89 89 89 89 89 89 89 89 89 89 89 89 89 89 89 89 89 89 89 89 89 90 90 90 89 89 89 89 89 89 89 89 89 89 89 89 89 89 89 89 89 89 88 88 88 88 88 88 87 87 87 86 86 85 85 85 85 86 86 86 86 86 86 86 86 86 86 86 86 86 86 86 86 85 85 85 85 85 84 84 83 83 84 86 87
89 89 89 89 90 90 89 89 90 89 89 89 89 89 89 89 89 89 89 89 89 89 89 89 89 89 89 89 89 89 89 89 90 90 90 90 89 89 89 89 89 89 89 89 89 89 89 89 89 89 89 89 89 88 88 88 88 88 88 87 87 87 86 85 85 85 85 86 86 87 87 87 87 87 87 87 87 87 87 87 87 86 86 86 86 85 86 85 85 85 84 84 83 84 86 87
89 89 89 89 90 90 89 90 90 90 89 89 89 89 89 89 90 90 90 89 89 89 89 89 89 90 90 90 90 90 89 89 90 90 90 90 89 89 89 89 89 89 89 89 89 89 89 89 89 89 89 88 88 88 88 88 88 87 87 87 87 86 86 85 85 85 86 87 87 87 87 87 87 87 87 87 87 87 87 87 87 87 86 86 86 86 86 86 86 85 85 84 84 84 85 86
90 90 90 89 89 89 89 89 90 90 90 90 89 89 89 89 90 90 90 90 90 90 90 90 90 90 90 90 90 90 90 90 90 90 90 90 90 89 89 89 89 89 89 89 89 89 89 89 89 89 89 88 88 88 88 88 87 87 87 87 87 86 86 86 86 86 87 87 88 88 88 88 88 88 88 88 88 88 87 87 87 87 86 86 86 86 86 86 86 86 85 85 84 84 85 86
90 90 90 90 89 89 89 90 90 90 90 90 90 89 89 90 90 90 90 90 90 90 90 90 90 90 90 90 90 90 90 90 90 90 90 90 90 89 89 89 89 89 89 89 89 89 89 89 89 89 89 88 88 88 88 88 87 87 87 87 87 86 86 86 86 87 87 88 88 88 88 88 88 88 88 88 88 88 88 87 87 87 87 87 87 87 87 86 86 86 86 85 84 85 85 86
90 90 90 90 90 90 90 90 90 90 90 90 90 90 90 90 90 90 90 90 90 90 90 90 90 90 90 90 90 90 90 90 90 90 90 90 90 90 89 89 89 89 89 89 89 89 89 89 89 89 89 88 88 88 88 88 87 87 88 87 87 86 86 86 86 87 88 88 88 88 88 88 88 88 88 88 88 88 88 87 87 87 87 87 87 87 87 87 86 86 86 86 85 85 85 86
90 90 90 90 90 90 90 90 90 90 90 90 90 90 90 90 90 90 90 90 90 90 90 90 90 90 90 90 90 90 90 90 90 90 90 90 90 90 89 89 89 89 89 89 89 89 89 89 89 89 89 88 88 88 88 88 87 87 88 87 87 87 86 87 87 87 88 88 89 89 89 89 89 88 88 88 88 88 88 88 87 87 87 87 87 87 87 87 87 87 86 86 85 85 85 86
90 90 90 90 90 90 90 90 90 90 90 90 90 90 90 90 90 90 90 90 90 90 90 90 90 90 90 90 90 90 90 90 90 90 90 90 90 90 89 89 89 89 89 89 89 89 89 89 89 89 89 88 88 88 88 88 88 88 87 87 87 87 87 87 87 88 88 89 89 89 89 89 89 89 88 88 88 88 88 88 88 88 87 87 87 87 87 87 87 87 87 86 85 85 86 86
90 90 90 90 90 90 90 90 90 90 90 90 90 90 90 90 90 90 90 90 90 90 90 90 90 90 90 90 90 90 90 90 90 90 90 90 90 90 90 89 89 89 89 89 89 89 89 89 89 89 89 88 88 88 88 88 88 87 87 87 87 87 87 87 88 88 89 89 89 89 89 89 89 89 89 89 89 88 88 88 88 88 88 88 88 87 87 87 87 87 87 86 86 86 86 86
90 90 90 90 90 90 90 90 90 90 90 90 90 90 90 90 90 90 90 90 90 90 90 90 90 90 90 90 90 90 90 90 90 90 90 90 90 90 90 90 89 89 89 89 89 89 89 89 89 89 89 88 88 88 88 88 88 87 87 87 87 87 87 88 88 88 89 89 89 89 89 89 89 89 89 89 89 89 89 88 88 88 88 88 88 88 88 88 87 87 87 87 86 86 86 86
90 90 90 90 90 90 90 90 90 90 90 90 90 90 90 90 90 90 90 90 90 90 91 91 91 90 90 90 90 90 90 90 90 90 90 90 90 90 90 90 89 89 89 89 89 89 89 89 89 89 89 88 88 88 88 88 88 88 87 87 87 87 87 88 88 88 89 89 89 89 89 89 89 89 89 89 89 89 89 88 88 88 88 88 88 88 88 88 88 87 87 87 86 86 86 86
90 90 90 90 90 90 90 90 90 90 90 90 90 90 90 90 90 90 90 90 91 91 91 91 91 90 90 90 90 90 90 90 90 90 90 90 90 90 90 90 89 89 89 89 89 89 89 89 89 89 89 88 88 88 88 88 88 88 88 88 88 87 87 88 88 88 88 88 88 88 88 88 88 88 88 88 88 88 88 88 88 88 88 88 88 88 88 88 88 88 88 87 87 86 86 87
90 90 90 90 90 90 90 90 90 90 90 90 90 90 90 90 91 91 91 91 91 91 91 91 91 90 90 90 90 90 90 90 90 90 90 90 90 90 90 89 89 89 89 89 89 89 89 89 89 89 88 88 88 88 88 88 88 88 88 88 88 88 88 88 88 88 88 88 88 88 88 88 88 88 88 88 88 88 88 88 88 88 88 88 88 88 88 88 88 88 88 87 87 87 87 87
90 90 90 90 90 90 90 90 90 90 90 90 90 90 91 91 91 91 91 91 91 91 91 91 91 91 90 90 90 90 90 90 90 90 90 90 90 90 90 89 89 89 89 89 89 89 89 89 89 89 88 88 88 88 88 88 88 88 88 88 88 88 88 88 88 88 88 88 88 88 88 87 87 87 87 87 87 88 88 88 88 88 88 88 88 88 88 88 88 88 87 87 87 87 87 87
90 90 90 90 90 90 90 90 90 90 90 91 91 91 91 91 91 91 91 91 91 91 91 91 91 91 91 91 91 91 90 90 90 90 90 90 90 90 90 89 89 89 89 89 89 89 89 89 88 88 88 88 88 88 88 88 88 88 88 88 88 88 88 88 88 88 88 88 88 87 87 87 87 87 86 86 86 86 86 87 87 87 88 88 88 87 87 87 87 87 87 87 87 87 86 87
90 90 90 90 90 90 90 90 90 90 91 91 91 91 91 91 91 91 91 91 91 91 91 91 91 91 91 91 91 91 90 90 90 90 90 90 90 90 90 89 89 89 89 89 88 88 88 88 88 88 88 88 88 88 88 88 88 88 88 88 88 88 88 88 88 88 88 87 87 87 87 87 86 86 86 86 85 85 85 85 86 86 87 87 87 87 86 86 86 86 86 86 86 86 86 86
90 90 90 90 90 90 90 90 90 91 91 91 91 91 91 91 91 91 91 91 91 91 91 91 91 91 91 91 91 91 90 90 90 90 90 90 90 90 90 89 89 89 89 88 88 88 88 88 88 88 88 88 88 88 88 88 88 88 88 88 88 88 88 88 88 88 87 87 87 87 86 86 86 86 85 85 85 84 83 84 84 85 85 85 85 85 85 85 85 85 85 86 86 86 86 86
90 90 90 90 90 90 91 91 90 91 91 91 91 91 91 91 91 91 91 91 91 91 91 91 91 91 91 91 91 91 91 90 90 90 90 90 90 90 90 89 89 88 88 88 88 88 88 88 88 88 88 88 88 88 88 88 87 88 88 88 88 88 88 88 87 87 87 87 86 86 86 85 85 85 84 84 84 83 83 83 83 83 83 84 84 84 84 84 84 84 84 85 85 85 85 85
90 90 90 90 90 91 91 91 91 91 91 91 91 91 91 91 91 91 91 91 91 91 91 91 91 91 91 91 91 91 91 90 90 90 90 90 90 90 89 89 89 88 88 88 88 88 88 88 88 88 87 87 87 87 87 87 87 87 87 87 87 87 87 87 87 87 87 86 86 85 85 85 84 84 84 83 83 83 82 82 82 81 82 82 82 82 83 83 83 83 83 84 84 84 85 85
90 90 90 90 90 90 91 91 91 91 91 91 91 91 91 91 91 91 91 91 91 91 91 91 91 91 91 91 91 91 90 90 90 90 90 90 90 89 89 89 89 88 88 88 88 88 88 88 88 87 87 87 87 87 87 87 87 87 87 87 87 87 87 87 87 86 86 86 85 85 84 84 83 83 83 82 82 82 81 81 81 80 80 80 80 80 81 81 81 82 82 83 83 83 84 84
90 90 90 90 90 91 91 91 91 91 91 91 91 91 91 91 91 91 91 91 91 91 91 91 91 91 91 91 91 91 90 90 90 90 90 90 90 89 89 89 89 89 88 88 88 88 88 88 88 87 87 87 87 87 87 87 87 87 87 87 87 87 87 87 86 86 85 85 84 84 83 83 82 82 82 81 81 81 81 80 80 79 79 79 78 78 79 79 79 80 81 81 82 82 83 83
90 90 90 90 91 91 91 91 91 91 91 91 91 91 91 91 91 91 91 91 91 91 91 91 91 91 91 91 91 91 91 90 90 90 90 90 90 90 89 89 89 89 89 89 88 88 88 88 88 88 87 87 87 87 86 86 87 87 87 87 87 87 86 86 86 85 84 84 83 83 82 82 81 81 81 80 80 80 80 79 79 79 78 78 77 77 76 77 77 78 79 80 80 81 82 82
90 90 90 90 90 91 91 91 91 91 91 91 91 91 91 91 91 91 91 91 91 91 91 91 91 91 91 91 91 91 91 91 90 90 90 90 90 90 89 89 89 89 89 89 89 88 88 88 88 87 87 87 87 86 86 86 86 86 86 86 86 86 86 85 85 84 83 83 82 82 81 81 80 80 80 79 79 79 79 78 78 78 77 77 76 76 75 75 76 76 77 78 79 79 80 81
90 90 90 90 90 90 91 91 91 91 91 91 91 91 91 91 91 91 91 91 91 91 91 91 91 91 91 91 91 91 91 91 91 90 90 90 90 89 89 89 89 89 89 89 89 88 88 87 87 87 87 87 87 86 86 86 86 86 86 85 85 85 85 84 84 83 82 81 81 80 80 79 79 79 79 78 78 78 78 77 77 77 76 76 76 75 75 74 74 74 75 76 77 78 78 79
90 90 90 90 90 90 91 91 91 91 91 91 91 91 91 91 91 91 91 91 91 91 91 91 91 91 91 91 91 91 91 91 91 90 90 90 89 89 89 89 89 89 88 88 88 88 87 87 87 87 87 87 86 86 86 86 86 85 85 85 84 84 84 83 82 81 81 80 79 79 78 78 78 78 78 77 77 77 76 76 76 76 75 75 75 74 74 74 73 73 73 74 75 76 76 77
90 90 90 90 90 90 91 91 91 91 91 91 91 91 91 91 91 91 91 91 91 91 91 91 91 91 91 91 91 91 91 91 90 90 90 89 89 89 89 89 89 88 88 88 88 88 87 87 87 86 86 86 86 86 86 85 85 85 85 84 84 83 82 81 80 80 79 78 77 77 77 77 76 76 76 76 76 76 75 75 75 75 75 74 74 73 73 73 73 73 72 72 73 73 74 75
90 90 90 90 90 90 91 91 91 91 91 91 91 91 91 91 91 91 91 91 91 91 91 91 91 91 91 91 91 91 91 91 90 90 89 89 89 89 89 89 88 88 88 88 87 87 87 87 86 86 85 85 85 85 85 85 85 84 84 84 83 82 81 80 79 78 77 76 75 75 75 75 75 75 75 75 74 74 74 74 74 74 74 73 73 73 72 72 72 72 71 71 71 72 72 73
90 90 90 90 90 90 91 91 91 91 91 91 91 91 91 91 91 91 91 91 91 91 91 91 91 91 91 91 91 91 91 90 90 90 89 89 89 89 88 88 88 88 88 87 87 87 86 86 86 85 85 85 85 85 85 85 85 84 84 83 82 81 81 79 78 77 75 74 73 73 73 73 73 73 73 73 73 73 73 73 73 73 73 72 72 72 72 72 72 71 71 71 71 71 70 71
90 90 90 90 90 90 91 91 91 91 91 91 91 91 91 91 91 91 91 91 91 91 91 91 91 91 91 91 91 91 91 90 90 89 89 89 89 88 88 88 88 88 87 87 87 86 86 86 85 85 84 84 85 85 85 85 84 83 83 81 80 79 79 78 77 76 74 73 73 72 71 70 70 70 70 70 71 71 71 71 71 72 72 71 71 71 71 71 71 71 71 71 70 70 70 70
90 90 90 90 90 90 91 91 91 91 91 91 91 91 91 91 91 91 91 91 91 91 91 92 91 91 91 91 91 91 90 90 90 89 89 89 88 88 88 88 88 87 87 87 86 86 85 85 84 84 84 84 85 85 85 84 84 82 81 79 77 76 76 76 76 75 75 74 74 72 68 67 67 68 68 68 68 68 69 69 70 70 70 70 71 71 71 71 71 71 70 70 70 70 69 69
90 90 90 90 90 90 91 91 91 91 91 91 91 91 91 91 91 91 91 91 91 91 91 91 91 91 91 91 91 91 90 90 89 89 89 88 88 88 88 88 87 87 87 86 86 86 85 85 84 84 84 84 85 85 84 84 83 81 79 78 76 75 75 75 75 74 74 73 72 70 67 66 66 66 65 65 66 66 66 67 67 68 68 69 69 69 70 70 70 70 70 70 70 69 69 69
90 90 90 90 90 90 91 91 91 91 91 91 91 91 91 91 91 91 91 91 91 91 90 89 90 90 90 90 90 90 90 90 89 89 88 88 88 88 87 87 87 87 86 86 86 85 85 84 84 84 84 84 85 85 84 83 81 80 78 77 76 75 75 75 74 73 71 70 69 68 66 65 65 64 64 63 63 63 64 64 65 65 66 67 67 68 69 69 69 69 69 69 69 69 69 68
90 90 90 90 90 91 91 91 91 91 91 91 91 91 91 91 91 91 91 91 90 90 89 89 89 89 89 89 90 90 90 89 89 88 88 88 88 87 87 87 87 86 86 86 85 85 85 84 84 84 84 84 85 84 83 81 79 78 77 76 76 75 75 74 73 71 69 68 67 66 65 64 64 63 63 63 62 62 63 63 63 64 64 65 65 66 66 67 67 68 68 68 68 68 68 68
90 90 90 91 91 91 91 91 91 91 91 91 91 91 91 91 91 91 90 89 88 88 88 89 89 89 89 89 89 89 89 89 88 88 88 88 87 87 87 87 86 86 85 85 84 84 84 84 84 84 84 84 84 83 81 79 77 76 76 75 75 75 74 73 72 70 68 66 65 64 64 64 63 63 63 63 63 63 63 63 63 63 63 63 63 63 64 64 65 66 66 66 67 67 67 67
90 90 91 91 91 91 91 91 91 91 91 91 91 91 91 91 90 90 89 88 87 87 88 88 89 89 89 88 88 88 88 88 88 88 87 87 87 87 86 86 86 85 85 84 84 84 84 84 84 84 84 83 82 81 79 77 76 75 75 75 73 72 71 70 69 68 66 65 64 64 63 63 63 63 63 63 63 63 63 63 63 63 63 63 62 62 62 63 64 64 65 65 65 65 65 65
90 91 91 91 91 91 91 91 91 91 91 91 91 91 90 89 88 87 87 87 87 87 88 88 88 88 88 88 88 87 87 87 87 87 87 87 86 86 85 85 84 84 84 84 84 84 84 84 85 84 84 82 80 78 76 75 75 75 76 74 70 68 66 65 65 65 65 64 64 64 63 63 63 63 63 63 63 63 63 63 63 63 63 63 63 63 63 63 63 63 63 63 63 63 63 64
90 91 91 91 91 91 91 91 91 91 91 90 90 89 89 88 87 86 86 87 87 87 87 87 86 86 87 87 87 87 87 86 86 86 86 86 86 85 84 84 84 84 84 84 84 84 84 84 84 83 82 80 78 76 75 74 74 74 73 71 68 66 64 63 64 64 64 64 64 63 63 63 63 63 63 63 63 63 63 63 63 63 63 63 63 63 63 63 63 63 63 63 62 62 63 63
91 91 91 91 91 91 91 91 91 91 90 89 88 87 86 86 86 86 86 86 87 87 87 85 83 83 86 87 87 87 86 86 86 86 86 85 85 84 84 84 84 85 85 85 85 84 84 83 82 81 79 77 76 75 74 74 74 72 69 68 66 65 63 63 63 63 63 63 63 63 63 63 63 63 63 63 63 63 63 63 63 63 63 63 63 63 63 63 63 63 63 63 63 63 63 63
91 91 91 91 91 91 91 90 90 89 88 87 86 85 85 84 84 84 83 83 83 83 83 81 80 81 84 85 86 86 86 85 85 85 85 85 85 84 84 84 85 85 85 84 84 83 82 80 79 78 77 76 74 74 74 74 73 71 67 65 65 64 63 63 63 63 63 63 63 63 63 63 63 63 63 63 63 63 63 63 63 63 63 63 63 63 64 63 63 63 63 63 63 63 63 63
91 91 91 91 91 91 91 90 89 87 85 84 84 84 83 83 82 81 79 78 78 77 76 77 78 79 80 82 85 86 85 85 84 84 84 85 85 85 85 85 85 84 83 82 81 80 78 77 75 75 75 75 74 74 74 73 72 69 66 64 64 63 63 63 63 63 63 63 63 63 63 63 63 63 63 63 63 63 63 63 63 63 63 63 63 63 64 64 63 63 63 63 63 63 64 63
91 91 91 91 91 90 90 88 86 84 81 80 80 80 80 79 79 78 77 75 74 74 73 75 77 78 79 81 83 84 84 84 83 83 84 84 85 85 84 84 83 82 81 79 78 77 76 75 74 74 74 74 74 73 73 71 69 67 65 64 63 63 63 63 63 63 63 63 63 63 63 63 63 63 63 63 63 63 63 63 63 63 63 63 63 63 64 64 63 63 63 63 63 63 64 63
91 91 91 91 91 90 88 86 82 80 77 76 76 75 75 75 75 75 75 74 72 72 74 75 76 77 78 79 81 82 82 82 82 83 83 84 84 84 83 82 80 79 77 76 75 75 75 75 74 74 74 74 74 72 70 68 66 64 63 63 63 63 63 63 63 63 63 63 63 63 63 63 63 63 63 63 63 63 63 63 63 63 63 63 63 63 64 64 63 63 63 63 63 63 63 63
91 91 91 91 91 89 86 83 80 77 74 73 73 73 72 72 73 73 73 73 72 72 74 75 77 78 78 79 80 80 80 81 81 82 82 82 82 81 80 79 78 77 76 75 74 74 74 74 74 73 73 72 70 69 67 65 63 63 62 62 62 62 62 62 62 63 63 63 63 63 63 63 62 62 62 62 62 62 62 62 63 63 63 63 63 63 63 63 63 63 63 63 63 63 63 62
91 91 91 91 91 88 84 81 79 76 73 72 72 72 71 72 72 72 71 72 72 73 75 76 78 78 78 78 79 79 80 80 80 80 80 80 79 78 77 76 76 76 75 75 74 74 74 74 74 73 71 68 65 64 63 62 62 62 62 62 61 61 61 61 61 62 63 63 63 62 62 62 61 61 61 61 61 61 61 62 63 63 63 63 63 63 63 63 63 63 63 63 63 63 63 62
91 91 91 91 90 87 82 79 77 75 72 71 71 71 71 71 71 71 70 70 70 71 72 74 76 77 77 78 78 79 79 79 79 79 79 78 77 77 76 75 74 74 73 72 71 71 72 72 71 70 68 66 63 62 61 61 61 61 61 61 61 61 61 61 61 62 62 62 62 62 61 61 61 61 61 61 61 61 61 61 62 62 62 62 62 62 63 63 63 63 63 63 63 63 63 62
91 91 91 90 88 85 80 78 76 74 72 71 71 72 71 71 71 70 69 68 66 66 67 69 72 74 76 77 78 78 78 78 77 77 77 77 76 76 75 74 73 71 69 67 66 66 67 67 67 66 65 63 62 61 61 61 61 61 61 61 61 61 61 61 61 61 61 61 61 61 61 61 61 61 61 61 61 61 61 61 61 61 61 61 61 61 62 62 63 63 63 63 63 63 63 62
91 91 91 89 86 82 79 77 76 74 72 72 72 72 72 71 70 69 68 66 64 63 64 66 68 71 73 75 77 77 77 77 76 76 75 75 74 74 73 71 69 67 65 64 63 63 64 64 65 64 63 62 61 61 61 61 61 61 61 61 61 61 61 61 61 61 61 61 61 61 61 61 61 61 61 61 61 61 61 61 61 61 61 61 61 61 61 62 62 62 62 62 62 62 62 62
91 91 91 88 82 79 77 76 76 75 74 73 73 72 72 70 68 67 66 65 63 63 63 63 64 66 69 72 75 76 76 75 75 74 73 72 71 70 69 67 65 63 62 62 62 62 62 62 62 62 62 61 61 61 61 61 61 61 61 61 61 61 61 61 61 61 61 61 61 61 61 61 61 61 61 61 61 61 61 61 61 61 61 61 61 61 61 61 62 62 62 62 62 62 61 61
