data/handson/Instances_Belgium/Case4_Maasmechelen/elevation.asc
ncols         601
nrows         601
xllcorner     734418.5234000001
yllcorner     683086.1043
cellsize      10.0
NODATA_value  -9999.0
[rows 330 to 384 of 601, columns 480 to 575 of 601]
86 86 85 85 86 87 88 89 89 89 89 89 89 89 88 87 85 82 79 76 73 71 68 66 65 63 61 60 60 59 59 59 59 59 59 59 60 60 60 60 60 60 60 60 60 60 60 61 61 61 61 61 61 61 61 61 61 61 61 61 60 60 60 59 59 59 59 59 59 59 59 59 59 59 59 60 62 64 68 69 70 71 71 72 72 72 73 73 72 72 71 71 70 70 70 69
87 87 86 86 86 87 88 88 89 89 89 89 89 88 88 86 84 81 79 76 73 71 68 66 64 62 61 60 59 59 59 59 59 59 59 59 59 60 60 60 60 60 60 60 60 60 60 61 61 61 61 61 61 61 61 61 60 60 60 60 60 60 59 59 59 59 59 59 59 59 59 59 59 59 59 59 60 63 66 68 69 70 70 70 71 71 71 71 70 70 69 69 68 68 67 67
88 88 87 87 86 86 87 88 89 89 89 89 89 88 87 85 83 81 78 75 73 71 68 66 64 62 60 59 59 59 59 59 59 59 59 59 59 60 60 60 60 60 60 60 60 60 60 60 60 60 61 61 60 60 60 60 60 60 59 59 60 60 59 59 59 59 59 59 59 59 59 59 59 59 59 59 59 61 64 66 68 68 69 69 69 69 69 68 68 67 67 66 66 65 65 64
88 88 88 87 87 87 87 88 88 89 89 89 89 88 87 85 82 80 77 75 73 70 68 66 63 61 60 59 59 59 59 59 59 59 59 59 59 59 60 60 60 60 60 60 60 60 60 60 60 60 60 60 60 60 61 60 60 59 59 59 59 59 59 59 59 59 59 59 59 59 59 59 59 59 59 59 59 60 62 64 65 66 67 67 67 67 66 66 65 65 64 64 63 63 63 63
88 88 88 88 88 88 88 88 88 88 88 89 89 88 86 84 81 78 76 74 72 70 67 65 63 61 59 59 59 59 59 59 59 59 59 59 59 59 59 59 59 60 60 60 60 60 60 60 60 60 60 60 60 60 61 60 59 59 59 59 59 59 59 59 59 59 59 59 59 59 59 59 59 59 59 59 59 59 60 61 62 63 65 65 65 64 64 63 62 62 62 62 61 62 63 63
88 88 88 88 88 88 88 88 88 88 88 88 88 87 85 83 80 77 75 73 71 69 67 64 62 60 59 59 59 59 59 59 59 59 59 59 59 59 59 59 59 60 61 61 60 60 60 60 60 60 60 60 60 60 60 60 59 59 59 59 59 59 59 59 59 59 59 59 59 59 59 59 59 59 59 59 59 59 59 59 60 61 63 63 62 62 61 61 60 60 60 60 61 61 62 62
88 88 88 88 88 88 89 89 89 89 89 88 88 87 84 82 79 77 75 73 71 68 66 64 61 60 59 59 59 59 59 59 59 59 59 59 59 59 59 59 59 60 61 61 60 60 60 60 60 60 60 60 60 60 60 59 59 59 59 59 59 59 59 59 59 59 59 59 59 59 59 59 59 59 59 59 59 59 59 59 59 59 60 60 60 60 59 59 59 59 59 60 60 61 62 61
88 88 88 88 88 89 89 89 89 89 89 88 88 86 84 81 79 77 74 72 70 67 65 63 61 60 59 59 59 59 59 59 59 59 59 59 59 59 59 59 59 60 60 60 60 60 60 60 60 60 60 60 60 60 59 59 59 59 59 59 59 59 59 59 59 59 59 59 59 59 59 59 59 59 59 59 59 59 59 59 59 59 59 59 59 59 59 59 59 59 59 59 60 61 62 61
87 88 88 88 89 89 89 89 89 89 89 88 88 86 83 81 79 77 74 72 69 67 64 62 60 59 59 59 59 59 59 59 59 59 59 59 59 59 59 59 59 59 60 60 59 59 59 59 59 59 59 59 60 59 59 59 59 59 59 59 59 59 59 59 59 59 59 59 59 59 60 60 60 60 59 59 59 59 59 59 59 59 59 59 59 59 59 59 59 59 59 59 60 60 61 61
87 88 88 88 89 89 89 89 89 89 89 88 87 85 83 81 79 77 74 71 69 66 64 62 60 59 59 59 59 59 59 59 59 59 59 59 59 59 59 59 59 59 59 59 59 59 59 59 59 59 59 59 59 59 59 59 59 59 59 59 59 59 59 59 59 59 59 59 59 59 59 60 60 60 59 59 59 59 59 59 59 59 59 59 59 59 59 59 59 59 59 59 59 60 61 61
87 87 88 88 89 89 89 89 89 89 89 88 86 85 82 81 79 77 74 71 68 65 63 61 60 59 59 59 59 59 59 59 59 59 59 59 59 59 59 59 59 59 59 59 59 59 59 59 59 59 59 59 59 59 59 59 59 59 59 59 59 59 59 59 59 59 59 59 59 59 59 59 59 59 59 59 59 59 59 59 59 59 59 59 59 59 59 59 59 59 59 59 59 60 61 61
87 87 88 88 89 89 89 89 89 89 89 88 86 84 82 81 79 77 74 71 68 65 62 61 59 59 59 59 59 59 59 59 59 59 59 59 59 59 59 59 59 59 59 59 59 59 59 59 59 59 59 59 59 59 59 59 59 59 59 59 59 59 59 59 59 59 59 59 59 59 59 59 59 59 59 59 59 59 59 59 59 59 59 59 59 59 59 59 59 59 59 59 59 60 62 61
87 88 88 88 89 89 89 89 89 88 88 87 86 84 82 81 79 77 74 71 67 65 62 60 59 59 59 59 59 59 59 59 59 59 59 59 59 59 59 59 59 59 59 59 59 59 59 59 59 59 59 59 59 59 59 59 59 59 59 59 59 59 59 59 59 59 59 59 59 59 59 59 59 59 59 59 59 59 59 59 59 59 59 59 59 59 59 59 59 59 59 59 59 60 62 61
87 87 88 88 89 89 89 89 89 88 88 87 86 84 83 81 79 76 73 70 67 64 62 60 59 59 59 59 59 59 59 59 59 59 59 59 59 59 59 59 59 59 59 59 59 59 59 59 59 59 59 59 59 59 59 59 59 59 59 59 59 59 59 59 59 59 59 59 59 59 59 59 59 59 59 59 59 59 59 59 59 59 59 59 59 59 59 59 59 59 59 59 60 61 62 62
87 87 88 88 88 89 89 89 89 88 88 87 86 84 83 80 78 75 72 70 67 64 61 60 59 59 59 59 59 59 59 59 59 59 59 59 59 59 59 59 59 59 59 59 59 59 59 59 59 59 59 59 59 59 59 59 59 59 59 59 59 59 59 59 59 59 59 59 59 59 59 59 59 59 59 59 59 59 59 59 59 59 59 59 59 59 59 59 59 59 59 59 61 62 63 63
87 87 88 88 88 89 89 89 89 88 88 87 86 85 83 80 77 75 72 69 66 64 61 60 59 59 59 59 59 59 59 59 59 59 59 59 59 59 59 59 59 59 59 59 59 59 59 59 59 59 59 59 59 59 59 59 59 59 59 59 59 59 59 59 59 59 59 59 59 59 59 59 59 59 59 59 59 59 59 59 59 59 59 59 59 59 59 59 59 59 59 60 62 63 64 64
87 87 88 88 88 89 89 89 89 88 88 87 86 85 83 80 77 74 71 69 66 63 61 60 59 59 59 59 59 59 59 59 59 59 59 59 59 59 59 59 59 59 59 59 59 59 59 59 59 59 59 59 59 59 59 59 59 59 59 59 59 59 59 59 59 59 59 59 59 59 59 59 59 59 59 59 59 59 59 59 59 59 59 59 59 59 59 60 60 60 61 61 62 63 65 65
87 87 88 88 88 89 89 89 88 88 88 87 86 85 82 80 77 74 71 68 65 63 61 60 59 59 59 59 59 59 59 59 59 59 59 59 59 59 59 59 59 59 59 59 59 59 59 59 59 59 59 59 59 59 59 59 59 59 59 59 59 59 59 59 59 59 59 59 59 59 59 59 59 59 59 59 59 59 59 59 59 59 59 60 60 61 61 61 61 62 63 63 64 65 67 67
87 87 88 88 88 89 89 89 88 88 88 87 86 84 82 79 76 73 71 68 65 63 61 60 59 59 59 59 59 59 59 59 59 59 59 59 59 59 59 59 59 59 59 59 59 59 59 59 59 59 59 59 59 59 59 59 59 59 59 59 59 59 59 59 59 59 59 59 59 59 59 59 59 59 59 59 59 59 59 59 59 60 61 62 62 63 63 63 63 64 65 66 66 68 69 70
87 87 88 88 88 89 89 88 88 88 87 87 86 84 81 78 76 73 70 68 65 63 61 60 59 59 59 59 59 59 59 59 59 59 59 59 59 59 59 59 59 59 59 59 59 59 59 59 59 59 59 59 59 59 59 59 59 59 59 59 59 59 59 59 59 59 59 59 59 59 59 59 59 59 59 60 60 60 60 60 61 62 63 64 65 66 66 66 67 68 69 69 70 71 72 73
87 87 88 88 89 89 89 88 88 88 87 86 85 83 81 78 75 72 70 68 65 63 61 59 59 59 59 59 59 59 59 59 59 59 59 59 59 59 59 59 59 59 59 59 59 59 59 59 59 59 59 59 59 59 59 59 59 59 59 59 59 59 59 59 59 59 59 59 59 59 59 59 60 60 61 61 62 62 62 62 63 64 65 67 68 70 71 71 72 73 74 74 74 75 75 75
87 87 88 88 88 88 88 88 88 87 87 86 85 82 80 77 75 72 70 67 65 62 61 59 59 59 59 59 59 59 59 59 59 59 59 59 59 59 59 59 59 59 59 59 59 59 59 59 59 59 59 59 59 59 59 59 59 59 60 60 60 60 60 60 60 60 60 60 60 60 60 61 61 62 63 63 64 64 65 65 66 67 69 70 72 73 74 75 76 77 78 78 78 79 79 79
87 87 87 88 88 88 88 88 87 87 86 85 84 82 79 77 74 72 69 67 64 62 60 59 59 59 59 59 59 59 59 59 59 59 59 59 59 59 59 59 59 59 59 59 59 59 59 59 59 59 59 59 59 59 59 59 59 59 60 60 60 61 61 61 61 62 62 62 62 62 62 63 63 64 65 65 66 67 68 69 70 72 74 75 76 77 78 79 80 80 81 81 82 82 83 83
86 87 87 87 88 88 87 87 86 86 86 85 83 81 79 76 74 71 69 67 64 62 61 60 59 59 59 59 59 59 59 59 59 59 59 59 59 59 59 59 59 59 59 59 59 59 59 59 59 59 59 59 59 59 59 59 59 60 61 61 61 61 62 62 63 63 63 63 64 64 65 66 66 67 68 69 70 71 72 73 74 76 77 79 80 81 82 83 83 84 85 85 86 86 87 87
86 86 87 87 87 87 87 86 86 85 85 84 82 80 78 76 73 71 69 66 64 62 61 60 59 59 59 59 59 59 59 59 59 59 59 59 59 59 59 59 59 59 59 59 59 59 59 59 59 59 59 59 59 59 59 60 61 62 62 62 62 63 63 63 63 64 64 65 66 67 68 69 71 72 73 74 75 76 77 77 78 79 80 81 83 84 86 87 88 88 89 90 90 91 91 92
85 86 86 86 87 86 86 85 85 84 84 83 81 79 77 75 73 71 68 66 64 62 61 60 59 59 59 59 59 59 59 59 59 59 59 59 59 59 59 59 59 59 59 59 59 59 59 59 59 59 59 59 59 60 60 61 62 63 63 63 64 64 64 65 65 66 67 68 69 70 71 73 75 76 77 78 78 79 79 80 81 82 83 84 86 87 89 90 91 92 92 93 94 94 95 95
85 85 85 85 86 85 85 84 84 83 83 81 80 78 76 74 72 70 68 66 64 63 61 60 59 59 59 59 59 59 59 59 59 59 59 59 59 59 59 59 59 59 59 59 59 59 59 59 59 59 59 59 60 61 62 62 63 63 64 65 65 66 67 67 68 69 70 71 72 74 75 77 78 79 80 80 81 81 81 82 83 84 86 88 89 90 91 92 93 94 95 96 96 97 98 98
84 84 84 84 84 84 84 83 83 82 81 80 79 77 75 73 71 70 68 66 64 63 61 60 59 59 59 59 59 59 59 59 59 59 59 59 59 59 59 59 59 59 59 59 59 59 59 59 59 59 60 60 61 62 63 64 64 65 66 67 67 68 69 70 71 72 73 74 75 77 78 79 80 81 82 83 83 83 83 84 86 87 89 91 92 93 94 95 96 97 98 98 99 99 100 101
82 83 83 83 83 83 83 82 81 81 80 79 77 76 74 73 71 70 68 66 64 63 61 60 60 59 59 59 59 59 59 59 59 59 59 59 59 59 59 59 59 60 60 60 60 60 60 60 61 61 61 62 62 63 64 65 67 68 69 70 71 71 72 73 74 75 76 77 78 79 80 81 81 83 84 85 86 86 87 88 89 91 92 93 94 95 96 97 97 99 100 101 101 102 102 103
81 82 82 82 82 82 82 81 80 79 78 77 76 75 74 72 71 69 68 66 64 63 61 60 60 59 59 59 59 59 59 59 59 59 59 59 59 59 59 60 60 60 60 60 60 61 61 61 61 62 62 63 64 65 66 68 69 71 72 73 73 74 75 76 76 77 78 79 80 81 81 82 83 85 86 88 88 89 90 91 93 94 95 96 97 97 98 98 99 100 101 102 103 103 104 104
80 80 81 81 81 81 80 80 79 78 77 76 75 74 73 72 71 69 68 66 64 63 62 61 60 59 59 59 59 59 59 59 59 59 59 59 59 59 60 60 60 61 61 61 61 61 61 62 62 62 63 64 65 67 68 70 72 74 75 75 76 76 77 78 79 80 80 81 81 82 83 84 86 87 89 90 91 92 94 95 97 98 98 99 99 100 100 100 100 101 101 102 104 104 104 104
78 79 79 80 80 80 79 79 78 77 76 75 74 74 73 72 71 69 68 66 65 63 62 61 60 59 59 59 59 59 59 59 59 59 59 59 59 60 60 61 61 61 61 61 61 61 62 62 63 63 64 65 66 68 70 73 74 76 77 77 78 78 79 80 80 81 82 82 83 84 85 86 88 89 91 92 94 95 97 98 99 100 101 101 101 101 101 101 101 102 102 103 104 104 104 104
76 77 78 78 79 79 78 78 77 76 75 75 74 73 72 71 70 69 68 66 65 63 62 61 60 59 59 59 59 59 59 59 59 59 59 59 60 60 61 61 61 61 61 61 62 62 62 63 63 64 66 67 68 70 72 74 76 77 78 79 79 80 81 81 82 83 83 84 85 86 87 89 90 92 93 95 97 99 100 101 101 102 102 102 102 102 101 101 102 102 103 103 104 104 104 104
74 75 76 77 77 77 77 76 76 75 75 74 73 72 72 71 70 69 67 66 65 63 62 61 59 59 59 59 59 59 59 59 59 59 59 60 60 61 61 61 61 61 62 62 62 63 63 64 65 66 68 69 70 72 74 76 78 79 80 80 81 81 82 83 83 84 85 86 87 89 90 91 92 94 96 97 99 101 101 102 102 102 103 102 102 102 102 102 102 102 103 103 104 104 104 104
72 73 74 75 75 76 76 75 75 75 74 73 73 72 71 70 69 68 67 66 65 64 62 61 59 59 59 59 59 59 59 59 59 59 60 60 61 61 61 61 62 62 62 62 63 63 64 65 66 68 70 71 73 75 77 78 79 80 81 82 82 82 83 84 85 86 87 88 89 91 92 94 95 97 99 100 101 102 102 102 102 102 103 102 102 102 102 102 102 103 103 103 103 104 104 104
70 71 72 73 74 74 74 74 74 73 73 72 72 71 70 70 69 68 67 66 65 64 62 61 60 60 60 59 59 59 59 59 60 60 60 61 61 61 61 62 62 62 62 63 63 64 64 66 68 69 72 73 75 77 78 80 80 81 82 83 83 84 85 85 87 88 89 91 92 94 95 96 97 99 100 101 102 102 102 102 102 102 102 102 102 102 102 102 102 102 103 103 103 103 103 103
69 69 70 71 71 72 72 72 72 72 72 71 71 71 70 69 68 68 67 66 65 64 62 62 62 61 61 61 61 61 61 61 61 61 61 61 62 62 62 62 62 62 63 63 64 65 65 67 69 71 73 75 77 78 80 81 82 83 84 85 86 86 87 87 88 90 92 94 95 97 98 99 100 101 102 102 102 102 102 102 102 102 102 102 102 102 102 102 102 102 102 102 103 103 103 103
68 68 68 69 69 70 70 71 71 71 70 70 70 70 70 69 68 68 67 66 65 64 62 62 62 62 61 61 62 62 62 62 62 62 62 62 62 62 62 62 63 63 63 64 65 65 66 68 70 72 74 76 78 80 81 82 83 84 85 86 87 88 88 89 90 92 94 96 97 99 100 101 101 102 102 102 103 102 102 102 102 102 102 102 102 102 102 102 102 102 102 102 102 102 102 102
68 68 68 67 67 68 68 69 69 69 69 69 69 69 69 69 68 68 67 66 65 64 62 62 61 61 61 61 62 63 63 63 63 63 63 63 63 62 62 63 63 63 64 64 65 66 67 69 71 73 75 77 79 81 82 83 84 85 87 88 89 90 90 91 93 94 96 98 99 100 101 101 102 102 102 102 102 102 102 102 101 101 102 102 102 102 102 102 102 102 102 102 102 102 102 102
67 67 67 66 66 66 67 67 67 67 67 67 68 68 68 68 68 67 67 66 65 64 63 62 62 62 62 62 63 64 64 65 65 65 65 64 64 63 63 63 63 64 64 65 66 67 68 70 72 74 76 78 80 81 82 84 85 87 89 90 91 92 93 94 95 97 98 99 100 101 101 102 102 102 102 102 102 102 101 101 101 101 102 102 102 102 102 102 102 101 101 101 101 101 101 101
67 67 66 66 65 65 65 65 65 65 65 66 66 67 67 67 67 67 67 66 65 64 63 63 63 63 64 64 64 65 66 67 68 68 67 66 65 65 64 64 64 64 65 65 67 68 69 70 73 75 78 79 81 82 83 85 87 89 90 92 93 94 95 96 98 99 100 100 101 101 102 102 102 102 102 102 101 101 101 101 101 101 101 101 101 102 102 102 101 101 101 101 100 100 100 99
66 66 66 65 65 64 64 64 64 64 64 64 65 65 66 66 66 66 66 65 65 64 64 64 64 64 64 64 64 65 67 68 70 70 70 69 67 66 65 65 65 65 65 66 67 69 70 72 74 76 79 80 81 83 84 86 88 90 92 94 95 96 97 98 99 100 100 101 101 101 102 102 102 102 102 101 101 101 101 101 101 101 101 101 101 101 101 101 101 100 100 99 99 98 97 97
64 64 64 65 64 64 64 64 64 64 63 63 63 64 64 65 65 65 65 65 65 64 64 64 64 64 64 64 64 65 68 70 73 73 72 71 69 68 67 66 66 66 66 67 68 70 71 73 75 78 80 81 82 83 85 87 90 92 94 95 96 97 98 99 99 100 100 101 101 101 101 101 101 101 101 101 101 101 101 101 101 101 101 101 101 101 101 101 100 99 98 97 96 96 95 94
63 63 64 64 64 63 63 63 63 63 63 63 63 63 64 64 64 64 64 64 64 64 63 63 63 63 63 63 63 66 69 71 74 75 74 73 71 70 69 68 67 67 68 68 69 71 72 74 77 79 80 81 82 84 86 88 91 93 95 96 97 97 98 99 100 100 100 101 101 101 101 101 101 101 101 100 101 101 101 101 101 101 101 101 101 100 100 99 98 97 96 95 94 93 93 92
63 63 63 63 62 62 62 62 62 62 62 63 63 63 64 64 64 64 64 63 63 62 62 62 62 62 62 62 63 66 69 72 75 75 75 74 73 72 71 71 70 70 70 70 71 72 73 75 78 79 81 82 83 85 87 89 91 93 95 96 97 97 98 99 100 100 100 100 100 101 101 101 101 101 101 100 100 100 101 101 101 101 101 100 100 99 99 98 97 95 94 93 92 91 90 90
63 63 63 63 62 62 62 62 62 62 62 63 63 63 64 64 64 63 63 62 62 62 61 61 61 61 61 62 63 66 69 72 74 75 75 74 74 73 73 72 72 72 72 72 72 73 75 76 79 80 82 83 84 86 88 90 92 93 95 96 97 97 98 99 100 100 100 100 100 100 101 101 100 100 100 100 100 100 100 101 101 100 100 99 99 98 97 96 94 93 92 91 90 90 89 89
63 63 63 63 63 63 63 63 63 63 63 63 63 63 63 63 62 62 62 62 61 61 61 61 61 61 61 62 63 66 69 71 73 73 74 74 73 73 73 73 74 74 74 74 74 75 76 78 80 81 82 84 85 87 89 91 92 94 95 96 96 97 98 99 99 100 100 100 99 100 100 100 100 100 100 100 100 100 100 100 100 100 99 98 97 96 94 93 92 91 90 90 89 89 89 89
63 62 62 62 62 63 63 63 63 63 63 63 63 63 63 62 62 61 61 61 61 61 61 61 61 61 61 62 64 66 69 70 71 72 72 73 73 73 74 74 75 75 75 76 76 76 77 79 81 82 83 85 86 88 90 91 93 94 95 96 96 97 98 98 99 99 99 99 99 99 99 100 100 100 100 100 100 100 100 99 99 98 97 96 95 94 93 92 91 90 90 89 89 89 89 89
62 61 61 61 62 62 62 62 62 62 63 63 63 62 62 61 61 61 61 61 61 61 61 61 61 62 62 63 65 66 68 69 70 70 71 71 72 73 74 74 75 76 77 77 77 78 79 80 81 82 84 85 87 89 91 92 93 94 95 95 96 97 98 98 98 99 99 99 99 99 99 99 99 99 99 99 99 99 98 97 96 96 95 94 93 92 91 91 90 90 90 89 89 89 89 89
61 61 61 61 61 61 62 62 62 62 62 62 62 62 61 61 61 61 61 61 61 61 61 61 61 62 63 64 65 66 67 68 68 68 68 69 70 72 73 74 75 76 77 78 78 79 80 81 82 83 85 87 88 90 91 92 93 94 95 95 96 97 98 98 98 98 98 98 98 98 98 99 99 99 99 98 98 97 96 95 94 93 93 92 92 91 91 90 90 90 90 90 90 89 89 89
61 61 61 61 61 62 62 62 62 62 62 62 61 61 61 61 61 61 61 61 61 61 61 61 61 62 63 64 65 66 66 66 66 66 66 67 69 71 73 74 75 76 76 78 79 80 81 82 83 85 86 88 90 90 91 92 94 94 95 95 96 96 97 98 98 98 98 98 98 98 98 98 98 98 98 97 96 95 94 93 92 92 92 92 91 91 91 91 90 90 90 90 90 89 89 89
61 61 61 61 62 62 62 62 63 62 62 62 61 61 61 61 61 61 61 61 61 61 61 61 62 62 63 64 65 65 65 65 64 64 64 65 67 70 72 73 74 75 76 78 79 81 82 83 84 86 87 89 90 91 91 92 94 94 95 95 96 96 97 97 98 98 97 98 98 98 98 98 98 97 96 95 94 93 92 91 91 91 91 91 91 91 91 91 91 90 90 90 90 89 89 89
61 61 61 61 62 62 63 63 63 62 62 62 61 61 61 61 61 61 61 61 61 61 61 62 62 63 63 64 64 64 64 63 62 62 62 64 66 68 71 73 74 75 76 78 80 81 82 84 85 87 89 90 91 91 92 93 94 94 95 95 95 96 97 97 97 97 97 97 97 97 98 97 96 95 94 93 93 92 91 91 91 91 91 92 92 91 91 91 91 90 90 90 89 89 89 88
61 61 61 61 62 62 63 63 63 62 62 61 61 61 61 61 61 61 61 61 61 61 62 62 63 63 63 64 64 64 64 63 61 61 62 63 65 68 70 72 74 75 77 78 80 82 83 85 86 88 90 91 92 92 92 93 94 94 95 95 95 96 97 97 97 97 97 97 97 97 97 96 95 94 93 92 92 91 91 91 91 91 92 92 92 92 91 91 91 91 90 90 89 89 88 88
61 61 61 61 62 62 62 62 62 62 62 61 61 61 61 61 61 61 61 61 61 62 62 63 63 63 63 64 64 64 64 63 61 61 61 63 65 67 70 72 74 76 78 79 81 83 84 85 87 89 90 92 92 93 93 94 94 95 95 95 95 95 96 97 97 97 97 97 97 96 95 95 94 93 92 92 92 92 92 91 91 91 92 92 92 92 92 91 91 91 90 90 89 88 88 87
