data/handson/Instances_Belgium/Case4_Maasmechelen/saz.asc
ncols         601
nrows         601
xllcorner     734418.5234000001
yllcorner     683086.1043
cellsize      10.0
NODATA_value  -9999.0
[rows 0 to 45 of 601, columns 96 to 191 of 601]
308 25 5 329 333 32 53 297 290 304 319 315 301 41 347 291 275 217 160 123 81 72 64 60 65 73 85 90 93 92 89 62 45 47 46 50 52 48 55 65 59 113 163 124 97 96 108 128 128 122 121 117 115 105 91 73 52 38 36 35 47 49 27 359 349 340 327 328 338 342 348 354 359 4 2 357 348 337 332 336 343 354 354 349 342 332 320 310 299 292 291 288 280 271 262 269
281 355 354 335 349 49 44 334 304 298 307 323 336 15 348 312 296 154 162 166 112 78 61 55 55 61 78 87 91 90 81 40 39 48 47 53 52 51 66 71 61 87 150 142 102 91 93 112 125 123 123 120 116 104 79 61 51 48 44 42 45 39 5 339 345 352 339 326 335 345 352 0 4 8 5 358 353 348 346 347 349 353 353 351 349 346 338 328 317 309 310 314 315 304 274 278
269 305 335 345 20 63 48 340 319 308 309 325 316 315 331 324 101 116 141 184 175 89 56 51 50 57 70 77 76 72 62 44 61 51 53 60 59 64 75 71 63 86 127 165 145 106 93 98 109 114 120 118 112 97 64 61 60 53 48 49 46 27 334 313 330 359 348 328 334 349 358 4 7 8 4 357 356 0 0 359 355 350 351 354 358 3 359 348 340 334 334 336 343 356 344 327
274 295 314 7 96 106 132 255 295 306 323 359 2 273 258 175 146 121 113 222 222 96 69 59 54 58 63 63 56 54 53 50 64 74 82 77 69 68 68 65 71 85 101 147 161 140 116 102 95 98 108 108 93 78 75 69 58 55 59 58 42 6 325 301 301 335 340 330 336 352 2 7 9 8 4 359 358 0 2 4 359 350 351 356 0 4 2 357 351 345 346 350 349 349 346 340
276 283 234 148 137 125 148 261 290 299 309 147 168 181 178 127 146 132 59 336 337 39 62 56 57 60 59 55 51 54 54 52 62 81 98 90 81 74 67 65 73 82 85 99 129 147 142 125 105 97 97 95 81 83 97 88 71 68 63 60 44 340 329 311 291 304 324 329 336 354 5 11 11 7 5 4 0 354 359 8 3 350 351 358 1 3 2 1 356 349 352 1 350 332 333 333
279 254 159 149 154 150 207 280 299 308 114 137 168 203 250 46 118 152 340 341 355 23 45 57 71 66 57 55 54 56 52 51 59 73 92 97 98 86 69 63 70 76 74 61 48 74 129 142 131 109 87 78 87 101 116 123 116 87 57 67 135 299 325 330 300 296 311 324 334 352 5 12 10 5 5 7 2 351 356 7 3 351 353 1 3 2 3 6 3 357 358 6 349 325 327 332
284 184 145 140 153 187 268 276 276 36 91 99 135 255 277 6 63 320 308 324 358 37 54 62 70 62 57 56 53 53 53 56 62 72 90 93 92 81 68 66 74 76 68 44 48 74 95 119 135 122 90 84 93 99 104 107 105 54 53 62 358 298 309 341 322 300 304 323 337 348 358 6 5 2 5 11 4 349 351 3 0 352 355 6 6 0 3 12 15 10 8 5 346 320 332 69
286 120 139 143 160 256 286 267 227 213 62 52 13 320 304 15 37 3 310 287 340 53 58 57 57 59 66 53 45 52 58 61 65 74 90 84 64 61 72 80 86 80 67 57 79 80 70 73 100 117 114 105 100 91 74 48 25 20 54 19 348 319 295 318 328 314 306 320 338 346 353 358 0 0 5 12 4 350 350 359 358 351 356 8 7 0 7 25 31 22 13 6 352 322 234 71
228 117 130 157 227 274 294 282 229 258 299 2 359 346 343 42 38 33 29 297 276 85 79 72 67 74 81 51 53 62 60 63 74 84 93 87 67 75 87 95 98 89 76 82 101 91 73 78 91 106 119 116 109 88 45 18 26 57 264 305 332 343 312 301 316 323 317 322 335 347 349 347 352 359 4 7 2 353 351 355 354 351 356 8 7 2 17 43 48 31 16 9 9 19 2 328
196 132 126 176 250 272 289 331 317 288 277 293 335 5 114 74 35 39 36 11 138 131 128 120 99 94 97 124 125 80 54 67 88 96 98 109 112 105 102 105 109 104 97 102 111 114 107 100 98 104 115 118 122 95 18 29 75 94 242 278 296 331 325 306 304 315 322 326 331 340 345 344 347 355 0 3 0 354 353 355 353 348 354 4 7 9 33 57 57 46 32 0 4 17 356 328
194 147 130 216 253 265 273 296 314 291 256 227 198 168 177 247 5 45 44 45 80 110 127 141 127 110 103 112 137 34 46 74 90 96 96 107 120 118 113 112 113 114 114 114 117 118 115 108 103 106 115 120 137 228 305 92 107 103 269 273 274 297 317 311 302 308 321 332 333 331 338 346 348 347 353 1 0 354 355 1 356 345 345 354 8 24 48 61 56 47 29 337 338 356 346 327
190 167 150 243 247 256 257 249 244 237 223 211 198 183 220 259 256 59 45 51 66 77 90 118 136 125 108 92 49 316 48 79 87 90 89 98 111 117 119 117 114 117 123 123 123 120 107 101 103 109 118 124 142 203 182 143 130 108 299 277 268 279 300 307 305 310 321 335 340 336 338 350 351 345 340 344 354 2 8 9 359 343 334 337 5 33 49 54 45 38 23 351 338 349 335 308
178 203 261 274 243 258 263 250 226 224 220 214 210 213 232 237 216 186 86 80 79 84 101 114 128 131 115 64 350 303 83 92 95 98 98 106 116 119 120 120 115 113 115 116 116 118 105 96 93 94 99 103 104 156 165 150 153 237 297 292 288 285 290 291 273 276 306 326 337 342 347 357 359 356 330 313 337 25 38 21 3 346 324 314 349 31 44 47 42 41 33 13 3 3 339 306
190 242 277 3 252 270 285 298 228 229 228 221 217 214 213 213 200 180 163 139 105 104 123 130 129 130 112 354 352 284 123 108 109 117 115 119 126 126 122 121 119 110 99 92 85 93 108 94 75 67 64 54 45 42 56 76 96 288 284 298 311 305 293 255 211 232 267 296 317 336 343 347 352 354 340 310 284 74 50 31 16 350 314 300 323 19 38 50 54 59 57 40 22 3 340 321
233 260 262 133 248 266 269 223 151 224 229 221 215 208 210 210 187 161 164 174 149 112 100 106 137 162 219 260 68 112 115 103 94 96 103 111 122 127 123 120 122 113 91 82 82 87 95 85 66 65 62 55 56 56 67 75 50 287 273 284 303 316 326 135 188 222 225 204 188 184 203 312 326 337 346 350 169 130 36 41 38 350 276 277 294 347 37 61 70 72 66 47 17 346 327 315
272 265 233 172 235 252 234 190 177 221 225 222 221 226 233 195 171 155 157 175 174 146 36 41 84 148 187 199 162 127 107 80 54 50 72 92 106 118 121 119 124 121 91 89 98 91 73 68 78 80 75 80 101 124 139 122 33 280 264 271 280 298 19 102 156 201 200 191 192 207 242 286 313 325 342 71 49 349 20 50 48 73 213 251 272 306 49 77 85 77 57 37 18 354 322 300
269 257 215 190 242 246 225 211 226 240 232 229 232 241 232 132 143 142 108 120 186 255 333 56 70 75 128 165 162 151 137 96 60 68 80 88 95 104 112 113 121 143 124 105 104 100 80 79 82 80 76 81 93 115 150 183 266 288 267 266 263 264 66 88 99 175 193 194 206 229 244 243 256 12 44 343 348 354 19 48 58 80 180 255 258 259 85 82 77 59 39 34 35 20 340 324
247 241 237 237 265 254 238 243 269 274 244 236 236 238 212 123 102 357 9 31 7 291 254 80 52 41 58 106 137 147 156 161 140 112 96 90 87 92 100 103 107 136 149 131 108 110 124 106 74 67 68 70 70 82 122 204 237 281 280 264 248 241 179 70 45 47 140 193 219 237 238 230 245 308 359 345 351 5 26 48 65 71 29 268 241 228 152 76 47 34 34 49 71 40 308 317
241 239 243 243 258 246 235 245 256 233 202 216 229 236 223 156 310 302 341 38 35 352 192 142 44 57 77 96 112 126 143 158 155 139 116 106 105 106 108 106 102 110 130 142 112 103 117 119 59 64 66 67 69 76 84 242 255 271 279 257 236 236 236 12 35 56 70 103 231 240 232 225 218 203 212 337 355 23 37 48 57 55 26 303 228 225 210 65 30 54 96 100 99 351 297 302
237 234 232 224 227 211 216 232 231 198 190 212 232 246 250 243 282 256 205 128 102 121 167 188 134 105 102 101 101 107 123 143 144 137 127 124 130 131 129 122 108 91 69 64 96 91 72 33 57 71 68 71 76 74 57 7 288 264 259 237 227 238 243 246 76 70 53 46 277 233 219 210 206 211 237 268 272 20 29 40 44 41 31 30 213 227 221 218 94 120 147 154 160 297 297 296
235 237 235 230 219 175 205 234 234 201 201 233 249 256 255 229 195 195 176 157 145 150 162 175 153 131 123 118 110 106 110 128 129 122 116 110 110 116 121 112 84 55 46 60 77 73 52 54 100 94 82 82 83 72 48 25 352 280 240 215 228 241 236 216 171 86 48 57 76 190 204 204 213 234 252 254 214 266 359 39 45 42 40 54 81 226 220 198 137 120 139 195 304 317 304 287
246 249 244 242 230 139 204 248 253 234 241 260 264 260 244 199 176 178 160 140 142 149 155 163 149 136 135 134 129 117 107 116 123 112 102 78 54 52 59 40 27 37 64 70 60 59 71 101 129 129 111 97 89 73 47 24 11 6 206 200 240 238 219 206 195 183 61 74 84 112 208 220 238 253 257 247 228 254 300 48 55 46 46 60 66 240 128 149 147 128 136 293 323 341 334 280
243 245 244 243 216 132 206 255 255 241 255 266 267 256 227 185 181 212 172 123 132 148 154 156 145 130 123 119 113 99 79 76 85 85 79 44 40 56 60 33 33 61 79 74 59 71 90 104 119 131 118 98 83 59 29 9 14 36 51 298 262 224 209 210 214 224 136 83 68 30 347 320 281 265 249 228 228 251 252 88 71 49 49 57 47 93 127 123 135 128 303 290 302 352 46 112
230 235 241 232 199 153 221 255 244 227 242 259 262 245 212 200 220 226 160 129 129 141 152 157 153 133 99 65 45 40 38 38 42 50 53 55 84 87 83 76 91 90 85 80 81 91 102 102 98 97 95 81 61 30 11 2 14 34 32 12 342 232 222 225 224 226 195 86 32 11 1 352 328 276 228 221 241 252 230 173 113 45 38 38 41 96 135 126 119 345 324 292 246 174 140 128
225 234 232 214 195 180 245 256 243 232 239 245 237 209 199 215 231 182 129 112 105 109 121 134 150 157 22 14 21 33 40 41 47 56 61 75 100 96 86 89 111 98 80 76 87 92 95 90 72 62 67 58 34 10 1 359 14 33 30 21 14 4 290 236 226 225 216 244 346 11 11 0 359 9 219 240 247 234 213 201 220 326 348 3 57 86 107 102 338 308 320 316 182 173 167 156
228 230 220 217 226 229 261 261 251 237 229 225 212 198 202 220 226 204 113 76 64 58 49 43 32 356 341 347 24 59 76 79 78 74 68 76 89 86 73 74 96 88 66 67 81 83 76 63 49 47 47 30 13 5 3 5 20 33 29 24 21 20 3 297 251 235 228 230 219 199 348 343 5 32 358 273 238 222 229 242 287 324 334 342 75 73 54 15 345 314 283 136 141 166 177 179
246 235 225 233 233 214 226 249 253 245 239 228 215 214 225 238 242 241 283 31 32 34 35 38 31 19 1 320 78 88 88 87 85 76 70 75 79 75 66 67 74 65 59 68 75 73 62 48 44 46 38 5 1 8 13 18 24 25 23 25 26 28 21 352 302 241 221 211 208 220 241 265 314 31 17 340 235 239 246 236 215 194 182 179 143 86 37 2 357 8 151 152 138 141 316 319
274 264 246 233 213 198 210 237 256 278 309 315 288 271 266 264 259 262 285 342 15 39 58 58 47 49 71 154 144 109 77 65 66 66 71 73 70 64 61 60 54 49 64 70 67 62 52 46 48 50 35 351 353 11 19 22 22 21 24 29 33 39 36 16 345 262 224 213 224 231 226 227 218 186 26 7 324 278 246 208 190 186 183 182 176 162 152 206 158 118 127 145 174 301 334 344
245 226 214 197 194 204 237 253 251 257 285 323 325 300 285 273 263 257 257 279 13 68 81 76 66 78 97 123 145 142 88 72 67 70 78 76 69 63 59 56 53 57 70 69 62 56 49 49 52 45 21 347 347 14 22 20 21 26 32 35 39 46 43 28 13 349 279 242 241 222 217 222 217 213 222 258 316 303 214 179 180 190 191 189 189 189 190 189 176 153 140 125 321 311 324 349
207 204 201 191 211 260 297 276 232 232 240 234 251 272 277 269 254 237 226 230 188 103 91 89 94 99 104 111 126 151 148 114 79 81 90 85 74 66 60 60 63 68 73 69 62 55 48 51 48 23 8 4 9 21 22 21 26 36 42 40 42 48 42 32 26 19 354 276 244 217 224 225 216 209 210 221 234 230 211 234 356 345 220 242 284 279 202 196 180 146 174 306 330 331 336 27
210 221 228 226 253 273 294 319 201 234 244 240 249 263 270 258 234 211 209 214 191 145 115 111 113 109 106 104 106 119 141 150 99 90 90 81 67 58 54 57 61 65 67 61 55 49 49 55 42 353 1 27 35 22 21 30 39 48 47 37 37 42 38 35 34 29 19 355 312 246 238 219 207 203 212 227 228 222 233 268 331 31 18 299 308 39 98 212 214 66 322 297 310 338 54 98
254 263 269 274 275 268 255 141 189 249 257 256 261 264 263 236 205 193 194 195 185 174 155 135 127 117 106 98 91 80 62 89 120 99 79 60 47 42 43 48 52 57 59 53 48 48 55 61 41 340 351 34 30 33 55 63 56 51 39 27 28 35 35 37 37 30 20 10 1 350 311 240 220 216 229 231 221 221 232 238 231 109 6 316 241 132 95 291 268 331 336 312 264 171 147 134
285 278 270 263 263 255 228 150 216 260 258 258 276 278 255 200 182 185 177 168 179 195 189 143 125 123 122 111 97 78 68 90 111 104 76 53 43 41 46 53 56 60 56 45 39 43 55 57 35 356 341 0 24 48 54 34 21 21 16 14 23 33 38 42 39 27 18 14 9 3 348 322 289 250 242 223 219 234 247 244 234 244 313 25 150 165 351 338 297 292 315 9 143 153 156 146
290 269 238 219 227 238 225 172 271 265 252 256 289 307 221 175 175 190 164 132 166 226 216 140 96 109 133 139 127 131 125 107 95 93 98 86 69 67 71 71 69 63 50 33 30 41 52 45 23 5 355 352 26 45 33 21 15 8 9 20 35 42 44 43 33 22 18 18 18 15 7 348 316 283 265 229 241 257 265 262 248 246 241 136 137 265 323 344 331 278 211 162 137 133 163 288
266 235 211 213 233 243 235 221 265 259 245 251 259 207 147 169 185 200 178 137 158 229 222 168 103 104 121 150 150 130 127 113 91 87 89 86 80 82 84 85 86 72 49 28 33 51 56 35 16 10 9 9 22 24 22 29 26 8 16 39 45 42 43 37 26 20 21 26 27 26 22 10 343 312 298 269 264 268 273 275 269 256 229 173 185 251 280 317 13 118 168 188 180 121 285 288
216 208 218 244 269 261 239 225 238 240 237 239 225 193 174 181 188 193 179 157 174 216 224 169 128 109 107 133 156 125 90 91 101 86 60 48 62 73 80 92 106 102 72 33 46 61 57 30 15 16 18 22 23 16 30 45 37 22 36 46 38 40 48 34 22 22 26 31 32 33 32 17 358 334 310 298 273 272 274 284 303 288 216 168 189 227 230 207 170 132 126 197 199 230 324 295
210 218 235 253 266 258 236 228 234 229 225 227 219 208 205 195 188 188 175 158 181 221 222 156 132 114 103 111 145 145 75 83 91 69 40 45 58 67 77 85 89 79 38 5 50 65 53 28 17 20 24 29 29 24 37 47 43 44 50 27 31 49 54 27 15 23 29 33 35 41 39 21 7 358 328 341 310 289 282 281 262 185 169 165 182 221 232 215 195 184 163 148 203 262 303 312
212 225 236 243 242 239 243 245 242 208 209 224 228 222 215 201 193 190 173 153 180 221 218 162 132 116 108 111 112 148 99 84 68 38 37 49 55 62 72 69 51 27 14 15 57 64 45 27 23 24 26 28 25 23 32 47 55 53 38 14 36 57 49 23 16 26 32 36 41 47 43 29 18 9 290 316 326 314 303 274 172 166 172 183 204 238 263 279 265 156 168 173 231 259 254 198
205 223 228 233 234 238 244 246 230 152 199 236 243 225 204 195 195 195 175 145 173 231 224 175 149 131 121 133 124 128 126 94 61 43 51 53 55 63 69 58 37 22 25 40 58 48 31 27 26 24 25 23 25 31 45 56 53 37 22 14 33 49 40 23 21 28 34 40 46 50 44 34 25 4 316 304 315 319 249 146 155 159 173 226 259 270 275 237 168 151 156 203 244 250 235 216
197 211 218 229 236 238 237 239 225 116 217 258 255 189 185 201 213 204 184 162 200 252 225 161 157 158 155 181 177 138 142 126 83 71 80 62 59 68 72 62 45 34 41 50 44 22 17 22 25 29 36 37 46 58 68 53 32 20 15 13 25 37 33 26 27 32 37 43 49 49 41 34 324 325 328 314 310 144 152 152 167 196 283 317 316 305 292 146 165 182 206 238 236 241 239 230
193 198 218 238 244 241 237 233 209 150 243 262 231 128 164 228 241 219 197 205 248 250 191 138 150 181 202 206 183 147 152 162 126 108 129 135 90 84 80 69 53 42 46 47 31 5 9 23 34 45 49 45 45 48 43 15 10 16 18 19 29 37 37 36 37 38 43 49 51 46 39 19 326 308 318 320 127 125 134 136 178 262 287 315 333 320 142 123 142 231 268 293 292 284 290 300
200 209 244 257 255 246 233 210 194 190 238 249 200 116 26 286 259 228 212 227 239 221 172 133 135 191 206 202 183 156 164 193 182 123 144 167 144 111 94 70 46 38 42 46 30 354 9 41 56 57 47 32 27 29 24 16 20 24 26 32 42 49 49 45 41 43 50 54 52 44 345 333 332 317 314 131 142 131 131 75 338 311 294 298 18 133 155 148 4 312 303 328 339 329 333 346
221 241 261 262 254 239 210 174 189 221 242 230 206 230 330 311 257 221 223 235 229 197 167 141 137 177 194 198 183 159 172 211 200 127 131 161 155 126 105 62 33 36 44 48 30 352 22 63 66 54 36 21 22 30 33 38 39 20 23 41 50 56 54 46 45 54 61 59 51 24 328 309 321 326 114 120 128 120 40 307 324 332 317 223 140 124 148 233 299 320 320 332 337 330 338 1
256 261 260 255 243 221 196 173 214 246 237 225 234 253 267 255 225 221 233 235 217 188 165 147 150 173 187 192 181 162 177 212 199 148 121 136 144 124 107 14 18 39 48 41 24 13 62 72 55 43 32 25 32 41 41 38 30 24 36 46 49 54 52 49 58 69 72 62 2 336 333 317 314 124 143 129 111 25 341 316 308 332 88 143 152 138 129 278 278 286 300 314 320 311 313 1
257 258 258 255 244 213 199 211 260 254 231 234 244 241 229 218 214 220 226 220 203 187 169 150 151 175 185 185 177 164 180 212 206 182 128 108 127 110 40 330 357 37 43 21 21 40 66 55 37 37 35 37 44 44 37 29 30 41 49 44 53 61 59 61 70 74 70 30 328 310 321 328 96 114 128 128 335 320 330 330 295 160 135 129 147 182 281 288 278 277 284 294 300 294 281 305
239 245 261 268 270 192 197 231 257 248 232 234 230 224 218 207 206 215 217 207 195 186 176 164 161 181 185 177 171 163 187 225 228 226 151 96 123 36 342 333 355 35 36 0 18 46 50 31 27 35 38 43 47 38 31 32 43 51 46 50 76 81 71 71 75 70 29 338 333 316 308 131 135 111 74 350 333 318 316 6 147 153 150 138 143 238 269 280 290 298 295 292 285 285 295 301
