data/handson/Instances_Belgium/Case4_Maasmechelen/saz.asc
ncols         601
nrows         601
xllcorner     734418.5234000001
yllcorner     683086.1043
cellsize      10.0
NODATA_value  -9999.0
[rows 552 to 597 of 601, columns 192 to 287 of 601]
80 86 87 252 262 214 185 161 115 338 325 309 330 77 114 113 329 307 314 332 10 90 144 151 280 293 325 58 79 86 238 227 203 193 312 302 326 73 137 150 146 148 140 308 295 339 351 335 153 139 137 135 146 158 64 342 299 277 268 41 4 323 326 0 103 136 146 145 144 149 148 145 146 149 149 143 147 171 163 137 126 126 135 166 184 280 344 333 270 255 288 302 268 270 277 292
91 90 87 166 193 184 192 254 320 326 339 340 152 126 118 325 335 329 304 191 152 128 127 309 325 297 199 125 101 91 272 311 337 350 339 285 189 135 124 137 151 186 310 322 228 238 346 131 151 150 142 122 89 350 327 342 314 290 291 344 353 333 310 133 137 137 137 140 144 148 149 147 147 150 152 150 151 165 167 158 144 132 122 131 250 308 346 15 59 255 304 340 330 303 292 297
113 102 87 101 172 230 266 296 307 301 331 83 123 128 320 299 313 21 115 137 151 151 272 292 315 86 147 149 126 36 316 300 315 7 51 113 153 156 142 126 74 308 319 59 125 225 167 129 138 154 161 150 6 4 4 2 337 311 309 322 350 57 127 139 147 149 146 143 144 146 147 146 145 146 150 156 150 146 160 175 175 152 131 79 277 284 321 54 68 312 285 320 340 324 307 302
125 124 87 65 22 294 269 285 304 269 176 133 124 325 333 314 210 152 139 134 139 238 311 278 205 136 129 145 223 317 332 313 234 154 137 129 129 151 176 209 324 311 223 107 48 142 158 142 129 139 265 304 326 0 1 354 344 331 333 350 109 128 128 135 147 156 155 151 151 151 149 146 142 139 138 146 145 134 145 195 207 159 179 315 290 266 226 108 49 6 256 256 316 332 321 307
102 122 49 35 12 335 270 270 274 118 136 134 295 291 316 73 137 151 138 113 278 284 303 167 163 154 137 141 265 281 309 62 139 152 154 153 134 109 218 271 299 70 167 199 125 115 137 159 178 309 323 329 326 334 338 336 337 331 355 97 127 136 128 123 131 144 148 145 146 150 147 140 132 124 112 113 121 112 90 293 305 44 297 296 300 253 209 208 10 47 89 262 283 318 328 302
66 38 18 38 28 14 269 247 214 154 15 10 348 292 202 134 128 290 355 20 20 269 209 147 141 149 144 183 270 252 213 149 133 140 147 163 179 46 316 274 228 145 146 172 160 133 118 192 292 306 306 318 326 328 332 331 339 17 141 134 137 142 134 117 105 101 101 95 88 86 91 84 72 69 72 71 66 45 9 337 341 6 334 303 299 271 237 249 246 83 57 287 259 235 253 273
50 38 47 74 113 123 268 248 251 277 316 14 40 96 152 150 212 292 329 45 67 101 171 162 139 22 2 357 300 218 189 171 156 150 140 196 254 295 332 224 177 160 143 140 153 158 124 317 311 323 318 315 322 322 326 325 111 126 135 135 136 141 140 126 107 97 92 89 88 95 107 99 71 66 67 58 39 17 357 341 344 357 339 310 296 293 282 261 218 114 39 314 249 239 265 280
41 45 65 96 146 184 271 313 328 306 225 157 136 127 134 172 316 292 256 101 91 94 130 182 304 327 353 18 49 154 183 182 183 182 335 322 240 246 35 134 159 168 160 139 131 221 299 307 305 319 325 322 329 334 352 138 146 138 134 130 126 128 131 131 135 137 133 132 137 142 155 169 151 101 88 59 24 2 347 336 340 351 340 315 294 293 296 273 227 139 46 312 280 282 292 300
37 59 76 90 122 344 300 292 314 66 140 155 157 152 191 296 319 308 169 130 108 80 15 344 309 297 332 60 79 76 335 350 340 320 351 49 134 224 155 124 137 167 180 177 297 317 312 313 311 314 319 315 323 34 109 122 134 138 135 130 124 125 126 127 135 146 145 140 143 147 164 196 198 162 148 146 349 331 307 301 315 339 339 323 300 288 287 305 338 5 359 343 316 300 300 302
50 73 81 80 282 315 323 290 204 141 131 143 157 177 287 290 312 75 143 143 135 337 347 354 338 279 189 128 99 74 343 20 34 239 188 116 68 149 157 140 122 151 225 258 289 303 307 314 318 318 324 319 179 142 132 122 118 120 120 122 123 126 130 129 131 141 145 142 144 148 165 198 196 180 180 198 211 185 198 221 233 252 293 308 312 292 261 299 332 348 359 11 15 319 305 302
76 83 81 72 276 282 309 106 153 154 129 70 351 323 304 283 264 109 121 131 322 304 312 3 47 117 156 159 136 72 51 96 120 163 182 191 126 117 139 163 208 341 331 319 312 312 314 312 314 309 317 103 133 140 137 127 117 120 125 125 123 120 120 121 121 128 137 139 143 150 164 187 190 188 202 227 217 150 182 287 326 324 298 292 313 331 270 290 314 329 1 52 64 357 308 303
105 90 78 68 276 253 209 140 135 196 346 0 357 344 330 272 181 134 108 331 340 341 197 165 146 128 128 161 199 196 171 141 140 154 164 172 155 125 104 314 301 326 336 335 328 324 326 323 321 293 170 143 130 129 127 124 121 126 137 139 133 120 102 99 102 111 123 129 137 148 161 178 194 221 269 276 234 110 294 313 341 5 15 298 301 339 285 288 310 336 145 124 92 347 308 307
116 93 77 74 286 216 187 163 207 296 326 357 8 356 31 107 145 140 324 304 327 69 117 157 170 157 122 99 175 196 192 159 158 161 152 146 153 148 22 342 324 320 328 336 333 323 324 327 20 126 145 155 146 130 117 112 109 111 122 133 136 128 103 98 100 104 111 119 128 144 158 167 212 251 264 279 302 334 305 295 321 46 70 350 297 319 285 277 284 103 131 156 209 305 305 321
107 90 83 88 103 177 188 210 291 292 315 42 122 164 165 127 14 338 339 320 177 129 111 126 175 179 157 118 157 210 201 140 155 167 165 152 147 276 324 334 331 323 321 328 335 331 330 134 152 145 136 146 153 145 118 100 92 88 84 86 97 113 117 112 109 106 105 108 114 131 158 185 258 256 236 246 300 321 320 290 226 121 92 342 300 311 285 260 216 131 113 181 287 298 298 325
96 91 92 94 101 194 266 290 290 277 263 108 120 146 216 293 314 313 345 86 134 149 129 89 106 175 135 108 127 228 183 130 137 164 183 204 294 311 314 322 328 328 320 311 322 358 113 126 146 165 153 131 145 163 145 116 102 92 84 84 90 103 114 115 116 112 107 112 122 127 154 235 271 255 239 261 283 292 311 282 169 154 114 296 276 281 281 242 197 155 110 307 297 301 300 309
82 95 102 98 85 334 269 276 280 245 190 140 125 323 333 331 323 265 166 130 117 135 170 110 80 75 124 90 54 157 166 146 130 165 287 301 315 320 312 310 317 324 327 309 215 149 140 132 141 177 173 133 130 156 154 141 130 120 114 111 105 105 107 111 118 118 113 120 138 148 183 260 258 264 276 275 275 261 225 161 150 170 310 277 228 235 255 238 203 173 294 296 294 302 315 345
79 89 95 93 79 22 266 263 252 178 168 150 317 300 311 343 78 124 148 154 130 83 119 133 101 118 146 142 94 108 139 167 268 315 317 313 318 332 325 309 304 300 308 139 150 149 145 136 138 189 183 149 128 135 141 138 131 121 113 111 105 100 97 110 129 136 129 123 139 184 257 266 248 257 275 269 257 228 201 191 204 263 328 33 243 256 258 252 236 240 296 290 284 288 321 71
77 80 78 79 86 124 255 243 215 206 341 339 340 321 226 168 149 132 127 152 195 72 84 112 138 142 152 163 150 121 99 318 314 321 322 315 308 322 332 322 309 243 171 150 152 154 151 140 109 153 171 168 146 130 131 128 121 103 80 78 87 87 86 106 133 151 150 136 143 230 268 260 234 243 253 245 228 218 218 225 240 266 304 2 352 320 282 270 272 284 296 284 267 258 250 33
83 79 73 75 82 91 249 221 232 282 314 315 341 72 133 157 162 155 126 34 310 87 85 110 137 142 142 144 153 143 354 325 319 324 329 330 317 306 315 319 144 142 146 144 150 163 172 180 134 121 146 180 171 136 124 121 116 104 85 88 95 102 98 102 117 146 161 153 176 245 245 208 221 246 248 237 230 236 239 235 242 256 265 295 336 351 298 276 280 287 294 288 276 266 256 290
106 85 73 73 73 53 3 274 264 283 307 288 167 136 126 138 154 167 269 343 129 112 98 113 138 151 147 128 96 331 331 325 316 316 324 334 336 320 267 161 154 146 139 132 131 160 177 169 156 135 127 168 172 155 125 109 109 121 127 120 113 122 118 104 96 109 149 164 205 233 217 208 248 265 259 259 266 250 228 223 236 241 232 222 211 200 256 270 269 273 280 291 307 310 271 267
122 90 75 76 73 50 357 314 270 270 272 124 144 155 150 145 71 3 17 64 91 118 121 114 122 151 185 333 336 327 330 335 327 317 317 320 337 53 131 138 147 155 154 143 132 160 82 95 112 112 74 102 150 180 155 106 97 109 124 128 119 119 121 105 84 87 122 173 214 223 231 251 270 270 258 258 260 230 219 237 250 246 234 220 216 230 261 263 250 254 270 277 286 309 229 254
142 97 84 83 80 80 134 191 264 246 202 140 124 146 198 251 319 39 133 122 62 102 134 127 94 6 333 335 332 325 323 332 336 331 329 326 155 139 136 130 124 137 157 167 180 225 350 35 22 20 35 59 70 118 160 116 87 94 108 120 120 115 116 103 79 84 106 175 232 277 313 308 288 264 245 237 223 219 257 274 280 286 295 294 268 267 271 248 227 241 264 259 225 187 204 250
178 106 93 89 85 90 118 151 257 216 188 166 132 57 298 291 332 97 140 200 130 107 120 142 344 341 339 340 338 332 324 319 327 335 15 110 136 145 148 150 139 134 152 182 297 310 304 327 1 29 45 55 55 61 119 140 104 101 106 114 116 112 112 105 84 81 76 11 297 292 306 326 299 240 237 236 238 252 267 270 269 280 306 333 313 283 270 222 233 254 260 238 201 200 244 252
155 111 102 94 88 88 97 29 343 188 184 188 212 284 270 263 169 109 127 174 162 129 98 340 326 338 340 339 337 334 332 322 320 124 142 135 132 139 144 151 153 148 172 254 321 347 343 316 348 46 51 56 57 65 90 129 127 115 113 115 113 108 107 109 101 74 37 359 339 317 288 209 181 229 270 293 306 289 256 242 238 255 284 329 331 288 255 272 299 277 254 224 217 255 301 223
74 94 97 89 79 69 43 318 317 8 344 288 269 236 223 218 170 130 125 139 157 161 346 326 326 342 344 339 335 328 331 340 124 128 138 144 139 137 136 137 146 145 250 281 301 5 39 333 290 75 65 68 70 74 84 96 104 105 108 111 111 106 104 104 103 48 9 353 353 5 64 142 214 268 284 286 293 294 227 233 243 258 270 291 329 281 255 273 295 279 241 215 217 233 212 130
52 71 81 73 57 43 25 11 190 201 320 307 228 181 175 177 167 152 143 135 126 303 316 317 318 334 339 335 340 341 6 136 142 134 129 135 137 137 135 131 149 283 322 303 281 104 89 138 172 139 110 96 89 85 80 64 62 77 91 100 107 106 105 97 64 11 354 348 14 62 65 35 329 300 298 267 214 201 246 271 270 267 260 233 201 236 267 266 257 243 218 183 191 204 191 157
59 65 65 56 43 34 39 65 116 248 282 336 124 150 153 149 156 160 166 201 311 317 317 319 318 322 323 318 339 63 118 131 140 143 133 131 134 126 113 98 311 293 312 323 274 130 107 140 160 151 130 116 115 105 86 55 67 80 86 90 94 95 95 85 43 24 23 47 108 91 44 2 324 294 285 154 188 233 270 285 282 269 249 212 205 236 252 247 236 228 188 143 163 199 205 214
77 55 47 45 45 48 64 70 47 305 266 166 96 123 147 150 148 160 288 297 296 298 301 310 321 324 317 282 167 129 129 130 131 139 135 131 142 134 35 23 345 306 293 309 61 89 94 121 150 158 130 120 133 140 117 120 114 97 86 81 77 76 73 72 110 135 36 49 56 65 69 318 285 245 200 157 236 273 279 284 282 263 235 210 216 229 227 230 237 212 178 143 84 294 279 275
218 97 50 61 74 83 90 75 39 0 207 180 129 115 130 168 239 306 326 327 315 305 302 301 309 319 178 162 151 139 139 142 142 144 140 124 128 283 317 349 345 319 269 225 155 113 112 114 125 160 133 115 125 164 163 143 138 119 94 84 81 79 76 80 104 200 223 133 103 105 126 180 217 184 191 215 278 280 277 281 288 269 238 229 236 230 228 237 230 172 177 218 298 309 309 296
202 197 126 102 114 118 118 102 60 79 135 154 150 127 102 312 293 305 319 330 331 325 322 314 299 149 155 159 150 140 141 148 150 151 159 153 348 321 291 296 320 290 205 193 173 149 143 134 82 105 131 114 101 138 154 146 149 145 116 102 101 97 92 88 84 149 181 165 155 145 158 204 232 123 200 254 272 271 265 274 294 298 282 270 262 251 247 241 217 179 211 258 255 260 268 261
190 213 181 121 122 128 129 147 138 131 130 130 142 145 6 335 318 311 316 325 332 330 331 343 124 128 142 159 154 140 138 141 143 136 171 269 311 348 272 242 238 175 172 179 171 156 163 197 123 101 119 118 100 111 127 127 135 159 137 115 115 112 107 63 21 6 3 3 16 130 176 226 230 126 332 289 281 274 267 271 283 292 284 272 262 254 251 232 215 220 252 244 232 243 246 230
182 213 178 134 126 130 109 133 150 150 146 131 105 335 334 338 331 320 319 323 335 347 32 131 134 127 125 142 150 144 138 136 142 98 339 306 288 99 132 224 203 157 161 176 171 153 168 210 177 121 109 114 118 114 110 89 55 74 124 122 123 124 151 324 326 335 356 20 50 72 106 217 218 232 319 314 301 289 278 272 268 250 225 231 239 239 237 225 222 228 224 212 227 242 238 208
169 182 164 140 131 160 142 126 134 142 151 173 332 329 332 340 337 327 322 318 334 63 111 133 142 139 129 128 138 132 84 63 7 310 325 332 207 138 147 200 182 153 160 182 180 162 168 193 176 144 124 116 117 113 107 75 63 89 108 115 120 128 229 274 283 292 339 49 50 33 35 176 215 239 266 288 298 296 290 276 256 223 221 240 241 233 223 218 229 229 220 230 268 271 262 195
176 160 154 139 117 141 154 145 130 107 8 328 326 326 328 335 338 334 334 330 146 125 121 131 141 147 142 133 146 312 355 12 4 335 320 53 130 137 150 181 171 152 157 175 179 176 179 188 173 151 145 135 112 100 102 139 139 120 106 103 107 119 219 241 246 243 215 72 24 32 63 111 210 225 225 234 265 287 301 287 245 234 275 269 242 218 210 223 250 255 251 285 313 315 327 32
192 150 153 159 132 122 140 165 214 330 337 333 330 330 328 325 327 330 357 91 128 135 129 128 136 143 144 114 335 305 325 9 20 20 51 90 97 116 144 168 165 152 150 159 173 187 191 189 171 153 157 168 148 108 92 117 141 143 125 110 105 109 153 211 222 215 216 249 342 61 80 88 207 212 221 236 247 260 281 297 267 264 269 271 272 303 299 296 310 318 276 278 294 303 332 75
207 127 140 156 151 130 114 295 308 320 328 330 328 328 332 330 312 208 152 131 125 130 130 127 132 139 169 320 337 326 316 34 50 56 65 54 48 77 119 151 161 157 155 157 163 183 181 175 165 155 164 186 188 156 87 102 127 146 146 132 117 108 114 200 212 194 223 241 214 111 88 72 107 201 230 235 232 238 247 268 322 305 232 248 305 332 339 336 344 8 313 262 251 222 183 147
182 128 127 133 146 147 344 317 315 320 325 329 326 316 325 26 128 149 152 147 138 131 127 117 110 72 314 301 320 357 54 94 87 86 86 83 86 96 108 133 155 162 165 191 170 150 153 155 153 147 163 199 204 198 139 112 118 137 150 148 133 116 117 331 32 106 224 235 204 148 99 76 87 185 240 232 233 246 254 261 274 85 205 268 282 295 312 325 4 61 66 257 234 198 186 191
163 145 134 120 83 349 326 315 313 316 320 326 332 320 189 139 138 143 143 143 147 143 134 102 21 344 336 316 293 85 84 91 106 112 122 146 146 127 112 119 152 199 319 41 141 144 145 145 144 136 139 183 187 186 164 134 120 127 144 155 147 130 190 303 3 47 359 247 206 165 127 100 79 38 245 246 261 267 270 251 209 194 311 292 265 244 222 205 179 135 82 287 252 220 234 274
142 147 146 78 350 346 334 321 319 319 315 310 327 97 136 143 146 148 140 135 144 144 42 353 334 321 332 353 97 137 97 97 109 114 117 130 145 147 130 119 152 224 208 149 141 147 151 150 148 144 118 129 153 168 165 149 127 118 127 149 146 78 314 290 312 62 49 235 192 174 157 129 73 46 324 279 281 272 256 203 203 249 285 297 241 206 196 196 194 198 264 283 247 242 274 283
140 139 335 325 333 341 335 324 327 331 329 291 167 140 130 134 144 151 143 132 154 277 327 337 340 332 329 59 80 93 106 106 110 109 103 108 122 141 142 130 133 178 180 175 167 159 162 168 166 162 133 115 117 135 147 144 127 109 98 96 261 329 340 311 182 141 121 155 184 187 181 150 86 42 347 308 299 266 220 212 285 284 266 248 228 184 195 212 224 243 264 246 212 223 246 255
223 305 323 324 329 339 334 320 323 343 56 119 141 149 140 133 142 154 150 119 329 296 303 314 338 13 67 96 88 98 112 110 107 106 100 104 115 129 140 145 135 136 161 191 197 164 165 192 196 172 145 122 111 112 121 128 128 111 84 123 237 272 325 90 137 154 166 211 229 205 175 162 171 242 305 295 298 225 218 254 282 290 249 242 267 54 230 240 236 243 242 192 194 226 240 241
313 315 321 323 326 333 336 326 317 127 141 136 117 127 139 138 143 155 175 277 333 318 290 278 282 75 76 85 111 120 122 114 102 101 102 107 121 133 130 139 145 135 145 236 249 137 112 224 201 166 145 132 127 120 111 115 128 124 93 127 194 227 198 130 117 136 205 237 221 208 191 150 173 200 225 241 238 275 315 286 266 249 247 262 281 4 24 189 208 226 224 191 199 233 238 232
337 324 323 327 327 323 332 1 112 122 139 165 143 125 130 133 135 127 279 291 312 337 287 252 226 153 102 101 117 130 137 135 123 113 105 102 108 122 113 109 121 120 337 291 280 19 35 19 85 126 128 121 120 118 101 92 89 31 44 80 132 218 198 155 113 75 311 226 213 225 214 125 144 200 225 238 242 263 297 291 246 237 251 260 263 267 81 110 175 227 224 206 225 256 263 247
339 330 328 331 337 337 26 133 127 117 112 145 153 141 135 131 144 331 332 313 288 189 203 238 212 170 141 126 124 133 144 151 149 137 114 96 84 80 90 72 42 12 352 327 291 333 12 16 32 61 92 95 86 82 84 58 5 340 12 45 44 334 234 141 70 47 89 177 221 237 213 128 88 277 256 255 253 250 242 232 233 243 249 249 235 192 143 116 133 235 223 225 261 287 310 325
336 333 330 327 346 64 114 137 142 135 118 122 138 135 97 44 316 303 323 345 141 166 195 219 196 166 150 136 126 126 135 144 146 144 119 91 71 64 65 30 12 9 9 12 5 325 339 14 44 65 74 70 60 48 26 2 327 307 353 59 55 30 32 77 76 85 106 150 240 241 215 180 125 296 265 259 251 238 227 229 237 239 235 229 212 184 162 143 150 206 226 247 262 274 297 33
339 341 343 344 142 122 105 118 137 145 139 126 132 341 351 359 340 309 300 66 108 146 182 201 185 160 150 139 124 114 117 113 65 72 96 85 68 59 44 12 7 18 23 23 11 358 3 67 82 75 61 51 38 5 358 355 343 289 169 120 95 87 103 117 129 129 128 172 266 246 212 187 187 204 243 250 242 235 234 237 235 226 217 213 205 193 175 153 171 210 259 262 252 250 243 299
