data/handson/Instances_Belgium/Case4_Maasmechelen/saz.asc
ncols         601
nrows         601
xllcorner     734418.5234000001
yllcorner     683086.1043
cellsize      10.0
NODATA_value  -9999.0
[rows 552 to 597 of 601, columns 96 to 191 of 601]
358 16 9 343 320 307 314 342 5 22 28 27 37 54 58 41 33 43 41 40 328 269 262 270 282 284 287 297 319 355 95 42 36 51 21 305 303 294 266 259 262 65 41 323 269 262 253 139 61 55 85 79 49 294 254 143 95 79 17 322 342 356 353 336 317 249 187 165 168 176 203 236 245 180 284 280 286 304 326 339 338 326 317 320 326 326 322 316 327 13 44 53 56 68 81 80
40 36 0 342 338 332 333 343 3 28 42 32 41 56 53 41 45 55 54 44 8 295 250 260 277 282 285 280 255 148 128 323 22 39 7 321 301 293 280 265 243 220 0 348 319 269 223 207 34 79 114 95 47 310 240 171 46 39 3 285 259 175 178 195 185 171 171 171 172 184 234 250 243 281 324 310 299 306 322 337 339 333 328 328 335 341 342 338 341 11 40 57 68 76 78 75
68 40 344 331 335 338 339 343 10 47 59 32 39 55 53 49 53 53 45 29 17 26 240 255 261 261 255 231 200 186 218 277 320 4 356 339 311 291 284 266 240 246 287 333 353 354 198 228 290 78 98 82 27 353 223 235 336 53 74 182 164 142 157 187 175 158 169 197 215 227 277 273 265 280 303 311 303 300 310 330 334 327 322 318 327 345 358 7 11 7 45 67 74 76 72 77
74 22 343 330 335 347 345 334 20 62 66 26 35 57 57 54 50 43 36 35 51 85 226 245 238 230 219 207 202 203 226 259 282 319 340 344 327 298 275 262 254 252 246 267 358 84 174 240 269 62 57 33 23 42 139 239 239 115 134 172 164 78 49 119 159 163 179 218 226 249 293 301 298 285 273 269 272 275 280 297 313 310 303 290 274 271 338 10 13 24 73 77 72 71 66 83
45 2 343 328 338 10 12 330 30 61 42 6 27 60 58 51 45 36 33 40 53 76 166 227 225 222 219 219 220 223 251 273 285 300 321 339 333 299 266 259 259 248 240 253 271 93 130 252 248 137 80 70 83 89 92 251 207 110 105 231 241 266 71 98 128 180 223 237 250 272 291 299 304 291 259 249 251 253 256 263 282 280 259 244 230 218 216 243 345 66 87 83 78 73 69 81
353 350 339 323 335 23 22 351 16 24 15 19 50 65 52 46 39 29 29 38 47 70 124 211 228 234 237 236 235 250 282 292 298 304 319 354 353 260 257 256 253 246 247 245 198 107 55 260 215 177 158 155 157 147 71 305 197 83 24 12 193 195 135 103 92 245 252 272 290 291 294 294 292 285 265 249 237 239 245 249 260 233 208 223 242 210 201 220 210 120 86 88 96 84 74 74
1 348 337 321 324 31 33 31 302 306 359 52 76 69 45 44 38 27 30 42 54 72 89 224 246 250 251 247 248 263 282 287 286 290 312 51 71 239 233 237 240 240 242 228 196 153 36 108 178 175 166 156 172 211 284 359 185 267 1 53 107 159 158 140 131 153 285 294 299 298 299 299 296 299 302 278 248 250 251 250 244 186 203 246 258 169 180 216 218 182 111 97 97 85 75 67
346 348 347 341 316 97 62 54 314 268 187 100 91 68 41 46 42 30 36 51 62 69 63 359 277 264 258 257 262 269 276 269 251 249 251 74 49 107 194 219 232 233 228 211 198 203 161 88 118 156 131 117 171 252 279 95 171 249 321 82 101 133 154 159 175 215 289 307 304 301 303 308 311 318 332 340 309 278 263 251 234 212 285 278 265 134 166 225 235 190 146 113 83 73 75 59
309 337 10 59 98 114 70 63 0 217 163 119 91 42 26 43 40 29 40 57 65 67 54 23 309 274 269 271 275 273 269 257 242 251 260 311 39 81 152 226 233 229 223 205 216 246 264 54 40 16 45 74 55 272 271 95 129 256 234 102 95 107 129 142 208 265 283 299 299 294 295 303 307 309 326 355 345 305 277 258 241 251 291 288 254 113 146 242 245 171 145 117 50 54 54 33
271 192 159 141 79 31 45 90 130 166 149 110 66 5 11 35 36 31 46 61 67 65 52 40 0 281 282 286 289 278 261 254 266 275 285 319 36 72 84 234 227 228 235 259 305 302 306 7 16 12 36 57 25 287 256 90 31 269 191 126 90 87 88 16 336 311 288 280 280 277 275 281 292 291 290 335 344 322 303 283 258 263 278 276 200 103 95 263 249 174 129 330 8 32 29 21
214 144 160 214 279 31 90 102 117 145 145 106 39 341 6 43 46 48 65 75 76 68 54 53 43 283 276 280 289 282 263 264 275 279 284 307 52 73 63 31 235 243 247 259 283 295 296 335 7 35 98 84 39 300 226 173 36 92 157 147 85 74 41 326 331 338 304 268 269 267 264 268 278 279 267 283 315 321 313 306 284 274 272 269 188 80 31 291 262 215 231 277 326 29 41 50
213 100 30 298 252 144 131 115 101 106 121 108 75 274 159 85 72 80 95 95 93 76 56 60 55 287 259 263 276 281 278 276 276 274 271 263 107 76 48 26 336 270 246 241 237 231 230 226 129 131 155 163 42 32 188 197 178 112 110 103 80 59 11 320 317 2 336 260 265 264 260 263 268 271 269 273 282 286 273 291 307 291 269 270 324 34 12 327 304 147 195 234 231 138 126 122
250 280 0 9 131 132 138 139 133 114 77 81 119 206 172 115 89 93 102 101 97 75 56 63 56 352 274 269 271 273 274 276 279 272 260 254 37 35 24 22 12 336 243 237 234 231 227 210 141 122 150 211 260 104 153 211 235 77 41 17 39 23 355 325 311 81 98 263 263 263 263 264 263 262 264 263 254 242 249 273 296 295 258 259 278 16 16 344 103 116 162 228 212 147 140 139
263 240 185 142 125 120 124 139 162 189 16 59 102 194 176 105 92 94 98 95 86 61 57 63 48 8 321 289 273 263 258 267 282 275 252 277 340 6 16 23 24 29 304 255 254 241 221 198 148 117 133 246 259 103 124 269 306 3 24 358 347 347 345 323 188 116 54 275 262 264 270 268 260 254 254 249 235 229 248 264 273 262 234 242 235 187 151 162 154 133 146 234 200 144 138 141
247 194 171 165 141 128 126 125 160 244 283 74 79 236 194 132 108 98 95 89 75 47 54 59 39 9 339 306 278 262 257 267 279 279 259 273 304 4 29 34 39 49 32 300 289 266 211 185 152 118 104 267 254 120 144 265 281 50 81 317 325 330 351 58 138 129 325 282 262 261 263 258 249 244 246 239 231 240 266 269 263 239 235 244 226 187 162 153 156 156 176 216 180 136 127 142
206 186 170 160 143 135 140 132 141 265 232 103 53 53 149 150 131 108 92 80 63 36 44 51 35 16 352 314 287 273 266 269 274 281 278 269 256 206 71 60 58 49 16 332 329 353 130 155 153 126 19 284 241 133 162 239 228 166 164 240 281 293 92 73 46 19 329 284 264 255 245 239 237 239 242 239 242 263 288 284 263 254 293 266 222 185 164 148 139 148 174 198 183 132 64 29
192 194 177 156 142 132 144 178 254 238 202 189 102 104 131 150 148 124 92 74 60 38 46 48 34 29 13 326 280 262 262 263 259 264 286 274 251 229 120 69 58 27 358 335 348 39 63 94 143 180 324 291 190 141 164 216 210 181 196 244 249 231 210 328 9 33 3 266 250 241 232 233 235 240 246 247 255 267 279 276 246 248 281 262 193 178 171 161 103 107 148 203 210 217 8 40
198 182 168 157 149 137 142 195 203 186 185 191 171 139 137 150 159 155 99 73 66 58 70 48 32 34 27 18 219 230 249 250 241 247 278 289 293 310 356 47 39 2 344 328 346 33 38 59 89 263 306 189 149 141 165 207 213 206 235 247 228 229 294 325 138 119 125 198 215 224 228 234 237 244 253 257 264 263 255 235 224 236 242 201 173 175 185 219 42 75 88 216 226 237 246 64
205 163 152 152 154 151 155 179 177 168 174 185 174 152 146 150 167 195 187 106 92 84 73 13 15 34 45 61 77 238 238 238 238 250 266 275 283 318 15 39 27 346 327 319 319 343 39 73 92 244 278 118 130 129 155 215 223 224 229 215 215 236 250 151 151 158 153 161 190 214 229 237 239 245 247 244 247 248 237 220 221 233 227 194 176 178 216 253 217 85 69 34 254 250 240 218
194 168 148 141 149 158 165 173 170 161 168 182 171 152 149 153 172 204 197 158 139 120 18 341 7 48 70 62 34 33 212 231 244 252 254 249 240 248 337 26 27 14 257 271 309 313 100 100 112 218 218 118 124 121 127 228 224 219 212 205 217 231 213 161 160 175 166 150 179 216 238 241 239 240 235 227 228 232 230 221 223 228 215 193 190 211 263 239 183 137 52 22 347 285 248 205
182 180 160 138 142 158 167 171 168 160 163 176 162 134 122 138 175 204 197 179 179 261 315 325 13 64 78 46 37 73 147 244 257 260 259 252 243 253 281 22 48 54 18 293 309 77 104 99 101 246 227 108 114 106 41 320 235 221 216 218 222 219 195 157 158 192 171 126 169 240 251 244 239 238 231 226 226 232 235 231 232 226 209 198 210 238 251 149 166 205 236 47 22 310 191 173
178 182 168 146 141 152 165 174 176 172 169 173 163 65 28 49 103 189 201 214 274 304 311 317 24 72 74 59 82 84 61 279 272 273 279 278 264 260 256 170 84 29 358 334 341 69 85 82 66 314 306 92 93 34 1 4 357 316 241 221 211 207 195 174 175 247 205 80 17 281 262 246 239 238 231 227 229 237 246 247 247 222 204 211 234 244 226 160 128 201 195 200 347 114 163 180
180 178 170 158 150 149 161 179 189 196 195 182 204 266 14 71 88 126 217 257 287 314 328 332 24 69 75 80 100 85 22 291 277 276 282 295 296 283 276 317 335 318 339 1 32 63 82 77 55 353 53 86 76 328 341 9 16 16 18 159 192 208 217 227 249 268 295 39 1 306 268 247 242 237 229 229 236 245 246 241 230 190 196 224 235 232 219 203 160 132 176 201 185 166 154 203
176 175 172 166 161 156 164 184 194 197 192 185 201 222 182 113 94 74 291 283 290 312 335 346 26 67 80 84 88 78 9 286 274 273 275 293 316 315 321 352 350 321 315 5 36 66 95 85 55 21 77 85 63 306 314 359 13 18 28 58 153 250 292 297 244 249 277 13 358 306 267 253 249 234 225 235 249 249 238 227 215 193 201 225 224 225 225 198 176 157 88 143 173 194 232 278
169 172 171 168 166 163 170 192 198 192 190 191 202 209 185 144 115 46 302 290 292 303 322 350 51 78 86 84 70 69 3 281 273 271 270 278 297 306 315 357 4 355 339 323 47 94 118 108 56 41 72 76 41 303 292 318 357 22 42 66 80 265 264 171 183 257 287 348 0 311 274 256 241 210 220 239 245 239 228 224 219 210 213 218 223 233 226 178 179 246 75 99 145 238 265 285
174 171 169 168 170 174 185 203 203 196 197 203 209 207 185 157 158 230 282 286 292 297 295 57 99 94 92 78 48 64 41 274 274 270 265 262 261 248 226 256 338 359 5 15 105 115 137 164 24 39 59 60 27 314 284 270 245 59 63 72 59 239 204 190 224 274 300 357 23 332 296 246 202 180 211 234 233 228 228 230 230 220 215 224 239 239 219 192 238 291 56 68 35 303 283 293
189 174 167 164 175 201 219 221 218 222 233 225 209 196 178 154 184 257 273 275 276 280 272 106 98 91 84 46 34 62 35 285 276 268 260 255 250 233 233 261 294 339 23 61 90 101 125 230 283 32 55 49 24 339 268 215 199 206 79 74 65 92 178 225 258 276 299 12 35 357 343 143 157 154 207 237 236 236 239 242 240 227 228 241 246 233 217 220 252 269 22 56 19 331 295 292
193 183 178 175 204 247 249 261 288 305 327 326 182 193 191 169 310 285 269 260 247 242 275 33 65 73 64 26 29 50 16 313 280 266 256 256 261 269 281 278 278 301 44 60 67 76 72 289 280 32 51 38 24 29 148 189 209 231 108 81 70 65 25 290 273 275 292 8 28 14 27 81 121 126 239 259 257 255 254 252 247 243 256 254 238 227 227 222 232 236 200 101 28 328 258 213
188 197 201 209 234 257 267 273 279 288 343 87 129 209 226 250 298 297 278 262 248 252 269 339 60 66 53 27 28 41 12 326 274 264 261 265 272 281 285 277 267 281 8 33 61 70 57 329 284 24 44 18 24 43 49 353 327 310 70 82 68 47 9 327 290 278 278 346 35 35 53 74 90 80 297 278 273 269 265 261 256 257 266 254 229 229 227 202 210 218 199 170 7 339 231 223
175 189 197 211 226 244 276 272 239 229 192 114 80 221 220 235 253 277 296 289 276 269 263 254 81 62 40 35 51 69 69 225 247 263 274 278 283 284 264 259 257 282 343 29 75 76 56 359 300 92 335 329 3 26 18 358 356 7 51 77 65 45 4 325 309 286 259 221 71 58 62 68 63 23 315 290 282 277 272 270 268 266 263 240 221 227 218 196 206 218 222 274 341 17 72 203
69 108 179 231 243 252 261 244 213 225 209 165 36 62 193 235 245 258 274 284 290 287 286 320 10 22 29 46 58 66 82 84 275 276 281 281 281 286 263 249 238 249 283 97 116 100 67 37 42 107 247 277 309 13 11 358 11 39 52 43 29 19 354 326 321 307 258 238 322 29 46 56 45 2 316 293 285 278 271 267 262 258 249 216 207 219 213 203 209 220 247 269 301 65 91 136
22 50 16 294 268 255 239 228 276 285 260 289 13 62 98 237 238 241 242 257 284 299 313 337 356 10 33 50 51 53 52 348 315 296 287 279 269 269 308 219 209 224 205 140 146 148 116 74 73 101 214 241 226 202 309 329 26 44 29 15 9 7 358 345 341 345 316 296 329 7 31 47 38 358 314 291 282 273 262 253 244 240 233 203 198 214 211 203 208 225 256 252 218 136 114 128
309 43 15 324 284 256 236 243 265 280 269 282 5 72 78 227 236 232 230 250 277 291 299 317 352 27 46 51 51 56 48 323 310 298 284 270 250 248 340 105 182 229 198 134 143 182 207 178 144 132 163 207 207 207 210 207 197 196 359 1 3 5 4 2 6 17 3 325 332 4 24 36 26 1 331 304 290 276 260 246 236 236 231 201 194 207 207 201 213 234 249 229 195 165 146 154
198 158 171 252 276 266 251 249 242 228 237 256 238 85 75 25 252 210 222 249 272 281 266 265 289 47 49 53 57 64 52 312 290 278 266 247 230 238 255 70 31 261 182 124 123 206 216 172 160 155 167 197 205 202 195 187 187 191 197 211 246 326 356 4 11 16 3 343 343 3 16 23 15 3 348 328 311 293 264 243 233 236 229 196 189 203 207 206 221 233 228 202 187 180 178 184
159 160 209 257 276 266 240 238 232 227 235 242 204 108 84 49 85 123 235 261 270 272 255 253 245 236 53 63 69 72 61 320 283 271 260 239 233 247 254 55 39 130 147 120 105 214 193 150 150 156 176 214 214 188 175 171 180 191 210 232 244 247 255 276 325 4 359 351 353 4 11 14 10 5 358 349 341 334 310 275 255 253 245 195 188 209 216 218 227 231 211 172 178 198 208 210
36 34 320 285 287 229 205 226 235 233 232 227 196 144 116 129 113 53 304 278 268 263 275 267 244 222 99 86 85 81 68 327 289 279 272 262 258 259 248 174 144 146 144 123 94 162 169 138 128 124 319 296 295 337 12 39 25 308 300 282 265 237 207 193 194 214 279 329 342 351 358 3 4 4 2 359 358 357 351 338 315 293 289 107 169 219 226 226 229 234 220 150 142 248 234 236
29 26 352 293 273 112 178 243 235 226 226 219 196 168 147 349 305 324 309 283 263 254 269 265 232 218 136 88 73 69 55 331 283 279 287 298 290 269 238 152 143 148 150 138 95 116 153 145 94 337 329 316 302 306 348 33 9 327 318 309 297 208 172 171 198 231 244 238 244 277 304 330 349 2 6 6 6 6 0 350 334 316 328 47 74 253 251 240 235 246 261 308 348 347 273 243
32 34 22 300 211 118 0 296 213 220 235 230 212 204 262 317 320 313 297 274 254 247 252 244 226 226 185 55 39 49 46 17 263 271 295 317 317 287 219 136 130 137 148 157 118 118 150 187 299 321 329 324 272 230 201 183 346 324 295 292 322 28 74 99 237 248 233 216 216 221 221 229 238 279 341 350 0 9 7 357 340 322 344 41 45 340 310 277 242 263 291 321 347 10 18 175
39 43 45 46 227 274 338 62 147 246 246 233 230 249 277 296 311 310 289 269 253 255 269 286 305 304 295 322 18 52 53 48 323 277 285 300 313 277 158 130 128 135 150 174 125 100 113 277 303 316 330 24 131 160 217 273 315 341 302 285 307 31 54 49 1 269 230 232 255 264 260 269 281 304 319 316 330 15 16 5 345 323 348 38 32 358 351 5 310 284 289 309 347 89 122 127
42 47 49 42 3 287 240 66 13 313 240 227 247 265 276 282 292 295 279 269 263 273 293 322 342 349 342 325 24 64 56 45 4 295 274 249 206 183 149 129 130 138 160 198 172 67 12 322 321 335 11 99 133 322 321 308 315 351 336 297 293 51 56 35 8 336 270 283 311 334 338 332 333 336 345 355 183 226 356 7 350 322 340 23 15 359 359 8 352 313 287 252 138 141 151 147
42 49 43 31 19 359 236 291 349 22 9 273 275 281 283 281 284 304 304 296 290 290 300 321 343 2 6 359 33 57 48 38 13 326 292 235 188 188 148 116 111 105 93 275 274 346 345 326 330 28 91 91 348 304 312 311 310 347 342 299 244 88 27 6 2 2 320 299 310 332 339 336 336 338 0 42 62 289 304 2 355 319 325 357 1 356 1 11 6 348 221 169 135 122 138 168
37 38 29 29 32 31 346 287 295 13 2 339 314 304 294 285 282 306 318 317 314 306 309 326 342 359 6 10 26 41 39 32 16 352 346 16 51 148 130 93 63 21 1 348 320 318 334 331 349 95 112 18 338 317 303 290 265 281 335 252 198 246 339 352 358 2 339 311 308 325 332 330 332 334 4 40 31 354 309 347 336 311 319 346 354 347 355 6 18 56 140 165 150 114 78 345
21 24 38 46 37 29 12 320 276 299 339 5 7 349 314 302 300 303 308 311 314 308 307 337 352 343 356 17 36 44 40 30 18 5 8 27 41 41 46 33 2 340 353 16 2 318 328 6 90 97 68 302 318 328 314 283 251 249 218 30 354 331 335 348 355 359 341 316 305 316 322 319 321 327 359 33 30 32 44 342 300 289 291 3 17 331 328 322 65 95 116 154 170 104 10 353
158 164 168 51 14 24 27 6 307 281 284 341 2 12 351 309 314 311 304 300 303 297 275 295 339 341 1 42 63 58 41 26 15 7 14 33 42 20 6 3 355 342 345 19 359 332 337 55 93 70 354 308 291 299 315 310 291 221 237 314 343 350 359 18 42 0 327 309 290 295 310 310 302 303 340 33 38 45 43 22 307 249 225 204 293 314 345 112 141 120 102 61 331 343 346 345
124 124 208 291 340 24 33 23 359 303 275 291 340 30 14 321 318 323 316 305 305 304 264 276 315 347 25 56 61 48 31 15 7 3 22 48 46 4 350 355 4 22 16 322 339 346 22 68 69 356 332 316 270 259 266 253 166 134 259 281 310 357 36 63 79 20 312 313 297 292 302 312 304 293 304 23 41 51 49 52 80 209 228 241 261 269 88 106 125 123 50 344 340 350 346 336
95 18 328 309 331 20 29 28 23 349 304 287 296 11 358 335 327 330 329 320 322 341 298 284 304 350 32 46 41 38 37 10 3 11 47 62 46 8 348 350 20 46 11 311 314 347 39 56 41 16 243 235 255 243 213 187 175 157 272 262 240 183 130 106 91 341 308 321 317 305 302 315 323 311 299 3 48 63 65 72 89 278 301 286 240 214 164 114 83 33 358 344 342 349 347 339
