data/handson/Instances_Belgium/Case4_Maasmechelen/saz.asc
ncols         601
nrows         601
xllcorner     734418.5234000001
yllcorner     683086.1043
cellsize      10.0
NODATA_value  -9999.0
[rows 322 to 367 of 601, columns 192 to 287 of 601]
102 92 57 9 19 85 101 91 76 57 43 44 50 57 4 246 190 148 147 133 113 109 186 211 204 211 180 122 127 160 87 60 6 305 277 280 302 306 266 201 192 226 321 104 187 227 243 223 212 249 305 307 287 297 310 313 335 9 22 331 319 322 288 290 302 307 308 305 307 314 341 39 11 312 337 13 353 300 310 114 155 210 240 313 26 54 58 40 330 299 317 1 341 280 326 43
93 73 25 7 16 39 58 76 91 98 92 96 111 28 358 358 117 114 110 95 62 40 20 348 294 231 173 133 134 224 346 27 352 321 303 294 295 293 180 172 187 213 223 118 343 289 282 261 240 267 290 302 294 281 271 274 291 58 74 303 279 309 323 314 303 291 277 289 314 332 355 29 0 312 328 19 13 299 156 115 134 259 285 303 57 66 42 11 352 333 327 42 44 239 193 157
57 16 0 2 14 31 48 64 67 57 57 77 123 277 327 75 129 119 66 46 42 35 14 344 2 73 131 121 105 292 303 335 334 322 316 301 272 158 146 153 188 233 243 263 318 312 313 3 284 274 278 287 293 274 255 254 236 138 101 285 274 291 315 325 317 301 278 278 289 323 7 33 359 299 301 47 58 91 127 108 92 272 268 205 158 133 32 338 349 13 82 104 87 110 155 188
16 3 4 15 28 31 40 47 38 27 31 49 55 262 190 129 151 186 356 36 59 40 3 342 16 61 72 47 353 319 310 316 320 317 324 319 184 162 157 161 260 270 262 270 297 306 323 10 323 282 267 262 274 269 256 241 212 182 163 303 292 292 304 323 322 316 302 276 250 248 338 52 43 257 217 150 128 116 93 76 17 263 213 172 168 175 187 205 194 159 151 154 147 86 8 343
351 1 14 32 37 25 26 30 25 26 40 52 43 6 104 104 125 262 290 62 78 17 350 350 11 34 25 4 349 336 321 310 304 301 326 70 128 163 201 270 305 299 284 282 289 291 296 5 338 290 258 252 269 253 216 209 205 216 245 271 283 282 285 305 309 302 305 269 228 238 249 101 112 194 186 167 166 178 156 115 95 169 170 160 164 176 189 201 195 178 171 179 278 292 302 327
346 0 20 35 32 24 22 18 21 37 54 44 25 22 52 55 17 322 253 118 86 328 338 350 2 12 359 345 347 348 341 323 289 273 263 90 83 14 317 312 316 317 311 301 292 273 232 259 326 304 249 253 274 164 173 197 222 239 242 244 261 263 254 257 286 283 278 218 218 236 221 146 132 163 172 169 171 176 173 164 159 161 158 149 152 174 200 218 215 224 292 326 346 359 185 198
8 359 16 35 34 36 32 13 34 62 65 24 18 42 50 23 13 27 80 61 351 321 325 345 356 0 343 328 338 354 2 4 314 276 259 81 49 349 323 312 310 313 313 312 318 335 278 282 309 344 273 265 264 118 147 224 262 260 245 250 271 267 247 249 267 267 245 162 215 236 211 162 141 148 159 165 164 161 164 167 169 173 168 149 133 167 244 248 246 260 277 287 358 93 135 202
32 16 42 62 60 60 53 63 109 94 69 29 51 67 52 40 78 65 20 350 347 342 333 336 344 348 339 324 336 24 77 0 330 311 319 44 35 347 318 298 283 278 276 292 322 351 343 318 313 358 339 286 236 124 119 278 294 291 258 268 292 296 250 247 254 253 236 133 264 233 198 170 148 140 149 161 161 151 153 167 143 115 154 133 14 355 323 288 266 251 237 217 175 128 112 219
49 57 108 107 89 78 72 87 111 99 51 47 101 73 40 44 38 349 331 325 339 3 354 307 308 316 316 304 343 87 108 275 302 312 338 40 32 359 329 297 265 262 272 279 291 327 345 339 314 321 338 285 184 143 259 277 279 277 256 265 272 248 204 240 251 251 241 230 18 161 174 175 154 128 130 147 159 154 199 297 342 44 67 331 329 344 328 295 269 231 200 182 173 161 127 199
57 79 122 135 105 86 81 80 77 44 31 57 99 357 4 17 9 357 343 325 332 63 105 229 225 215 213 215 184 125 89 280 273 279 312 29 24 13 0 325 263 272 290 280 256 266 320 16 158 194 196 177 175 175 254 256 231 210 245 251 230 190 197 239 256 256 243 248 35 95 134 169 151 111 81 59 42 7 334 307 325 66 59 356 230 200 217 234 233 208 181 162 164 175 189 235
66 81 98 125 99 77 71 70 59 20 37 62 50 314 318 348 2 12 14 1 74 86 70 192 202 195 201 210 200 173 328 295 273 277 300 354 16 27 28 15 319 293 299 297 257 258 261 113 131 183 194 174 186 228 281 255 221 228 252 242 214 201 238 263 264 259 248 276 1 54 63 56 84 49 25 20 13 2 352 337 0 63 51 44 52 171 215 229 219 193 178 167 105 116 200 262
74 75 64 36 37 48 50 63 65 26 47 47 17 343 298 266 94 109 136 171 151 41 19 16 18 10 275 264 262 293 320 312 295 292 310 349 20 31 23 8 345 319 310 324 312 267 212 148 131 222 263 52 282 288 311 328 256 257 262 240 221 247 296 294 274 260 260 290 341 28 34 22 12 1 4 10 11 9 8 6 24 47 40 22 16 25 36 229 211 205 224 289 40 82 220 266
75 72 57 44 42 27 51 67 59 23 355 355 7 28 70 172 144 116 131 232 267 303 353 30 34 20 344 305 292 298 307 311 303 296 309 1 23 20 9 355 344 329 313 317 336 226 178 170 304 304 304 358 331 300 306 6 340 285 269 256 264 276 290 308 312 306 288 287 312 26 31 21 8 351 354 8 16 21 19 16 17 20 12 357 7 31 43 41 215 242 272 287 79 89 228 267
75 78 72 61 48 48 87 67 35 12 356 340 13 59 68 45 63 62 25 333 306 274 205 106 32 18 355 318 285 275 273 288 300 296 301 352 16 25 27 1 321 280 250 251 248 122 167 246 322 336 327 338 336 312 279 332 345 316 273 296 314 294 271 284 325 340 322 291 270 7 17 13 7 359 4 22 25 4 4 10 13 15 10 357 8 34 42 43 45 263 266 218 149 114 267 268
73 74 65 45 38 56 84 26 9 10 7 1 28 53 43 15 7 11 5 359 3 60 175 256 330 6 4 345 306 285 278 283 291 289 284 314 13 48 60 72 170 209 228 233 190 112 290 283 300 359 12 324 334 348 309 296 325 350 321 303 313 318 287 286 309 343 348 317 271 294 338 358 9 18 25 31 4 327 342 6 19 26 19 3 17 44 47 47 39 322 280 142 139 115 307 281
69 60 41 27 32 49 43 336 350 9 11 2 15 30 23 8 0 354 2 18 39 44 4 317 321 0 7 357 330 311 301 290 285 275 257 256 3 72 71 83 144 210 244 224 194 167 338 306 268 252 349 321 331 3 352 313 300 329 335 321 307 318 318 302 302 337 355 342 312 302 321 353 12 15 16 19 1 330 340 30 68 49 20 16 42 54 45 42 33 12 19 88 84 13 319 298
68 44 25 23 32 41 16 328 337 9 10 355 3 19 17 9 357 346 4 38 49 24 355 336 335 0 2 356 340 321 310 297 286 271 250 249 237 85 73 80 108 236 244 184 243 286 319 340 261 279 319 322 330 0 0 347 323 313 326 340 325 310 314 309 303 326 344 342 327 306 307 3 5 344 356 14 4 340 2 59 65 1 0 34 47 30 22 29 34 38 48 42 7 339 316 307
62 19 12 20 26 24 5 340 340 8 7 353 0 18 14 359 352 346 11 46 43 21 3 349 335 339 351 358 353 337 321 304 292 281 266 261 245 88 71 73 67 275 231 267 320 305 297 352 338 311 322 333 334 345 348 346 341 329 322 339 337 319 307 300 300 320 291 309 328 320 273 311 347 345 348 10 359 342 13 47 31 7 10 33 17 356 8 31 48 50 42 21 359 343 311 306
21 351 1 23 22 9 0 354 355 5 3 355 4 21 6 335 339 352 34 57 47 31 18 2 329 315 334 0 4 354 335 312 301 297 288 278 275 63 68 65 47 22 290 286 309 319 290 313 323 311 320 348 347 333 332 331 338 349 341 326 331 332 321 302 294 0 317 296 313 1 337 299 324 10 21 343 343 344 3 24 22 29 40 22 338 319 5 55 61 48 29 11 0 353 308 292
6 353 2 26 16 3 356 353 358 8 6 354 3 21 10 333 301 142 112 86 62 41 22 2 332 307 314 2 16 8 340 309 307 312 307 299 316 35 66 46 24 17 351 307 295 305 281 300 317 313 310 338 342 333 334 332 325 342 341 327 321 328 336 330 288 320 332 313 290 342 346 325 318 15 6 340 343 357 7 8 26 49 54 52 265 246 181 93 58 34 20 8 5 10 323 281
12 15 16 7 3 3 352 339 353 16 14 351 0 26 27 30 91 127 113 85 56 32 11 354 326 297 286 12 47 39 331 289 284 280 268 270 287 83 100 1 6 20 9 337 304 306 297 291 299 309 308 314 325 327 340 7 358 315 326 335 325 317 335 9 343 303 317 337 302 296 322 345 349 344 341 328 339 30 39 0 45 64 58 62 86 201 187 145 31 26 20 11 18 32 2 306
21 21 11 355 357 6 355 334 347 18 17 2 10 34 36 41 41 25 27 39 36 17 9 10 313 259 232 177 155 154 273 259 234 206 207 223 212 144 154 229 274 8 7 3 347 322 317 294 269 276 301 307 307 310 331 15 1 328 325 339 335 322 330 5 356 324 285 303 324 298 267 250 333 319 326 299 180 150 131 182 128 75 49 51 52 44 211 279 353 29 34 40 64 9 353 340
36 23 5 350 356 13 3 332 341 14 21 25 34 25 21 34 48 21 32 54 49 13 17 43 40 273 235 181 171 285 299 257 199 175 201 228 213 159 166 231 244 277 344 29 31 312 316 311 266 270 283 290 285 288 308 352 350 330 328 336 338 331 327 339 355 11 344 295 314 327 218 233 269 280 279 119 148 177 185 169 155 32 44 57 51 38 6 310 325 40 52 60 22 308 326 348
59 7 352 352 2 25 13 328 334 12 28 35 25 357 14 54 109 166 163 116 94 340 9 38 22 348 327 342 351 351 353 7 144 139 281 247 208 174 194 249 248 259 286 54 37 311 300 315 299 278 265 254 252 266 289 331 330 312 318 330 334 333 331 330 346 14 359 329 318 27 69 255 248 223 181 130 78 94 191 243 344 19 109 81 47 30 12 342 323 63 52 35 0 320 297 332
53 332 336 357 17 35 18 333 335 10 28 33 5 324 30 80 97 152 185 147 17 314 332 13 12 3 346 332 347 9 31 53 60 330 337 275 192 205 249 257 250 256 257 52 18 332 317 319 313 291 267 256 260 269 280 328 334 310 310 326 335 333 329 334 332 331 345 358 36 69 20 292 229 195 191 216 13 62 126 286 337 52 94 64 18 21 20 27 59 48 354 344 352 359 81 148
31 336 332 2 22 29 12 345 346 12 26 30 15 315 132 101 79 66 187 273 333 332 339 7 12 4 344 325 346 36 71 73 34 332 344 64 149 252 262 258 255 259 256 304 347 338 338 341 328 307 295 293 289 281 278 311 336 329 317 321 340 358 343 300 328 326 208 147 142 43 2 6 181 198 242 268 309 60 352 301 332 46 51 12 4 21 31 48 53 9 329 316 344 43 81 83
18 348 340 8 17 18 7 350 357 19 29 28 35 71 117 98 56 44 14 310 318 338 357 16 10 353 335 317 351 64 71 45 6 349 3 43 19 305 290 277 263 267 274 295 318 324 337 359 350 319 303 305 307 296 283 291 316 337 322 301 327 50 52 297 318 56 125 166 228 275 327 64 105 268 308 308 312 16 337 299 294 67 52 25 17 21 36 49 37 358 320 301 340 58 47 7
12 8 10 1 8 23 19 341 354 22 29 20 33 53 61 46 31 24 5 339 324 336 353 1 2 2 349 313 20 75 49 19 5 0 11 33 14 325 322 318 274 279 296 308 311 306 294 339 347 332 301 300 314 313 297 283 274 281 295 264 217 106 12 325 320 72 69 10 317 279 205 120 97 303 322 338 333 339 343 315 188 150 61 26 20 17 29 36 25 19 335 275 287 22 10 359
12 38 50 339 357 40 34 328 339 23 22 8 29 49 43 31 18 4 2 7 6 346 342 341 355 19 28 8 92 37 15 10 9 7 16 25 6 342 344 358 319 291 294 308 313 298 254 282 320 343 310 292 299 310 305 281 251 244 267 224 206 236 307 339 56 73 43 4 355 58 165 152 313 295 302 346 325 306 350 69 134 218 325 3 14 17 46 33 33 53 58 275 265 303 340 353
22 62 57 335 345 40 24 343 335 9 12 14 40 49 37 30 15 350 1 26 23 339 341 348 7 42 51 32 342 336 355 10 16 18 13 358 352 348 352 3 348 314 290 278 260 258 276 282 295 329 322 292 268 262 280 275 256 256 264 184 214 237 229 210 157 65 35 9 31 93 153 239 315 301 246 200 258 272 286 74 44 321 333 7 32 75 146 182 125 77 47 315 256 263 287 115
37 71 54 343 341 17 12 1 351 344 3 31 46 33 26 32 17 340 358 37 23 318 326 8 46 63 58 28 310 295 321 27 39 39 9 325 332 342 353 7 3 342 297 263 285 298 294 285 283 299 317 298 249 250 266 268 257 253 239 161 190 231 222 229 234 146 28 22 70 84 70 288 305 342 179 212 265 258 217 114 356 308 321 39 69 84 99 216 220 89 35 26 232 240 212 146
53 71 44 341 335 353 2 10 7 349 4 38 38 15 18 33 18 336 357 42 29 317 255 136 82 72 56 30 320 252 207 169 97 58 359 305 305 319 348 87 74 344 259 292 321 331 315 293 279 279 291 286 254 261 267 263 251 238 214 193 252 278 270 253 229 226 345 51 99 57 2 321 304 86 140 260 294 244 191 184 230 248 213 145 108 74 36 6 345 64 48 87 167 208 187 159
52 54 22 334 327 332 353 22 22 4 16 42 30 5 17 38 19 336 356 51 46 36 168 191 63 59 46 44 104 162 181 196 195 173 321 297 293 4 116 123 152 288 307 302 308 333 332 304 279 271 271 273 273 267 260 244 227 215 211 227 259 272 271 233 217 233 229 121 138 289 333 342 104 93 18 299 310 81 142 216 252 235 200 171 150 8 14 35 58 47 59 87 110 162 175 173
25 32 12 331 329 332 347 31 23 22 41 43 23 12 29 37 15 352 32 75 64 51 29 339 0 38 48 83 128 143 163 184 192 206 255 287 297 0 21 22 355 327 334 333 297 289 322 314 283 270 263 276 296 273 244 222 214 213 227 243 247 234 213 199 214 222 198 163 170 224 213 182 175 329 346 331 329 41 15 342 332 329 249 255 322 318 15 62 62 37 58 77 79 88 120 160
344 33 13 322 317 14 52 341 11 41 48 20 15 32 39 9 9 27 67 69 46 25 7 349 1 28 50 72 88 91 84 114 202 251 271 282 281 312 4 21 349 314 329 25 71 265 285 298 276 267 263 271 289 274 237 231 234 236 243 251 251 232 217 228 238 201 186 184 188 191 189 189 214 260 304 355 38 341 350 353 0 19 13 324 318 316 52 69 53 34 52 66 59 52 54 67
274 33 13 336 202 179 327 317 357 43 33 16 23 41 30 354 10 44 54 32 17 15 9 355 2 19 39 48 39 20 16 21 356 311 294 288 256 233 228 352 336 301 258 105 76 272 245 228 251 264 267 266 260 262 274 277 276 263 247 260 278 304 316 307 321 92 150 172 175 174 184 201 229 243 231 186 196 276 321 7 52 56 20 340 250 258 32 56 41 32 45 52 46 48 60 59
239 269 13 64 146 236 288 307 328 28 24 29 42 42 22 357 20 52 34 358 4 22 20 4 5 22 40 42 22 0 4 14 5 341 325 331 219 221 239 281 324 337 350 54 10 341 281 256 257 264 271 277 283 291 302 303 295 268 245 258 266 273 283 291 355 76 89 116 141 150 187 238 266 258 229 219 274 277 268 104 101 34 7 36 253 268 296 32 33 37 48 49 48 59 67 43
216 247 336 66 57 293 292 300 261 334 19 45 53 32 16 18 54 47 15 355 6 33 29 37 92 129 130 104 33 319 348 22 16 351 350 32 73 266 280 291 314 347 359 1 2 5 2 346 272 265 273 293 315 320 325 330 309 191 235 247 239 216 206 217 209 98 73 80 92 70 320 301 313 322 287 293 322 311 200 169 143 319 352 33 14 304 297 3 32 51 63 62 64 72 67 11
170 259 284 58 33 312 295 322 279 288 357 60 61 11 17 46 53 359 358 17 31 27 42 69 88 106 124 117 274 281 301 35 26 351 4 43 30 335 313 305 309 328 347 0 7 14 20 25 357 298 285 292 310 324 338 27 86 115 265 257 239 208 210 232 237 253 45 53 36 357 322 305 317 354 332 293 314 63 129 214 283 297 312 52 26 317 299 334 35 61 67 59 59 60 36 344
38 280 283 51 29 321 286 321 329 299 345 77 72 354 19 49 29 0 1 28 30 36 74 74 58 47 40 25 338 295 277 32 18 353 2 21 7 350 337 324 319 325 335 350 5 19 25 22 4 337 307 294 303 323 72 110 108 5 324 302 288 286 269 264 258 285 356 20 11 0 327 298 301 5 354 282 228 115 53 320 315 313 180 155 151 284 284 305 32 61 56 35 31 31 11 347
29 289 276 41 24 347 289 301 329 317 49 81 58 355 340 20 18 24 32 19 29 55 75 59 38 36 30 13 353 324 285 312 350 352 343 343 350 353 347 336 332 335 334 336 356 20 22 10 3 358 336 306 306 14 98 98 6 316 311 309 314 331 288 276 278 281 289 337 2 15 347 300 290 353 16 265 195 203 333 328 342 55 95 246 310 311 318 316 24 68 46 13 8 11 2 349
32 294 262 319 10 16 330 296 328 351 89 67 27 8 3 5 25 44 38 12 34 56 52 38 37 42 28 0 354 353 338 316 325 340 324 316 334 356 350 329 329 336 336 333 350 15 15 6 4 6 355 329 324 46 63 10 351 343 299 283 311 33 219 266 296 283 227 246 305 13 351 309 288 0 75 120 191 252 301 323 355 42 19 354 340 333 345 8 103 97 29 357 0 15 4 330
35 321 270 285 346 40 26 284 306 39 61 1 7 36 49 36 41 44 27 14 47 55 40 34 38 37 13 343 350 17 40 292 285 314 315 304 316 8 354 312 312 323 329 328 343 8 11 7 8 11 7 356 12 58 31 344 351 21 78 254 265 117 192 256 282 58 200 259 284 323 335 310 261 125 76 70 322 283 291 321 347 339 350 354 340 320 353 63 89 63 342 341 31 84 102 244
27 350 303 292 330 55 46 274 254 54 26 24 132 126 93 41 21 18 19 39 90 47 23 30 32 20 2 345 4 62 114 192 241 283 311 305 296 1 347 313 297 302 313 317 329 357 6 9 14 23 28 36 76 41 0 344 2 53 102 226 210 137 186 247 254 52 325 296 308 336 342 239 202 217 0 12 350 316 295 320 7 277 283 303 269 250 182 102 69 357 348 60 143 135 115 252
14 4 328 297 323 58 43 308 266 289 6 63 106 153 189 231 326 339 26 59 53 334 355 32 26 1 356 357 30 69 85 239 262 276 297 309 286 312 332 325 306 297 303 312 322 339 356 10 24 39 48 56 53 329 333 340 40 87 108 200 195 129 192 262 267 292 309 292 297 41 96 147 215 262 297 330 345 344 334 35 9 337 318 198 192 202 185 140 30 349 44 74 65 16 350 322
357 7 340 303 316 45 25 345 322 311 7 70 72 86 181 222 275 298 58 43 14 353 357 29 12 353 352 358 31 56 49 7 297 279 281 291 285 299 318 327 323 310 302 308 322 335 353 17 37 48 50 48 26 340 335 50 124 115 121 198 208 120 319 291 292 312 307 274 233 153 120 118 281 276 274 281 305 1 32 331 349 357 11 52 145 205 234 285 12 67 160 10 3 3 13 56
