data/Portillo/saz.asc
ncols 500
nrows 500
xllcorner 335983.8501
yllcorner 6142463.5042
cellsize 30
NODATA_value -9999                                                                              
[rows 231 to 251 of 500, columns 96 to 143 of 500]
266.185913085938 262.405364990234 262.405364990234 262.874969482422 262.405364990234 262.405364990234 262.874969482422 262.874969482422 262.874969482422 262.874969482422 262.874969482422 262.874969482422 262.874969482422 262.874969482422 262.874969482422 262.874969482422 266.185913085938 261.869873046875 261.253814697266 265.236328125 259.695159912109 264.289398193359 257.47119140625 260.537689208984 255.963745117188 251.565048217773 180 116.565055847168 90 99.4623260498047 90 90 90 90 90 85.6012725830078 85.6012725830078 85.6012725830078 85.9143829345703 81.8698883056641 85.6012725830078 80.5376739501953 80.5376739501953 79.6951522827148 78.690071105957 84.2894134521484 78.690071105957 77.47119140625
266.185913085938 261.869873046875 266.185913085938 262.874969482422 262.405364990234 266.185913085938 262.874969482422 262.874969482422 262.874969482422 262.874969482422 262.874969482422 262.874969482422 262.874969482422 262.874969482422 262.874969482422 262.874969482422 262.405364990234 261.869873046875 261.869873046875 265.236328125 264.805541992188 264.289398193359 262.874969482422 254.054611206055 258.690063476563 243.434951782227 180 90 104.036247253418 90 90 90 90 90 90 90 85.6012725830078 90 85.6012725830078 85.6012725830078 85.6012725830078 85.2363433837891 85.2363433837891 84.8055572509766 84.8055572509766 84.2894134521484 83.6598052978516 77.47119140625
261.869873046875 266.185913085938 266.185913085938 266.185913085938 262.874969482422 266.185913085938 266.185913085938 266.423675537109 262.874969482422 262.874969482422 262.874969482422 262.874969482422 266.423675537109 266.423675537109 266.423675537109 266.423675537109 266.185913085938 265.914367675781 265.914367675781 261.253814697266 264.805541992188 264.289398193359 262.874969482422 260.537689208984 258.690063476563 251.565048217773 270 116.565055847168 104.036247253418 90 98.1301116943359 90 90 90 90 90 90 90 85.6012725830078 90 85.6012725830078 90 90 84.8055572509766 90 84.2894134521484 83.6598052978516 82.8749771118164
266.185913085938 266.185913085938 266.185913085938 266.185913085938 266.185913085938 266.423675537109 266.423675537109 266.185913085938 266.185913085938 266.423675537109 266.423675537109 266.633544921875 266.633544921875 266.423675537109 270 266.423675537109 266.185913085938 270 270 265.236328125 265.236328125 264.289398193359 262.874969482422 270 258.690063476563 251.565048217773 180 116.565055847168 90 99.4623260498047 98.1301116943359 97.1250228881836 90 95.1944427490234 90 90 94.3987274169922 90 94.3987274169922 90 90 90 90 84.8055572509766 90 90 83.6598052978516 83.6598052978516
270 266.185913085938 270 266.185913085938 270 266.185913085938 266.185913085938 266.423675537109 270 270 270 270 266.423675537109 266.633544921875 266.423675537109 266.185913085938 266.423675537109 266.185913085938 265.601257324219 270 270 264.289398193359 263.659790039063 260.537689208984 255.963745117188 251.565048217773 225 90 104.036247253418 99.4623260498047 90 97.1250228881836 95.7105865478516 95.1944427490234 95.1944427490234 94.3987274169922 94.3987274169922 90 94.3987274169922 90 94.3987274169922 90 90 95.1944427490234 90 90 90 90
270 270 270 270 270 266.185913085938 270 270 270 270 270 270 270 270 266.423675537109 270 270 265.914367675781 265.914367675781 265.601257324219 264.805541992188 270 262.874969482422 261.869873046875 270 270 225 116.565055847168 104.036247253418 101.309928894043 98.1301116943359 96.3401947021484 95.7105865478516 95.1944427490234 94.7636566162109 94.7636566162109 94.7636566162109 94.3987274169922 94.3987274169922 94.3987274169922 90 94.7636566162109 94.7636566162109 95.1944427490234 90 90 96.3401947021484 96.3401947021484
270 273.814086914063 270 270 270 273.814086914063 270 270 270 270 270 270 270 270 270 270 270 270 270 265.236328125 265.236328125 264.289398193359 270 270 258.690063476563 243.434951782227 180 135 104.036247253418 99.4623260498047 98.1301116943359 97.1250228881836 95.7105865478516 95.1944427490234 95.1944427490234 94.3987274169922 94.3987274169922 98.7461700439453 94.3987274169922 99.4623260498047 94.3987274169922 94.3987274169922 95.1944427490234 95.7105865478516 95.7105865478516 95.7105865478516 96.3401947021484 97.1250228881836
273.814086914063 273.814086914063 270 273.814086914063 270 273.814086914063 270 270 270 270 270 270 270 270 270 270 266.185913085938 270 270 270 270 264.289398193359 263.659790039063 260.537689208984 255.963745117188 251.565048217773 225 116.565055847168 104.036247253418 101.309928894043 98.1301116943359 96.3401947021484 101.309928894043 95.1944427490234 99.4623260498047 99.4623260498047 94.3987274169922 98.7461700439453 94.3987274169922 98.7461700439453 99.4623260498047 94.7636566162109 94.7636566162109 100.304847717285 101.309928894043 102.52880859375 96.3401947021484 97.1250228881836
273.814086914063 270 273.814086914063 273.814086914063 270 270 273.814086914063 270 270 270 270 270 270 270 270 270 266.185913085938 270 265.601257324219 270 270 270 262.874969482422 261.869873046875 258.690063476563 243.434951782227 180 153.434951782227 104.036247253418 108.434944152832 105.94539642334 102.52880859375 101.309928894043 100.304847717285 99.4623260498047 99.4623260498047 98.7461700439453 98.7461700439453 98.7461700439453 98.7461700439453 99.4623260498047 99.4623260498047 99.4623260498047 100.304847717285 101.309928894043 102.52880859375 104.036247253418 97.1250228881836
270 273.814086914063 273.814086914063 270 273.814086914063 270 273.814086914063 273.814086914063 270 270 270 270 270 270 270 270 270 265.914367675781 265.601257324219 270 264.805541992188 263.659790039063 270 260.537689208984 255.963745117188 251.565048217773 180 116.565055847168 116.565055847168 99.4623260498047 105.94539642334 102.52880859375 101.309928894043 100.304847717285 99.4623260498047 99.4623260498047 98.7461700439453 98.7461700439453 102.994613647461 98.7461700439453 104.036247253418 104.036247253418 104.036247253418 100.304847717285 101.309928894043 102.52880859375 104.036247253418 104.036247253418
273.814086914063 273.814086914063 270 273.814086914063 273.814086914063 273.814086914063 270 273.814086914063 273.814086914063 270 270 270 270 270 270 270 270 265.914367675781 270 265.236328125 264.289398193359 264.289398193359 262.874969482422 260.537689208984 258.690063476563 243.434951782227 180 116.565055847168 116.565055847168 99.4623260498047 104.036247253418 102.52880859375 101.309928894043 100.304847717285 99.4623260498047 99.4623260498047 102.994613647461 98.1301116943359 102.994613647461 102.994613647461 102.994613647461 104.036247253418 105.25511932373 101.309928894043 101.309928894043 102.52880859375 110.556045532227 110.556045532227
278.130126953125 274.085632324219 273.814086914063 273.814086914063 273.814086914063 273.814086914063 273.814086914063 270 273.814086914063 273.814086914063 270 270 270 270 270 270 270 270 270 265.236328125 264.805541992188 263.659790039063 262.874969482422 260.537689208984 255.963745117188 225 180 135 116.565055847168 108.434944152832 104.036247253418 102.52880859375 101.309928894043 105.25511932373 99.4623260498047 102.994613647461 102.994613647461 102.994613647461 98.1301116943359 102.994613647461 99.4623260498047 104.036247253418 100.304847717285 106.699249267578 106.699249267578 106.699249267578 108.434944152832 113.198585510254
273.814086914063 274.085632324219 274.085632324219 273.814086914063 273.814086914063 270 273.814086914063 270 270 273.814086914063 273.814086914063 270 270 270 270 266.185913085938 270 270 265.601257324219 264.805541992188 264.289398193359 264.289398193359 262.874969482422 251.565048217773 255.963745117188 225 180 123.690063476563 116.565055847168 116.565055847168 104.036247253418 102.52880859375 100.304847717285 105.25511932373 104.036247253418 102.994613647461 102.994613647461 102.994613647461 102.994613647461 102.994613647461 102.994613647461 104.036247253418 105.25511932373 105.25511932373 106.699249267578 108.434944152832 104.036247253418 105.94539642334
274.085632324219 274.085632324219 273.814086914063 273.814086914063 270 273.814086914063 270 273.814086914063 270 270 273.814086914063 270 270 270 270 266.185913085938 266.185913085938 265.601257324219 265.236328125 265.236328125 264.805541992188 263.659790039063 254.054611206055 251.565048217773 243.434951782227 225 180 123.690063476563 111.801406860352 116.565055847168 105.94539642334 108.434944152832 105.25511932373 99.4623260498047 104.036247253418 102.994613647461 102.994613647461 102.994613647461 105.94539642334 102.994613647461 108.434944152832 104.036247253418 109.983108520508 106.699249267578 106.699249267578 108.434944152832 110.556045532227 110.556045532227
274.085632324219 274.085632324219 274.085632324219 274.085632324219 273.814086914063 273.814086914063 270 273.814086914063 270 270 270 270 270 270 266.185913085938 270 265.914367675781 265.914367675781 265.601257324219 264.805541992188 264.289398193359 257.47119140625 254.054611206055 251.565048217773 243.434951782227 225 180 123.690063476563 111.801406860352 108.434944152832 110.556045532227 106.699249267578 106.699249267578 105.25511932373 102.994613647461 102.994613647461 102.994613647461 105.94539642334 102.994613647461 102.994613647461 102.994613647461 108.434944152832 105.25511932373 111.801406860352 111.801406860352 108.434944152832 110.556045532227 113.198585510254
274.085632324219 274.085632324219 273.814086914063 273.814086914063 274.085632324219 270 273.814086914063 270 270 270 266.185913085938 270 270 266.185913085938 266.185913085938 266.185913085938 265.914367675781 265.601257324219 260.537689208984 260.537689208984 264.289398193359 255.963745117188 254.054611206055 251.565048217773 243.434951782227 206.565048217773 180 146.309936523438 120.963760375977 113.198585510254 110.556045532227 108.434944152832 105.25511932373 108.434944152832 108.434944152832 102.994613647461 105.94539642334 102.994613647461 102.994613647461 107.102729797363 102.994613647461 104.036247253418 105.25511932373 105.25511932373 108.434944152832 110.556045532227 110.556045532227 110.556045532227
274.085632324219 274.085632324219 274.085632324219 270 270 270 273.814086914063 270 270 270 266.185913085938 270 266.185913085938 266.185913085938 266.185913085938 265.914367675781 265.914367675781 261.253814697266 265.236328125 260.537689208984 258.690063476563 255.963745117188 254.054611206055 251.565048217773 233.130096435547 198.434951782227 153.434951782227 135 120.963760375977 116.565055847168 110.556045532227 111.801406860352 109.983108520508 104.036247253418 108.434944152832 107.102729797363 102.994613647461 102.994613647461 105.94539642334 102.994613647461 108.434944152832 104.036247253418 109.983108520508 106.699249267578 106.699249267578 108.434944152832 110.556045532227 113.198585510254
274.398742675781 274.085632324219 270 270 270 270 270 270 270 266.185913085938 270 266.185913085938 266.185913085938 266.185913085938 262.405364990234 266.185913085938 265.601257324219 261.253814697266 260.537689208984 259.695159912109 253.300750732422 255.963745117188 254.054611206055 248.198593139648 225 213.690063476563 180 135 120.963760375977 113.198585510254 113.96248626709 106.699249267578 111.801406860352 104.036247253418 102.994613647461 108.434944152832 102.994613647461 105.94539642334 107.102729797363 102.994613647461 107.102729797363 108.434944152832 105.25511932373 106.699249267578 108.434944152832 110.556045532227 110.556045532227 105.94539642334
274.085632324219 274.398742675781 274.398742675781 270 270 270 266.185913085938 270 270 266.185913085938 266.185913085938 266.185913085938 266.185913085938 261.869873046875 266.185913085938 262.405364990234 257.005401611328 260.537689208984 255.963745117188 259.695159912109 253.300750732422 251.565048217773 246.801422119141 239.036239624023 225 198.434951782227 165.963760375977 143.130096435547 128.659805297852 119.74488067627 116.565055847168 106.699249267578 109.983108520508 109.983108520508 102.994613647461 107.102729797363 107.102729797363 105.94539642334 102.994613647461 107.102729797363 102.994613647461 105.25511932373 106.699249267578 106.699249267578 106.699249267578 108.434944152832 113.198585510254 113.198585510254
270 270 274.398742675781 270 270 270 266.185913085938 266.185913085938 265.914367675781 265.914367675781 262.405364990234 266.185913085938 261.869873046875 262.405364990234 262.405364990234 257.005401611328 257.005401611328 261.253814697266 260.537689208984 254.744888305664 251.565048217773 243.434951782227 240.255126953125 231.340194702148 216.869903564453 194.036239624023 165.963760375977 143.130096435547 128.659805297852 119.74488067627 116.565055847168 111.801406860352 109.983108520508 109.983108520508 107.102729797363 102.994613647461 107.102729797363 107.102729797363 102.994613647461 107.102729797363 104.036247253418 104.036247253418 105.25511932373 111.801406860352 108.434944152832 110.556045532227 110.556045532227 113.198585510254
270 270 270 270 270 270 270 265.914367675781 265.914367675781 265.914367675781 266.185913085938 262.405364990234 261.869873046875 261.869873046875 257.905242919922 257.905242919922 261.869873046875 257.005401611328 254.744888305664 248.198593139648 246.037506103516 249.443954467773 240.255126953125 231.340194702148 216.869903564453 194.036239624023 165.963760375977 143.130096435547 128.659805297852 119.74488067627 116.565055847168 116.565055847168 109.983108520508 109.983108520508 108.434944152832 102.994613647461 105.94539642334 102.994613647461 107.102729797363 102.994613647461 108.434944152832 105.25511932373 105.25511932373 106.699249267578 108.434944152832 108.434944152832 113.198585510254 108.434944152832
