data/Portillo/saz.asc
ncols 500
nrows 500
xllcorner 335983.8501
yllcorner 6142463.5042
cellsize 30
NODATA_value -9999                                                                              
[rows 252 to 272 of 500, columns 240 to 287 of 500]
243.434951782227 248.198593139648 245.556045532227 243.434951782227 243.434951782227 241.699249267578 241.699249267578 239.743560791016 239.743560791016 239.743560791016 239.743560791016 236.309936523438 233.972625732422 231.340194702148 231.340194702148 228.366455078125 225 217.874984741211 212.005386352539 209.054611206055 212.005386352539 206.565048217773 206.565048217773 200.556045532227 203.198593139648 209.744873046875 209.744873046875 215.537673950195 225 225 229.398712158203 243.434951782227 243.434951782227 254.744888305664 254.744888305664 261.253814697266 261.869873046875 265.914367675781 270 273.814086914063 277.594635009766 280.619659423828 284.036254882813 288.434936523438 291.801422119141 295.016906738281 299.744873046875 302.735229492188
248.198593139648 245.556045532227 243.434951782227 245.556045532227 243.434951782227 243.434951782227 239.743560791016 241.699249267578 241.699249267578 239.743560791016 237.52880859375 233.972625732422 233.972625732422 231.340194702148 231.340194702148 228.366455078125 221.185928344727 217.874984741211 213.690063476563 212.005386352539 212.005386352539 206.565048217773 206.565048217773 206.565048217773 209.744873046875 209.744873046875 209.744873046875 219.805572509766 225 225 237.994613647461 240.945388793945 248.198593139648 251.565048217773 255.963745117188 261.253814697266 261.869873046875 266.185913085938 270 270 277.125030517578 276.709838867188 280.007995605469 280.619659423828 287.354034423828 287.354034423828 295.016906738281 299.744873046875
251.565048217773 240.945388793945 245.556045532227 245.556045532227 245.556045532227 243.434951782227 243.434951782227 243.434951782227 239.743560791016 239.743560791016 233.972625732422 237.52880859375 233.972625732422 231.340194702148 231.340194702148 228.366455078125 221.185928344727 216.869903564453 213.690063476563 216.869903564453 212.005386352539 206.565048217773 206.565048217773 206.565048217773 206.565048217773 206.565048217773 215.537673950195 220.601287841797 220.601287841797 229.398712158203 237.994613647461 236.309936523438 250.016891479492 251.565048217773 252.897277832031 257.905242919922 262.405364990234 266.423675537109 266.423675537109 270 273.366455078125 276.709838867188 276.709838867188 280.007995605469 283.240509033203 283.240509033203 286.389556884766 291.801422119141
246.037506103516 246.037506103516 248.198593139648 245.556045532227 245.556045532227 245.556045532227 243.434951782227 243.434951782227 243.434951782227 237.52880859375 237.52880859375 237.52880859375 231.340194702148 235.00798034668 231.340194702148 228.366455078125 221.185928344727 216.869903564453 216.869903564453 216.869903564453 212.005386352539 206.565048217773 206.565048217773 206.565048217773 206.565048217773 215.537673950195 215.537673950195 215.537673950195 225 233.130096435547 233.130096435547 243.434951782227 247.380142211914 247.380142211914 252.897277832031 258.690063476563 259.380340576172 262.874969482422 263.290161132813 266.820159912109 266.820159912109 273.179840087891 273.179840087891 276.340209960938 280.007995605469 283.240509033203 283.240509033203 287.354034423828
243.434951782227 251.565048217773 248.198593139648 248.198593139648 245.556045532227 245.556045532227 241.389541625977 243.434951782227 237.52880859375 237.52880859375 237.52880859375 235.00798034668 237.52880859375 235.00798034668 232.125015258789 228.366455078125 221.185928344727 216.869903564453 216.869903564453 216.869903564453 212.005386352539 206.565048217773 206.565048217773 209.744873046875 215.537673950195 215.537673950195 215.537673950195 225 229.398712158203 233.130096435547 236.309936523438 243.434951782227 245.556045532227 248.962493896484 255.068572998047 258.690063476563 259.380340576172 259.992004394531 263.290161132813 266.820159912109 266.987213134766 270 270 273.012786865234 276.009002685547 279.462310791016 279.462310791016 286.389556884766
251.565048217773 251.565048217773 246.037506103516 248.198593139648 248.198593139648 243.434951782227 245.556045532227 241.389541625977 241.389541625977 241.389541625977 237.52880859375 237.52880859375 235.00798034668 231.340194702148 232.125015258789 225 221.185928344727 220.601287841797 220.601287841797 220.601287841797 212.005386352539 206.565048217773 215.537673950195 215.537673950195 209.744873046875 215.537673950195 225 225 229.398712158203 233.130096435547 240.945388793945 245.556045532227 247.380142211914 252.897277832031 255.068572998047 255.963745117188 259.380340576172 259.992004394531 263.990997314453 266.987213134766 266.987213134766 266.987213134766 270 272.862396240234 273.012786865234 276.340209960938 276.009002685547 279.462310791016
255.963745117188 243.434951782227 246.037506103516 248.198593139648 248.198593139648 243.434951782227 243.434951782227 245.556045532227 245.556045532227 239.036239624023 239.036239624023 235.00798034668 235.00798034668 235.00798034668 228.366455078125 228.814071655273 228.814071655273 225 220.601287841797 215.537673950195 206.565048217773 215.537673950195 215.537673950195 209.744873046875 215.537673950195 225 220.601287841797 225 229.398712158203 236.309936523438 243.434951782227 243.434951782227 247.380142211914 254.054611206055 255.068572998047 255.963745117188 259.992004394531 263.659790039063 263.990997314453 261.027374267578 263.990997314453 264.289398193359 270 270 270 273.012786865234 276.009002685547 276.009002685547
246.801422119141 246.801422119141 251.565048217773 248.198593139648 246.037506103516 240.945388793945 245.556045532227 245.556045532227 239.036239624023 239.036239624023 239.036239624023 239.036239624023 239.036239624023 236.309936523438 232.125015258789 232.125015258789 225 216.869903564453 220.601287841797 212.005386352539 215.537673950195 215.537673950195 215.537673950195 215.537673950195 219.805572509766 215.537673950195 220.601287841797 229.398712158203 229.398712158203 236.309936523438 239.036239624023 245.556045532227 252.897277832031 254.054611206055 255.068572998047 256.759490966797 260.537689208984 260.537689208984 260.537689208984 261.027374267578 264.289398193359 267.273712158203 267.273712158203 267.137603759766 270 270 272.862396240234 273.012786865234
246.801422119141 255.963745117188 249.443954467773 246.037506103516 246.037506103516 246.037506103516 248.198593139648 243.434951782227 243.434951782227 243.434951782227 243.434951782227 239.036239624023 239.036239624023 236.309936523438 233.130096435547 228.814071655273 225 225 220.601287841797 215.537673950195 219.805572509766 215.537673950195 215.537673950195 215.537673950195 215.537673950195 215.537673950195 229.398712158203 229.398712158203 229.398712158203 240.945388793945 245.556045532227 247.380142211914 248.962493896484 250.346176147461 255.068572998047 256.759490966797 257.47119140625 257.47119140625 261.027374267578 264.289398193359 264.559692382813 267.273712158203 264.289398193359 267.273712158203 267.273712158203 270 270 272.862396240234
254.054611206055 246.801422119141 246.801422119141 251.565048217773 246.037506103516 251.565048217773 248.198593139648 248.198593139648 248.198593139648 243.434951782227 240.945388793945 240.945388793945 239.036239624023 236.309936523438 233.130096435547 233.130096435547 229.398712158203 225 220.601287841797 225 215.537673950195 213.690063476563 215.537673950195 219.805572509766 215.537673950195 225 229.398712158203 229.398712158203 237.994613647461 243.434951782227 243.434951782227 245.556045532227 248.962493896484 251.565048217773 255.963745117188 256.759490966797 257.47119140625 261.027374267578 261.46923828125 261.46923828125 264.559692382813 261.869873046875 264.559692382813 267.273712158203 267.273712158203 267.273712158203 270 272.726287841797
251.565048217773 246.801422119141 255.963745117188 255.963745117188 251.565048217773 251.565048217773 246.037506103516 248.198593139648 240.945388793945 240.945388793945 243.434951782227 240.945388793945 240.945388793945 236.309936523438 233.130096435547 233.130096435547 229.398712158203 225 225 219.805572509766 215.537673950195 219.805572509766 219.805572509766 219.805572509766 219.805572509766 225 234.462326049805 233.130096435547 237.994613647461 240.945388793945 245.556045532227 247.380142211914 252.897277832031 255.068572998047 255.963745117188 256.759490966797 258.111328125 261.027374267578 261.027374267578 261.869873046875 261.869873046875 261.869873046875 264.805541992188 264.805541992188 267.273712158203 267.273712158203 270 267.273712158203
251.565048217773 254.054611206055 255.963745117188 249.443954467773 249.443954467773 249.443954467773 251.565048217773 246.037506103516 246.037506103516 248.198593139648 240.945388793945 240.945388793945 240.945388793945 233.130096435547 233.130096435547 233.130096435547 229.398712158203 225 225 219.805572509766 219.805572509766 219.805572509766 219.805572509766 219.805572509766 225 234.462326049805 234.462326049805 234.462326049805 240.945388793945 243.434951782227 243.434951782227 247.380142211914 254.054611206055 255.068572998047 255.963745117188 259.992004394531 261.027374267578 258.690063476563 261.46923828125 264.289398193359 261.869873046875 264.805541992188 264.805541992188 264.805541992188 264.805541992188 267.397430419922 267.273712158203 267.273712158203
251.565048217773 254.054611206055 254.054611206055 246.801422119141 251.565048217773 251.565048217773 249.443954467773 251.565048217773 251.565048217773 243.434951782227 246.037506103516 246.037506103516 237.994613647461 237.994613647461 237.994613647461 237.994613647461 229.398712158203 225 225 219.805572509766 219.805572509766 219.805572509766 225 225 230.194427490234 230.194427490234 229.398712158203 237.994613647461 237.994613647461 240.945388793945 245.556045532227 252.897277832031 254.054611206055 255.068572998047 256.759490966797 260.537689208984 260.537689208984 261.027374267578 261.869873046875 261.869873046875 264.559692382813 264.805541992188 264.805541992188 264.805541992188 264.805541992188 264.805541992188 264.805541992188 267.273712158203
251.565048217773 261.869873046875 254.054611206055 254.054611206055 255.963745117188 249.443954467773 251.565048217773 251.565048217773 243.434951782227 251.565048217773 251.565048217773 243.434951782227 243.434951782227 243.434951782227 243.434951782227 234.462326049805 225 230.194427490234 225 219.805572509766 225 225 225 225 230.194427490234 230.194427490234 234.462326049805 237.994613647461 240.945388793945 248.198593139648 250.016891479492 252.897277832031 254.054611206055 255.068572998047 256.759490966797 257.47119140625 258.111328125 261.46923828125 261.46923828125 261.869873046875 264.805541992188 262.234832763672 264.805541992188 264.805541992188 264.805541992188 264.805541992188 264.805541992188 264.805541992188
260.537689208984 261.869873046875 251.565048217773 261.869873046875 255.963745117188 255.963745117188 255.963745117188 249.443954467773 251.565048217773 251.565048217773 243.434951782227 243.434951782227 243.434951782227 243.434951782227 234.462326049805 230.194427490234 234.462326049805 230.194427490234 225 230.194427490234 225 225 225 230.194427490234 230.194427490234 230.194427490234 240.255126953125 243.434951782227 246.037506103516 248.198593139648 250.016891479492 252.897277832031 254.054611206055 258.690063476563 259.992004394531 260.537689208984 261.027374267578 261.46923828125 261.869873046875 262.234832763672 261.869873046875 262.234832763672 262.568572998047 264.805541992188 264.805541992188 264.805541992188 264.805541992188 264.805541992188
260.537689208984 251.565048217773 254.054611206055 261.869873046875 254.054611206055 255.963745117188 255.963745117188 255.963745117188 255.963745117188 249.443954467773 243.434951782227 243.434951782227 243.434951782227 240.255126953125 234.462326049805 240.255126953125 236.309936523438 230.194427490234 236.309936523438 225 225 225 225 230.194427490234 230.194427490234 234.462326049805 243.434951782227 243.434951782227 246.037506103516 248.198593139648 250.016891479492 257.005401611328 255.068572998047 259.380340576172 259.992004394531 260.537689208984 261.027374267578 261.46923828125 264.289398193359 261.869873046875 262.234832763672 264.805541992188 262.568572998047 265.0302734375 264.805541992188 264.805541992188 264.805541992188 264.805541992188
251.565048217773 251.565048217773 261.869873046875 254.054611206055 261.869873046875 255.963745117188 255.963745117188 255.963745117188 255.963745117188 246.801422119141 246.801422119141 249.443954467773 243.434951782227 240.255126953125 240.255126953125 240.255126953125 236.309936523438 236.309936523438 225 225 231.340194702148 225 236.309936523438 236.309936523438 236.309936523438 240.255126953125 243.434951782227 243.434951782227 246.037506103516 248.198593139648 255.963745117188 257.005401611328 257.905242919922 259.380340576172 259.992004394531 260.537689208984 261.027374267578 261.869873046875 261.869873046875 264.559692382813 264.805541992188 264.805541992188 265.0302734375 262.568572998047 264.805541992188 264.805541992188 264.805541992188 264.805541992188
260.537689208984 261.869873046875 261.869873046875 254.054611206055 261.869873046875 254.054611206055 255.963745117188 255.963745117188 246.801422119141 246.801422119141 255.963745117188 246.801422119141 246.801422119141 240.255126953125 240.255126953125 240.255126953125 236.309936523438 231.340194702148 225 236.309936523438 225 231.340194702148 236.309936523438 236.309936523438 236.309936523438 240.255126953125 243.434951782227 243.434951782227 246.037506103516 250.016891479492 255.963745117188 252.897277832031 258.690063476563 259.380340576172 259.992004394531 260.537689208984 263.990997314453 264.289398193359 261.869873046875 264.805541992188 262.234832763672 262.234832763672 264.805541992188 262.568572998047 262.568572998047 264.805541992188 264.805541992188 264.805541992188
261.869873046875 260.537689208984 251.565048217773 261.869873046875 254.054611206055 261.869873046875 255.963745117188 254.054611206055 246.801422119141 255.963745117188 246.801422119141 246.801422119141 246.801422119141 236.309936523438 246.801422119141 240.255126953125 236.309936523438 231.340194702148 231.340194702148 231.340194702148 225 236.309936523438 236.309936523438 236.309936523438 236.309936523438 240.255126953125 243.434951782227 243.434951782227 251.565048217773 254.744888305664 251.565048217773 257.005401611328 258.690063476563 259.380340576172 259.992004394531 261.027374267578 261.46923828125 261.46923828125 264.559692382813 261.869873046875 261.869873046875 262.568572998047 262.568572998047 264.805541992188 262.568572998047 262.568572998047 264.805541992188 264.805541992188
251.565048217773 251.565048217773 261.869873046875 261.869873046875 254.054611206055 261.869873046875 254.054611206055 254.054611206055 254.054611206055 254.054611206055 246.801422119141 246.801422119141 243.434951782227 246.801422119141 246.801422119141 236.309936523438 236.309936523438 231.340194702148 231.340194702148 231.340194702148 231.340194702148 236.309936523438 236.309936523438 236.309936523438 236.309936523438 240.255126953125 243.434951782227 246.037506103516 253.300750732422 253.300750732422 255.963745117188 257.905242919922 258.690063476563 259.380340576172 263.290161132813 263.659790039063 261.027374267578 261.869873046875 261.869873046875 261.869873046875 264.805541992188 264.805541992188 262.568572998047 262.568572998047 264.805541992188 262.568572998047 262.568572998047 261.869873046875
251.565048217773 261.869873046875 261.869873046875 251.565048217773 261.869873046875 254.054611206055 261.869873046875 254.054611206055 254.054611206055 254.054611206055 251.565048217773 246.801422119141 246.801422119141 243.434951782227 236.309936523438 236.309936523438 236.309936523438 231.340194702148 231.340194702148 231.340194702148 231.340194702148 236.309936523438 236.309936523438 236.309936523438 236.309936523438 246.801422119141 243.434951782227 251.565048217773 248.198593139648 254.744888305664 260.537689208984 257.005401611328 258.690063476563 259.992004394531 260.537689208984 260.537689208984 263.990997314453 264.289398193359 261.869873046875 264.805541992188 264.805541992188 264.805541992188 264.805541992188 262.568572998047 262.568572998047 264.805541992188 262.234832763672 262.234832763672
