data/Portillo/saz.asc
ncols 500
nrows 500
xllcorner 335983.8501
yllcorner 6142463.5042
cellsize 30
NODATA_value -9999                                                                              
[rows 105 to 125 of 500, columns 432 to 479 of 500]
233.130096435547 230.710601806641 227.726303100586 230.710601806641 225 225 225 225 225 221.633544921875 221.633544921875 221.633544921875 225 228.366455078125 228.366455078125 228.366455078125 235.00798034668 239.036239624023 241.389541625977 245.556045532227 251.565048217773 257.005401611328 261.253814697266 265.601257324219 270 278.130126953125 282.994598388672 287.102722167969 291.037506103516 296.565063476563 300.256439208984 306.027374267578 311.987213134766 318.012786865234 321.340179443359 323.972625732422 331.389526367188 337.380126953125 337.380126953125 341.565063476563 341.565063476563 347.00537109375 345.963745117188 347.00537109375 350.537689208984 345.963745117188 344.744873046875 349.695159912109
230.194427490234 227.726303100586 227.726303100586 227.726303100586 225 221.987213134766 221.987213134766 221.987213134766 218.659805297852 218.659805297852 218.659805297852 225 225 228.366455078125 225 228.366455078125 237.52880859375 237.52880859375 241.389541625977 243.434951782227 252.897277832031 254.054611206055 261.869873046875 261.869873046875 270 273.814086914063 278.130126953125 285.945404052734 285.945404052734 294.775146484375 298.300750732422 300.256439208984 306.027374267578 311.987213134766 321.340179443359 321.340179443359 325.007965087891 331.389526367188 335.556060791016 341.565063476563 341.565063476563 344.744873046875 345.963745117188 344.744873046875 349.695159912109 349.695159912109 348.690063476563 343.300750732422
227.489547729492 225 227.726303100586 225 219.289413452148 219.289413452148 221.987213134766 219.289413452148 221.987213134766 218.659805297852 221.987213134766 225 221.987213134766 225 225 233.972625732422 237.52880859375 237.52880859375 243.434951782227 248.962493896484 254.054611206055 255.068572998047 258.690063476563 262.405364990234 270 270 277.125030517578 281.309936523438 284.931427001953 288.434936523438 294.775146484375 296.565063476563 303.690063476563 306.027374267578 315 321.340179443359 325.007965087891 329.036254882813 329.036254882813 333.434936523438 343.300750732422 343.300750732422 344.744873046875 348.690063476563 348.690063476563 348.690063476563 348.690063476563 343.300750732422
225 225 225 219.805572509766 219.805572509766 222.273696899414 219.289413452148 221.987213134766 219.289413452148 218.659805297852 221.987213134766 221.987213134766 225 225 231.340194702148 233.972625732422 236.309936523438 239.743560791016 245.224868774414 250.346176147461 250.346176147461 255.068572998047 259.380340576172 263.290161132813 266.633544921875 270 273.366455078125 277.125030517578 280.619659423828 284.931427001953 285.945404052734 293.198577880859 298.300750732422 302.47119140625 308.659820556641 315 322.125030517578 326.309936523438 330.945404052734 336.037506103516 336.037506103516 338.198577880859 341.565063476563 347.47119140625 347.47119140625 347.47119140625 347.47119140625 347.47119140625
225 222.510452270508 222.510452270508 219.805572509766 222.273696899414 219.805572509766 219.805572509766 219.289413452148 219.289413452148 219.289413452148 221.987213134766 225 225 228.012786865234 230.710601806641 233.972625732422 236.309936523438 238.392501831055 243.434951782227 246.801422119141 251.565048217773 256.759490966797 259.992004394531 263.290161132813 263.659790039063 270 270 273.366455078125 276.709838867188 280.619659423828 284.931427001953 288.434936523438 291.037506103516 296.565063476563 302.47119140625 307.874969482422 315 323.130096435547 323.130096435547 330.945404052734 336.037506103516 339.443969726563 345.963745117188 345.963745117188 345.963745117188 345.963745117188 345.963745117188 344.054595947266
220.236358642578 222.510452270508 222.510452270508 222.510452270508 219.805572509766 216.869903564453 219.805572509766 219.805572509766 219.289413452148 219.289413452148 222.273696899414 222.273696899414 225 228.012786865234 227.726303100586 233.130096435547 236.309936523438 241.699249267578 244.983108520508 249.443954467773 252.645980834961 256.759490966797 257.47119140625 263.659790039063 263.990997314453 266.987213134766 270 270 276.340209960938 276.709838867188 284.036254882813 284.931427001953 285.945404052734 291.037506103516 294.443939208984 303.690063476563 306.869903564453 315 319.398712158203 324.462310791016 336.801422119141 333.434936523438 336.801422119141 344.054595947266 344.054595947266 344.054595947266 350.537689208984 350.537689208984
222.709396362305 225 220.236358642578 219.805572509766 217.568588256836 219.805572509766 219.805572509766 219.805572509766 219.805572509766 219.289413452148 219.289413452148 225 225 225 230.710601806641 235.304840087891 240.255126953125 243.434951782227 244.983108520508 249.443954467773 250.559967041016 254.475891113281 258.111328125 261.027374267578 263.990997314453 264.289398193359 266.987213134766 270 273.012786865234 273.179840087891 276.709838867188 281.309936523438 285.945404052734 287.102722167969 288.434936523438 296.565063476563 302.00537109375 305.537689208984 309.805572509766 315 329.036254882813 333.434936523438 329.036254882813 338.198577880859 338.198577880859 348.690063476563 348.690063476563 341.565063476563
222.709396362305 220.236358642578 220.236358642578 220.236358642578 219.805572509766 219.805572509766 219.805572509766 219.805572509766 219.805572509766 219.805572509766 222.273696899414 225 225 230.194427490234 233.130096435547 238.392501831055 240.255126953125 240.255126953125 246.370620727539 247.619857788086 250.559967041016 255.256423950195 258.690063476563 258.690063476563 261.46923828125 264.289398193359 264.289398193359 270 270 270 273.179840087891 273.366455078125 277.594635009766 282.994598388672 284.036254882813 286.699249267578 296.565063476563 299.744873046875 303.690063476563 308.659820556641 315 329.036254882813 333.434936523438 333.434936523438 333.434936523438 333.434936523438 333.434936523438 345.963745117188
222.709396362305 222.709396362305 220.236358642578 220.236358642578 220.236358642578 219.805572509766 219.805572509766 219.805572509766 219.805572509766 222.273696899414 225 225 227.726303100586 230.194427490234 235.304840087891 237.264770507813 237.264770507813 241.927520751953 246.370620727539 247.619857788086 252.474426269531 255.963745117188 255.963745117188 258.690063476563 259.215698242188 261.869873046875 264.559692382813 264.559692382813 266.987213134766 270 270 270 270 274.085632324219 279.462310791016 275.194458007813 282.52880859375 285.945404052734 296.565063476563 291.801422119141 306.869903564453 315 326.309936523438 326.309936523438 326.309936523438 341.565063476563 333.434936523438 315
222.709396362305 220.236358642578 220.236358642578 220.236358642578 220.236358642578 220.236358642578 219.805572509766 219.805572509766 222.510452270508 225 222.273696899414 225 230.194427490234 232.431411743164 235.304840087891 235.304840087891 239.036239624023 243.434951782227 247.619857788086 251.565048217773 252.474426269531 253.300750732422 256.607513427734 256.607513427734 259.215698242188 259.695159912109 261.869873046875 261.869873046875 261.869873046875 263.990997314453 263.659790039063 266.633544921875 270 266.185913085938 270 270 270 270 279.462310791016 270 281.309936523438 288.434936523438 296.565063476563 296.565063476563 296.565063476563 315 333.434936523438 315
220.601287841797 220.601287841797 220.236358642578 220.236358642578 220.236358642578 220.236358642578 222.510452270508 219.805572509766 225 222.510452270508 225 230.194427490234 230.194427490234 235.304840087891 237.264770507813 240.255126953125 241.927520751953 247.619857788086 248.749496459961 248.749496459961 252.474426269531 254.054611206055 256.607513427734 256.607513427734 259.695159912109 259.695159912109 259.695159912109 261.869873046875 258.690063476563 261.46923828125 261.027374267578 263.659790039063 262.874969482422 261.869873046875 261.253814697266 264.805541992188 263.659790039063 262.874969482422 260.537689208984 270 258.690063476563 251.565048217773 243.434951782227 270 270 270 270 270
222.709396362305 222.709396362305 222.709396362305 220.236358642578 220.236358642578 225 220.236358642578 222.510452270508 225 225 230.194427490234 230.194427490234 232.431411743164 237.264770507813 237.264770507813 240.255126953125 243.434951782227 247.619857788086 247.619857788086 249.775131225586 253.300750732422 254.054611206055 254.744888305664 257.195739746094 257.195739746094 257.195739746094 257.195739746094 256.607513427734 259.215698242188 258.690063476563 258.111328125 257.47119140625 255.963745117188 258.690063476563 257.005401611328 254.744888305664 251.565048217773 249.443954467773 246.801422119141 248.198593139648 233.130096435547 225 236.309936523438 236.309936523438 225 206.565048217773 206.565048217773 225
225 225 220.236358642578 220.236358642578 225 222.510452270508 222.510452270508 225 225 227.489547729492 227.489547729492 230.194427490234 235.304840087891 237.264770507813 239.036239624023 239.036239624023 243.434951782227 246.037506103516 248.749496459961 249.775131225586 253.300750732422 254.054611206055 254.744888305664 254.744888305664 254.744888305664 254.744888305664 254.744888305664 254.744888305664 256.607513427734 253.300750732422 255.256423950195 251.565048217773 253.610458374023 251.565048217773 248.962493896484 245.556045532227 240.945388793945 243.434951782227 234.462326049805 225 225 225 225 206.565048217773 206.565048217773 206.565048217773 213.690063476563 213.690063476563
225 220.236358642578 220.236358642578 225 225 225 225 225 227.489547729492 227.489547729492 229.763641357422 234.462326049805 237.264770507813 237.264770507813 240.255126953125 239.036239624023 247.619857788086 246.037506103516 246.037506103516 250.7099609375 251.565048217773 254.054611206055 252.349884033203 252.349884033203 254.744888305664 254.744888305664 254.744888305664 254.744888305664 251.565048217773 253.300750732422 252.474426269531 251.565048217773 247.619857788086 244.983108520508 241.699249267578 237.52880859375 239.036239624023 233.130096435547 225 225 225 218.659805297852 210.963760375977 201.801406860352 206.565048217773 206.565048217773 206.565048217773 206.565048217773
222.510452270508 222.510452270508 227.489547729492 225 225 225 225 227.489547729492 230.194427490234 230.194427490234 235.304840087891 234.462326049805 234.462326049805 239.036239624023 239.036239624023 243.434951782227 247.619857788086 247.619857788086 249.775131225586 250.7099609375 251.565048217773 251.565048217773 251.565048217773 253.072479248047 253.072479248047 252.349884033203 252.349884033203 251.565048217773 249.145538330078 251.565048217773 247.166351318359 244.798873901367 243.434951782227 241.927520751953 238.392501831055 236.309936523438 231.340194702148 225 225 220.601287841797 215.537673950195 209.744873046875 203.198593139648 206.565048217773 206.565048217773 201.801406860352 201.801406860352 201.801406860352
225 227.489547729492 225 225 227.489547729492 227.489547729492 227.489547729492 229.763641357422 232.431411743164 232.431411743164 235.304840087891 235.304840087891 239.036239624023 241.927520751953 239.036239624023 247.619857788086 246.037506103516 248.749496459961 248.749496459961 250.7099609375 251.565048217773 249.145538330078 252.349884033203 252.349884033203 250.016891479492 250.016891479492 250.016891479492 246.801422119141 249.145538330078 245.772262573242 243.434951782227 243.434951782227 242.102737426758 239.036239624023 235.304840087891 230.710601806641 225 225 217.874984741211 213.690063476563 209.054611206055 206.565048217773 206.565048217773 203.198593139648 200.556045532227 203.198593139648 195.945388793945 195.945388793945
225 227.489547729492 227.489547729492 230.194427490234 230.194427490234 230.194427490234 230.194427490234 235.304840087891 232.431411743164 235.304840087891 237.264770507813 240.255126953125 241.927520751953 241.927520751953 246.370620727539 247.619857788086 244.798873901367 246.037506103516 247.166351318359 250.7099609375 248.198593139648 249.145538330078 250.016891479492 250.016891479492 250.016891479492 247.7509765625 246.801422119141 246.801422119141 246.801422119141 243.434951782227 242.241455078125 239.534454345703 235.491470336914 233.746170043945 229.763641357422 225 225 219.289413452148 212.47119140625 210.963760375977 210.963760375977 209.054611206055 203.962493896484 198.434951782227 200.556045532227 198.434951782227 194.036239624023 200.556045532227
230.710601806641 233.130096435547 230.194427490234 230.194427490234 230.194427490234 233.130096435547 235.304840087891 235.304840087891 235.304840087891 240.255126953125 240.255126953125 240.255126953125 241.927520751953 243.434951782227 246.370620727539 243.434951782227 247.619857788086 248.749496459961 249.775131225586 248.198593139648 248.198593139648 249.145538330078 250.016891479492 247.7509765625 246.801422119141 246.801422119141 245.556045532227 244.536651611328 241.189208984375 239.931427001953 236.309936523438 234.782409667969 233.130096435547 231.340194702148 227.290603637695 225 219.805572509766 213.690063476563 213.690063476563 212.47119140625 208.610458374023 204.443954467773 199.983108520508 201.801406860352 196.699249267578 196.699249267578 198.434951782227 200.556045532227
236.309936523438 233.972625732422 230.710601806641 233.130096435547 235.304840087891 238.392501831055 236.309936523438 235.304840087891 240.255126953125 240.255126953125 240.255126953125 240.255126953125 244.983108520508 243.434951782227 243.434951782227 247.619857788086 248.749496459961 248.749496459961 248.749496459961 247.166351318359 248.198593139648 249.145538330078 246.801422119141 246.801422119141 245.556045532227 244.536651611328 243.434951782227 241.189208984375 239.036239624023 237.724349975586 236.309936523438 232.594635009766 230.906143188477 229.08561706543 225 220.236358642578 215.537673950195 214.695159912109 211.607498168945 208.300750732422 206.565048217773 202.619857788086 202.619857788086 199.983108520508 195.255111694336 201.801406860352 199.983108520508 196.699249267578
239.743560791016 233.972625732422 237.52880859375 239.743560791016 241.699249267578 238.392501831055 236.309936523438 241.699249267578 243.434951782227 240.255126953125 243.434951782227 244.983108520508 244.983108520508 244.983108520508 247.619857788086 247.619857788086 247.619857788086 246.037506103516 246.037506103516 249.775131225586 248.198593139648 248.198593139648 246.801422119141 246.801422119141 243.434951782227 242.354019165039 242.354019165039 237.724349975586 237.724349975586 235.619659423828 232.594635009766 228.814071655273 228.814071655273 225 220.91438293457 216.253845214844 215.537673950195 212.735229492188 209.744873046875 209.744873046875 206.565048217773 201.037506103516 201.037506103516 201.037506103516 198.434951782227 194.036239624023 195.255111694336 198.434951782227
241.389541625977 237.52880859375 243.434951782227 243.434951782227 243.434951782227 239.743560791016 245.224868774414 246.801422119141 245.224868774414 243.434951782227 248.198593139648 246.801422119141 244.983108520508 249.443954467773 249.443954467773 247.619857788086 247.619857788086 247.619857788086 247.166351318359 249.775131225586 247.166351318359 245.772262573242 245.772262573242 243.434951782227 241.189208984375 241.189208984375 235.619659423828 235.619659423828 235.619659423828 232.125015258789 228.57633972168 226.847610473633 225 221.185928344727 219.093856811523 216.869903564453 214.508514404297 209.357757568359 208.072494506836 205.016891479492 205.016891479492 201.801406860352 199.653823852539 199.653823852539 195.945388793945 201.037506103516 198.434951782227 194.036239624023
