data/Portillo/saz.asc
ncols 500
nrows 500
xllcorner 335983.8501
yllcorner 6142463.5042
cellsize 30
NODATA_value -9999                                                                              
[rows 0 to 20 of 500, columns 384 to 431 of 500]
90 90 90 90 90 315 270 270 270 270 270 270 270 270 270 270 270 270 270 270 270 270 270 270 270 270 270 270 270 270 270 270 270 270 270 270 270 270 270 270 270 270 270 270 270 270 270 270
10.0079793930054 9.46232223510742 3.01278758049011 2.86240530014038 0 354.805572509766 355.0302734375 352.874969482422 350.909729003906 349.114471435547 347.00537109375 345.465545654297 345.963745117188 346.429565429688 342.758544921875 343.300750732422 345.068572998047 343.810791015625 343.810791015625 345.963745117188 345.963745117188 345.963745117188 347.660919189453 347.275634765625 347.275634765625 348.690063476563 350.537689208984 350.537689208984 348.310638427734 348.310638427734 349.875335693359 349.508514404297 347.47119140625 346.504272460938 344.357757568359 343.739807128906 343.072479248047 340.016906738281 336.801422119141 335.772247314453 334.65380859375 332.241455078125 327.094757080078 323.130096435547 323.130096435547 319.398712158203 315 310.601287841797
10.0079793930054 3.01278758049011 0 0 357.397430419922 354.805572509766 352.568603515625 350.537689208984 348.690063476563 347.00537109375 345.465545654297 344.054595947266 344.054595947266 345.068572998047 343.300750732422 343.300750732422 343.810791015625 343.810791015625 343.810791015625 344.291351318359 345.963745117188 345.963745117188 347.660919189453 349.380340576172 349.045928955078 349.045928955078 349.045928955078 350.837646484375 350.537689208984 350.537689208984 352.146697998047 350.217590332031 349.875335693359 349.508514404297 347.00537109375 346.504272460938 345.963745117188 343.072479248047 340.016906738281 339.145538330078 335.772247314453 334.65380859375 334.65380859375 327.094757080078 325.491485595703 323.746154785156 321.340179443359 315
3.1798300743103 0 0 357.137603759766 354.805572509766 352.568603515625 350.537689208984 348.690063476563 347.00537109375 345.465545654297 344.054595947266 344.054595947266 342.758544921875 342.758544921875 343.300750732422 341.565063476563 343.810791015625 343.810791015625 342.645965576172 344.291351318359 345.963745117188 345.963745117188 347.660919189453 349.695159912109 349.695159912109 349.380340576172 351.119354248047 352.647613525391 350.837646484375 350.537689208984 352.405364990234 352.146697998047 351.869903564453 351.869903564453 349.508514404297 349.114471435547 348.690063476563 345.963745117188 343.072479248047 342.349884033203 341.565063476563 334.65380859375 334.65380859375 333.434936523438 329.534454345703 325.491485595703 323.746154785156 323.746154785156
0 356.820159912109 356.987213134766 354.559661865234 349.695159912109 350.134185791016 348.231719970703 346.504272460938 344.931518554688 343.495635986328 343.495635986328 342.181121826172 342.758544921875 342.758544921875 341.565063476563 342.121307373047 342.121307373047 342.645965576172 342.645965576172 344.291351318359 346.373016357422 346.373016357422 346.373016357422 348.023864746094 351.384338378906 351.119354248047 351.119354248047 352.874969482422 352.874969482422 352.405364990234 354.289398193359 354.093872070313 351.869903564453 351.869903564453 351.573028564453 351.253845214844 350.909729003906 348.231719970703 345.963745117188 344.744873046875 344.744873046875 341.565063476563 337.166351318359 334.65380859375 332.102722167969 332.102722167969 323.746154785156 323.746154785156
356.633544921875 356.987213134766 351.027374267578 349.215698242188 349.215698242188 347.195739746094 345.379119873047 343.739807128906 342.255340576172 342.897277832031 341.565063476563 340.346160888672 340.346160888672 341.565063476563 339.863708496094 340.463348388672 342.121307373047 342.645965576172 342.645965576172 342.645965576172 344.744873046875 346.373016357422 348.023864746094 349.380340576172 351.119354248047 351.384338378906 351.119354248047 352.874969482422 354.472473144531 354.289398193359 354.289398193359 356.185913085938 354.093872070313 353.884490966797 353.659820556641 353.418060302734 353.1572265625 348.690063476563 347.735229492188 347.195739746094 344.744873046875 344.054595947266 340.7099609375 339.775146484375 336.037506103516 332.102722167969 330.642242431641 326.309936523438
353.290161132813 351.027374267578 351.46923828125 348.690063476563 346.607513427734 344.744873046875 343.072479248047 341.565063476563 340.201110839844 338.962493896484 339.676849365234 339.676849365234 338.552276611328 339.227752685547 339.863708496094 339.863708496094 340.463348388672 340.463348388672 342.645965576172 342.645965576172 344.291351318359 345.963745117188 347.660919189453 349.380340576172 349.380340576172 351.119354248047 352.647613525391 354.472473144531 356.185913085938 354.472473144531 354.289398193359 356.054809570313 356.054809570313 355.914398193359 355.763610839844 355.601287841797 353.418060302734 353.1572265625 352.568603515625 347.735229492188 347.195739746094 346.607513427734 343.300750732422 339.775146484375 339.775146484375 337.619873046875 332.102722167969 327.99462890625
350.537689208984 347.47119140625 348.111328125 345.963745117188 344.054595947266 342.349884033203 340.820983886719 339.443969726563 338.198577880859 338.198577880859 338.962493896484 337.833648681641 336.801422119141 336.801422119141 337.520568847656 337.520568847656 339.863708496094 339.863708496094 340.463348388672 342.121307373047 343.810791015625 345.963745117188 347.275634765625 349.380340576172 351.119354248047 352.647613525391 352.647613525391 354.289398193359 354.472473144531 354.289398193359 358.025054931641 358.025054931641 355.914398193359 357.87890625 357.87890625 355.601287841797 355.601287841797 355.426086425781 352.874969482422 350.537689208984 349.695159912109 349.695159912109 345.963745117188 343.300750732422 341.565063476563 338.749481201172 334.798889160156 333.434936523438
346.759490966797 346.759490966797 344.475891113281 342.474426269531 340.7099609375 339.145538330078 337.7509765625 336.501434326172 336.501434326172 335.376434326172 334.359008789063 335.224853515625 336.037506103516 336.037506103516 336.801422119141 336.801422119141 337.520568847656 338.198577880859 339.227752685547 341.565063476563 341.565063476563 345.529693603516 347.275634765625 347.275634765625 350.837646484375 352.647613525391 354.472473144531 354.289398193359 356.185913085938 358.025054931641 355.914398193359 358.025054931641 0 357.87890625 357.87890625 357.797393798828 355.426086425781 357.709381103516 355.236358642578 352.568603515625 352.234832763672 351.869903564453 349.215698242188 345.963745117188 345.256439208984 341.565063476563 337.619873046875 333.434936523438
345.963745117188 343.610473632813 341.565063476563 339.775146484375 338.198577880859 335.772247314453 334.536651611328 335.556060791016 333.434936523438 332.447174072266 333.434936523438 331.557067871094 332.525573730469 333.434936523438 334.2900390625 335.095245361328 335.095245361328 338.552276611328 338.552276611328 339.227752685547 340.974395751953 342.758544921875 346.865966796875 348.310638427734 350.217590332031 352.146697998047 354.093872070313 356.054809570313 355.914398193359 358.025054931641 357.95458984375 357.87890625 0 0 0 0 357.709381103516 357.614044189453 357.614044189453 354.805572509766 354.805572509766 351.869903564453 349.215698242188 348.111328125 348.111328125 344.475891113281 341.565063476563 337.619873046875
338.198577880859 340.559967041016 337.619873046875 336.037506103516 337.166351318359 335.772247314453 331.189208984375 332.354034423828 333.434936523438 329.420776367188 330.524108886719 331.557067871094 329.743560791016 330.751159667969 330.751159667969 333.434936523438 335.224853515625 335.224853515625 336.801422119141 338.552276611328 340.346160888672 342.181121826172 345.963745117188 347.905242919922 349.875335693359 351.869903564453 353.884490966797 355.914398193359 355.914398193359 357.87890625 0 0 0 0 0 0 0 0 0 357.397430419922 354.805572509766 354.559661865234 354.289398193359 351.027374267578 348.111328125 344.475891113281 341.565063476563 340.559967041016
334.983093261719 334.983093261719 336.370635986328 332.102722167969 330.945404052734 332.241455078125 329.931427001953 327.724365234375 330.255126953125 328.240509033203 327.52880859375 328.671295166016 328.671295166016 328.671295166016 329.743560791016 329.743560791016 332.525573730469 333.434936523438 333.434936523438 337.067901611328 339.676849365234 340.906494140625 345.465545654297 347.47119140625 349.508514404297 351.573028564453 353.659820556641 355.763610839844 357.87890625 357.797393798828 0 2.20259833335876 0 2.29061031341553 2.3859441280365 0 2.48955297470093 2.48955297470093 0 357.397430419922 357.273681640625 357.273681640625 354.289398193359 351.46923828125 351.027374267578 348.111328125 344.475891113281 343.610473632813
334.983093261719 334.983093261719 330.642242431641 329.534454345703 329.534454345703 329.534454345703 328.570434570313 324.162353515625 325.619659423828 325.007965087891 323.130096435547 326.309936523438 327.52880859375 325.713134765625 326.888671875 328.671295166016 328.671295166016 331.557067871094 333.434936523438 333.434936523438 338.198577880859 340.201110839844 342.255340576172 347.00537109375 348.690063476563 351.253845214844 353.1572265625 355.426086425781 357.709381103516 0 0 0 2.3859441280365 4.76364183425903 2.3859441280365 2.48955297470093 2.60256195068359 2.48955297470093 2.60256195068359 0 357.273681640625 357.273681640625 357.137603759766 354.289398193359 351.027374267578 348.111328125 346.759490966797 346.759490966797
328.392486572266 331.927520751953 329.036254882813 326.309936523438 326.309936523438 325.491485595703 324.782409667969 324.162353515625 322.125030517578 323.615661621094 321.709838867188 319.899078369141 323.130096435547 324.462310791016 324.462310791016 327.52880859375 327.52880859375 327.52880859375 330.524108886719 332.447174072266 334.440032958984 339.443969726563 341.565063476563 345.963745117188 348.231719970703 350.537689208984 355.236358642578 355.236358642578 357.614044189453 0 0 2.3859441280365 2.48955297470093 2.48955297470093 4.96974086761475 5.19442892074585 2.60256195068359 2.60256195068359 2.60256195068359 0 0 0 357.137603759766 353.990997314453 353.990997314453 353.659820556641 349.992034912109 343.610473632813
328.392486572266 325.304840087891 327.264770507813 324.462310791016 323.746154785156 323.130096435547 320.906127929688 320.527526855469 320.527526855469 320.194427490234 320.194427490234 320.194427490234 319.899078369141 321.340179443359 321.340179443359 324.462310791016 326.309936523438 327.52880859375 328.240509033203 331.389526367188 333.434936523438 335.556060791016 340.820983886719 344.744873046875 347.735229492188 350.134185791016 352.568603515625 355.0302734375 357.510437011719 0 0 2.48955297470093 4.96974086761475 5.19442892074585 5.19442892074585 5.19442892074585 2.60256195068359 2.72631120681763 5.44033193588257 2.72631120681763 0 0 0 356.987213134766 353.990997314453 353.659820556641 351.027374267578 347.47119140625
328.392486572266 323.130096435547 322.431396484375 321.8427734375 321.340179443359 321.340179443359 319.085601806641 316.974945068359 316.847595214844 318.576324462891 318.576324462891 316.636566162109 316.636566162109 318.366455078125 319.899078369141 321.709838867188 323.130096435547 325.007965087891 326.976135253906 328.240509033203 332.354034423828 334.536651611328 339.145538330078 344.744873046875 344.744873046875 349.695159912109 354.805572509766 354.805572509766 357.397430419922 0 0 2.72631120681763 5.19442892074585 5.19442892074585 5.19442892074585 5.19442892074585 5.19442892074585 5.44033193588257 2.72631120681763 2.72631120681763 2.86240530014038 0 0 357.137603759766 356.987213134766 353.990997314453 351.027374267578 350.537689208984
326.309936523438 323.130096435547 319.763641357422 317.290618896484 317.290618896484 317.290618896484 317.12109375 313.025054931641 313.152404785156 313.152404785156 315 316.735717773438 315 315 315 316.735717773438 320.194427490234 322.125030517578 323.615661621094 325.619659423828 329.931427001953 333.434936523438 335.772247314453 341.565063476563 346.607513427734 348.690063476563 351.869903564453 354.559661865234 357.273681640625 0 2.72631120681763 2.72631120681763 2.72631120681763 5.44033193588257 5.44033193588257 5.44033193588257 5.44033193588257 5.44033193588257 5.44033193588257 5.71059322357178 2.86240530014038 0 0 0 356.987213134766 353.990997314453 353.659820556641 350.537689208984
320.710601806641 320.194427490234 317.489562988281 317.489562988281 315 315 312.87890625 313.025054931641 311.185913085938 311.185913085938 309.472473144531 311.423675537109 313.264282226563 313.264282226563 315 315 316.735717773438 318.576324462891 322.125030517578 324.162353515625 326.309936523438 329.931427001953 334.65380859375 339.775146484375 345.256439208984 348.690063476563 351.46923828125 354.289398193359 357.137603759766 0 0 2.72631120681763 5.71059322357178 5.71059322357178 5.71059322357178 5.71059322357178 5.71059322357178 5.71059322357178 5.71059322357178 5.71059322357178 2.86240530014038 3.01278758049011 3.01278758049011 356.987213134766 356.987213134766 356.820159912109 353.659820556641 350.537689208984
315 317.726318359375 315 312.510437011719 312.709381103516 312.709381103516 310.601287841797 309.093872070313 309.093872070313 309.093872070313 309.472473144531 307.874969482422 309.472473144531 309.472473144531 311.423675537109 313.264282226563 315 316.847595214844 318.576324462891 322.594635009766 326.309936523438 327.094757080078 333.434936523438 338.749481201172 341.565063476563 345.256439208984 351.027374267578 353.990997314453 356.987213134766 0 0 3.01278758049011 5.71059322357178 5.71059322357178 5.71059322357178 5.71059322357178 6.00900602340698 6.00900602340698 6.00900602340698 6.00900602340698 5.71059322357178 3.01278758049011 0 0 0 356.987213134766 353.659820556641 350.537689208984
315 312.273681640625 312.273681640625 309.805572509766 310.236358642578 310.236358642578 308.659820556641 304.508514404297 306.869903564453 305.217590332031 305.837646484375 307.405364990234 307.405364990234 307.874969482422 307.874969482422 311.423675537109 311.185913085938 315 315 318.814086914063 323.130096435547 325.491485595703 329.534454345703 337.619873046875 341.565063476563 343.610473632813 350.537689208984 353.659820556641 353.659820556641 356.987213134766 3.01278758049011 3.1798300743103 3.01278758049011 6.00900602340698 6.00900602340698 8.97262668609619 8.97262668609619 6.00900602340698 6.00900602340698 3.01278758049011 3.01278758049011 2.86240530014038 0 0 0 0 356.987213134766 351.027374267578
311.987213134766 311.987213134766 309.289398193359 307.568603515625 305.537689208984 305.537689208984 308.1572265625 304.508514404297 302.905242919922 302.905242919922 301.429565429688 301.429565429688 305.837646484375 305.837646484375 305.837646484375 307.405364990234 309.472473144531 311.185913085938 313.025054931641 316.974945068359 321.340179443359 323.130096435547 326.309936523438 333.434936523438 340.559967041016 343.610473632813 346.759490966797 353.659820556641 353.659820556641 356.633544921875 3.36646056175232 3.1798300743103 3.1798300743103 6.34019184112549 6.34019184112549 6.34019184112549 6.00900602340698 6.00900602340698 6.00900602340698 5.71059322357178 3.01278758049011 3.01278758049011 3.01278758049011 0 0 356.987213134766 353.990997314453 353.990997314453
