data/Portezuelo/saz.asc
ncols 80
nrows 80
xllcorner 725952.625
yllcorner 5944384.5
cellsize 100.02265625
NODATA_value -9999                                                                              
[rows 0 to 20 of 80, columns 0 to 45 of 80]
234.473861694336 254.113891601563 275.591400146484 307.555755615234 349.369934082031 351.679504394531 70.5941772460938 87.74267578125 86.4735794067383 263.263793945313 356.688873291016 5.69794273376465 3.48968005180359 262.111633300781 277.291687011719 310.292907714844 323.616027832031 99.5883560180664 120.353363037109 103.077758789063 88.8618545532227 310.223388671875 24.579797744751 68.9074096679688 95.0506286621094 270 334.408264160156 68.1994934082031 62.9028511047363 270 238.561859130859 328.531951904297 297.657165527344 285.288879394531 278.586029052734 272.292358398438 271.069000244141 274.855255126953 306.205718994141 18.4051494598389 16.4115467071533 317.493927001953 306.267181396484 283.599670410156 36.3595695495605 48.2518081665039
233.331161499023 243.616317749023 231.38818359375 231.221313476563 332.023864746094 358.021514892578 67.2817535400391 78.597053527832 36.7223739624023 334.720275878906 319.637817382813 11.4055957794189 65.6213150024414 260.280487060547 273.722625732422 301.615631103516 7.61138963699341 68.9921188354492 113.278717041016 120.48445892334 333.878540039063 326.864013671875 42.1570243835449 95.4204711914063 92.2462921142578 270 315.292572021484 71.5201950073242 63.2014808654785 35.8811225891113 270.991912841797 304.01611328125 296.340881347656 281.728332519531 278.780456542969 253.754913330078 248.416061401367 268.669555664063 311.405426025391 349.439788818359 346.111419677734 336.494110107422 341.449249267578 304.724548339844 6.65552043914795 43.4016532897949
235.018463134766 212.400772094727 215.714080810547 237.505157470703 253.717254638672 0.359419912099838 69.7959976196289 54.845890045166 337.853576660156 343.154937744141 0.190046325325966 37.7954635620117 39.0609817504883 351.541900634766 287.761413574219 254.860382080078 218.950454711914 69.8076629638672 71.5727691650391 4.33452749252319 313.350555419922 14.5329847335815 81.0128707885742 90 356.58349609375 271.63232421875 317.376831054688 39.639274597168 19.9210777282715 14.4981231689453 272.344024658203 265.989410400391 245.147201538086 238.226318359375 235.671051025391 230.134902954102 247.374420166016 266.943023681641 277.913757324219 308.151550292969 315.206512451172 327.659027099609 5.03915405273438 354.880523681641 335.3232421875 21.0611419677734
198.553848266602 203.140426635742 234.721130371094 234.94384765625 249.822006225586 299.821594238281 48.2418403625488 23.7971229553223 326.283538818359 307.090789794922 351.130065917969 6.60075616836548 4.23653268814087 9.96201610565186 33.3532180786133 239.125823974609 271.689117431641 42.6140670776367 53.3749809265137 18.6648540496826 317.487854003906 27.4121246337891 53.744026184082 48.9784889221191 11.0913867950439 318.967498779297 323.415649414063 3.81191921234131 36.9400062561035 70.8283615112305 268.581268310547 221.831359863281 221.490844726563 234.257904052734 231.512390136719 255.421417236328 265.833648681641 257.357238769531 266.768859863281 280.898193359375 279.788299560547 295.438323974609 325.559661865234 356.011047363281 355.573455810547 18.6452617645264
228.529968261719 226.6875 256.460540771484 249.289047241211 261.663635253906 270.918334960938 359.276824951172 17.9315414428711 4.34954357147217 291.626220703125 303.932830810547 349.183837890625 15.1192932128906 62.2977333068848 68.0849227905273 306.287506103516 318.005981445313 35.9962196350098 65.7080001831055 38.094123840332 317.758544921875 9.30481243133545 44.1701126098633 36.946346282959 3.14695644378662 335.783111572266 340.272186279297 18.6112327575684 40.735912322998 71.5381164550781 103.139312744141 221.856918334961 253.865310668945 258.597564697266 242.480865478516 250.103591918945 250.85563659668 251.221496582031 252.430603027344 275.796417236328 271.478973388672 273.279144287109 297.214630126953 353.803527832031 0.370146840810776 351.411895751953
0 327.186126708984 302.606994628906 260.728149414063 253.03727722168 238.718276977539 240.621124267578 12.4041738510132 4.40140676498413 328.855834960938 298.836486816406 330.55029296875 58.101692199707 82.1193542480469 42.1150665283203 313.384857177734 309.418670654297 53.4051132202148 81.6298217773438 78.0576477050781 303.690979003906 334.465972900391 50.436954498291 26.8370513916016 2.48326969146729 351.828857421875 329.526184082031 10.2001247406006 56.7435760498047 54.3230171203613 50.0230255126953 255.058853149414 268.919525146484 269.175994873047 246.943450927734 244.308135986328 243.691848754883 249.907455444336 240.373275756836 251.278930664063 267.244659423828 260.491912841797 271.866760253906 295.864654541016 356.257446289063 355.904815673828
337.689727783203 353.670227050781 21.706636428833 266.505096435547 262.941070556641 244.448440551758 249.438217163086 297.949951171875 336.256927490234 337.114868164063 317.6572265625 351.973846435547 77.1475372314453 71.0727920532227 6.08289241790771 322.4814453125 319.391510009766 63.8844795227051 75.9086151123047 37.8055038452148 299.572692871094 350.405151367188 50.1611022949219 13.4399328231812 359.624633789063 2.78563690185547 330.762756347656 14.729323387146 46.2818069458008 47.3602027893066 75.4203796386719 260.910247802734 289.195892333984 277.639007568359 302.35595703125 269.330322265625 262.142150878906 238.385330200195 245.797698974609 240.129516601563 244.84846496582 254.692169189453 267.754333496094 273.823822021484 314.483489990234 332.660308837891
280.557037353516 327.355865478516 18.4967746734619 340.900756835938 303.195251464844 273.493743896484 265.791046142578 281.278594970703 307.134185791016 331.74853515625 324.000701904297 26.8711681365967 83.5312194824219 69.3379287719727 358.346496582031 344.290863037109 342.058929443359 79.6870269775391 82.3828659057617 42.424243927002 287.875244140625 324.994903564453 19.0126609802246 5.07498788833618 359.349517822266 0.593455851078033 339.044250488281 357.166534423828 39.4487991333008 57.4411659240723 66.4194869995117 280.678497314453 256.059356689453 266.499114990234 326.445861816406 313.668334960938 291.182098388672 262.834899902344 265.340240478516 261.375244140625 264.511016845703 267.955108642578 269.633087158203 274.91162109375 301.702239990234 330.420104980469
262.018768310547 291.585968017578 329.033386230469 348.818420410156 352.766693115234 324.589721679688 283.918518066406 263.752838134766 260.186462402344 273.323089599609 314.076629638672 75.9919509887695 76.1038284301758 15.6481323242188 320.057952880859 356.039886474609 75.9263610839844 105.512481689453 95.7150802612305 21.4340190887451 320.657684326172 305.294982910156 347.923065185547 357.824554443359 13.5776395797729 22.3525810241699 341.890625 353.720428466797 35.738582611084 60.7802352905273 64.0060195922852 32.0206336975098 234.071411132813 264.946319580078 296.185150146484 345.149780273438 322.250732421875 309.393981933594 300.020721435547 299.831024169922 305.834655761719 284.890533447266 289.693725585938 283.228973388672 286.891998291016 306.283264160156
269.56298828125 272.299499511719 280.392150878906 311.832427978516 329.457122802734 348.172302246094 322.943908691406 252.783828735352 249.922637939453 247.228775024414 257.739135742188 86.3433380126953 64.9115219116211 16.5632266998291 332.691528320313 124.506790161133 130.128402709961 130.239547729492 52.4333419799805 335.466217041016 338.373901367188 318.922729492188 329.400177001953 24.6951389312744 42.3544807434082 9.78287792205811 342.881072998047 352.626525878906 57.0957946777344 83.0944519042969 49.5465660095215 40.2385063171387 44.8695907592773 268.374664306641 272.994934082031 310.806518554688 335.301605224609 309.107727050781 304.027587890625 299.802520751953 315.652923583984 286.311065673828 275.254943847656 272.869018554688 283.106994628906 252.282424926758
349.662231445313 326.600189208984 283.706207275391 266.044464111328 274.963714599609 332.453063964844 1.54861831665039 305.656555175781 281.692230224609 287.757110595703 281.832611083984 97.5963134765625 72.3838958740234 36.0133399963379 126.369277954102 135.548233032227 133.907180786133 185.710952758789 303.489105224609 324.444763183594 322.843322753906 322.659942626953 308.453704833984 38.2932891845703 16.2248764038086 347.522796630859 352.642822265625 37.0937271118164 58.6310272216797 43.1473770141602 27.5696029663086 41.7970123291016 22.9102840423584 274.217529296875 269.598449707031 273.191741943359 306.326782226563 304.602386474609 281.691558837891 265.233184814453 276.031677246094 290.394714355469 248.30403137207 258.755462646484 273.554779052734 226.918106079102
0.411282330751419 11.2318181991577 21.6825695037842 325.839599609375 274.813201904297 282.602508544922 341.237609863281 347.289459228516 302.730529785156 294.701751708984 300.186279296875 147.576080322266 109.669586181641 113.472801208496 130.310806274414 134.116073608398 85.3409957885742 321.049346923828 289.680236816406 291.36865234375 316.276336669922 323.040802001953 338.713989257813 0.878751277923584 336.311981201172 320.172882080078 11.1443252563477 30.8527908325195 26.6376705169678 31.0638599395752 28.8339824676514 42.7577323913574 55.5296325683594 278.514434814453 255.905807495117 251.333938598633 244.50715637207 235.166625976563 224.23356628418 242.717926025391 241.658843994141 250.740692138672 248.589080810547 251.988388061523 250.064544677734 210.345611572266
358.475891113281 14.2950210571289 20.686243057251 9.48472499847412 316.724731445313 271.271484375 269.712646484375 315.473999023438 325.312622070313 300.050201416016 172.398834228516 142.899703979492 144.280990600586 138.337615966797 135.149490356445 183.528396606445 291.137054443359 325.987274169922 314.425598144531 277.600921630859 287.287017822266 302.593933105469 322.845397949219 18.9559860229492 38.8891983032227 308.583068847656 316.032287597656 17.6400508880615 48.4930801391602 50.9331436157227 56.0542678833008 79.3374252319336 84.7079772949219 271.876281738281 232.990661621094 240.551818847656 218.283004760742 210.559158325195 228.444473266602 254.266723632813 253.729293823242 252.401519775391 245.95182800293 248.141403198242 229.031875610352 223.526672363281
289.71435546875 345.975280761719 18.1204090118408 14.3106279373169 351.78076171875 308.319915771484 283.299896240234 280.921264648438 278.914337158203 179.369674682617 147.669372558594 139.429153442383 135.720932006836 145.811737060547 161.065231323242 227.959991455078 273.637329101563 306.633209228516 318.815338134766 316.744964599609 302.691009521484 292.117462158203 290.1630859375 50.9044723510742 22.0051422119141 325.656219482422 308.374786376953 99.9623336791992 88.7872695922852 84.0737152099609 102.624092102051 106.862907409668 94.3564910888672 87.1902770996094 241.249145507813 242.905578613281 227.289398193359 245.690307617188 277.055725097656 269.925994873047 267.169799804688 265.431427001953 244.615447998047 238.009963989258 213.714767456055 229.995574951172
270 316.122314453125 12.8869228363037 9.17073726654053 1.88256514072418 335.219482421875 314.702850341797 301.732971191406 156.722686767578 151.449508666992 164.619598388672 167.319320678711 129.654846191406 122.605323791504 181.201126098633 255.004745483398 269.775329589844 291.549285888672 305.045928955078 312.943298339844 319.099243164063 312.260650634766 278.428955078125 337.415954589844 33.3605308532715 19.7307300567627 152.045883178711 145.846084594727 126.931632995605 102.014236450195 106.328575134277 126.745903015137 106.854103088379 87.5811920166016 301.897399902344 271.469818115234 287.098571777344 279.576995849609 279.885955810547 254.949554443359 239.248229980469 229.545959472656 191.888519287109 222.427185058594 216.973678588867 232.894119262695
284.204071044922 263.530426025391 319.240020751953 28.4757957458496 30.8953227996826 337.657196044922 328.829956054688 158.726776123047 144.314987182617 115.740982055664 123.929046630859 167.83171081543 157.238479614258 118.490867614746 219.740905761719 267.221801757813 253.446594238281 255.430892944336 260.561645507813 261.782104492188 271.386352539063 292.705871582031 302.089996337891 44.7602233886719 80.5205764770508 134.59521484375 138.794021606445 143.686660766602 158.130218505859 135.040466308594 97.7665481567383 95.0097732543945 96.3869934082031 267.639007568359 311.416015625 297.012756347656 299.078125 298.688507080078 274.955810546875 233.33268737793 239.056243896484 212.779373168945 210.113830566406 223.307113647461 225.465576171875 248.465042114258
219.834930419922 221.853424072266 210.398361206055 157.249420166016 190.149871826172 216.673370361328 166.215972900391 157.073181152344 170.614349365234 157.129135131836 119.96614074707 131.537826538086 159.75798034668 154.296722412109 273.03125 273.824737548828 256.815338134766 254.398498535156 254.478073120117 262.914215087891 258.883453369141 267.884368896484 248.211166381836 121.481506347656 88.859619140625 113.616828918457 138.774261474609 137.165908813477 125.100143432617 129.863418579102 98.9940719604492 60.8635711669922 75.8428573608398 270.153228759766 275.190948486328 246.121917724609 246.788909912109 257.652984619141 227.153564453125 224.495864868164 235.439559936523 201.378173828125 220.379165649414 227.184936523438 260.248016357422 256.495086669922
194.970611572266 214.211883544922 208.845428466797 150.508911132813 162.26416015625 185.572540283203 157.090042114258 149.33332824707 183.274765014648 190.315032958984 148.759750366211 131.352203369141 167.320602416992 342.205657958984 317.542327880859 288.467163085938 292.803100585938 268.718078613281 261.752166748047 274.066802978516 249.84114074707 224.571441650391 212.400802612305 192.104141235352 98.8630828857422 83.6209259033203 78.5990295410156 89.6444625854492 36.990535736084 29.9961490631104 52.0002784729004 80.1538543701172 89.884651184082 272.773529052734 218.281143188477 222.61213684082 241.497467041016 225.472702026367 225.050796508789 259.588226318359 245.930694580078 255.099334716797 295.308441162109 290.336029052734 284.330078125 281.212585449219
200.445022583008 225.597122192383 212.922866821289 155.207321166992 155.593322753906 162.099319458008 144.721832275391 138.354522705078 186.198120117188 192.194213867188 168.894302368164 125.84642791748 272.958709716797 306.746826171875 324.067169189453 306.317687988281 307.360687255859 287.518768310547 249.885681152344 232.076889038086 189.608993530273 191.834060668945 208.569305419922 219.438583374023 118.790405273438 59.6567840576172 43.1875419616699 29.6857089996338 5.68957853317261 26.2350120544434 54.7407302856445 88.9977035522461 94.5120162963867 24.4297637939453 225.16682434082 282.800415039063 272.472900390625 263.679534912109 274.1513671875 269.453216552734 241.195907592773 286.767913818359 304.05029296875 318.155578613281 309.317443847656 290.365386962891
221.220321655273 234.22917175293 205.016693115234 175.401748657227 152.750045776367 157.877304077148 148.778854370117 134.068481445313 167.592575073242 190.003616333008 182.309982299805 209.251586914063 277.23486328125 290.817657470703 289.718353271484 289.347106933594 282.151794433594 269.341796875 199.626571655273 204.517822265625 170.189422607422 172.459045410156 232.615112304688 238.125122070313 209.991363525391 149.430877685547 139.775161743164 145.386581420898 153.384140014648 149.501083374023 95.1022338867188 89.9115295410156 88.8784790039063 14.5340547561646 287.952697753906 275.434997558594 271.118194580078 280.142913818359 222.08512878418 195.964614868164 231.083984375 254.181365966797 259.0576171875 246.792694091797 251.893585205078 299.331207275391
195.346572875977 193.357986450195 182.733932495117 180.868347167969 170.598815917969 147.359924316406 149.158447265625 151.361083984375 166.746536254883 185.048690795898 196.079254150391 227.253494262695 255.818588256836 240.436264038086 215.040512084961 214.195541381836 215.508270263672 165.700408935547 172.743148803711 199.903259277344 186.531448364258 219.261367797852 246.530502319336 232.041687011719 199.024078369141 155.806365966797 155.461441040039 150.401336669922 157.474746704102 187.425628662109 161.83464050293 99.5138397216797 52.5162162780762 348.911529541016 342.871917724609 285.380035400391 256.675048828125 207.826553344727 195.714660644531 220.629730224609 238.961517333984 238.309722900391 224.88850402832 253.908981323242 254.762069702148 285.354949951172
