data/Portezuelo/saz.asc
ncols 80
nrows 80
xllcorner 725952.625
yllcorner 5944384.5
cellsize 100.02265625
NODATA_value -9999                                                                              
[rows 21 to 41 of 80, columns 0 to 45 of 80]
181.808837890625 181.562850952148 178.471084594727 196.875854492188 206.963287353516 176.373580932617 144.444152832031 160.7685546875 172.217102050781 180.923629760742 192.997863769531 217.349273681641 236.948760986328 211.533111572266 186.634429931641 204.642044067383 192.46174621582 161.640625 190.809661865234 210.398574829102 215.773696899414 237.948638916016 245.525924682617 245.532989501953 207.026931762695 115.45532989502 105.677040100098 105.722831726074 56.212776184082 89.0947418212891 147.247802734375 84.6796188354492 336.761779785156 326.903533935547 353.124176025391 11.001293182373 354.286163330078 323.358795166016 350.299255371094 270.961242675781 245.789337158203 243.423965454102 244.001541137695 279.821899414063 289.260589599609 285.714050292969
180 180 180 183.48974609375 194.337860107422 202.071578979492 184.528198242188 167.229934692383 189.225967407227 176.675567626953 202.371536254883 233.257629394531 231.725738525391 207.143417358398 173.196243286133 197.642272949219 188.515502929688 174.890533447266 202.834945678711 225.292434692383 253.259353637695 265.848114013672 291.891204833984 254.283782958984 241.020050048828 231.011978149414 52.3715705871582 23.1827125549316 24.0840797424316 34.4766883850098 51.3889122009277 43.4934921264648 337.746307373047 290.180786132813 338.999389648438 341.112335205078 338.967834472656 354.461608886719 359.884399414063 357.772003173828 302.091491699219 269.257446289063 267.520141601563 270.29541015625 270.858215332031 270.767700195313
180 180 182.892822265625 203.321487426758 233.525131225586 229.853256225586 204.70295715332 228.268127441406 211.710205078125 180.463577270508 244.339797973633 232.530288696289 212.649444580078 207.219543457031 210.267562866211 232.436447143555 221.364624023438 279.919769287109 284.780242919922 308.015655517578 279.682678222656 260.017333984375 266.598388671875 296.953125 318.646209716797 347.058288574219 5.66836452484131 0.992953717708588 30.5996742248535 58.9419898986816 80.5099639892578 34.1549606323242 332.346099853516 311.648071289063 280.268768310547 302.208404541016 325.404022216797 352.571258544922 359.524383544922 11.7913484573364 0.0605138875544071 279.413513183594 270.137054443359 255.867645263672 249.006805419922 253.804122924805
185.05729675293 187.366744995117 209.530334472656 256.279052734375 272.770782470703 273.574249267578 295.467834472656 339.12060546875 99.3164749145508 300.146911621094 289.133178710938 268.192260742188 295.530975341797 263.023223876953 265.085968017578 271.454803466797 272.636779785156 329.388458251953 322.668640136719 321.776031494141 320.973327636719 272.332305908203 261.814697265625 268.283874511719 272.552581787109 10.4377956390381 45.9709777832031 35.3221626281738 81.6220092773438 78.0165557861328 83.4628601074219 33.8776245117188 317.473754882813 327.929138183594 313.604919433594 295.324188232422 282.105743408203 328.689178466797 335.81494140625 13.1048221588135 19.6944313049316 338.851409912109 290.915283203125 257.391571044922 266.688262939453 269.110656738281
234.930023193359 309.203735351563 327.606018066406 328.805145263672 313.777923583984 304.859619140625 323.214080810547 9.0201587677002 4.48438596725464 343.092956542969 343.514953613281 304.449096679688 320.163970947266 316.829528808594 298.650329589844 284.874969482422 282.643920898438 272.414764404297 302.240966796875 331.183441162109 333.265563964844 310.25048828125 294.299896240234 277.422302246094 249.981857299805 241.993377685547 44.019603729248 58.4669456481934 70.0155944824219 64.2421875 58.198558807373 3.3075053691864 306.299865722656 307.414093017578 321.282806396484 329.224304199219 303.288757324219 322.378875732422 338.465698242188 359.354705810547 15.7912731170654 1.56278228759766 334.151763916016 296.828247070313 288.616577148438 290.341827392578
296.542175292969 314.831512451172 322.870208740234 333.989929199219 350.694519042969 323.094299316406 303.796936035156 20.9868068695068 8.02202320098877 356.081512451172 348.219787597656 330.483978271484 324.1298828125 336.958068847656 317.406616210938 287.4248046875 288.494567871094 245.861206054688 238.205963134766 242.606552124023 308.653472900391 305.924407958984 286.3115234375 311.768615722656 322.753631591797 303.294342041016 346.405212402344 20.0842914581299 27.2219867706299 43.4722061157227 32.9154357910156 25.1403045654297 2.30743455886841 277.4609375 272.176086425781 303.589019775391 312.713592529297 306.097991943359 334.5205078125 16.3716945648193 17.3216209411621 2.299396276474 342.111938476563 303.041625976563 302.705810546875 312.103637695313
298.026519775391 304.411346435547 312.261444091797 325.138610839844 13.5897693634033 8.80644416809082 250.335952758789 259.21923828125 310.498229980469 343.587646484375 359.315002441406 2.84956026077271 348.405364990234 348.581085205078 345.666320800781 321.213104248047 338.2841796875 332.109039306641 232.387435913086 234.007965087891 252.032470703125 301.581939697266 303.908966064453 298.047302246094 340.797821044922 2.20923709869385 6.09462261199951 359.351959228516 358.451324462891 35.9536476135254 60.2536010742188 47.5081596374512 10.3058261871338 351.513854980469 257.493499755859 268.137451171875 284.368011474609 288.757080078125 308.993896484375 355.728942871094 345.672088623047 9.38114929199219 21.8304634094238 329.813690185547 299.116455078125 298.161041259766
269.238189697266 269.16796875 275.25927734375 270 0 33.1343269348145 35.1115417480469 279.815032958984 278.391326904297 299.660552978516 350.758087158203 344.239593505859 349.338226318359 9.6230993270874 10.7170143127441 300.481994628906 340.000946044922 14.3264665603638 9.96949577331543 286.053802490234 255.860275268555 263.313781738281 287.316741943359 277.924713134766 302.927551269531 31.0879993438721 70.129524230957 270.440582275391 340.049591064453 78.6514587402344 87.8608245849609 8.12627506256104 33.5140342712402 70.6296615600586 280.923370361328 254.557312011719 253.078399658203 267.655242919922 290.280822753906 322.889007568359 332.447174072266 336.783569335938 7.01211404800415 359.811492919922 310.60546875 285.29736328125
224.195907592773 227.052230834961 237.123443603516 236.018829345703 192.051086425781 201.134780883789 221.207473754883 266.819976806641 265.365478515625 236.426742553711 251.315994262695 313.790161132813 333.832855224609 15.5632858276367 26.387939453125 276.797760009766 294.198028564453 341.892425537109 358.308319091797 357.607788085938 308.325073242188 254.660339355469 248.40934753418 243.864898681641 260.231750488281 60.7452926635742 65.8156051635742 282.537872314453 270.845336914063 64.4387664794922 26.2957077026367 358.858734130859 55.0902061462402 57.3490142822266 282.654724121094 271.335296630859 259.001037597656 266.92138671875 270.055938720703 319.777435302734 325.505584716797 310.666229248047 30.1150970458984 29.281457901001 323.7294921875 300.052551269531
199.674667358398 219.729202270508 218.800476074219 199.862808227539 180.352691650391 183.583587646484 185.366836547852 213.494659423828 224.141693115234 213.050827026367 237.895111083984 268.311248779297 272.066864013672 1.80111920833588 42.1849479675293 327.951446533203 274.638793945313 263.551818847656 271.266418457031 266.915802001953 342.305938720703 305.791748046875 275.174652099609 256.731842041016 267.533843994141 205.315475463867 49.953239440918 328.774322509766 268.386993408203 37.5930366516113 17.4444484710693 5.42717409133911 57.7685089111328 57.0210227966309 303.761962890625 297.668395996094 290.275207519531 261.644592285156 258.328918457031 274.963073730469 339.748779296875 356.31298828125 345.919586181641 358.699645996094 335.0859375 317.880828857422
184.221664428711 202.582717895508 207.931335449219 200.905364990234 199.891632080078 208.496627807617 207.292999267578 209.973281860352 189.828674316406 210.710739135742 227.501861572266 231.316146850586 240.098175048828 250.156005859375 43.8371734619141 55.1047439575195 203.062210083008 191.008987426758 185.367294311523 223.944107055664 272.276672363281 294.616455078125 306.178894042969 299.151336669922 276.517669677734 233.122055053711 55.735221862793 6.34159421920776 288.661346435547 278.132171630859 344.729217529297 24.4793491363525 80.2456665039063 48.2991027832031 320.539733886719 273.381317138672 312.168640136719 281.189727783203 282.707122802734 260.750762939453 270.605224609375 326.75830078125 6.21584415435791 1.14348387718201 337.763000488281 322.436218261719
212.309188842773 227.123291015625 191.501815795898 213.254730224609 224.010818481445 200.559768676758 196.594345092773 210.032073974609 195.455703735352 208.80696105957 222.956085205078 218.295547485352 232.483306884766 229.025115966797 150.882537841797 140.449691772461 173.000091552734 207.956817626953 225.086944580078 256.385528564453 268.592926025391 279.103454589844 273.103057861328 288.512298583984 230.338912963867 195.020111083984 296.853576660156 355.728759765625 1.71950507164001 311.996551513672 324.526123046875 59.8606376647949 66.2210159301758 49.5292701721191 8.30246925354004 275.639465332031 296.044036865234 304.642883300781 302.673950195313 296.646148681641 295.02587890625 297.515930175781 350.395965576172 1.3925975561142 358.988922119141 339.4375
270 311.727020263672 254.902297973633 252.059494018555 177.803131103516 207.570510864258 238.793533325195 230.906860351563 204.901718139648 216.814025878906 200.406509399414 226.874298095703 250.594848632813 224.214447021484 144.73258972168 123.573974609375 178.652481079102 211.121047973633 224.214508056641 257.626586914063 261.606658935547 255.945190429688 246.303421020508 221.951629638672 191.519348144531 236.196319580078 286.926177978516 352.616821289063 9.48900413513184 318.069885253906 336.752807617188 48.4078178405762 55.1834297180176 45.0664100646973 5.89440584182739 296.501373291016 279.1787109375 284.952880859375 287.368530273438 292.204071044922 318.629333496094 296.106689453125 311.660675048828 32.9320487976074 8.84360218048096 333.674224853516
296.505920410156 331.019012451172 0 0 0 269.778839111328 249.429153442383 228.963150024414 199.587631225586 180.528579711914 228.066268920898 258.795349121094 268.577575683594 257.906311035156 153.119445800781 110.681610107422 112.11474609375 211.68798828125 250.430923461914 249.056762695313 257.939849853516 242.364486694336 227.206802368164 201.67317199707 225.148162841797 264.407318115234 276.516326904297 274.442932128906 1.86169254779816 346.975799560547 337.15771484375 29.3180675506592 56.3152847290039 24.8410453796387 4.722083568573 308.403106689453 275.135650634766 270.170166015625 270.618957519531 270.884490966797 283.605346679688 300.46826171875 183.349746704102 152.331497192383 176.434616088867 182.50244140625
324.484375 334.716888427734 355.637756347656 4.63144874572754 10.6133279800415 333.8017578125 242.018951416016 220.069229125977 212.181610107422 215.375473022461 255.275497436523 260.290557861328 271.665435791016 291.992645263672 135.165435791016 144.127182006836 119.767601013184 262.249603271484 252.89892578125 247.849380493164 242.542510986328 222.222183227539 213.939331054688 215.347076416016 256.978881835938 272.834686279297 258.538909912109 252.430450439453 295.168304443359 340.602172851563 10.5509233474731 33.3680992126465 51.7197952270508 46.6822662353516 140.640838623047 252.098342895508 264.725402832031 265.193725585938 265.278472900391 264.95166015625 251.524520874023 223.701644897461 158.137985229492 136.5732421875 174.140991210938 195.206634521484
328.841979980469 313.873138427734 333.176788330078 15.0447788238525 25.4384860992432 25.3856792449951 0 282.277099609375 245.73681640625 262.83642578125 270.675201416016 278.856262207031 262.395629882813 173.120025634766 119.634033203125 158.078247070313 181.308792114258 232.380081176758 253.605560302734 256.51513671875 217.285903930664 209.374984741211 222.549560546875 245.188537597656 269.672546386719 288.671661376953 257.690307617188 247.551300048828 264.867889404297 266.403381347656 295.733520507813 71.3691635131836 78.2774810791016 90.6763763427734 141.796813964844 220.770492553711 233.058715820313 236.923797607422 237.121643066406 236.865997314453 225.607757568359 186.860992431641 167.241806030273 129.163162231445 149.252807617188 191.834320068359
328.150482177734 314.863708496094 323.550689697266 357.271423339844 1.92087757587433 15.7013483047485 29.8128337860107 38.7128982543945 311.458374023438 289.448333740234 275.119171142578 256.697631835938 216.179992675781 175.053176879883 142.874053955078 133.044342041016 217.442031860352 265.828338623047 267.731506347656 252.460021972656 213.259155273438 242.163177490234 262.730407714844 287.750335693359 296.888458251953 296.538116455078 252.418746948242 248.783798217773 253.463775634766 221.848068237305 189.065994262695 141.177337646484 113.266792297363 116.334182739258 124.257987976074 200.901580810547 219.7998046875 236.725250244141 238.584548950195 236.73698425293 216.235122680664 182.860870361328 190.013458251953 160.094055175781 136.773880004883 187.732482910156
312.475067138672 291.5830078125 320.476501464844 340.520935058594 4.08302450180054 63.2340469360352 81.5072174072266 35.9330444335938 349.003723144531 292.020202636719 247.287414550781 208.432266235352 188.4990234375 168.826705932617 184.253295898438 260.954956054688 307.358062744141 307.002227783203 293.466979980469 287.454803466797 322.580017089844 304.455932617188 273.376159667969 276.9375 292.040344238281 294.089385986328 169.083374023438 245.035186767578 229.315048217773 200.744812011719 197.800247192383 150.190505981445 116.830261230469 122.199615478516 130.673645019531 197.328598022461 243.304473876953 254.967468261719 250.527496337891 241.235275268555 208.223861694336 168.518356323242 179.784286499023 160.988906860352 127.539672851563 169.872985839844
314.693450927734 289.896881103516 308.834747314453 339.135345458984 25.3547172546387 77.1576156616211 84.4702529907227 12.4290323257446 358.784423828125 4.48034763336182 192.912139892578 214.813095092773 200.072296142578 194.533554077148 268.206481933594 250.560409545898 270.675506591797 290.131958007813 271.286346435547 259.407775878906 258.188415527344 295.47021484375 253.665420532227 255.852996826172 248.075531005859 187.164306640625 153.599609375 220.976913452148 207.706253051758 185.646026611328 198.894348144531 171.614059448242 111.305084228516 102.582382202148 111.458381652832 215.641021728516 260.227233886719 246.48095703125 237.703506469727 226.888763427734 187.872360229492 177.836303710938 199.828155517578 163.342498779297 126.632286071777 138.748840332031
322.972900390625 291.920715332031 306.972747802734 338.5 39.7698631286621 71.8798141479492 83.5504684448242 338.055969238281 3.50878119468689 55.0616798400879 66.4047622680664 287.110046386719 247.932312011719 234.803909301758 195.060470581055 243.510848999023 234.395599365234 232.233734130859 206.110855102539 208.672561645508 224.150085449219 227.10432434082 232.350311279297 265.330291748047 244.865615844727 203.463928222656 157.096008300781 190.235336303711 175.372711181641 193.902679443359 226.952774047852 190.722122192383 131.366165161133 96.361930847168 105.984016418457 208.936401367188 240.014709472656 237.410034179688 236.074234008789 223.721298217773 187.888275146484 152.587280273438 189.647674560547 178.35368347168 149.040878295898 146.740585327148
331.271270751953 269.873321533203 273.946807861328 320.454376220703 77.20849609375 72.5812072753906 36.8726844787598 330.783630371094 9.41232395172119 37.4460601806641 16.6900596618652 352.834045410156 341.379730224609 237.099533081055 235.977432250977 228.633544921875 226.693267822266 228.693374633789 201.823471069336 212.982696533203 237.373107910156 236.661773681641 253.458053588867 263.858337402344 238.009002685547 203.831039428711 153.493728637695 168.878204345703 179.056365966797 217.693054199219 206.981414794922 177.907562255859 158.290451049805 112.833274841309 112.309448242188 185.679168701172 232.633773803711 233.421798706055 233.351776123047 206.497955322266 194.917266845703 174.866333007813 165.642227172852 164.895751953125 151.770446777344 154.503402709961
