data/Portezuelo/saz.asc
ncols 80
nrows 80
xllcorner 725952.625
yllcorner 5944384.5
cellsize 100.02265625
NODATA_value -9999                                                                              
[rows 42 to 62 of 80, columns 0 to 45 of 80]
15.8769044876099 316.825775146484 276.923828125 282.754241943359 103.530578613281 51.0327987670898 359.685150146484 320.981475830078 9.42460632324219 38.1578941345215 18.3689098358154 21.3490257263184 72.6837997436523 354.134429931641 0.997686505317688 218.731994628906 260.655548095703 215.858459472656 208.836441040039 237.122344970703 245.386764526367 247.208129882813 246.765380859375 241.057662963867 230.686264038086 215.096694946289 163.259841918945 155.371932983398 186.831939697266 211.938125610352 205.122756958008 193.574600219727 153.573837280273 121.218688964844 97.233512878418 180.358047485352 225.319427490234 232.180145263672 224.587219238281 189.264205932617 194.368698120117 180.240509033203 177.097732543945 176.821060180664 167.709655761719 163.254577636719
352.06591796875 333.146148681641 311.589904785156 344.897155761719 16.9975833892822 347.261444091797 352.430236816406 356.887512207031 353.825866699219 359.010345458984 23.5628147125244 64.1323852539063 69.3636322021484 328.174285888672 21.9405250549316 44.8043746948242 223.854766845703 197.032211303711 228.724182128906 248.73258972168 249.713088989258 265.855560302734 258.601104736328 246.051345825195 235.528610229492 190.919845581055 158.457977294922 168.323028564453 199.138610839844 227.20915222168 228.757400512695 153.739303588867 129.429306030273 130.3173828125 100.102020263672 127.304107666016 217.728363037109 236.357025146484 217.853973388672 201.317001342773 202.918045043945 165.634948730469 158.921035766602 166.864562988281 165.304748535156 167.001892089844
347.896270751953 332.541687011719 314.606262207031 338.996002197266 357.582214355469 349.467437744141 349.212707519531 344.011016845703 337.112884521484 1.09297180175781 54.5246505737305 68.305549621582 33.3354415893555 325.830688476563 13.615195274353 53.5762138366699 56.9304962158203 282.402160644531 266.717163085938 269.025207519531 270 263.670196533203 243.976989746094 240.599487304688 211.842193603516 187.84521484375 159.247756958008 151.192138671875 196.177093505859 219.209945678711 200.236511230469 176.954360961914 149.969528198242 122.592224121094 113.317413330078 115.974388122559 217.389312744141 246.761825561523 214.329849243164 201.015533447266 198.303619384766 165.879165649414 149.42301940918 161.203125 157.815231323242 154.354721069336
359.968505859375 345.365295410156 304.824005126953 316.411010742188 352.853790283203 12.2297277450562 4.59679412841797 342.56884765625 345.108306884766 14.3689317703247 70.7257843017578 65.7977294921875 26.2676887512207 351.879028320313 25.4863452911377 46.8072814941406 50.558162689209 45.7900428771973 268.339172363281 268.131652832031 268.154327392578 214.91813659668 221.818283081055 214.948165893555 186.255569458008 193.14372253418 170.482727050781 158.049377441406 203.284088134766 195.460571289063 182.366577148438 179.962982177734 180.356170654297 165.063171386719 124.054321289063 114.671157836914 227.248504638672 231.236785888672 187.128967285156 199.232788085938 197.152221679688 167.456619262695 158.488876342773 176.241882324219 182.960327148438 161.788101196289
354.753570556641 358.126373291016 312.832641601563 288.371368408203 342.292938232422 39.0469055175781 355.681945800781 335.337646484375 0.567406892776489 36.5799140930176 67.149543762207 60.8643608093262 10.8252353668213 359.567474365234 31.0887565612793 61.2400016784668 80.2150421142578 74.0048370361328 273.180206298828 254.16877746582 229.790405273438 191.599136352539 233.628082275391 219.120254516602 210.540939331055 227.344940185547 152.311264038086 124.397575378418 115.362724304199 148.605651855469 172.447555541992 179.806655883789 180 180.324188232422 161.610855102539 127.462661743164 234.208221435547 206.545364379883 193.91455078125 200.276748657227 189.072906494141 173.712631225586 160.085800170898 182.365005493164 204.765151977539 185.502059936523
331.887420654297 348.994201660156 332.989807128906 282.653381347656 297.269897460938 1.74688720703125 332.276428222656 323.646697998047 14.716118812561 53.4070129394531 64.8230819702148 28.4480228424072 3.06881237030029 37.054126739502 92.3291091918945 93.9255065917969 90.2167053222656 20.3052845001221 336.594360351563 238.69563293457 220.034286499023 232.974105834961 254.878189086914 212.542953491211 214.560195922852 221.989303588867 181.158737182617 63.0658149719238 78.2612152099609 81.1954956054688 74.5745849609375 147.404998779297 174.107528686523 180 182.659866333008 190.889923095703 140.174728393555 175.946701049805 181.033935546875 180.915222167969 180.653091430664 180.511734008789 180.556915283203 218.737823486328 211.951126098633 183.431930541992
323.996185302734 330.576446533203 344.523742675781 308.348449707031 296.272521972656 349.297058105469 343.172973632813 311.665161132813 80.6396408081055 83.0041427612305 65.0189743041992 5.47822713851929 39.0007591247559 72.9081268310547 90.1907730102539 100.495948791504 41.238899230957 345.225036621094 13.9645853042603 1.55518817901611 298.599243164063 303.673889160156 299.190887451172 228.30924987793 242.618011474609 273.442993164063 279.48583984375 305.041625976563 59.209285736084 54.8656196594238 52.0653686523438 72.1858367919922 78.0325241088867 136.922622680664 194.902618408203 200.161041259766 149.394866943359 154.484268188477 195.625839233398 209.49528503418 197.656021118164 204.177642822266 234.342025756836 277.472106933594 186.577209472656 182.201889038086
347.735015869141 310.541168212891 318.974822998047 319.407501220703 296.482635498047 306.315032958984 345.929473876953 32.9451713562012 104.24195098877 91.0266036987305 21.431022644043 7.37011671066284 84.867057800293 77.9362411499023 80.1918334960938 78.6709671020508 358.305847167969 316.809936523438 348.509979248047 13.7498474121094 351.397033691406 332.006164550781 346.779174804688 0 312.438934326172 297.556701660156 326.044525146484 356.834503173828 98.2962799072266 102.976402282715 100.995460510254 98.7696304321289 80.3823318481445 89.4593200683594 113.879821777344 168.823150634766 159.841995239258 164.148498535156 221.085525512695 239.091201782227 266.970306396484 282.122741699219 296.873168945313 327.006591796875 357.473968505859 22.193489074707
3.09264492988586 322.106292724609 305.971466064453 320.971038818359 310.491333007813 292.538879394531 312.393157958984 74.846076965332 66.2974166870117 22.9054660797119 9.32720565795898 66.0199890136719 96.8571548461914 94.0334701538086 88.4676208496094 55.8176498413086 347.989898681641 323.172332763672 334.363616943359 8.86260032653809 1.06053173542023 341.931396484375 336.797393798828 343.239044189453 338.120697021484 298.003784179688 273.200073242188 151.34797668457 118.454528808594 128.745300292969 135.839630126953 123.096488952637 103.74991607666 55.4668617248535 36.8120231628418 44.4227294921875 121.631896972656 160.40315246582 241.684646606445 263.472930908203 308.570220947266 319.810913085938 302.510375976563 329.522338867188 2.94399333000183 24.8257751464844
60.4856147766113 229.753219604492 257.943878173828 250.818237304688 248.301803588867 254.505706787109 188.537002563477 111.763175964355 21.1620807647705 26.8169708251953 69.3606109619141 83.1743316650391 82.5765609741211 88.2647171020508 75.7675399780273 12.7948427200317 333.318603515625 326.352752685547 327.959686279297 357.120330810547 19.0894680023193 8.70688819885254 332.271331787109 315.67626953125 342.115173339844 358.390441894531 64.2018966674805 134.744506835938 123.428977966309 121.568328857422 138.625442504883 137.58203125 321.756317138672 350.489379882813 13.7063550949097 81.8261032104492 90.0927886962891 105.397911071777 262.368469238281 263.310333251953 269.081237792969 300.63134765625 291.341766357422 304.208343505859 12.4007177352905 12.6532649993896
152.619049072266 175.611343383789 208.85368347168 205.699264526367 224.230392456055 220.641815185547 201.556671142578 204.078216552734 178.51545715332 104.057716369629 100.575645446777 87.1590347290039 81.199333190918 82.2244338989258 47.313232421875 6.23747301101685 344.932373046875 299.152191162109 319.920440673828 359.524932861328 20.2471179962158 30.7296485900879 16.559103012085 332.093048095703 313.973510742188 270 108.48023223877 129.880004882813 116.165061950684 110.561737060547 114.909927368164 322.223388671875 338.234161376953 350.185546875 65.9549331665039 78.6184310913086 87.3618850708008 109.956809997559 262.476898193359 242.189712524414 213.181198120117 234.481719970703 261.944885253906 259.078735351563 194.668487548828 45.2783241271973
163.276504516602 161.781219482422 197.929016113281 215.263809204102 229.184371948242 205.086608886719 181.374938964844 194.147354125977 204.805419921875 173.557754516602 137.407043457031 120.428314208984 98.5052337646484 59.1302528381348 6.96417331695557 9.32251453399658 22.7881469726563 299.210388183594 306.176513671875 345.679840087891 22.6485481262207 39.3829307556152 13.4248857498169 2.30139541625977 68.3356704711914 99.2529144287109 133.175857543945 128.036712646484 118.923042297363 88.9065704345703 11.8146753311157 319.294891357422 327.963500976563 29.1142044067383 64.1196823120117 66.8355026245117 80.7370452880859 74.0669860839844 250.392929077148 197.494277954102 223.609802246094 250.240783691406 248.201065063477 216.315994262695 194.94384765625 276.835906982422
174.893905639648 149.255279541016 168.483215332031 212.594497680664 217.7939453125 203.831176757813 192.825057983398 188.667205810547 187.059188842773 174.376770019531 162.93327331543 157.764099121094 138.790252685547 358.562194824219 0.886521339416504 28.0385189056396 34.5018157958984 325.071441650391 294.106414794922 327.853942871094 33.2936973571777 36.0183296203613 33.3680229187012 93.6701278686523 112.950576782227 95.3873977661133 107.50080871582 92.7817840576172 98.3508911132813 34.1388168334961 325.830749511719 330.987121582031 2.45395708084106 56.8476867675781 89.109130859375 102.529441833496 79.1514205932617 73.8832321166992 272.683135986328 297.409454345703 303.182891845703 272.592926025391 229.956527709961 185.616027832031 236.008850097656 254.336242675781
181.300506591797 163.842910766602 158.771926879883 193.608016967773 204.556594848633 205.345977783203 196.849136352539 182.032089233398 179.450805664063 180 180 183.326950073242 232.032333374023 289.560272216797 353.442749023438 20.9988460540771 16.3769340515137 344.407867431641 310.772186279297 303.578857421875 45.4826393127441 72.5882720947266 107.190101623535 117.628295898438 55.7621459960938 37.0307159423828 42.2295227050781 54.8490600585938 33.3733406066895 337.040618896484 322.661590576172 334.358856201172 99.4192657470703 99.4220199584961 102.496894836426 86.4666442871094 94.1674346923828 97.7214126586914 279.527465820313 298.663177490234 308.410125732422 302.991851806641 236.302291870117 253.735382080078 262.755523681641 221.775466918945
175.715957641602 160.119445800781 149.345718383789 169.655990600586 206.210678100586 224.034729003906 221.074142456055 190.788208007813 173.887329101563 182.741073608398 186.844528198242 209.250579833984 250.925811767578 258.728179931641 280.398681640625 14.3895330429077 47.9116363525391 345.0625 320.055847167969 349.888702392578 110.756637573242 113.204719543457 110.060104370117 12.5168266296387 355.6875 5.3728232383728 43.4167289733887 69.1760940551758 9.72842502593994 324.636138916016 294.630920410156 139.035293579102 138.100128173828 135.537017822266 125.275588989258 92.8152236938477 101.193435668945 109.666519165039 269.297790527344 259.670959472656 288.434417724609 321.511993408203 343.5634765625 346.600036621094 346.18115234375 246.442687988281
140.832077026367 132.400894165039 131.887832641602 190.608367919922 259.374114990234 258.919769287109 241.915756225586 179.610336303711 144.551788330078 188.272003173828 211.561782836914 232.17578125 239.039901733398 230.286331176758 221.485473632813 178.342147827148 129.994323730469 226.5341796875 283.706665039063 40.8814544677734 87.8259735107422 90.1341705322266 11.2945566177368 329.158721923828 351.887573242188 21.9495658874512 58.11181640625 40.4431495666504 352.822418212891 3.74698495864868 118.067504882813 129.857788085938 142.544479370117 142.953460693359 137.958969116211 140.837783813477 103.777153015137 90.7330169677734 237.93635559082 244.97053527832 290.53759765625 296.264343261719 307.068908691406 345.450439453125 359.2392578125 1.06814169883728
134.605178833008 111.86434173584 105.698867797852 268.977600097656 266.240478515625 255.036437988281 231.643035888672 177.0888671875 129.490814208984 171.467330932617 215.417343139648 226.78645324707 212.671142578125 201.440124511719 203.327850341797 198.311111450195 192.635177612305 219.916473388672 270.261688232422 1.72465085983276 40.4799156188965 25.9707984924316 1.71334171295166 320.550384521484 345.255889892578 39.3264389038086 61.7490234375 27.2289924621582 10.6842193603516 42.3683662414551 101.492332458496 116.435905456543 128.634552001953 137.031448364258 109.498382568359 134.788070678711 143.210311889648 128.562454223633 213.296127319336 262.105194091797 278.058868408203 279.373016357422 270.464782714844 286.735504150391 338.775115966797 355.234802246094
154.559616088867 135.341339111328 113.288772583008 266.535858154297 249.091873168945 218.569732666016 205.86181640625 185.421539306641 158.471145629883 179.391250610352 221.606140136719 223.903015136719 205.055114746094 200.370407104492 195.056777954102 198.273300170898 211.701766967773 249.289459228516 270.439697265625 303.610046386719 3.42203330993652 23.2869567871094 22.4956111907959 338.869476318359 340.431304931641 50.9577140808105 51.2416038513184 6.89097690582275 22.6695899963379 60.8273277282715 84.6183547973633 108.579414367676 110.752960205078 143.374084472656 109.46556854248 96.7232437133789 112.605850219727 142.887100219727 199.807312011719 261.523895263672 248.029541015625 258.572875976563 257.292114257813 233.244064331055 242.872711181641 245.997940063477
163.251007080078 150.257934570313 161.542144775391 284.232513427734 219.761123657227 202.300323486328 194.103225708008 186.260772705078 184.043121337891 206.984481811523 224.680816650391 206.961135864258 187.970092773438 186.149963378906 183.107299804688 227.271942138672 257.3876953125 271.954254150391 271.187286376953 280.836608886719 339.637847900391 27.7353534698486 22.3095893859863 0.522156834602356 354.61572265625 41.3464126586914 25.49609375 10.8468561172485 45.3359794616699 64.9038238525391 64.2354736328125 58.2814102172852 60.213062286377 77.5986328125 120.230529785156 111.657791137695 111.809501647949 126.68773651123 200.657684326172 258.948272705078 244.854598999023 225.873672485352 185.115158081055 221.714736938477 213.496643066406 228.809432983398
189.903228759766 228.959594726563 142.740432739258 118.449203491211 181.200225830078 185.073211669922 182.051193237305 180 199.091415405273 225.731170654297 219.396148681641 195.704040527344 201.89582824707 234.242370605469 280.776245117188 298.799346923828 296.770202636719 288.301635742188 274.060729980469 279.854888916016 321.860382080078 27.051607131958 12.535008430481 2.43030452728271 359.232604980469 18.6234531402588 33.2502670288086 44.5788650512695 60.7782135009766 53.9621238708496 49.0086517333984 45.1346778869629 59.0493774414063 77.358528137207 83.8659820556641 51.9278564453125 66.2117919921875 83.1469116210938 179.040786743164 235.040863037109 224.707916259766 201.618270874023 266.544403076172 275.760650634766 253.656112670898 258.804748535156
181.011352539063 204.773742675781 171.249725341797 150.91194152832 180 182.177108764648 188.233734130859 257.379913330078 261.050140380859 241.326904296875 237.271728515625 266.010620117188 282.25537109375 302.658172607422 305.498626708984 303.860046386719 303.45751953125 299.498504638672 277.050476074219 263.855834960938 301.151977539063 1.53797948360443 356.491607666016 345.009735107422 355.187103271484 31.1457996368408 66.1373519897461 62.0191345214844 71.6717681884766 65.1153793334961 61.0494384765625 52.8900375366211 59.3036689758301 67.7204360961914 39.5290679931641 44.0739479064941 60.7054252624512 79.6549530029297 120.79581451416 192.458908081055 202.124237060547 235.933090209961 281.459655761719 324.284759521484 327.261444091797 322.417236328125
