data/Portezuelo/slope.asc
ncols 80
nrows 80
xllcorner 725952.625
yllcorner 5944384.5
cellsize 100.02265625
NODATA_value -9999                                                                              
[rows 0 to 19 of 80, columns 0 to 45 of 80]
6.48434686660767 11.0328931808472 8.25894927978516 3.63971281051636 4.06484699249268 5.18160820007324 10.8079042434692 18.98828125 8.31132793426514 1.45273888111115 8.54539394378662 16.3475551605225 6.23740863800049 11.1057653427124 18.2000637054443 17.7822494506836 15.7126865386963 0.96260005235672 24.3743057250977 24.5944862365723 2.51574993133545 4.25142621994019 6.48041439056396 2.60432052612305 0.752752840518951 3.67321348190308 1.64801073074341 4.02770519256592 1.6419221162796 0.74983012676239 1.03458476066589 13.0366239547729 33.7336845397949 44.0526313781738 42.1688423156738 42.366081237793 37.0423774719238 21.2518310546875 20.8674221038818 3.60739517211914 16.5955429077148 22.4902248382568 30.6311950683594 19.6478176116943 21.5013847351074 22.2633094787598
7.51416921615601 16.9627990722656 17.2406635284424 7.80437278747559 7.8146710395813 9.98421287536621 15.811089515686 22.5055294036865 15.4134063720703 22.2072811126709 26.2087726593018 19.8949966430664 19.9998779296875 7.17769718170166 31.1762180328369 28.1003494262695 17.8893966674805 27.8303031921387 28.7961120605469 13.4114599227905 13.2116069793701 16.6555938720703 6.71739292144775 8.44243717193604 1.69078540802002 5.22982931137085 3.14366555213928 4.72356796264648 3.31768536567688 0.923061490058899 12.0326080322266 27.8030605316162 33.8968124389648 33.8123321533203 32.1256256103516 38.2399864196777 39.9410095214844 32.8495063781738 24.6201171875 13.442587852478 35.4209480285645 43.6315460205078 39.9378700256348 22.2536373138428 21.7122535705566 44.3869438171387
2.70810508728027 8.06925010681152 18.6323299407959 24.4136295318604 16.3086547851563 7.56562900543213 16.7687358856201 15.5443239212036 19.565954208374 31.3270359039307 26.0466213226318 21.8134803771973 33.5589904785156 32.3175163269043 35.7401428222656 30.3655414581299 7.24526691436768 32.1100540161133 39.9033584594727 8.65246772766113 25.1511306762695 14.5623760223389 17.6954441070557 7.48880481719971 0.834581851959229 5.98208713531494 3.26794934272766 7.02247047424316 6.49487447738647 2.16103458404541 15.7400150299072 21.729076385498 23.337459564209 38.0303077697754 29.15940284729 29.5545063018799 50.914852142334 52.3062629699707 31.1483955383301 21.6306419372559 31.4759750366211 34.9230651855469 30.833625793457 30.907247543335 16.4711055755615 37.333911895752
2.36669898033142 4.03343343734741 8.76201438903809 20.3607635498047 25.9958992004395 12.3739719390869 17.6901836395264 24.0354385375977 21.3857746124268 21.8481826782227 27.2033386230469 34.1278419494629 46.695987701416 46.9352416992188 16.1683807373047 8.56324672698975 16.7010459899902 11.350977897644 36.0274124145508 21.5407295227051 16.7216358184814 11.803277015686 23.1155967712402 13.7062044143677 7.90109539031982 10.3664302825928 12.5208578109741 11.5644702911377 10.4588575363159 6.37096214294434 8.41206932067871 18.8415241241455 17.8472118377686 32.5920295715332 41.9466705322266 34.6785469055176 53.4779014587402 58.1891555786133 34.7148551940918 20.9362277984619 25.0522708892822 28.5713634490967 24.7326354980469 35.9672241210938 20.0826854705811 30.4588279724121
1.00070440769196 2.06104016304016 2.95196676254272 17.8269634246826 33.9073066711426 20.7572612762451 11.2796249389648 21.7177848815918 19.2858657836914 19.5685024261475 24.9400825500488 33.9607696533203 33.6973609924316 32.071174621582 18.018159866333 20.1782894134521 25.9104785919189 15.4517087936401 28.2753677368164 15.9568033218384 12.396390914917 14.2648372650146 27.2162761688232 22.3286380767822 20.5745124816895 20.2005367279053 17.6022567749023 19.3610420227051 17.9045886993408 9.62626266479492 0.458096951246262 12.7106313705444 16.8268508911133 19.9551620483398 38.8070220947266 47.816349029541 45.4950065612793 57.2107925415039 49.9177131652832 23.3611812591553 30.5224056243896 34.9195137023926 23.5694198608398 22.071662902832 24.9755611419678 22.1803646087646
2.24368977546692 2.8724319934845 2.67037749290466 12.5958232879639 32.4673156738281 31.5600681304932 8.24714660644531 8.03575992584229 21.0410213470459 23.4069042205811 34.7118721008301 29.9678211212158 25.8491458892822 34.3163528442383 17.6909275054932 27.4016151428223 22.334846496582 19.0938510894775 29.1679134368896 9.56186771392822 15.4111099243164 11.4533090591431 19.2786865234375 20.6360263824463 21.7093868255615 19.846435546875 14.5678434371948 21.3394927978516 25.8606243133545 24.2809658050537 5.40034484863281 8.26168632507324 17.3630790710449 13.1660995483398 22.2512664794922 40.5934410095215 57.1015434265137 60.299674987793 63.8349800109863 38.4921455383301 24.3528747558594 36.3171463012695 34.0023880004883 18.5978908538818 23.5766105651855 26.7061824798584
2.4252393245697 6.28464555740356 4.28569364547729 5.74608135223389 19.3001842498779 29.0347061157227 26.1036148071289 20.8331184387207 26.7087364196777 35.8539199829102 39.7447547912598 23.5068435668945 31.0120277404785 30.5860595703125 24.184024810791 28.4502296447754 15.1747894287109 21.208703994751 36.2925415039063 9.02255535125732 19.2142372131348 8.60075283050537 14.1491718292236 17.1529579162598 16.0659236907959 17.9233589172363 14.9509935379028 17.8900680541992 25.6561889648438 27.0117359161377 17.3376178741455 4.73408079147339 19.1760082244873 11.2524061203003 20.0796432495117 28.3283538818359 40.2319412231445 56.2475128173828 61.3652687072754 61.9339790344238 40.7474479675293 38.5129547119141 35.1361198425293 24.914478302002 25.8058910369873 23.9098930358887
4.08208894729614 6.11620759963989 13.7562141418457 18.524263381958 22.5263671875 20.195728302002 29.6118278503418 32.6066360473633 27.2353000640869 36.0141258239746 35.0937194824219 17.2622184753418 35.5620155334473 17.9532108306885 28.1802711486816 27.1625347137451 12.9538345336914 18.3169555664063 31.3465461730957 12.9060373306274 14.8970518112183 7.87499094009399 20.3772068023682 25.9661235809326 24.7957801818848 19.9168510437012 18.9752292633057 18.5737972259521 32.4643630981445 39.3021621704102 25.349552154541 10.1030826568604 20.2045917510986 17.6502857208252 33.7277946472168 28.0525588989258 23.5487689971924 37.2126159667969 54.3049507141113 44.8218002319336 45.263786315918 51.8338928222656 45.8449935913086 36.3778495788574 24.8794021606445 36.7425117492676
5.38640785217285 14.0045585632324 20.9923000335693 25.892297744751 22.539701461792 20.1080322265625 30.4958343505859 37.2874870300293 36.7033615112305 25.9677677154541 14.4801731109619 21.8148231506348 40.5074806213379 17.4537811279297 26.9490051269531 20.8674945831299 13.4546947479248 28.2630176544189 29.0811901092529 13.9892482757568 21.4950180053711 19.8049201965332 41.1025810241699 40.9941711425781 24.9557323455811 20.9394683837891 19.0915031433105 25.7724647521973 27.2840061187744 39.9163284301758 40.1719398498535 19.5625667572021 18.7123565673828 44.3854866027832 41.7469139099121 33.8564910888672 25.7768802642822 45.2199401855469 62.2352104187012 62.0042495727539 51.5211601257324 42.6245918273926 42.5765724182129 39.3042984008789 49.4589195251465 43.3175659179688
9.92866134643555 22.1135864257813 16.202522277832 14.0016660690308 19.3133430480957 24.8551464080811 14.990195274353 19.2112331390381 29.0555114746094 36.2425575256348 24.9820079803467 8.16407871246338 26.2565860748291 20.4751415252686 10.5372905731201 12.2327098846436 31.9900379180908 31.7085056304932 13.1661796569824 26.1625480651855 34.1749877929688 42.8377075195313 45.1036491394043 43.7366561889648 31.7238616943359 37.2808418273926 44.348804473877 38.4057884216309 31.891637802124 37.9521980285645 34.3520812988281 28.9984951019287 1.33190929889679 47.1140785217285 55.4481773376465 29.4043579101563 42.8882255554199 61.4788513183594 67.9029769897461 49.943660736084 35.9290924072266 37.4524040222168 44.0653457641602 36.313102722168 38.8624687194824 27.3221702575684
35.1056518554688 29.117504119873 19.8393535614014 18.8121891021729 17.9329376220703 15.0674800872803 18.1563949584961 18.5496349334717 28.3921909332275 32.1363906860352 25.5312919616699 4.7265682220459 21.1599636077881 11.0255088806152 11.5776700973511 40.8633193969727 36.9750595092773 14.9278793334961 18.5392475128174 32.1442070007324 36.6564292907715 38.3089561462402 20.5124206542969 22.3704357147217 31.7254981994629 51.0338516235352 56.9070816040039 36.982780456543 58.0301208496094 43.6632766723633 39.9491004943848 47.6710510253906 21.5290088653564 46.2964553833008 58.0693359375 44.9078598022461 43.9334831237793 41.2782287597656 40.7380752563477 41.5961074829102 27.5804100036621 20.7822246551514 33.7538032531738 43.893238067627 37.2380332946777 30.1492252349854
45.2915229797363 40.1292037963867 26.3514194488525 12.9566669464111 24.596363067627 22.2721748352051 20.1470680236816 26.9171371459961 31.2344989776611 36.2113609313965 16.1493072509766 13.0103960037231 15.0922183990479 20.8672161102295 43.7381439208984 40.2622451782227 10.1400451660156 18.7059364318848 32.5777587890625 32.1047210693359 24.4692554473877 19.3709468841553 27.6181755065918 33.9921417236328 27.3342323303223 30.7728843688965 37.910888671875 41.670597076416 54.4493598937988 62.9039459228516 46.5450668334961 50.6033592224121 40.2189140319824 27.1037425994873 56.1561889648438 51.4649848937988 43.1127395629883 36.4135055541992 42.014404296875 42.7193336486816 40.7223014831543 21.7459831237793 30.1163883209229 53.7257270812988 27.4283237457275 20.9221630096436
13.3343172073364 19.5560073852539 26.720495223999 22.536714553833 17.4889698028564 24.0308818817139 20.9629440307617 18.364896774292 29.2556247711182 25.2021160125732 9.02204895019531 29.706413269043 29.9589366912842 44.7670288085938 41.2456283569336 9.38620758056641 17.2027435302734 20.8433780670166 17.649730682373 25.6464004516602 27.1576042175293 37.1597938537598 57.3223533630371 44.8443565368652 30.655933380127 29.707052230835 28.0291385650635 35.6437644958496 41.9186248779297 48.6551208496094 42.5056037902832 50.7058601379395 41.7864074707031 9.64399337768555 46.9991073608398 45.8714408874512 50.1274185180664 44.0554733276367 54.9419555664063 54.2856140136719 41.5317420959473 29.2054882049561 23.9798812866211 48.1594123840332 47.3058929443359 27.714958190918
5.64095878601074 16.0189189910889 20.7362937927246 20.3132781982422 19.2932052612305 11.2980327606201 19.5979480743408 30.702220916748 26.1166610717773 16.9285755157471 41.9741325378418 34.435230255127 34.3589553833008 42.8372611999512 28.3958702087402 8.92781448364258 16.641637802124 22.3392295837402 25.4429206848145 37.3620414733887 39.9011650085449 53.2809867858887 34.5994453430176 28.8659706115723 34.6037368774414 28.3816699981689 10.4002704620361 13.9543724060059 27.73095703125 36.7091178894043 44.8690910339355 56.7265663146973 42.3691787719727 5.42954635620117 35.9736099243164 42.3160934448242 31.9699172973633 35.9899368286133 52.9862060546875 62.840763092041 41.7973327636719 22.4694766998291 20.9352436065674 35.1289024353027 42.5448341369629 43.3337364196777
14.028468132019 18.7880153656006 23.704568862915 27.1565933227539 21.965934753418 22.4283428192139 27.8166446685791 14.5976057052612 15.5722436904907 37.2471504211426 39.3882255554199 31.9940605163574 34.799259185791 38.0155563354492 21.1609840393066 29.5719223022461 35.4036483764648 32.0378265380859 32.3958168029785 38.0177803039551 28.6549301147461 29.2636680603027 33.1164398193359 14.6898431777954 25.4630432128906 7.31767606735229 13.7712144851685 29.7213535308838 31.4898490905762 49.2758369445801 57.8943138122559 53.9443893432617 25.9585304260254 4.48652505874634 21.1316299438477 35.5635757446289 37.1678848266602 51.3816108703613 56.7284088134766 45.2080039978027 44.3987998962402 27.479419708252 24.4381904602051 26.997932434082 43.9753723144531 37.2866668701172
19.4837913513184 27.2226314544678 10.494348526001 12.9563274383545 7.21523380279541 17.021842956543 12.2766628265381 10.5099849700928 25.1980876922607 26.5555000305176 25.2371044158936 31.2426300048828 34.1979522705078 26.1885471343994 5.71265172958374 27.7351016998291 37.6371574401855 37.9362907409668 31.3477535247803 28.9634780883789 27.351978302002 35.2438659667969 31.0979785919189 8.44603061676025 19.9304122924805 24.5849552154541 35.5381088256836 34.6471061706543 35.8371810913086 47.9216346740723 66.4671630859375 45.688907623291 9.7609167098999 13.3288774490356 43.0221939086914 42.0174827575684 35.6392555236816 36.0303573608398 32.3658638000488 37.7941436767578 41.5543746948242 39.1258010864258 33.5049743652344 27.0397262573242 29.5185966491699 51.7108306884766
9.61630058288574 24.2775745391846 18.1948909759521 15.7483205795288 20.6825084686279 22.9797992706299 24.4802398681641 47.838737487793 48.4284896850586 29.3443508148193 34.0560760498047 32.7535095214844 25.1371650695801 11.0954265594482 11.6367835998535 22.2676830291748 27.9196834564209 36.7494621276855 33.1479377746582 33.9063949584961 37.2507705688477 37.583553314209 27.0657234191895 8.94829273223877 37.3279151916504 35.5444488525391 26.0085906982422 34.1591987609863 38.1084022521973 31.0821094512939 25.8801898956299 40.4238128662109 22.0640029907227 25.1398906707764 37.7793312072754 26.6660938262939 36.7036895751953 36.9580421447754 21.7099628448486 27.7255573272705 33.7610626220703 36.4159698486328 28.2285022735596 36.1473731994629 27.543737411499 40.3727607727051
31.5941143035889 33.2918014526367 21.6003971099854 22.0494823455811 25.0235214233398 31.3634662628174 49.682788848877 54.6624870300293 41.4441719055176 38.6953773498535 30.0950965881348 17.5531749725342 6.73816633224487 4.07613229751587 22.464864730835 21.8247451782227 26.7713146209717 34.216121673584 37.0221099853516 30.4355564117432 32.1135330200195 42.2353897094727 43.0215492248535 23.2247657775879 29.6032180786133 38.0993614196777 34.938793182373 22.8756141662598 13.6427326202393 31.9014701843262 33.1855926513672 36.5864906311035 29.3659839630127 11.3473682403564 34.5009765625 28.8075485229492 38.7417373657227 43.9163551330566 28.7400913238525 26.3495578765869 23.5143203735352 19.4799785614014 28.9569206237793 37.7836380004883 37.3827781677246 37.6211166381836
26.2185440063477 38.9538612365723 32.3212013244629 26.2719345092773 20.3503952026367 26.8781147003174 37.5315704345703 21.424919128418 9.94170188903809 20.2664031982422 15.3784551620483 6.55029392242432 6.83026361465454 22.9574813842773 24.9821624755859 19.8619289398193 24.5147953033447 20.624849319458 37.1354789733887 35.3387336730957 25.2961235046387 59.6639785766602 68.0233383178711 38.1169586181641 11.7634773254395 24.4146556854248 31.0379447937012 38.8160362243652 36.5217399597168 32.3470649719238 57.5463790893555 55.7414131164551 27.2002506256104 5.01090812683105 22.3052425384521 33.842098236084 24.13525390625 34.4913444519043 42.1295013427734 30.174919128418 31.4460697174072 36.867733001709 44.0222434997559 35.0490417480469 27.5517349243164 30.4519424438477
8.29424858093262 19.9027366638184 32.7168922424316 27.8631134033203 20.4288806915283 24.1458606719971 18.8084754943848 9.84112548828125 6.70785903930664 9.83514976501465 10.081241607666 4.72005748748779 16.2669010162354 22.6514778137207 14.009651184082 16.2530059814453 19.5475540161133 6.48949766159058 25.7204875946045 43.7541351318359 38.8815879821777 39.9955673217773 65.5512619018555 69.5772018432617 25.2665405273438 18.6690101623535 19.8303546905518 16.0697593688965 28.855504989624 37.5915756225586 54.4788970947266 71.4991073608398 25.7744216918945 9.1149787902832 25.5618572235107 36.4785499572754 22.7261848449707 33.8513717651367 35.5973510742188 27.8777179718018 41.6701583862305 61.0396156311035 42.4635925292969 30.7025814056396 21.7436199188232 31.8560466766357
