data/Portezuelo/slope.asc
ncols 80
nrows 80
xllcorner 725952.625
yllcorner 5944384.5
cellsize 100.02265625
NODATA_value -9999                                                                              
[rows 20 to 39 of 80, columns 0 to 45 of 80]
14.1660718917847 18.8751602172852 29.052791595459 32.9158973693848 18.3035774230957 11.4561176300049 11.9230537414551 9.76306533813477 7.74197912216187 8.52056980133057 9.45838165283203 9.31879901885986 19.6189022064209 24.2360153198242 20.8789920806885 27.3835544586182 24.1245231628418 35.4101028442383 39.3183288574219 40.3992004394531 38.5253105163574 16.9775638580322 38.6428680419922 53.4933776855469 31.9393119812012 34.9181213378906 44.2705154418945 60.5516815185547 59.6077499389648 51.9017372131348 46.2006912231445 51.0720367431641 23.1644611358643 27.6675243377686 35.4352111816406 26.4952125549316 27.3621406555176 15.7459812164307 33.8581733703613 46.7104568481445 44.0525169372559 62.8309326171875 58.1335639953613 25.6945648193359 50.8792877197266 55.5083122253418
23.7551918029785 27.4930629730225 28.1029262542725 30.164005279541 30.8136615753174 19.7967662811279 14.9066467285156 13.2451000213623 10.0423755645752 9.42093658447266 11.4454288482666 10.8779954910278 12.5153703689575 16.9272918701172 21.3682060241699 30.6634922027588 34.3671226501465 41.0388336181641 26.4286727905273 37.3250350952148 31.2701568603516 20.8780612945557 35.4626998901367 48.6069221496582 30.1154136657715 21.7050495147705 34.9594459533691 24.8858108520508 14.1266450881958 7.88843393325806 20.5668869018555 13.4123592376709 25.1296730041504 32.1048011779785 34.5922317504883 20.7469234466553 17.2301902770996 11.6755199432373 13.5189428329468 17.5741558074951 38.2348403930664 44.9579658508301 75.2594833374023 56.9388046264648 45.0658340454102 62.784107208252
19.1707725524902 19.9186687469482 19.9186687469482 18.551944732666 24.8006801605225 24.4768238067627 14.6595211029053 11.2933502197266 8.22881317138672 7.85636043548584 8.91692543029785 13.9530067443848 16.8469524383545 14.5633144378662 12.5786123275757 9.98394680023193 19.6142044067383 12.673041343689 4.65625953674316 20.1826877593994 26.6818733215332 21.5074024200439 28.4199542999268 31.1763973236084 24.2818965911865 4.00728988647461 19.9419689178467 31.906665802002 39.0836181640625 32.6997756958008 16.9972362518311 14.3505277633667 19.3736057281494 17.6886425018311 10.8513603210449 25.6493129730225 43.4663734436035 36.4859199523926 36.3819274902344 34.3629493713379 20.4013671875 36.1111907958984 70.9966354370117 72.6680374145508 56.4069709777832 48.6836280822754
13.7650814056396 13.0171842575073 12.97691822052 11.711407661438 12.181357383728 10.7099199295044 7.25279092788696 2.87490200996399 3.46090126037598 3.47451305389404 2.29553365707397 5.54894781112671 10.8726539611816 14.8511428833008 11.7504920959473 7.39174652099609 6.50626802444458 2.25312948226929 3.49249768257141 19.6537265777588 31.4012203216553 36.578426361084 25.4156169891357 24.4826545715332 29.7010173797607 19.6640281677246 17.4653453826904 22.3865776062012 27.7405891418457 38.5536079406738 28.0998134613037 10.7080545425415 12.0560245513916 12.9953584671021 22.7180976867676 31.390022277832 24.2942790985107 21.4117965698242 35.4458427429199 39.332447052002 21.8394222259521 26.6197128295898 68.4887161254883 61.9046859741211 45.8662452697754 56.1479454040527
8.50611591339111 6.29215908050537 4.60244178771973 7.06457138061523 10.0126457214355 9.87080001831055 6.82500505447388 3.24904370307922 0.248735517263412 1.73423135280609 3.69710898399353 3.00081396102905 3.73411464691162 5.68958473205566 7.25922012329102 8.30775356292725 7.81980276107788 9.15201187133789 22.3497333526611 30.2968006134033 11.2091722488403 14.6561164855957 44.305046081543 53.8994979858398 29.3590145111084 10.0066432952881 17.4784202575684 10.4572458267212 18.6477565765381 38.6469345092773 24.4983043670654 6.84508085250854 10.5208187103271 18.7518043518066 16.5783634185791 26.8755779266357 20.5699729919434 36.5752296447754 42.4434394836426 54.2685508728027 50.3044853210449 39.8482398986816 55.0375862121582 57.412727355957 55.9465751647949 55.5503425598145
2.7351086139679 5.78135871887207 9.76460266113281 17.6399364471436 16.747579574585 12.9713659286499 9.11386013031006 5.34050369262695 4.49165773391724 4.41303682327271 3.88004422187805 5.82408046722412 8.22330856323242 6.65905714035034 7.77956390380859 7.08066272735596 12.2830142974854 19.6934108734131 22.8687152862549 13.2721824645996 17.0926094055176 27.4754676818848 25.4053153991699 29.707347869873 33.108814239502 17.2980632781982 4.37079286575317 11.5484523773193 15.5676774978638 36.5901870727539 35.3726997375488 17.9320507049561 19.6407814025879 16.8715267181396 28.6956405639648 37.955924987793 40.1927299499512 61.0407257080078 59.8185424804688 55.8163261413574 57.8924598693848 55.9004287719727 42.8066253662109 41.5663223266602 57.5325050354004 50.6209106445313
6.69473743438721 15.0155334472656 22.7512092590332 23.2905788421631 14.2593946456909 9.24653339385986 4.83350419998169 4.66425323486328 9.31783008575439 10.8337020874023 12.5526037216187 11.3667001724243 8.42323017120361 7.80845212936401 6.18472957611084 7.61024475097656 7.19249868392944 15.5566253662109 28.684398651123 24.5746841430664 16.9003677368164 12.1274614334106 31.1567153930664 42.945671081543 28.6473293304443 15.1954870223999 6.94432544708252 11.2493143081665 18.717378616333 35.5378952026367 41.0978469848633 25.5316181182861 13.9089088439941 20.9235591888428 34.4474639892578 28.7656917572021 48.8470764160156 65.1937255859375 57.8173294067383 43.4240951538086 56.7140922546387 71.0673828125 46.21435546875 42.7288208007813 64.9913558959961 53.2144737243652
11.1618671417236 23.8380470275879 21.0832023620605 8.85066795349121 6.3016037940979 5.02172946929932 2.5601532459259 5.82034349441528 8.04684162139893 15.4058065414429 15.2051630020142 13.555474281311 12.7111835479736 11.502947807312 7.70615386962891 7.28902101516724 8.97837829589844 4.78102254867554 18.1592292785645 39.7141151428223 27.5001392364502 22.4909858703613 53.8624725341797 49.343448638916 32.8073120117188 21.371129989624 7.60778379440308 6.79801321029663 23.4584407806396 25.6367053985596 37.716480255127 29.416259765625 25.8226718902588 5.27407503128052 31.9375896453857 51.3572692871094 57.9648666381836 59.531852722168 32.4474983215332 34.6653747558594 55.231315612793 71.8555221557617 78.4498748779297 56.0954666137695 76.6171875 43.6057472229004
14.2385406494141 19.607946395874 7.53953266143799 2.13919425010681 0.84257048368454 2.65677094459534 3.56445503234863 4.49838161468506 14.7655267715454 12.3644943237305 8.219970703125 10.4581928253174 14.4114904403687 11.6181364059448 7.64844608306885 9.44338417053223 15.6760091781616 21.3298931121826 18.8049621582031 25.4167213439941 49.9191627502441 48.7838439941406 43.3179817199707 33.2844390869141 18.4519023895264 20.8703231811523 13.7836437225342 12.0634727478027 15.9116277694702 29.7810688018799 23.2335338592529 29.2657680511475 27.6229915618896 12.3588933944702 28.0270862579346 47.0150451660156 59.3249626159668 58.7752914428711 43.0045356750488 34.708740234375 42.2286605834961 41.8800430297852 67.7321014404297 55.7283401489258 35.1765823364258 16.2701454162598
13.9966850280762 28.0735454559326 18.9188003540039 6.2840256690979 3.59141826629639 3.63271379470825 1.44075644016266 4.9622220993042 11.5224103927612 12.3944206237793 4.36853313446045 7.46825361251831 8.95253753662109 16.3527431488037 10.7409067153931 11.8839044570923 21.0926361083984 19.4226551055908 24.1136035919189 32.0460739135742 17.1030254364014 45.9501419067383 59.1473274230957 45.310001373291 24.4632568359375 7.08656120300293 20.4265937805176 10.628662109375 6.41709136962891 32.3436698913574 21.6141147613525 26.608283996582 36.0425453186035 20.1754589080811 14.8802537918091 28.7012557983398 67.5327987670898 88.7550048828125 55.3801574707031 38.981990814209 43.2713508605957 23.929084777832 23.6947345733643 33.2037734985352 25.9750308990479 37.8205909729004
15.2117080688477 30.3064041137695 36.9659996032715 26.2357501983643 20.1817264556885 15.7176284790039 11.4503107070923 8.30983066558838 11.5036792755127 18.8395042419434 15.787896156311 12.3047962188721 13.2872829437256 11.1771125793457 23.537296295166 13.4924583435059 22.5332679748535 10.2844133377075 10.339394569397 10.9093103408813 13.5513620376587 19.7223892211914 33.6687088012695 52.0146560668945 39.006160736084 4.1502799987793 18.447380065918 7.26865243911743 17.1142272949219 16.1727066040039 35.1494636535645 30.4975299835205 36.6596069335938 34.6548957824707 20.7812976837158 32.8926734924316 54.695858001709 72.4681549072266 76.5413360595703 56.8558044433594 15.3868255615234 20.2640209197998 21.1017551422119 27.7632236480713 39.5471267700195 37.497974395752
10.1857738494873 15.6933689117432 30.9944000244141 38.8442611694336 28.6887588500977 21.1980819702148 21.2168827056885 16.2282276153564 15.2351169586182 19.9545803070068 26.5924587249756 18.298770904541 17.8940753936768 13.4143753051758 6.50938987731934 4.70417356491089 16.8881225585938 23.2435665130615 13.6984691619873 20.2493152618408 25.5903606414795 37.8543014526367 38.9807472229004 41.1641616821289 32.5260734558105 9.25099849700928 10.4552001953125 18.1769847869873 13.7556476593018 4.97455787658691 30.436393737793 32.5484962463379 41.6862831115723 33.4984550476074 17.1815052032471 36.1802635192871 54.5367774963379 55.1487312316895 72.6488189697266 55.8964805603027 39.8507461547852 44.1436958312988 40.0380706787109 40.138801574707 40.7596664428711 30.5368232727051
1.45616436004639 2.86617708206177 6.56890773773193 16.9994869232178 25.6582984924316 25.9854145050049 19.8000926971436 16.8619842529297 18.4068965911865 15.1779346466064 28.0396537780762 34.4791145324707 25.4419403076172 17.6155223846436 17.5551681518555 20.614538192749 25.5478458404541 25.8620452880859 26.2562580108643 26.3260955810547 34.5553512573242 38.534107208252 37.8820114135742 32.9632987976074 17.2769908905029 15.3372716903687 10.7117385864258 30.6033897399902 9.9816837310791 20.3969135284424 31.8036651611328 29.1871070861816 41.9267539978027 30.0397052764893 20.2642936706543 52.7933807373047 66.6666870117188 62.0079727172852 65.6029052734375 45.9200325012207 56.6694107055664 45.9887466430664 50.0638122558594 59.6550674438477 39.2925758361816 44.9325637817383
0.0284721720963717 1.08100485801697 2.30042171478271 1.90552985668182 9.90429878234863 20.7212944030762 22.7826042175293 12.0405607223511 9.26840305328369 12.3550481796265 16.6646633148193 26.4774780273438 32.9319534301758 18.320291519165 15.3515405654907 16.6893062591553 14.9336566925049 21.8167285919189 25.7713031768799 32.5430068969727 38.305835723877 38.4723739624023 39.1455307006836 34.1640205383301 34.9080657958984 28.0481910705566 38.474925994873 24.4669055938721 23.5490741729736 31.2601699829102 22.8697853088379 30.0916748046875 44.1281967163086 30.8734321594238 33.3707847595215 50.6858673095703 71.4751510620117 62.3737487792969 58.8604850769043 47.1965866088867 61.2814483642578 55.2947692871094 45.7171325683594 20.0549278259277 14.2315988540649 15.3996295928955
1.67580735683441 3.09514904022217 3.19015502929688 1.70442724227905 0.123072668910027 7.21361017227173 17.5791683197021 15.7041168212891 7.75748252868652 8.98617076873779 14.6216058731079 26.563060760498 25.1697826385498 11.9686698913574 10.2423677444458 16.597728729248 13.5846843719482 16.3213214874268 32.1869850158691 41.2227935791016 32.895206451416 31.472095489502 29.5987091064453 34.489185333252 32.6254615783691 49.7354011535645 49.8503837585449 14.3788814544678 40.3191413879395 57.4145355224609 39.0716171264648 42.9858818054199 43.9042816162109 35.3065147399902 25.6616592407227 39.1604690551758 53.5723152160645 57.2003593444824 56.9714202880859 69.5425796508789 59.5326805114746 29.175464630127 14.2637567520142 38.3727226257324 37.6989555358887 37.1730041503906
3.43111157417297 7.62214374542236 15.9774036407471 15.6309194564819 11.490761756897 7.41729736328125 10.3916101455688 12.7543964385986 9.82091426849365 8.52325439453125 9.97220516204834 28.9088459014893 33.7363052368164 4.57567691802979 17.3415622711182 16.8486557006836 9.67482662200928 5.64617395401001 17.9147644042969 38.5500907897949 42.8606338500977 35.7905502319336 32.8615837097168 34.4483070373535 35.1491928100586 52.1117782592773 43.6550102233887 39.7274131774902 56.4415626525879 49.9430122375488 51.7644195556641 62.1664886474609 53.0997581481934 28.3532180786133 17.5986480712891 25.775074005127 46.5388679504395 56.2686004638672 57.2763748168945 57.342414855957 57.2069320678711 30.8826675415039 39.6097450256348 49.9686813354492 52.3984489440918 59.5555114746094
10.8416833877563 20.3529605865479 19.3031444549561 17.9098205566406 20.8306121826172 20.988489151001 11.2941846847534 8.59659290313721 5.94384956359863 5.92147827148438 12.9576654434204 29.937915802002 32.0499877929688 13.4358186721802 23.0521488189697 21.4668884277344 14.8599443435669 10.2359771728516 17.2186965942383 24.6467609405518 33.2931671142578 41.5106811523438 29.7562942504883 35.3982009887695 53.8848419189453 51.4496955871582 35.7429656982422 50.9595260620117 58.1764335632324 39.9731559753418 22.1913394927979 41.2500152587891 70.555419921875 61.4595947265625 47.7930221557617 61.3162002563477 70.783447265625 67.7402725219727 67.437744140625 66.9760894775391 56.7292060852051 54.1274528503418 59.618896484375 42.8475532531738 46.1211051940918 72.2255935668945
12.9505882263184 15.8360567092896 7.42883062362671 6.86480045318604 13.3086795806885 15.7477149963379 16.093843460083 8.89329242706299 3.54616403579712 7.99228620529175 15.0661878585815 24.7536373138428 26.6420593261719 34.0118827819824 31.1803951263428 18.2530460357666 8.72362041473389 15.6580448150635 17.6387329101563 14.7037982940674 13.7258501052856 32.3775596618652 40.0434036254883 43.6777839660645 73.610107421875 49.9832038879395 7.09236717224121 43.226490020752 71.0158081054688 47.1625900268555 39.6498374938965 47.0252075195313 60.5461158752441 81.0676116943359 68.9527206420898 54.7436332702637 87.2251663208008 74.1793594360352 67.3104095458984 64.6229553222656 62.736213684082 56.6631889343262 69.0114517211914 46.3847160339355 71.6805725097656 68.9166564941406
7.836989402771 10.3602981567383 6.89050579071045 8.08365726470947 8.75082397460938 9.33362293243408 8.33338451385498 5.53149032592773 5.92148351669312 5.2522931098938 4.96341228485107 14.0154314041138 23.719820022583 25.6688766479492 19.4800281524658 10.0915842056274 14.7051343917847 17.9710445404053 14.4096660614014 13.7952795028687 15.557505607605 32.488826751709 48.7150077819824 71.1080932617188 67.8843841552734 14.4782743453979 16.6451778411865 31.9676933288574 50.6442108154297 59.0152587890625 60.457820892334 47.8980445861816 76.6599349975586 90.2771148681641 59.0375061035156 39.5146217346191 75.0421752929688 91.919807434082 65.6593170166016 46.2321319580078 40.8828239440918 54.9400863647461 40.7176971435547 53.5732154846191 60.938289642334 37.6398391723633
7.52449798583984 11.9614725112915 10.5697059631348 10.5265464782715 9.04332256317139 12.0811862945557 7.76125907897949 4.49813222885132 6.67145347595215 2.72536468505859 3.02062940597534 4.36304235458374 8.26549911499023 4.42526292800903 4.83968257904053 15.9946756362915 17.739200592041 13.232008934021 10.9325456619263 21.0129241943359 22.2795314788818 21.1776924133301 31.1616401672363 66.2721939086914 67.8745651245117 22.3749027252197 28.5418643951416 35.9625205993652 56.5106353759766 69.6541748046875 61.4894027709961 44.2819175720215 66.7463607788086 78.4253692626953 50.0476036071777 41.7156181335449 70.7765274047852 80.5657806396484 69.8466339111328 54.6066284179688 39.4884338378906 49.7768859863281 44.8038864135742 42.5487327575684 44.1875953674316 34.7406959533691
