data/Portezuelo/slope.asc
ncols 80
nrows 80
xllcorner 725952.625
yllcorner 5944384.5
cellsize 100.02265625
NODATA_value -9999                                                                              
[rows 40 to 59 of 80, columns 0 to 45 of 80]
7.56556749343872 11.8284606933594 12.7239208221436 11.5792026519775 12.1814527511597 16.6003475189209 6.57175302505493 7.20166921615601 8.99509525299072 5.81860208511353 1.89540934562683 1.92662453651428 3.02380228042603 3.25217485427856 1.54899787902832 11.5389957427979 26.5560092926025 18.2011528015137 10.8593158721924 17.3857135772705 32.2406921386719 30.8145637512207 29.3777198791504 54.1451454162598 62.8569412231445 32.6363525390625 20.8526859283447 25.0519275665283 47.9800682067871 53.0129928588867 60.284854888916 54.8342971801758 55.4484901428223 70.870735168457 64.1155319213867 37.369384765625 79.4307327270508 75.2520370483398 68.3586044311523 56.0302925109863 50.1289863586426 30.3547649383545 52.7965202331543 56.6945762634277 65.3889923095703 63.729793548584
7.74071455001831 12.8642873764038 14.6421737670898 8.58164882659912 9.73935508728027 21.4077033996582 10.3396806716919 14.9417629241943 19.6574687957764 13.9037857055664 7.30384063720703 4.73962545394897 1.21877574920654 0.893063724040985 1.87811052799225 1.44175457954407 16.1084995269775 24.158784866333 18.3256072998047 13.295841217041 19.0838279724121 29.1118659973145 48.5212326049805 55.8067741394043 44.0616035461426 25.4906406402588 16.5648002624512 26.4725856781006 36.5572280883789 22.1499824523926 38.54638671875 53.1366806030273 43.368293762207 62.3933448791504 77.2782287597656 22.3190059661865 77.8849487304688 93.9207153320313 73.6367645263672 63.5014801025391 73.7731170654297 47.8396797180176 58.8936309814453 62.2869567871094 67.8013763427734 47.6466445922852
8.32677364349365 7.5681676864624 16.9520931243896 5.53175830841064 8.23050594329834 12.4065275192261 21.7311534881592 21.9854316711426 15.6215400695801 27.8371315002441 25.6693897247314 11.0285196304321 2.51271510124207 4.36523294448853 3.8157970905304 0.485434830188751 6.64684295654297 14.3559265136719 19.8743076324463 17.9583950042725 19.3568878173828 20.6525745391846 36.2551460266113 50.7508010864258 51.0718421936035 37.45751953125 37.4284210205078 41.5940284729004 38.6634063720703 28.2509021759033 19.7608852386475 18.085521697998 28.4242115020752 69.5154037475586 60.1076011657715 16.1504917144775 49.1566276550293 84.4708023071289 79.5698852539063 70.3265686035156 64.8226318359375 70.0994110107422 72.5135040283203 77.8773498535156 77.3481292724609 67.33544921875
8.87032794952393 15.2380437850952 13.7693328857422 5.69713497161865 9.91927909851074 14.9278573989868 23.525110244751 17.6204433441162 14.9223785400391 30.1191577911377 34.3825225830078 25.6537666320801 5.93645238876343 7.25357961654663 8.50181674957275 5.42804765701294 0.630177557468414 6.05960321426392 11.5811471939087 17.8240203857422 19.0039196014404 18.1118831634521 30.5127716064453 40.9066047668457 37.9265518188477 35.9247016906738 39.692756652832 37.8452796936035 40.4744987487793 46.4591903686523 31.783821105957 21.5214061737061 44.7167930603027 51.8997077941895 52.3742179870605 31.2503280639648 42.7555923461914 63.9775924682617 67.4992523193359 61.0400276184082 46.9927978515625 56.1515502929688 61.9559631347656 85.3388748168945 73.9466171264648 84.3573303222656
12.131908416748 12.00119972229 12.2383661270142 16.0201091766357 25.6350078582764 23.1065082550049 16.8904914855957 19.3688182830811 25.6984481811523 24.9304351806641 33.2287254333496 36.0694122314453 13.5410604476929 11.1368637084961 10.1281871795654 10.0147037506104 3.71286869049072 1.2342267036438 8.92718887329102 16.1379222869873 22.767635345459 19.7202129364014 20.0079002380371 33.2144660949707 39.4174499511719 44.2691688537598 35.4841537475586 38.711311340332 36.3046035766602 51.0523681640625 59.7925453186035 60.6368751525879 53.8843116760254 47.696231842041 48.9480514526367 27.3557300567627 30.3083229064941 51.3641662597656 60.9674301147461 59.5618133544922 59.1007461547852 58.4921798706055 63.8020973205566 56.0857696533203 41.1877403259277 36.5485610961914
15.0715341567993 14.2754468917847 17.8044624328613 26.89914894104 39.2428016662598 27.1529426574707 12.5927200317383 26.9004936218262 30.847541809082 15.642970085144 26.873384475708 34.0698547363281 21.8839206695557 16.6478748321533 14.9972925186157 15.9972906112671 6.81013536453247 1.07257652282715 8.16613960266113 17.1318092346191 15.9287900924683 16.1838436126709 23.6111030578613 22.0200805664063 33.4635620117188 31.265079498291 27.9079475402832 25.0106048583984 19.273042678833 48.0316848754883 69.036018371582 72.7258605957031 65.927978515625 47.4310760498047 45.6434288024902 32.5464706420898 24.317626953125 34.5338668823242 48.3117294311523 49.821159362793 58.2275199890137 58.6968612670898 50.8428230285645 39.0365142822266 27.8795413970947 13.9528045654297
14.0131235122681 18.8696441650391 19.634256362915 36.4445495605469 26.8065643310547 35.288516998291 30.3807830810547 54.2551918029785 54.9478607177734 36.0278091430664 30.6555614471436 26.0264110565186 26.2023811340332 20.2617321014404 15.3573236465454 19.7270221710205 13.5362300872803 3.5051908493042 7.61443662643433 16.4837627410889 13.1245307922363 12.2964363098145 16.3790645599365 20.9658737182617 16.465612411499 16.0419044494629 11.4183759689331 10.674750328064 14.4321689605713 36.7286033630371 44.2697868347168 48.4242095947266 50.1663475036621 50.6227798461914 40.0156898498535 19.5490684509277 12.7556533813477 35.0966529846191 37.003833770752 39.360668182373 52.500675201416 53.9857330322266 41.2935600280762 34.84228515625 24.3802185058594 20.7307910919189
10.4542608261108 15.7107725143433 15.9058961868286 31.531795501709 23.4489326477051 32.1999206542969 45.0282821655273 55.2880020141602 49.2066802978516 58.5809440612793 46.0428695678711 36.1233673095703 38.7782249450684 17.0360012054443 17.2650413513184 22.5950126647949 13.8070192337036 7.64141178131104 6.7613410949707 9.60216808319092 12.9849786758423 10.0459718704224 11.9246912002563 15.1213064193726 15.9647407531738 16.7274169921875 11.7337484359741 6.06842851638794 18.1476745605469 25.2952537536621 14.7988510131836 11.7762260437012 17.4738178253174 20.2121391296387 21.8846607208252 5.37570428848267 2.65448904037476 22.6934261322021 25.3082122802734 27.8236045837402 34.140380859375 34.1950149536133 26.1312351226807 22.6458892822266 29.5803642272949 26.5268955230713
12.7557020187378 11.3581218719482 21.9679679870605 39.7208633422852 37.3552627563477 37.477970123291 50.6492576599121 40.6836814880371 10.3123378753662 49.9198036193848 34.660717010498 37.1697311401367 36.7592544555664 41.1925086975098 23.1119747161865 16.9255619049072 6.9832968711853 11.3864278793335 18.9970283508301 12.1696357727051 10.2051343917847 11.2006692886353 7.41490697860718 4.2395167350769 9.77744770050049 13.2416248321533 10.0527286529541 8.12867832183838 13.8703479766846 23.0961303710938 24.9107799530029 22.6208438873291 10.5465040206909 6.15641975402832 9.13039493560791 12.6403074264526 13.8590955734253 17.7377033233643 13.742844581604 9.7160701751709 6.22750759124756 5.1679162979126 3.08559918403625 2.49268555641174 12.0038843154907 14.8382654190063
21.1783409118652 18.2642669677734 33.536792755127 40.1391639709473 36.9309043884277 38.5302581787109 45.828742980957 26.0220394134521 34.5824775695801 34.0454254150391 29.1995220184326 25.2779388427734 27.1425018310547 39.863597869873 32.9617614746094 17.5420036315918 10.9156036376953 15.438907623291 19.2978191375732 22.6407661437988 15.9263668060303 14.3775053024292 10.7488441467285 10.7640342712402 17.1825485229492 19.5814399719238 7.37504053115845 0.859459221363068 9.21780967712402 17.201301574707 21.0397968292236 19.7357978820801 13.4294261932373 11.0391302108765 6.96898651123047 10.8215179443359 16.9834117889404 10.6679487228394 12.2143096923828 9.04917430877686 4.14686393737793 4.55305480957031 5.94810056686401 7.3796181678772 10.5089282989502 4.0353307723999
24.982048034668 16.6031436920166 30.2953128814697 35.4065055847168 33.9449119567871 37.9138031005859 18.5210666656494 23.5241184234619 35.6912460327148 35.3724708557129 35.0009307861328 31.044261932373 40.2021789550781 36.2681503295898 28.0199794769287 13.6993865966797 15.5086717605591 18.2258186340332 14.2814321517944 22.7329921722412 19.4865188598633 12.9754295349121 11.5155658721924 14.9097261428833 18.7102489471436 8.75065803527832 1.69597506523132 1.69235527515411 18.9356365203857 27.6663131713867 26.9735660552979 18.2195262908936 7.40843915939331 11.2681827545166 14.0188884735107 12.5712985992432 7.87025499343872 2.64292407035828 10.5982418060303 13.8840599060059 9.60266590118408 7.79769849777222 9.19486141204834 20.310998916626 21.1168556213379 13.5263452529907
8.47464179992676 8.79180335998535 37.2749938964844 32.1606712341309 21.5791873931885 22.2771663665771 18.436107635498 13.2295351028442 19.4386100769043 30.5825634002686 32.791561126709 42.9870872497559 42.5979118347168 33.4349708557129 22.9088802337646 12.3861856460571 16.1070728302002 14.9204788208008 22.1242923736572 24.7497158050537 23.7577381134033 14.3583641052246 9.46532249450684 9.72637462615967 8.09748363494873 1.68963062763214 1.65379047393799 12.8023128509521 29.9464378356934 31.8271656036377 20.0733680725098 2.77203679084778 5.06954908370972 11.9796485900879 15.9323282241821 17.6680316925049 17.3505249023438 3.95765089988708 9.02091312408447 18.9354667663574 11.6971015930176 3.95555639266968 18.1263675689697 24.434684753418 22.252010345459 17.4736785888672
24.4147548675537 23.4428787231445 40.6548004150391 50.9696502685547 43.6429176330566 37.9805297851563 40.0826721191406 33.6961059570313 15.387451171875 20.9819355010986 28.3969135284424 34.4776039123535 44.5461311340332 36.3839263916016 23.0116710662842 23.4752349853516 13.7334594726563 17.5172023773193 28.7465133666992 24.635181427002 31.5353984832764 19.7361392974854 9.53098773956299 7.74675178527832 2.34761476516724 0.721592485904694 9.52670669555664 23.5516681671143 27.094165802002 21.510124206543 4.56277465820313 6.25299453735352 18.0713977813721 13.1650400161743 19.4114627838135 24.8341197967529 10.2839651107788 2.19124245643616 8.24314975738525 16.7407321929932 21.4510822296143 14.5390424728394 19.7005195617676 25.946985244751 8.83019924163818 11.8954935073853
31.5335998535156 23.2009239196777 44.9612464904785 60.1413650512695 49.1569328308105 36.4276313781738 32.8016090393066 39.5505485534668 44.6123428344727 32.0876197814941 35.2607574462891 35.5159301757813 39.4528121948242 28.6725482940674 30.8815326690674 31.4182224273682 19.6445579528809 19.5040798187256 34.5391426086426 35.798469543457 40.1452903747559 35.7407531738281 24.7282238006592 18.1582927703857 4.7094612121582 4.67515468597412 22.8025302886963 22.9091510772705 19.9100513458252 17.0688591003418 3.60763597488403 25.8881454467773 21.0926971435547 14.2169246673584 13.1904211044312 27.1310386657715 23.3178806304932 5.58682918548584 1.97484564781189 6.28325843811035 16.0315093994141 19.8015823364258 21.9961071014404 24.3325252532959 33.1254196166992 23.3378314971924
34.217155456543 28.1768589019775 37.6585998535156 60.8475303649902 76.0395126342773 59.5832901000977 42.138599395752 39.9706954956055 49.5063552856445 58.9667434692383 47.637882232666 37.6828880310059 17.0581321716309 21.2693214416504 37.5765647888184 32.1775169372559 31.7254619598389 30.7055187225342 47.920597076416 31.779468536377 32.7783355712891 39.3090553283691 22.2213592529297 18.7843933105469 18.7380142211914 16.7381629943848 23.5229206085205 12.0988893508911 9.94430351257324 12.3759670257568 27.0833282470703 37.5600814819336 12.1925172805786 11.8370742797852 19.481954574585 26.9980392456055 19.7893028259277 6.75254154205322 0.627126812934875 4.31866884231567 13.1868925094604 15.2977294921875 8.56997680664063 16.1310195922852 29.76389503479 34.5280685424805
35.9650955200195 36.2235679626465 36.667781829834 48.7705726623535 81.7039413452148 80.5791549682617 54.5615158081055 45.186222076416 52.3443794250488 55.9557456970215 44.2891120910645 37.3519554138184 21.9055252075195 27.5123252868652 29.8818588256836 46.1725234985352 38.4587135314941 38.8185806274414 39.1088752746582 20.0457592010498 14.8093252182007 33.055061340332 40.6385536193848 30.0922374725342 5.74186229705811 7.27425575256348 23.2732715606689 15.1650581359863 11.9400615692139 17.5565624237061 36.1456718444824 15.3212232589722 15.4612159729004 19.0838298797607 24.8176784515381 21.5541610717773 15.3028211593628 9.16007614135742 2.00184941291809 10.3656692504883 12.4533500671387 7.00063228607178 4.36826086044312 3.39131903648376 15.4138851165771 31.6600131988525
25.1579608917236 37.1220054626465 39.5405044555664 41.5463829040527 47.8001136779785 66.5031967163086 56.4505348205566 31.5225257873535 44.5305519104004 48.0055084228516 39.7228050231934 34.0383110046387 37.4375686645508 44.6699447631836 33.9590187072754 31.7686061859131 31.9374561309814 24.0259246826172 27.0548667907715 9.75748157501221 20.523983001709 49.5776748657227 38.463207244873 15.9901285171509 34.021183013916 28.0412788391113 28.3757858276367 20.7184886932373 14.1136445999146 20.509407043457 14.1380434036255 20.0315113067627 26.2077808380127 18.2132472991943 18.39280128479 22.1126155853271 22.4279842376709 5.35220575332642 6.84570026397705 11.444206237793 10.4075136184692 8.18693542480469 6.31443881988525 8.88752174377441 8.19910144805908 15.7284164428711
14.2988986968994 25.7710494995117 25.8627452850342 14.0237064361572 27.469367980957 35.4862480163574 37.0678405761719 18.1960773468018 30.2273139953613 33.7115173339844 34.9618453979492 37.2750663757324 44.6521377563477 57.6353912353516 64.9394454956055 42.4796371459961 24.0450687408447 13.4578351974487 16.4426078796387 17.3991184234619 39.8040046691895 37.475269317627 18.3187980651855 40.1411552429199 53.8066215515137 47.4295845031738 42.6907272338867 29.4709453582764 22.5377807617188 18.2193851470947 11.3447723388672 24.536039352417 21.5738563537598 16.4634647369385 18.3467254638672 24.1144618988037 16.4527492523193 4.7964973449707 2.03300666809082 13.7724323272705 19.4782981872559 9.63940620422363 7.36600017547607 20.5635032653809 24.1430988311768 25.309814453125
11.4998426437378 20.2804985046387 17.1984901428223 4.77499771118164 28.1547660827637 34.9954833984375 32.7545166015625 25.4428634643555 25.8461112976074 19.4333229064941 26.3375244140625 32.2020149230957 39.6030654907227 49.421932220459 70.0798492431641 80.7970352172852 43.8351135253906 39.8853073120117 39.8414916992188 22.571044921875 50.0144424438477 66.3838577270508 49.7718086242676 50.2517929077148 47.5815162658691 52.7368316650391 46.6817169189453 42.7416915893555 35.8384666442871 23.5948753356934 21.5737380981445 27.8647880554199 19.0888996124268 13.5681209564209 21.8395881652832 17.4062385559082 5.53885793685913 2.80555033683777 1.93952643871307 19.3754997253418 20.1914234161377 2.73206472396851 17.4661731719971 22.7762260437012 20.3677101135254 26.9701671600342
19.8035449981689 22.1941356658936 12.8106021881104 5.40635061264038 19.2948894500732 26.1392288208008 37.3381233215332 39.9592819213867 30.8554592132568 17.855978012085 23.284725189209 25.2932872772217 33.7100067138672 38.0413932800293 47.096565246582 65.0753173828125 52.9263458251953 56.4841918945313 69.2658767700195 31.90452003479 42.887523651123 65.1040649414063 64.0814895629883 46.6980323791504 28.6291656494141 53.7018623352051 50.070068359375 49.6963157653809 46.209587097168 46.7365760803223 40.1023101806641 27.9300003051758 11.3745250701904 8.84718418121338 15.5131378173828 12.4530916213989 5.89126205444336 3.27192115783691 2.38477921485901 17.1294631958008 23.0268821716309 6.06859302520752 12.308277130127 30.0291137695313 23.2490062713623 20.9696388244629
