data/Portezuelo/slope.asc
ncols 80
nrows 80
xllcorner 725952.625
yllcorner 5944384.5
cellsize 100.02265625
NODATA_value -9999                                                                              
[rows 60 to 79 of 80, columns 0 to 45 of 80]
21.1174850463867 12.0342903137207 3.33789920806885 3.04199123382568 12.4015836715698 18.5179557800293 25.8185501098633 33.161548614502 28.8779296875 18.5960865020752 21.1804313659668 22.7351360321045 28.0920009613037 28.7940578460693 28.634614944458 35.1708946228027 52.7887153625488 71.3133010864258 77.5908508300781 42.4670028686523 28.1090087890625 27.1462936401367 46.8175239562988 42.0561485290527 25.0737915039063 43.9591293334961 59.4033813476563 43.7515182495117 46.7757911682129 60.6002044677734 58.7433547973633 38.5154457092285 15.1032552719116 10.6383171081543 17.2801456451416 10.1580457687378 4.81605672836304 2.70960021018982 3.25784754753113 13.0460071563721 23.5496997833252 12.0064382553101 7.34559869766235 20.8857841491699 30.5097332000732 41.7601127624512
7.50559711456299 1.98828852176666 0.893612444400787 1.12269508838654 4.64610385894775 8.47950172424316 11.60085105896 14.4561805725098 15.628173828125 18.9811153411865 18.5275421142578 17.5335006713867 15.7943382263184 15.3640737533569 17.3164672851563 42.8094635009766 60.6803436279297 69.5188598632813 75.0188674926758 52.1491355895996 21.8995151519775 19.203556060791 29.6943454742432 36.8591156005859 38.269588470459 40.6452445983887 52.9823532104492 38.1164970397949 40.2429618835449 59.5750045776367 60.1386070251465 62.8587913513184 33.4040679931641 22.0578784942627 20.7947101593018 6.90853834152222 3.60971856117249 3.25989651679993 4.55045223236084 12.1602869033813 22.0057849884033 23.4665679931641 4.76559400558472 5.91581773757935 9.11795997619629 18.0902519226074
1.04153823852539 1.74124538898468 1.86781287193298 2.04751873016357 1.5525963306427 1.5940113067627 1.85573554039001 0.443726748228073 3.28610825538635 10.1326179504395 13.3778791427612 9.99379444122314 12.092022895813 24.9716033935547 38.359977722168 60.2019004821777 63.1972770690918 56.5231628417969 65.1285171508789 53.962287902832 21.0083103179932 31.3256416320801 32.7132682800293 34.4874458312988 48.2488212585449 44.4341087341309 40.4220733642578 37.3218803405762 26.7037525177002 38.6116561889648 49.8097610473633 69.0780563354492 61.3173637390137 27.4345798492432 24.3512172698975 14.6767044067383 9.57733249664307 8.32958984375 7.24849271774292 7.81335544586182 17.076810836792 28.9845085144043 23.5928764343262 19.8942470550537 23.5227851867676 34.297233581543
2.67289805412292 2.35030341148376 2.65357899665833 1.66676688194275 1.26539969444275 0.670386791229248 1.95139169692993 2.15346646308899 1.09377300739288 7.07080411911011 16.1248321533203 14.8262147903442 20.5341033935547 34.4164543151855 39.3019104003906 55.8561363220215 53.3493843078613 53.9364547729492 45.782844543457 54.9961853027344 50.717945098877 28.2976875305176 33.5789413452148 31.0684299468994 21.0086708068848 45.541820526123 49.6220321655273 34.737491607666 39.7966041564941 38.6437606811523 23.8566799163818 38.4618911743164 61.4098777770996 36.8480262756348 21.657018661499 19.6605968475342 12.3868923187256 11.6622934341431 9.65335178375244 5.51717329025269 12.6164703369141 32.5560684204102 37.9488792419434 21.9493618011475 22.1401176452637 43.4841346740723
2.71931123733521 2.77300763130188 1.94561195373535 1.16278731822968 1.09040629863739 1.85845422744751 2.65212249755859 2.2154815196991 6.85212564468384 9.28552436828613 15.8164377212524 16.7112216949463 21.4377727508545 31.2235374450684 44.5379943847656 60.9575576782227 67.6305465698242 59.2860565185547 35.9318885803223 34.6653671264648 53.8169326782227 33.5657005310059 13.2778215408325 12.6020288467407 19.5920486450195 46.9500007629395 46.0049667358398 49.8444061279297 45.7445793151855 33.9113464355469 39.2765731811523 52.8740386962891 42.1077842712402 33.1207122802734 36.1354827880859 19.0519332885742 8.68329048156738 11.9690370559692 11.1280107498169 6.88345050811768 6.38266277313232 29.9446773529053 39.8046989440918 35.8609428405762 31.5931491851807 67.3835067749023
2.07343149185181 1.54495823383331 0.868619501590729 0.939803779125214 2.39131999015808 2.95004057884216 3.23892188072205 9.94629955291748 18.5113544464111 22.2447834014893 19.4021892547607 20.1949195861816 31.2646141052246 40.2162132263184 49.9270896911621 68.7741241455078 76.436637878418 54.8978500366211 26.5657806396484 28.7602005004883 35.8290519714355 39.2908325195313 14.4510707855225 26.0583610534668 36.8279075622559 37.6299858093262 23.9641170501709 36.4642295837402 55.9840278625488 53.431095123291 54.5634689331055 47.4158096313477 31.6766548156738 27.2869186401367 23.7695636749268 8.30736637115479 7.12942171096802 8.73095226287842 11.0421028137207 9.80820941925049 4.55569744110107 10.1539363861084 31.1243877410889 36.2251319885254 41.515209197998 42.3885765075684
1.89337944984436 3.34585785865784 2.24505925178528 2.04758620262146 3.56885623931885 2.46824812889099 7.06334781646729 19.926513671875 21.7837734222412 19.3539085388184 28.1982707977295 28.4732265472412 35.7829055786133 51.6190643310547 73.8009414672852 84.961181640625 76.2879638671875 51.8686943054199 35.5275268554688 35.7499237060547 38.0042839050293 20.0955810546875 26.7387962341309 50.4343376159668 49.6495208740234 36.6727294921875 26.7522201538086 46.5172843933105 49.2083053588867 55.5787086486816 52.7616729736328 36.9336318969727 29.3245582580566 27.0942783355713 19.3906936645508 7.54102993011475 4.80632877349854 3.52969098091125 12.2802753448486 18.1232967376709 12.2715511322021 4.11525058746338 11.3508453369141 32.447452545166 49.8638572692871 36.5591049194336
2.38527131080627 3.59040760993958 2.92808270454407 3.04720115661621 3.21165585517883 0.560047328472137 11.7845106124878 23.3154277801514 18.2840900421143 17.3204822540283 21.0034255981445 29.3378677368164 50.1701774597168 65.2242813110352 81.4292373657227 88.8120498657227 70.9694061279297 54.6454963684082 38.7647171020508 25.6735401153564 16.3250312805176 16.4191932678223 37.6625633239746 39.1904792785645 33.3116416931152 43.0426368713379 43.9052124023438 48.5363693237305 37.8664436340332 56.6304779052734 58.9994621276855 47.3021125793457 27.4092178344727 21.7088565826416 13.311375617981 7.793541431427 5.76599454879761 4.29954195022583 9.88611125946045 16.3519687652588 18.2070636749268 6.72851133346558 0.863245964050293 11.3882150650024 38.1938323974609 45.1514663696289
2.27796530723572 4.93560838699341 3.4927134513855 2.61725974082947 0.934247970581055 5.18926954269409 20.4404850006104 25.6690979003906 20.4280490875244 13.5769643783569 21.5869407653809 48.7348022460938 60.0142517089844 41.9762649536133 68.0165557861328 91.0036010742188 57.8362655639648 28.0576705932617 25.1707134246826 12.7204637527466 30.209493637085 30.820987701416 26.0907344818115 44.2680053710938 41.1863250732422 32.3058738708496 51.0163459777832 48.5455741882324 53.2966537475586 69.0080261230469 60.939094543457 39.6397514343262 19.2762966156006 11.2594661712646 14.5950059890747 17.4492359161377 13.3369436264038 3.79689621925354 13.0097827911377 16.3101005554199 20.773344039917 9.54036998748779 2.60287976264954 0.422049075365067 12.3399448394775 23.7806091308594
2.3305516242981 5.24884414672852 3.78321385383606 4.22961091995239 8.15707588195801 22.0193748474121 27.9979019165039 21.8793163299561 16.7957229614258 12.4047765731812 33.5391082763672 60.3572845458984 45.1183738708496 29.9608325958252 46.146240234375 67.0245895385742 73.3251876831055 45.953742980957 18.8522987365723 36.1824951171875 33.2648696899414 40.6945533752441 44.6052093505859 10.2491102218628 49.2884712219238 61.140796661377 45.6710815429688 50.9227981567383 69.0832061767578 59.7319679260254 39.9419860839844 19.1603012084961 17.7660369873047 13.986762046814 20.8420314788818 17.3784141540527 24.1347217559814 12.4757766723633 15.6734628677368 17.9314594268799 19.867073059082 11.7308664321899 8.01995658874512 0.881507456302643 3.77338075637817 7.2652850151062
2.31407976150513 3.51198029518127 7.57027101516724 12.8231201171875 23.1081848144531 29.2648468017578 27.8143215179443 25.2000350952148 19.9152679443359 21.3059825897217 50.6934967041016 63.2605628967285 40.8216896057129 29.2946014404297 47.0950546264648 48.9027824401855 59.0891151428223 41.6916770935059 30.151029586792 32.146183013916 32.8684768676758 38.1974143981934 42.0869216918945 26.4780673980713 43.4733238220215 59.7247619628906 52.5977897644043 51.4286880493164 31.083984375 18.9950084686279 14.7979316711426 22.1954803466797 32.3530578613281 38.2577629089355 26.2779693603516 10.4659690856934 14.7562818527222 26.8149662017822 22.8014678955078 28.7961463928223 29.2668132781982 15.0998878479004 6.1984806060791 0.764665186405182 0.361905783414841 3.76093459129333
2.60935854911804 1.5962815284729 12.662878036499 22.3915309906006 23.9275341033936 25.239049911499 26.5439434051514 29.8842315673828 30.3689155578613 34.3615570068359 50.5769424438477 49.7317695617676 34.0512390136719 36.4905700683594 44.1532669067383 37.4960174560547 28.7338371276855 40.7191200256348 32.6274909973145 41.144889831543 46.0752258300781 37.2988014221191 31.6795082092285 36.8482475280762 35.1456680297852 60.0072822570801 38.0454063415527 45.3894805908203 49.8269424438477 46.9529991149902 39.8085174560547 26.1038589477539 38.0245819091797 32.3247489929199 32.1794776916504 23.7113151550293 3.29458379745483 29.5903072357178 39.4826240539551 41.2010459899902 52.7598342895508 40.285026550293 14.0056982040405 7.7964243888855 4.16990566253662 0.277361184358597
2.251868724823 0.92865926027298 13.5693616867065 26.3183727264404 25.3851375579834 25.6982975006104 31.2083358764648 23.9813594818115 8.03291034698486 17.6387214660645 37.7366676330566 34.7115287780762 26.3729095458984 32.9877471923828 30.953275680542 28.6211700439453 38.3858528137207 57.4654922485352 44.3470039367676 41.8888320922852 35.3359603881836 23.0967617034912 29.6618175506592 45.4889297485352 28.9061241149902 44.8932342529297 40.0489273071289 38.995231628418 45.7572860717773 57.7737197875977 54.006404876709 33.8430557250977 35.9380187988281 27.7542762756348 32.7286796569824 34.0805244445801 13.1591062545776 37.8955917358398 11.0851716995239 25.5441398620605 37.677921295166 50.148494720459 36.4415626525879 21.987024307251 12.9670286178589 4.31330490112305
1.0590535402298 5.55524301528931 19.7004680633545 29.6918849945068 32.3004379272461 35.973876953125 32.764347076416 14.2791900634766 16.2072296142578 23.9165096282959 39.2467613220215 51.7706871032715 49.5519599914551 48.8886375427246 36.2774772644043 34.0884552001953 41.0412559509277 56.6555824279785 64.7087707519531 18.6034030914307 26.1710014343262 19.8275775909424 23.0000839233398 44.7519073486328 45.8127861022949 13.0038728713989 22.0472278594971 16.5649566650391 11.6080198287964 36.3371353149414 61.6671714782715 56.9568138122559 42.9043731689453 42.7079277038574 40.5542449951172 40.8231430053711 25.6654624938965 12.4555606842041 34.1976661682129 18.9925136566162 33.7219276428223 22.7102298736572 24.294885635376 19.0773506164551 19.5722637176514 10.3744821548462
2.58875513076782 10.9535474777222 28.1350860595703 29.9283618927002 30.2932605743408 33.2437057495117 21.4970149993896 24.307746887207 28.3199901580811 21.317663192749 33.2138214111328 35.6726531982422 39.8444175720215 52.3984031677246 53.5603446960449 46.9696655273438 49.2620162963867 43.3112754821777 53.0287666320801 37.5678520202637 18.4804649353027 35.4334335327148 14.8947124481201 30.6505756378174 35.4350852966309 34.17138671875 30.9129638671875 42.1961517333984 35.4880867004395 25.7838459014893 26.2696533203125 37.4688339233398 25.5114974975586 37.1246109008789 40.0299186706543 28.3975410461426 19.2816715240479 21.3097896575928 8.93542957305908 25.3700408935547 37.6262321472168 22.1591758728027 23.0022678375244 31.2578868865967 16.1649208068848 5.35219812393188
3.87874031066895 8.63956069946289 21.6602210998535 37.3736877441406 47.3859405517578 45.3985900878906 25.5477542877197 26.9108924865723 44.378475189209 32.3448677062988 38.9814453125 40.4539070129395 35.4437217712402 37.928653717041 52.1865730285645 58.2533645629883 53.6439666748047 24.0669269561768 42.1349983215332 43.3040428161621 12.111442565918 36.8491134643555 21.529426574707 19.5261707305908 25.4809646606445 37.3257446289063 43.9669799804688 45.7361755371094 43.1894340515137 52.7123832702637 16.9760570526123 28.6716575622559 44.2670364379883 47.9715728759766 46.4638824462891 48.2785606384277 28.0546188354492 9.16008281707764 31.8971557617188 31.8198051452637 25.3600196838379 10.7030715942383 17.6131629943848 14.1234455108643 5.93100643157959 1.02244067192078
3.73494291305542 3.8024275302887 7.20022392272949 20.5336303710938 41.7356567382813 53.8608512878418 46.9770088195801 48.7668838500977 56.8055419921875 34.4449043273926 39.0660438537598 38.9944343566895 42.1750450134277 40.5156898498535 44.6866188049316 50.1254386901855 37.576301574707 43.2167892456055 48.6841926574707 27.7082366943359 11.7739524841309 31.6927394866943 27.121072769165 10.363899230957 27.1057548522949 47.9599189758301 52.030818939209 27.4293308258057 39.1106491088867 48.8785438537598 30.3981132507324 53.183666229248 61.9943428039551 57.5684432983398 62.8740119934082 45.621940612793 30.7581806182861 33.8299827575684 36.9880218505859 44.3336753845215 52.5663299560547 34.519287109375 36.0740089416504 19.6352386474609 7.80765247344971 8.86224937438965
3.08544659614563 4.35472536087036 2.20021939277649 12.6247444152832 26.5922260284424 26.6063671112061 43.5665435791016 46.9458427429199 42.5083198547363 14.9251890182495 37.3422508239746 28.4357852935791 28.5991611480713 34.8528137207031 31.1815624237061 28.3624820709229 41.5563697814941 49.5075874328613 45.6416358947754 33.5435600280762 3.63556909561157 30.4775295257568 35.1933212280273 27.0388622283936 36.4755668640137 43.3722190856934 43.7668304443359 32.1122779846191 46.931266784668 59.7713775634766 50.3825340270996 57.1088752746582 49.843994140625 49.6712188720703 43.4462127685547 16.4897212982178 39.0153503417969 51.6667518615723 13.5325441360474 41.4771728515625 48.1354637145996 33.5674934387207 38.4394950866699 33.6845817565918 26.7062911987305 22.0468883514404
1.55764639377594 4.29712057113647 3.70022797584534 11.0154037475586 18.8073196411133 20.2626914978027 27.4796485900879 31.815299987793 17.0126609802246 7.12318134307861 26.7463073730469 27.7291851043701 21.9870491027832 20.9661636352539 17.3483924865723 32.9826164245605 47.613697052002 38.7789764404297 33.5541343688965 41.6477088928223 27.9378814697266 39.0972023010254 44.292854309082 31.8358249664307 33.8701324462891 26.5176296234131 18.3662147521973 27.1892871856689 42.3975791931152 61.7623710632324 63.8278312683105 47.4320487976074 40.3812980651855 42.7982063293457 24.1013622283936 14.2629976272583 36.4332046508789 54.6349678039551 36.9801025390625 18.1791458129883 44.45751953125 40.954460144043 25.5566024780273 23.2053565979004 29.2060565948486 23.4186000823975
0.0284750331193209 2.1785786151886 4.7231969833374 6.91931819915771 8.77499580383301 10.2929019927979 11.5508842468262 10.9953727722168 4.7100658416748 6.39410257339478 12.4626903533936 16.2344169616699 19.0141429901123 20.8359794616699 20.1072559356689 35.7877998352051 40.3354187011719 28.17014503479 21.4583950042725 25.173641204834 20.6062107086182 33.5682907104492 32.5445098876953 17.1406345367432 12.1019458770752 27.2844219207764 29.4244575500488 23.1267566680908 16.9057884216309 31.5946063995361 30.4790153503418 22.2373924255371 23.6754837036133 34.6976776123047 16.6151561737061 9.61312675476074 41.7478446960449 55.0796165466309 36.9340476989746 4.56292819976807 36.6373100280762 39.9079742431641 20.8224544525146 12.7659101486206 13.5563831329346 26.931583404541
