data/ScottAndBurgan/Zona_60/cbh.asc
ncols 658
nrows 597
xllcorner 325692.38261041
yllcorner 4557715.6527613
cellsize 20
NODATA_value -9999
[rows 423 to 469 of 597, columns 96 to 191 of 658]
0 2.11324 0 2.68645 1.94533 1.98586 2.0785 3.24229 3.55495 3.74602 3.70549 3.85603 4.377131 2.41432 2.70961 0 0 0 2.6428 2.812 2.9128 0 0 0 0 0 3.4672 3.28 3.3916 2.5456 2.7616 3.928 3.1288 3.172 3.0856 2.8624 2.848 3.3196 3.298 2.8948 3.1396 3.316 3.2296 3.4888 2.9992 3.1216 3.3412 3.91 3.424 2.8192 3.1972 3.0028 3.1036 3.694 3.7624 3.6976 3.46 3.24808 2.86594 1.96849 4.284491 4.1404 3.8776 4.115201 4.4104 3.5608 4.234 4.1404 0 0 0 0 0 0 0 0 0 0 0 0 0 0 0 0 0 0 3.8704 4.0756 3.1108 3.3808 2.596 2.7076 2.8948 2.6824 2.3908 3.4096
0 0 1.96849 2.24062 1.85848 2.02639 2.02639 2.09008 2.46064 2.84857 2.00902 2.55907 2.53012 2.64013 4.01815 2.18851 0 0 3.172 0 0 0 0 2.866 4.0612 3.589601 3.3844 3.4384 2.9848 3.0136 3.7336 2.6572 2.3008 3.532 3.388 3.0496 3.0784 2.9308 3.2872 3.0172 3.1396 3.4708 3.37 2.65 3.1288 3.2764 3.6652 3.766 3.154 2.9128 2.8624 2.9704 3.1972 3.4672 3.5572 3.8812 2.398 1.99744 2.1943 2.43169 2.88331 5.044001 3.9424 3.568 4.3456 2.6752 4.1116 4.385201 0 0 0 0 0 0 0 0 0 0 0 0 0 0 0 0 0 2.614 3.589601 3.2548 2.3692 3.0928 3.0028 2.7472 2.7112 2.5276 2.7724 3.6472
0 0 2.73288 2.7213 2.14798 2.18851 2.68656 2.48391 2.52444 1.81795 2.81394 3.20755 1.89322 2.69224 2.72119 3.72865 0 2.3908 0 0 0 0 0 4.1908 4.396 4.162 3.6436 3.7012 3.3556 3.46 2.8984 2.7868 2.4088 3.784 3.6364 3.118 2.9128 3.1468 3.1288 3.0316 3.1252 3.4996 3.6436 2.9596 2.8768 2.614 3.56074 3.0208 3.1972 2.9236 3.2728 3.5464 3.046 3.6292 3.7444 3.8812 1.99165 2.44906 2.46643 0 0 0 3.4924 3.7372 3.2908 3.4708 3.5572 3.982 0 0 0 0 0 0 0 0 0 0 0 0 0 0 0 0 0 2.6068 2.5708 3.4708 2.9848 3.2584 0 0 0 2.992 0 3.0064
0 2.58234 2.44338 2.03218 2.10745 2.77341 2.81973 2.73288 2.0206 2.06692 2.33905 2.29273 2.44906 2.20588 0 3.70549 0 0 0 0 0 0 4.27 4.3888 4.2196 4.4608 4.129601 3.6184 3.3268 3.2692 3.1108 3.1072 2.8444 3.6256 3.7768 3.19 3.305201 3.0532 3.1936 3.3448 3.1828 3.6364 3.658 2.992 3.1612 2.22325 2.55328 2.26378 2.61118 3.1144 3.6436 3.8236 3.82 3.7696 3.46231 2.70961 0 0 0 0 0 0 0 4.198 3.4924 3.4276 3.305201 0 0 0 0 0 0 0 0 0 0 0 0 0 0 0 0 0 0 0 2.4592 2.326 2.38 0 0 0 0 0 0 2.848
0 0 2.70972 2.46075 2.53023 2.59392 1.93954 2.73867 2.86605 2.40853 2.64013 2.15377 0 0 0 2.99911 3.54337 0 0 0 0 0 0 0 4.2952 4.3636 4.4104 3.5284 3.3016 3.1684 3.3448 3.226 3.9172 3.8092 3.6364 3.4744 3.3736 3.5212 3.7156 3.3232 3.334 3.586 3.1504 3.3916 3.28 0 2.84278 2.10745 2.26378 0 3.6868 4.2412 3.43336 3.9064 2.39695 2.33905 0 0 0 0 0 0 0 4.4248 3.5104 3.4636 3.1756 0 0 0 0 0 0 0 0 0 0 0 0 0 0 0 2.2792 0 0 0 2.4988 0 0 0 0 0 0 0 2.8696 2.488
0 0 2.55918 2.52444 2.51286 2.49549 2.86605 2.75604 2.88342 2.37379 1.83532 0 0 0 0 3.07438 4.07605 3.28861 2.81394 2.09008 2.22904 2.67487 0 0 4.27 3.6616 3.7264 3.2044 2.398 3.305201 3.3124 3.2404 2.758 3.4852 3.676 3.4744 3.694 3.676 3.6508 3.2836 3.1252 3.4456 3.7624 3.305201 3.478 0 2.64592 2.53012 2.68066 3.46 3.838 3.26545 2.6968 2.51275 2.44327 0 0 0 0 0 0 0 0 2.542 2.902 3.2296 0 0 0 0 0 0 0 0 0 0 0 0 0 0 0 0 0 2.3152 2.5492 2.488 0 0 0 0 0 0 0 0 3.406 2.6212
0 0 0 2.6634 2.88921 2.87763 1.93375 2.66919 2.17693 1.83532 0 0 0 0 0 2.78488 1.91059 1.98586 2.44917 2.99332 3.07438 3.79234 0 0 0 2.7472 2.6392 2.4808 2.8984 3.589601 3.2764 3.6904 4.2016 3.1864 3.6148 3.802 3.6004 3.6364 3.4996 3.1144 3.0136 3.55 3.622 3.4276 4.018 0 2.65171 2.13061 2.50696 3.5644 4.1476 3.33493 2.6572 2.11324 2.10166 0 0 0 0 0 0 0 0 2.3332 2.2288 3.4096 3.2296 3.1036 3.4384 0 0 0 0 0 0 0 0 0 0 0 0 0 0 0 0 0 0 0 0 0 0 0 0 0 3.9172 3.3664
3.0049 2.47801 0 2.06113 2.77341 1.92217 2.61708 2.54181 2.7213 0 0 0 0 0 3.04543 2.5996 4.37134 4.08184 3.56653 3.56653 2.25799 3.22492 2.85436 2.99332 0 2.3224 2.8084 2.902 2.902 3.1324 2.884 3.9136 4.2052 3.8128 3.7984 3.6796 3.5968 3.3952 3.3808 3.1396 3.1648 3.5968 3.7984 3.2548 3.8812 3.4276 2.16535 0 0 0 4.105 3.028 3.0172 2.4736 0 0 0 0 0 2.0785 0 2.7616 3.2044 3.0928 1.7604 3.3196 3.0568 3.1972 3.4384 0 0 0 0 0 0 0 0 0 0 0 0 0 0 0 0 0 0 0 0 0 0 0 0 0 3.1468 3.0964
0 2.947 0 3.38125 3.33493 3.36967 2.61708 2.62287 1.92217 0 0 2.7154 1.85269 0 2.4259 2.74446 3.56074 4.31923 4.52188 5.04298 3.89077 2.93542 3.10333 3.44494 0 3.2296 3.2296 3.2296 3.1864 3.1108 3.3016 3.5284 4.1944 4.1368 3.8056 3.5788 3.73 3.7048 3.3952 3.2188 3.118 3.3124 3.568 3.4852 3.7336 3.4636 2.68077 1.9627 0 0 2.75014 2.76172 3.70549 2.27536 0 0 2.68066 2.32168 2.04376 3.94288 2.11903 2.40853 2.6572 2.4808 2.3296 2.3512 2.4772 3.2224 3.5392 0 0 0 0 0 0 0 0 0 0 0 0 0 0 0 0 0 0 0 0 0 0 0 0 0 0 0
0 2.38537 2.81383 3.30598 2.11324 2.61118 3.0628 2.47801 2.75025 2.68656 2.7792 2.7213 1.84111 2.16535 1.99165 1.8469 3.12649 3.57811 5.46565 6.49048 6.05044 4.05868 2.52433 2.61697 0 0 0 3.3988 3.5284 3.2584 3.4096 3.2908 3.964 3.8308 3.9676 3.9208 3.8704 3.946 3.5176 3.424 3.4816 3.6184 3.7012 4.558 3.8056 3.3592 3.0049 1.92796 2.31589 2.53012 2.20009 1.81216 1.82374 2.96437 0 2.60539 1.89322 2.24641 1.95112 2.20009 1.87585 2.4952 2.3872 2.4772 2.2756 2.7544 2.4844 3.3988 3.6436 2.9992 0 0 0 0 0 0 0 0 0 0 0 0 0 0 0 0 0 0 0 0 0 0 1.84111 2.20009 0 0
3.37546 3.57232 2.7733 0 2.53602 2.86594 3.09754 2.13061 2.13061 2.75604 2.88921 2.81973 2.78499 2.21167 3.22492 0 2.49538 3.08017 4.87507 6.24151 3.83866 3.97183 2.79646 2.09008 2.15956 3.16123 0 2.7292 3.8812 3.694 3.6652 3.496 4.0108 3.9856 4.072 4.4104 3.859601 3.784 3.5536 3.73 3.676 3.5788 4.1368 4.396 3.6976 2.8012 2.6032 2.11903 2.47222 2.32747 2.41432 1.92796 2.17114 2.86026 2.26378 2.4259 2.26957 2.70382 2.75604 2.7688 2.722 2.4736 2.3368 2.6932 2.4124 2.704 2.8408 3.5212 3.7156 3.316 0 0 0 0 0 0 0 0 0 0 0 0 0 0 0 0 0 0 0 0 0 2.40853 2.33326 2.14798 0 0
3.24229 2.65171 0 2.46064 2.43169 2.53023 2.88331 0 2.53012 2.28705 2.51286 2.63445 2.26378 2.70393 2.09008 0 2.43169 2.82541 3.70549 3.43336 3.10333 3.0049 3.46231 2.18851 2.26378 3.28861 4.26712 2.92963 2.8891 3.1072 3.334 3.3772 3.7948 4.036 3.7768 4.2592 3.6976 4.5292 3.766 4.0576 3.6904 3.6832 3.6004 3.694 3.0892 2.992 2.704 2.07271 2.61697 2.14798 2.06692 2.20588 1.98586 1.96849 2.09587 2.33326 2.3101 2.04955 2.80236 2.6572 2.2468 2.1928 2.3404 2.7688 2.3692 3.4492 2.5276 3.8056 3.6508 3.7048 0 0 0 0 0 0 0 0 0 0 0 0 0 0 0 0 0 0 0 2.26378 2.37958 2.79646 2.35063 0 0 0
2.947 3.04543 2.5417 3.74023 2.54181 3.58969 0 0 2.79657 2.57076 2.57655 1.96849 2.1943 2.0206 2.15377 0 2.84868 2.73856 3.01069 2.64592 2.82541 3.61285 2.99332 2.28115 2.28694 0 0 0 3.27703 2.55328 3.1468 3.2332 3.1576 3.9424 4.0792 0 0 0 0 3.6472 3.5248 3.3088 3.8416 3.8308 3.3196 3.82 3.7552 1.87006 2.58223 2.00902 2.34484 2.65171 2.39695 2.28694 2.33905 2.14798 2.5417 2.37379 3.1 2.938 4 3.9388 2.686 2.5852 2.686 0 0 3.7912 3.6328 3.6688 3.1216 0 0 0 0 0 0 0 0 0 0 0 0 0 0 0 0 0 2.17114 2.5417 2.00323 1.99165 2.10745 0 0 2.65761
3.31756 2.47222 3.21913 2.51854 1.94533 0 0 0 3.49126 2.73856 2.51275 2.92384 3.526 2.22325 0 0 1.98007 2.82541 2.6575 2.20588 3.64759 3.23071 2.72119 2.83699 2.0785 0 0 0 3.68812 2.59381 3.30019 4.00657 3.65338 3.5212 3.2512 0 0 0 0 0 3.568 3.7336 3.568 3.766 3.7912 3.7804 4.4824 2.26378 2.58223 2.21746 2.50696 2.66908 0 0 0 0 2.29852 1.99165 2.8732 2.9236 3.6904 4.414001 2.5996 3.0028 2.9704 0 0 0 4.0072 0 0 0 0 0 0 0 0 0 0 0 0 0 0 0 0 0 0 0 1.96849 2.4838 2.28115 2.88921 2.74435 4.34818 2.52433 2.39116
3.32335 2.27536 4.13395 4.19764 4.73032 0 0 0 3.97762 2.54749 2.94121 2.62276 2.68066 1.81216 0 2.25799 2.84857 2.47801 2.99911 2.96437 2.97595 2.86594 2.42011 2.76751 2.89489 3.13807 2.72119 0 0 0 0 4.13974 3.43915 3.65917 3.23071 2.1943 0 0 0 0 3.7372 4.054 4.0396 3.2296 3.5788 3.4744 4.399601 6.04465 2.20588 2.14798 2.18851 2.40274 0 0 0 0 2.64592 2.5744 3.1144 2.8732 3.28 4.2628 3.1288 3.7732 3.0856 0 0 0 3.568 0 0 0 2.83699 0 0 0 0 0 0 0 0 0 0 0 2.97016 2.57644 3.02806 3.03964 0 2.14798 2.6634 2.05534 2.48959 2.8312 3.95446 3.45652
2.43169 3.54916 4.19764 3.96025 0 0 0 1.97428 2.14219 0 2.03797 2.59381 2.01481 2.895 0 2.01481 3.03964 2.97595 3.45073 2.73277 2.91805 3.40441 2.76172 2.18851 3.61864 3.925509 2.44327 0 0 0 0 0 2.35642 0 0 2.11324 0 0 0 0 0 3.568 3.4924 3.0388 3.2512 2.9812 3.7732 5.67409 2.06113 1.94533 2.6932 0 0 0 0 2.4838 0 2.9452 3.64 3.7372 0 0 2.3692 4.2196 3.5824 0 2.5168 0 0 0 0 0 0 2.95858 0 0 0 2.70382 2.99332 0 0 0 0 0 0 2.86594 2.46643 0 2.06113 2.58802 2.77341 2.87763 2.29273 0 0 4.34239
2.50117 4.19764 3.82708 4.00657 0 0 0 0 0 0 2.80804 2.16535 3.14386 2.8312 2.68645 2.39116 2.57065 3.03964 2.7154 2.83131 3.01069 3.32335 3.52021 4.06447 3.76339 4.12816 3.28282 0 0 0 0 0 0 0 0 0 4.03552 0 0 0 0 0 0 0 0 0 3.8236 3.3664 2.20588 1.92217 2.146 0 0 2.3692 2.0785 2.22904 0 3.2044 3.91 4.0324 2.9056 0 2.9488 4.1836 3.7696 0 4.2664 3.0676 0 0 0 0 0 0 3.57232 0 0 0 3.26545 3.36967 0 0 0 0 0 0 2.07271 2.0206 1.82953 1.95691 1.83532 2.7213 0 0 2.47801 0
3.15544 3.61864 3.30019 0 0 0 0 0 0 0 0 2.37379 3.54337 3.50863 3.04543 3.05122 2.8891 0 2.18272 2.41432 2.18851 3.46231 3.90814 4.63768 4.16869 3.63601 0 0 0 0 0 0 0 0 0 0 4.19185 3.63601 0 0 0 0 0 0 0 0 0 4.1044 3.2296 2.10166 2.1496 2.3908 2.686 2.2792 2.39695 2.26957 1.83532 3.8632 3.9064 4.8064 0 0 0 0 0 0 4.2736 0 0 0 0 0 0 0 2.82541 0 0 0 3.94288 4.12816 0 0 4.85191 2.72119 3.16702 0 0 2.50696 2.11324 0 1.98007 1.92217 2.83131 1.9048 2.83131 1.96849
3.22492 3.96604 0 0 0 0 0 2.00902 2.09587 2.81973 2.81394 2.59381 3.03385 3.30598 3.37546 3.01648 3.60127 2.68645 0 2.70382 3.95446 0 3.91393 4.82875 4.21501 2.41432 2.53591 0 0 0 0 0 0 0 0 0 0 0 0 0 0 0 0 0 0 0 3.10912 0 4.17448 2.00323 2.1712 2.5744 2.5852 2.1856 2.40853 2.27536 1.82953 0 4.9936 4.5184 0 0 0 0 0 0 0 0 0 0 0 0 0 0 3.76918 0 0 0 0 3.41599 4.01815 0 4.77085 5.25721 3.20176 3.08017 3.65917 4.24975 0 0 2.22904 1.92796 0 2.87763 1.99744 1.8469
0 0 0 0 0 0 0 3.879189 2.6575 2.85436 3.25387 2.38537 2.26378 2.40274 2.17114 2.62855 2.26957 2.70961 2.50696 0 0 0 3.07438 4.04131 3.56074 2.05534 2.30431 0 0 0 0 0 0 0 0 0 0 0 0 0 0 0 3.56074 2.95279 2.87184 2.39695 0 0 3.4102 2.47 2.3008 2.3548 2.5456 1.692 2.2756 1.93375 2.3101 0 5.71 4.878401 0 0 0 0 0 0 0 0 0 0 0 0 0 0 3.0049 1.92217 0 0 0 4.5682 5.05456 4.43503 3.83866 4.40608 4.29028 3.28861 3.31756 4.49293 3.1786 0 0 2.47812 0 0 3.08017 2.70961
0 0 0 0 0 0 1.93954 4.00078 3.72286 3.08596 2.72698 2.39116 0 2.69224 2.25799 2.15377 2.47222 2.70961 2.03218 0 3.34072 0 2.40853 2.76751 2.36221 2.72119 0 0 0 0 0 0 0 0 0 0 0 0 0 0 0 1.89322 2.17114 2.2522 0 0 0 0 2.79067 0 2.2504 2.2972 1.7604 2.7213 2.15956 0 0 0 0 0 0 0 0 0 0 0 0 0 0 0 0 0 0 0 3.01648 2.44906 2.38537 0 0 0 4.68979 4.95034 4.57399 4.38292 4.1629 3.948669 3.78076 4.92139 4.353971 0 2.69814 1.86427 0 0 0 2.947
3.925509 0 0 0 0 0 4.07026 2.99911 3.79813 2.99332 0 0 0 0 0 2.04955 2.85447 3.13807 3.52021 4.34818 2.15377 0 3.09175 1.84111 2.61708 2.30431 0 0 0 0 0 0 0 0 0 0 0 0 0 0 2.98753 2.12482 2.04955 2.17693 0 0 0 0 0 2.68645 1.8469 2.10166 0 0 0 3.3415 1.2415 1.104 0 0 0 0 0 0 0 0 0 0 0 0 0 0 0 0 3.95446 2.86594 2.11903 2.73856 3.42178 0 3.68812 4.92139 4.5682 4.09342 4.23817 4.29607 3.46231 3.73444 4.66663 0 2.6634 2.44338 2.74446 2.5476 2.8371 2.09587
0 0 0 0 0 0 4.05289 3.30598 2.72119 1.99165 0 0 0 0 0 2.68645 3.16123 3.50284 3.10333 3.10333 3.20755 0 0 2.29852 0 1.91638 2.58223 0 0 0 0 0 0 0 0 0 0 0 0 2.11903 2.40853 2.00323 2.69803 2.33905 0 0 0 0 0 3.8155 3.31756 2.35063 0 0 0 0 0 2.17275 0 0 0 0 0 0 0 0 0 0 0 0 0 0 0 0 2.7733 2.33326 2.2522 1.94533 2.29852 2.33326 2.23483 3.61285 4.15132 3.6418 3.93709 4.04131 3.55495 3.78076 4.30186 0 0 2.71551 2.52444 2.64603 2.66919 2.72709
0 0 0 3.49705 2.30431 0 4.00078 2.25799 2.24641 0 0 0 0 1.8469 3.32914 0 0 0 2.57076 1.96849 0 0 0 0 0 2.75593 4.330811 0 0 0 0 0 0 0 0 0 0 0 0 2.23483 1.9048 1.96849 2.43169 2.23483 2.99332 0 0 0 3.19018 2.49538 2.00902 0 0 0 0 0 0 0 0 0 0 0 0 0 0 0 0 0 0 0 0 0 0 0 0 3.45652 2.88342 1.89322 3.56074 2.04376 2.39116 3.1786 2.84278 2.57644 2.46643 3.51442 3.50284 4.47556 4.57399 0 0 0 2.6634 2.48391 2.65182 2.84868
0 0 3.10912 4.1629 4.21501 0 2.04955 1.97428 0 0 0 0 0 3.47389 0 0 0 0 0 0 2.1364 1.79479 0 0 2.64603 2.94121 4.57399 0 0 0 0 0 0 0 0 0 0 0 3.08017 2.56486 2.85436 2.79646 2.11324 1.99165 3.08596 0 0 2.15377 2.81383 2.87173 0 0 0 0 0 0 0 4.279 0 0 0 0 0 0 0 0 0 0 0 0 0 0 0 0 0 3.52021 2.99911 3.10333 3.13228 3.16702 3.16702 3.11491 2.86015 2.93542 2.65171 0 0 3.01648 4.11658 0 0 2.73867 2.1364 2.05534 0 1.82374
0 0 3.10912 3.68233 3.30598 0 2.29852 0 0 0 0 0 0 0 0 0 0 0 0 2.15956 2.79646 1.9048 0 0 1.99744 1.93954 2.47222 0 0 0 0 0 0 4.42345 0 0 0 0 3.97762 3.12649 3.28861 3.13807 3.08596 2.89489 2.91805 2.27536 0 0 0 0 0 0 0 0 0 0 0 3.61025 0 0 0 0 0 0 0 0 0 0 0 0 0 0 0 0 0 3.8155 3.59548 2.97595 2.97016 2.69803 2.76751 3.48547 3.21913 0 2.87752 2.33905 0 2.89489 2.70961 1.80058 0 1.81795 2.74446 0 0 0
0 0 0 0 0 0 0 0 0 0 0 0 0 0 0 0 0 0 0 0 2.83699 2.80804 2.93542 2.57065 3.28861 2.64013 2.95858 0 0 0 0 0 0 4.16869 0 0 0 3.02806 2.7154 3.03385 2.8891 3.08017 3.83287 3.72286 2.86594 2.33905 0 0 0 0 0 0 0 0 0 0 0 0 3.17275 0 0 0 0 0 0 0 0 0 0 0 0 0 0 0 2.89489 3.63022 3.45652 3.20755 3.31177 2.12482 2.35063 2.91805 0 0 2.69803 2.54749 2.57644 3.80971 3.53758 0 1.81795 1.92217 1.84111 0 2.02639 0
6.08518 3.60127 0 2.61118 0 0 0 0 0 3.31756 0 0 0 0 0 0 0 0 3.61864 2.32168 0 1.98007 3.5839 3.902349 3.21334 2.99911 2.44906 0 0 0 0 0 3.21334 0 0 0 4.45819 3.24229 2.94121 2.21746 3.10333 3.07438 3.4102 3.03964 0 0 0 0 0 0 0 0 0 0 0 0 0 0 4.49775 0 0 1.2665 0 0 0 0 0 0 0 0 0 0 0 0 2.4259 4.09342 3.38704 3.41599 3.879189 1.95112 3.2944 0 0 4.09921 3.39862 3.47968 2.94121 3.879189 2.57644 0 1.84111 2.74446 2.71551 2.65761 2.88921 2.75604
0 2.46643 2.26378 0 0 0 0 0 0 2.98753 3.4102 3.01648 0 0 0 0 2.64592 0 0 2.79646 2.77909 2.18272 2.99911 3.97183 3.31756 3.66496 0 0 0 0 0 4.53925 5.18194 0 0 0 2.91805 3.45652 3.12649 3.49126 3.23071 2.87752 3.34651 3.10912 0 0 0 0 0 0 0 0 0 0 0 0 0 0 0 1.154 0 0 2.49375 3.00625 0 0 0 0 0 0 0 0 0 2.925 2.51854 0 2.99332 3.1786 3.9313 0 2.84278 2.84278 4.01815 3.61864 3.8734 3.26545 3.34651 3.45652 3.88498 3.56653 2.42011 2.68066 0 0 2.59971 2.65182
0 0 2.33905 0 0 0 0 0 0 2.58223 2.45485 4.7419 0 0 0 2.2522 2.92384 2.23483 1.81795 2.37379 2.24062 0 2.82552 3.32335 0 0 0 0 0 0 3.31177 4.43503 5.06614 4.41766 3.89656 3.28861 2.66329 3.78655 3.69391 3.84445 2.85436 2.5996 0 0 0 2.38537 0 0 0 0 0 0 0 0 0 0 2.1165 0 0 0 0 0 0 1.26025 2.9665 0 0 0 0 0 0 1.3165 1.37275 1.7165 3.6165 0 2.91805 2.91805 3.66496 0 0 0 0 0 0 0 0 3.61864 3.925509 3.9313 3.30598 3.18439 0 2.53023 2.40864 2.69235
0 0 0 0 0 0 0 0 0 3.01069 3.28282 4.11658 4.12237 3.43915 3.72865 3.63601 2.86594 3.16702 2.28694 2.8371 2.22904 0 2.11324 0 0 0 0 0 0 0 0 3.8734 4.65505 5.19352 5.55829 3.20176 3.16123 3.51442 3.98341 3.8734 3.12649 2.70961 3.83287 2.24641 2.39695 2.26378 2.8371 2.27536 2.62276 2.43748 2.31589 2.75604 0 0 0 0 2.13525 2.72275 3.41025 3.629 0 0 0 1.729 2.279 1.9165 2.58525 2.43525 2.5915 2.2915 2.29775 2.529 3.09775 0 0 2.31025 1.9165 2.93525 2.079 0 0 0 0 0 0 0 0 3.7576 3.42178 0 3.91393 3.03385 0 0 2.03218 2.67498
5.45407 0 0 0 3.96604 4.36555 3.85024 5.25142 3.4102 3.66496 4.70716 4.95034 4.82875 3.67654 4.79401 4.90402 3.19597 2.68645 3.47389 2.08429 2.38537 2.82552 0 0 0 0 0 0 0 0 0 3.71128 4.42924 5.00824 4.64347 3.43336 3.23071 2.61118 3.60127 3.80971 2.7154 2.97595 3.18439 2.39116 2.14219 2.09587 2.21746 2.16535 2.03797 2.80804 4.0471 2.57065 0 0 0 0 0 0 0 0 0 0 0 0 0 2.83699 2.33905 0 0 3.204 0 1.4665 2.78525 0 0 0 0 0 0 2.2165 0 0 0 0 0 0 0 0 4.31344 6.11413 3.81025 3.53758 3.85024 0 2.76172 2.72119
5.3788 0 0 0 2.64592 3.39862 3.91972 4.92139 3.68233 4.11658 4.93297 3.10333 4.13974 3.53179 3.56074 4.88665 6.35152 4.92139 2.40853 2.17693 2.26378 0 0 0 0 0 0 0 0 0 0 0 3.63601 3.879189 3.02227 2.47222 2.95858 3.72286 3.47968 3.16123 3.04543 4.64926 2.33326 2.18272 2.72709 1.9627 2.1364 2.73856 2.28694 2.73277 3.39862 3.55495 0 0 0 0 0 0 0 0 0 0 2.0785 0 2.95858 3.76339 0 0 0 0 0 0 0 0 0 0 0 0 0 0 0 0 0 0 0 0 3.17275 3.43525 6.67275 8.1001 0 3.70549 4.58557 3.69391 4.09342 4.23238
4.70137 2.91805 0 0 3.03964 4.0471 4.09342 4.73611 3.40441 2.53591 2.7733 3.14386 0 3.63022 3.60706 4.64926 5.59882 3.89656 2.88331 2.86605 0 0 0 0 0 0 0 0 0 0 0 0 3.9313 3.26545 2.97016 3.01648 3.36388 2.90647 2.91226 3.6997 3.56074 3.91972 0 0 0 0 0 0 2.21167 2.72698 2.24641 0 0 0 0 0 0 0 0 0 3.2365 2.96437 4.95034 4.93297 0 0 0 0 0 0 0 0 0 0 0 0 0 0 0 0 0 0 0 0 0 0 3.4165 2.29775 2.89775 4.38525 0 1.98525 0 3.91972 4.63189 5.61619
2.81383 3.49126 3.09754 2.47222 3.20755 3.83287 4.71874 3.925509 2.84857 4.23817 3.27703 2.98753 0 3.4102 3.60706 5.58724 5.76673 4.16869 2.32747 1.92796 0 0 0 0 0 0 0 0 0 0 3.74602 2.13061 2.5417 2.40853 2.8312 2.39695 3.54916 4.06447 3.948669 4.25554 4.2208 4.54504 3.65917 0 0 0 0 3.09754 2.22325 2.20009 2.14798 2.55328 0 0 0 0 0 0 0 3.96025 3.91972 4.09921 0 0 0 0 0 0 0 0 0 0 0 0 0 0 0 0 0 0 0 0 0 0 3.554 3.2165 2.73525 0 0 2.52275 2.29775 1.6915 6.229 3.4165 0 0
2.38537 3.1207 3.83866 3.43336 3.2365 3.84445 5.19931 5.58145 4.72453 4.353971 3.02806 3.10912 3.10912 4.75348 4.17448 4.95034 6.421 4.35976 3.98341 0 0 0 0 0 0 0 0 0 0 0 3.4681 3.25966 0 2.97016 0 0 4.85191 5.07193 4.67242 4.82296 5.18773 5.08351 4.75927 0 0 0 0 0 1.82374 2.13061 2.03218 2.5996 0 0 0 4.46398 4.6261 3.47968 2.26957 4.16869 5.57566 0 0 0 0 0 0 0 0 0 0 0 0 0 0 0 0 0 0 0 2.8312 0 5.56025 3.19775 3.43525 0 0 0 0 0 0 0 0 0 3.554 2.329
0 2.95858 3.10912 2.13061 3.41599 4.40029 5.08351 2.18851 4.80559 3.19018 2.58802 3.23071 3.21334 3.38125 4.2787 4.80559 3.50284 4.19185 4.18606 3.62443 0 0 0 0 0 0 0 0 0 0 0 0 0 0 0 0 0 5.0893 4.49872 0 0 5.0893 0 0 0 0 0 0 0 1.85269 2.05534 2.96437 0 2.10166 1.83532 3.23071 2.58223 0 4.76506 0 0 0 0 0 0 0 0 0 0 0 2.29273 0 0 0 0 0 0 0 0 1.85848 2.43748 2.37958 2.90068 2.87752 2.72119 2.79646 2.35063 2.14798 0 0 0 0 0 0 0 0
0 0 0 0 0 0 2.67487 4.00657 4.34818 3.4681 3.01069 3.45652 3.31177 3.14386 3.03964 3.48547 3.74602 3.42757 4.00657 4.307651 0 0 0 0 0 0 0 0 0 0 0 0 0 0 0 3.36388 0 0 0 0 0 0 0 0 0 0 0 0 0 0 1.81216 2.60539 2.61118 3.03964 2.39695 2.15956 0 0 0 0 0 0 0 0 0 0 0 0 0 4.04131 3.30598 0 0 0 0 0 0 0 2.11324 2.33905 2.8371 1.8469 1.99165 0 0 2.15956 3.7576 2.17693 2.35063 2.48959 2.24641 2.87184 0 0 0 0
3.71707 4.83454 0 0 0 0 0 0 4.12237 3.72865 3.74602 2.88331 3.59548 2.97016 2.59381 2.70961 2.91226 3.57232 3.13807 4.56241 0 0 0 0 0 0 0 0 0 0 0 0 2.67487 0 0 4.105 0 0 0 0 0 0 0 0 0 0 0 0 0 0 0 0 2.11324 2.44327 0 0 0 0 0 0 0 0 0 0 0 0 0 0 3.85024 3.6997 3.07438 0 0 0 0 0 0 3.56074 3.04543 1.95691 1.85269 1.92217 2.78499 0 2.40853 4.66084 4.66663 3.96604 3.86761 4.105 3.56074 2.58223 2.4838 2.73277 0 0
4.07605 4.26712 3.66496 3.72286 4.20343 5.27458 4.2208 0 0 3.57232 4.41187 3.32914 0 0 0 0 0 0 0 0 0 0 0 0 0 0 2.55328 0 0 0 0 0 3.51442 3.38704 3.8155 4.19185 0 0 0 0 0 0 0 0 0 0 0 0 0 0 0 0 1.97428 0 0 0 0 0 0 0 0 0 0 0 0 0 0 0 0 5.79568 0 0 0 0 0 0 0 3.22492 4.00657 2.895 0 0 0 4.67821 5.00824 4.53346 3.76339 3.99499 3.5839 3.61864 3.67075 3.93709 3.30019 2.75014 2.15377 0
0 0 3.80392 4.82296 0 5.50039 4.50451 2.66329 2.98174 3.74602 0 0 0 0 0 0 0 0 0 0 0 0 0 0 0 3.08017 2.5996 2.80804 2.15377 0 0 0 3.74602 3.71707 3.15544 3.64759 0 0 0 0 0 0 0 0 0 0 0 0 0 0 0 0 0 0 0 0 0 0 0 0 0 0 0 0 0 0 0 0 0 0 0 0 0 0 0 0 2.8371 2.11903 2.69803 3.01069 2.01481 2.14219 4.29028 4.95034 4.96192 4.4524 4.13395 3.83287 4.01236 3.8155 3.97762 4.07605 3.76918 3.9313 4.07026 2.73288
0 0 4.02394 2.72698 2.33905 2.74435 4.377131 2.62855 3.47389 0 0 0 0 0 3.43336 2.68645 0 0 0 0 0 0 0 0 3.53179 3.9892 3.80392 3.55495 0 0 6.54838 5.53513 4.01815 4.03552 4.93297 0 0 0 0 0 0 0 0 0 0 0 0 0 0 0 0 0 0 0 0 0 0 0 0 0 0 0 0 0 0 0 0 0 0 0 0 0 0 2.1364 2.28115 1.88743 2.62866 2.57076 2.25799 2.49538 2.91805 4.25554 4.48135 4.53925 4.97929 4.53346 3.8155 3.68233 3.70549 3.86761 3.49126 0 0 3.09754 4.02973 4.44661
0 3.10333 4.330811 2.40853 2.18272 2.51275 2.64592 0 0 0 0 0 0 4.6261 5.46565 4.96192 2.947 0 0 0 0 0 0 0 0 4.41187 4.19185 0 0 0 5.69146 5.99833 2.84857 5.45407 5.35564 0 0 0 0 0 0 0 0 0 0 0 0 0 0 0 0 0 0 0 0 0 0 0 3.83287 4.31923 4.60873 0 0 0 0 0 0 0 0 0 3.04543 2.1943 2.65171 1.87585 2.23483 3.01648 1.95691 1.91638 1.91059 2.58223 3.68812 4.52188 4.09921 3.64759 4.23238 4.46398 4.11079 4.2208 3.57811 3.30598 2.96437 3.32914 2.75014 0 4.41187 4.58557
0 4.353971 2.50117 2.54749 3.14386 3.49126 3.37546 3.03964 0 0 0 0 0 5.62198 5.06035 4.7998 4.60294 0 0 0 0 0 0 0 0 0 0 0 0 0 6.33994 6.34573 4.52188 0 0 0 0 0 0 0 0 0 0 0 0 0 0 0 4.7998 4.49293 0 0 0 0 0 0 4.27291 4.16869 3.2365 3.0628 4.19764 0 0 0 0 0 0 0 0 4.90402 2.95858 2.61118 2.96437 2.35642 2.18851 1.80058 1.88743 1.80058 1.98586 1.95691 3.34651 3.53758 4.16869 3.82708 4.105 3.83287 4.23817 4.65505 4.61452 3.31756 3.42757 0 3.08017 2.90647 2.73867 3.12649
0 4.05289 2.88331 2.91805 3.5839 3.76339 2.92384 2.90647 0 0 0 0 0 0 5.01982 4.84612 4.21501 0 0 0 0 0 0 3.53179 3.902349 0 0 0 0 0 0 0 0 0 0 0 0 0 0 0 0 0 0 0 0 0 0 4.95613 4.97929 4.55662 2.47801 0 0 0 0 0 0 0 3.4681 3.55495 4.05289 0 0 0 0 0 0 0 0 4.261331 3.1786 3.67075 3.03385 2.4838 1.91059 2.28115 2.59381 1.95112 1.99744 2.65171 3.74023 3.77497 3.43915 4.06447 3.76339 3.94288 4.08184 4.30186 4.49872 2.75014 2.84857 2.57644 2.72119 2.72698 2.63445 3.0628
2.87752 2.00323 2.88331 3.67075 3.7576 3.61864 2.89489 3.76918 0 0 0 0 0 0 4.15711 4.7998 0 0 0 0 0 0 3.08017 2.98753 4.12816 0 0 0 0 5.09509 4.0471 4.5682 4.8577 0 0 0 0 0 0 0 0 0 0 0 0 0 0 0 0 0 0 0 0 0 0 0 0 3.85603 2.947 2.33326 3.37546 3.49126 0 0 0 0 0 0 0 0 2.50117 2.51854 2.41432 1.99165 2.03797 2.5417 4.00657 4.03552 4.08763 3.48547 3.6997 3.70549 4.07026 3.89077 3.9313 3.70549 4.27291 4.71874 5.44249 3.14386 2.55328 2.80804 2.368 1.82953 2.79657 1.97428
2.40853 2.01481 2.84278 3.24808 3.83287 3.67075 3.67654 3.25387 0 0 4.93297 2.82541 3.61864 0 4.01236 0 0 0 0 0 0 0 0 4.08184 4.21501 0 0 0 0 4.51609 4.93297 4.34818 4.19185 5.59303 0 0 0 0 0 0 0 0 0 0 0 0 0 0 0 0 0 0 0 0 2.81383 1.99744 2.4838 2.31589 3.17281 3.99499 3.9313 0 0 0 0 0 0 0 0 0 2.75604 1.88743 0 1.89901 2.30431 2.51854 3.40441 3.902349 4.34239 3.74602 2.96437 4.02973 4.24975 4.00657 3.925509 3.75181 4.30186 4.67821 4.44661 2.70961 3.25387 2.53591 2.05534 3.05701 0 0
