data/ScottAndBurgan/Zona_60/cbh.asc
ncols 658
nrows 597
xllcorner 325692.38261041
yllcorner 4557715.6527613
cellsize 20
NODATA_value -9999
[rows 282 to 328 of 597, columns 0 to 95 of 658]
-9999 2.5672 2.8948 2.794 2.614 0 0 2.4016 2.47 2.3332 2.632 2.632 3.1072 0 0 2.7544 2.9308 2.1604 1.7784 1.638 2.218 2.506 3.0208 2.6968 0 0 0 0 2.38 2.2936 2.2828 2.2864 2.3692 3.4996 2.9488 2.4556 2.4628 2.5024 2.3188 1.71 2.47 2.1496 2.4556 2.4592 2.4484 2.236 2.3404 2.2432 2.1568 1.7208 1.5444 2.2756 2.8552 2.398 2.452 0 0 0 0 0 0 0 0 3.532 3.5392 0 0 0 0 0 0 0 0 0 0 0 0 0 0 0 0 0 0 0 0 0 0 0 0 0 1.13525 3.11875 1.26025 0 0 0
-9999 2.4196 2.8264 2.4304 1.764 0 0 2.4808 2.7544 3.0892 3.8704 3.5608 0 0 2.4304 2.5024 2.4016 2.434 2.47 2.5924 2.3332 2.7328 3.2836 3.9928 0 0 0 0 0 0 0 2.2576 2.7616 2.6392 2.7976 2.7616 2.2828 2.3908 1.7856 1.764 2.524 2.5564 3.028 2.7076 2.3728 1.6884 0 0 2.3728 3.3664 2.2576 2.3008 2.4088 2.1964 2.6284 0 0 0 0 0 0 0 0 3.4888 3.5176 0 0 0 0 0 0 0 0 0 0 0 0 0 0 0 0 0 0 0 0 0 0 0 0 0 0 0 0 0 0 0
-9999 2.326 2.2432 1.746 1.728 0 2.3548 2.56 2.6176 2.7796 3.37 2.9164 2.83 2.29 2.2936 2.8804 3.0172 3.0892 3.0064 2.578 2.7832 3.19 3.4996 4.054 3.2728 0 0 2.5528 0 0 0 0 0 1.7316 2.164 2.8876 2.3728 2.1316 2.308 2.254 2.9344 1.638 1.5912 2.6572 2.1604 1.7244 0 0 2.9884 2.6356 2.668 2.7148 2.8264 2.5888 2.5636 0 0 0 0 0 0 0 0 2.3692 2.7544 0 0 0 0 0 0 0 0 0 0 0 0 0 0 0 0 0 0 0 0 0 0 0 0 0 0 0 0 0 0 0
-9999 1.6848 1.7928 1.692 1.7604 1.6344 2.542 2.146 2.488 2.7472 2.6788 2.6212 2.6212 3.01 2.9848 2.8336 3.5104 3.2512 2.884 2.8228 2.9956 3.5284 3.305201 3.0568 3.3304 2.8984 2.6932 1.6272 2.3692 2.7004 0 0 2.4016 2.4772 2.2612 2.5312 2.83 2.2828 2.1568 1.6884 2.3368 2.2144 1.6956 2.362 2.5636 2.5888 0 3.064 2.8084 3.0892 3.1252 2.9164 2.776 0 0 0 0 0 0 0 0 3.208 2.2216 2.4448 0 0 0 0 0 0 0 0 0 0 0 0 0 0 0 0 0 0 0 0 0 0 0 0 0 0 0 0 0 0 0 0
-9999 2.326 2.2396 1.7208 1.4472 1.6776 2.2756 2.6212 2.2684 2.2648 2.6464 2.74 2.8408 2.7184 2.7688 1.8 2.4916 3.1036 3.406 2.488 2.5708 2.4232 2.3548 2.1784 2.218 2.9596 2.7508 2.8732 2.7004 2.4088 0 2.434 3.7156 3.6184 2.56 2.4052 2.5348 2.4232 2.4016 2.1532 2.5672 2.29 2.5996 0 2.794 2.5276 0 2.9236 3.4204 3.7408 2.9056 2.3872 2.5852 2.4304 2.7904 0 0 0 0 0 0 2.6428 0 0 0 0 0 0 0 0 0 0 0 0 0 0 0 0 0 0 0 0 0 0 0 0 0 0 0 0 0 0 0 0 0 0
-9999 2.2648 2.3152 1.6344 2.4664 2.4016 2.5204 2.6608 2.5852 2.794 2.8732 2.3836 2.776 2.8192 2.5672 2.5636 2.8048 3.1036 3.2296 0 2.29 1.7316 1.6272 1.656 1.6164 2.7688 3.2188 3.3232 3.0676 0 0 3.0604 3.3628 3.9424 3.4708 2.2144 2.164 2.974 2.362 2.4592 1.638 2.1784 2.344 0 2.8336 0 1.6164 2.6752 3.5464 3.9316 3.604001 3.1792 3.172 2.29 2.3044 2.5348 0 0 0 0 0 0 0 0 0 0 0 0 0 0 0 0 0 0 0 0 0 0 0 0 0 0 0 0 0 0 0 0 0 0 0 0 0 0 0 0
-9999 -9999 -9999 0 1.6632 1.728 2.3872 2.434 1.6848 2.65 2.686 2.2864 2.5744 2.416 2.578 2.434 2.542 3.1288 2.8804 0 0 0 0 1.5948 1.7172 2.5276 2.9272 2.9632 2.7076 2.7688 2.4844 2.4952 2.272 3.514 3.5428 3.0784 2.488 3.2044 3.0964 2.4124 1.5804 2.2288 1.7604 0 3.262 3.7804 3.0496 2.5168 4.0396 3.37 2.8048 2.722 2.4448 2.794 0 0 0 0 0 0 0 0 0 0 0 0 0 0 0 0 0 0 0 0 0 0 0 0 0 0 0 0 0 0 0 0 0 0 0 0 0 0 0 0 0 0
-9999 -9999 -9999 2.1712 2.2252 2.4268 2.398 1.7676 1.7856 1.7352 2.3584 2.452 2.5564 2.7904 2.7076 2.6716 2.5204 3.0208 3.4276 2.4448 0 0 0 0 0 2.398 2.5816 2.398 2.308 1.7496 2.5312 2.3188 1.7892 2.7436 2.5708 2.6392 2.7796 3.2008 3.1324 2.7436 2.2108 2.1856 2.2396 0 3.01 3.694 3.1036 3.6076 3.4096 2.6788 3.0928 2.488 0 0 0 0 0 0 0 0 0 0 0 0 0 0 0 0 0 0 0 0 0 0 0 0 0 0 0 0 0 0 0 0 0 0 0 0 0 0 0 0 0 0 0 0
-9999 -9999 -9999 1.7892 2.1424 1.7136 2.2432 2.8804 2.6608 2.182 2.7364 2.8732 2.6464 2.6284 2.7544 2.7508 2.6536 2.668 2.8372 2.848 2.5024 3.3736 3.8488 0 0 0 0 0 0 0 2.2072 1.6452 2.2288 2.4772 2.8876 3.1576 2.9704 2.8012 2.8552 2.4556 2.2828 2.4268 2.3116 0 2.4844 3.9676 3.5788 3.3628 2.5492 2.9668 2.3944 0 0 0 0 0 2.6284 2.6536 2.6212 2.9956 0 0 0 0 0 0 0 0 0 0 0 0 0 0 0 0 0 0 0 0 0 0 0 0 0 0 0 0 0 0 0 0 0 0 0 0
-9999 -9999 -9999 2.6104 2.7328 2.2864 2.6392 2.9848 2.6896 2.4016 2.8408 2.9596 2.8912 2.6248 2.4628 1.7064 2.3836 2.452 2.2792 2.4016 2.5096 2.1712 3.136 3.37 3.7696 3.5932 3.3232 3.0784 2.9524 2.8624 2.4556 1.6452 1.6596 1.7028 3.1612 0 1.5696 1.5732 1.5696 1.7028 2.2648 2.488 2.218 2.8552 2.7004 3.2872 3.575201 2.9416 2.5492 3.1504 2.938 0 0 0 2.7256 2.9344 2.6824 2.776 2.7112 2.3332 0 0 0 0 0 0 0 0 0 0 0 0 0 0 0 0 0 0 0 0 0 0 0 0 0 0 0 0 0 0 0 0 0 0 0 0
-9999 -9999 -9999 2.2324 2.8192 2.83 2.56 2.6644 2.6932 2.5924 2.6464 3.0064 2.848 2.7652 2.74 2.47 2.6896 2.83 2.5096 2.5456 2.272 2.506 2.1496 2.812 3.4708 3.28 2.9524 2.3008 2.434 2.1892 2.524 2.8336 2.5204 2.3476 2.6356 0 1.764 1.674 1.7244 2.1424 1.6848 1.5552 2.1712 2.2324 2.4412 2.4232 2.2864 2.4664 2.3332 2.92 2.7364 3.4672 3.5068 3.3736 3.2224 3.5176 3.55 2.8372 2.2504 3.1864 0 0 0 0 0 0 0 0 0 0 0 0 0 0 0 0 0 0 0 0 0 0 0 0 0 0 0 0 0 0 0 0 0 0 0 0
-9999 -9999 -9999 2.344 2.6752 2.6824 2.5204 2.4052 2.4124 2.2036 2.3656 1.6776 2.9812 2.7184 2.6176 3.01 3.1576 3.388 2.74 2.7292 2.4304 2.1352 2.1496 2.3008 2.6068 2.3836 2.5744 2.5132 2.848 2.326 2.3368 2.5816 2.182 2.9128 0 1.7028 2.1964 1.746 1.6632 1.71 1.5804 2.2252 2.5672 2.3152 0 2.758 2.7724 2.5132 3.2044 2.5168 3.7876 4.2196 3.7372 2.686 2.344 2.7112 2.8264 2.8948 2.8876 2.5456 2.7076 0 0 0 0 0 0 0 0 0 0 0 0 0 0 2.344 2.2072 0 0 0 0 0 0 0 0 0 0 0 0 0 0 0 0 0 0 0
-9999 -9999 -9999 1.7496 0 0 0 2.2576 2.1784 1.6848 1.7208 1.8 2.6752 2.6824 2.7508 2.9272 2.8516 3.3016 3.5572 2.4952 2.4628 2.488 1.7568 2.3548 2.614 2.236 2.524 2.4232 2.5888 2.3584 2.1928 2.3044 2.2504 2.506 2.74 0 2.2 2.1712 1.6668 1.62 2.1964 0 0 0 0 2.7112 2.3836 3.1 3.1936 3.3124 3.946 3.4456 3.0136 2.2108 2.5708 0 2.3944 2.3944 2.722 3.0856 2.8264 2.5132 0 0 0 0 0 0 0 2.504 2.6176 2.1784 0 0 2.4484 2.4376 0 0 0 0 0 0 0 0 0 0 0 0 0 0 0 0 0 0 0 0
-9999 1.656 2.3044 0 0 0 0 2.4376 2.2432 2.4844 2.1424 2.2072 2.5204 2.218 2.7652 2.9128 3.3628 3.3376 2.8336 2.3764 2.3548 2.5816 2.4304 2.3836 1.7604 2.1568 2.4916 2.1316 2.596 2.3692 1.7172 1.782 2.5888 2.578 2.722 3.1792 1.6596 2.1748 1.6344 2.2036 2.1532 0 0 0 0 0 2.632 3.1324 3.082 3.0712 3.46 2.9524 3.1972 2.5996 0 0 0 0 2.2792 2.9992 3.2368 3.3016 0 0 0 0 0 1.28525 2.704 2.9884 1.5588 1.5516 3.1648 2.6536 0 0 0 0 0 0 0 0 0 0 0 0 0 0 0 0 0 0 0 0 0 0
-9999 0 0 0 0 0 0 0 2.1892 2.4196 2.6212 2.4196 3.4456 3.334 3.6688 3.1216 2.9632 2.5996 2.3944 1.764 2.5168 1.8 2.4952 2.3584 2.2864 2.1928 1.602 2.3872 2.3584 3.154 2.6356 2.146 2.4988 2.5528 2.5996 1.7784 0 0 0 2.1856 2.7076 2.9704 3.6652 3.5968 0 0 3.514 3.748 3.226 3.0424 2.6716 3.1864 0 0 0 0 0 0 0 2.4664 2.5492 4.288 0 0 0 1.854 2.4556 2.1568 2.1784 2.3692 0 0 0 0 0 0 0 0 0 0 0 0 0 0 0 0 0 0 0 0 0 0 0 0 0 0
-9999 0 0 0 0 0 0 0 1.7748 2.2756 1.8 2.3188 3.1 3.6148 3.622 3.766 3.3484 3.3916 3.0604 2.5096 1.6884 2.2828 2.1676 2.326 2.4124 1.7388 2.8228 2.2432 3.0712 3.3376 3.2296 2.7292 2.1784 2.3332 2.83 1.6668 1.8 1.7172 2.1424 2.8552 2.6284 3.01 3.3952 3.1108 3.4996 2.506 2.8696 3.5428 3.8128 2.9812 2.2432 3.0532 0 0 0 0 0 0 0 2.6608 3.4096 3.9028 0 1.98525 3.49775 3.1432 3.388 3.226 3.1576 2.9956 0 0 0 0 0 0 0 0 0 0 0 0 0 0 0 0 0 0 0 0 0 0 0 0 0 0
-9999 2.2108 0 0 3.3124 0 0 0 0 1.656 2.2396 2.9848 2.9416 0 0 3.7048 3.3952 2.8012 2.9272 0 2.164 2.1856 2.2648 2.4556 2.1676 2.3008 2.1532 2.1964 3.2044 3.4168 3.4528 3.1828 2.47 2.2576 2.1316 1.71 2.3044 2.1424 2.1892 1.6668 2.4592 3.7768 3.0028 2.956 3.0964 2.4052 2.5708 2.7292 3.712 3.4096 3.136 0 0 0 0 0 0 0 3.11875 1.78525 3.18525 3.589601 3.1828 4.0252 4.158401 3.5032 3.3196 3.3088 3.2548 3.0424 0 0 0 0 0 0 0 0 0 0 0 0 0 0 0 0 0 0 0 0 0 0 0 0 0 0
-9999 0 2.1748 1.7352 0 0 0 0 0 0 2.5168 2.3224 2.6968 0 0 0 0 0 0 0 0 0 2.3368 2.38 2.2576 2.4412 2.4268 2.7976 3.0568 3.0604 3.082 3.1432 3.0892 2.3404 2.1676 2.2792 2.236 2.3404 2.2468 1.7424 1.7064 3.1756 3.2404 3.3232 1.7856 2.1892 3.0964 3.244 2.7832 0 0 0 0 0 0 0 1.08525 1.729 4.2808 3.5392 3.802 3.9856 3.478 3.6148 3.0784 3.1396 3.0388 2.8012 2.578 2.956 2.902 0 0 0 0 0 0 0 0 0 0 0 0 0 0 0 0 0 0 0 0 0 0 0 0 0
-9999 2.2144 2.2792 1.7676 2.2576 0 0 0 0 0 2.668 2.4916 2.8084 0 0 0 0 0 0 0 0 0 1.7892 2.1748 2.4196 0 2.4268 3.0928 2.9236 2.9056 2.8192 3.1504 3.3772 1.7892 2.1316 2.146 2.3044 2.1712 2.3332 2.1424 2.218 3.19 3.2368 2.2324 2.2504 2.6212 2.6536 2.3152 2.8768 0 0 0 0 0 0 1.99775 1.904 3.0352 3.7768 3.2944 3.424 2.9848 2.5528 2.65 2.488 2.38 2.3368 2.7652 2.8336 3.1144 3.3232 2.92 2.6572 0 0 0 0 0 0 0 0 0 0 0 0 0 0 0 0 0 0 0 0 0 0 0
-9999 2.2828 1.7028 1.6704 2.2792 2.326 2.6212 2.1856 0 0 0 0 0 0 0 0 0 0 0 0 0 2.2432 0 0 2.4124 2.7184 2.4412 2.9488 3.0208 3.0532 3.2296 3.5572 3.4132 2.4016 1.7532 2.2576 1.7424 2.2864 2.2144 2.2504 2.7796 3.0388 2.4448 2.4232 2.4772 2.2864 2.3656 0 2.4664 3.4384 3.0964 3.3664 2.98525 4.12275 2.18525 3.19 2.5384 2.3656 2.65 3.575201 3.0172 2.3404 2.2324 2.8012 2.3692 2.3296 2.1568 2.4268 2.5852 2.5744 3.1072 3.2116 2.9704 0 0 0 0 0 0 0 0 0 0 0 0 0 0 0 0 0 0 0 0 0 0 0
-9999 1.7964 0 0 2.1604 0 2.1604 2.2324 0 0 0 0 0 0 0 2.4088 2.398 2.3008 0 0 0 0 0 1.7928 2.4304 2.74 2.7724 2.9272 2.9704 2.4376 2.578 1.6848 3.046 0 0 0 2.3692 0 0 2.5564 2.614 2.7184 2.65 3.406 2.3872 2.3548 0 0 2.7364 3.0604 2.884 3.028 3.8665 3.1108 2.6824 1.6848 2.2288 2.3728 2.8264 4.1512 2.5708 2.5564 2.956 2.776 2.8624 2.3584 2.8084 2.2252 2.5312 2.2648 2.4412 3.046 2.8984 0 0 2.6284 0 0 0 0 0 0 0 0 0 0 0 0 0 0 0 0 0 0 0 0
-9999 2.3548 2.326 2.65 2.668 2.5132 1.7352 0 0 0 0 0 0 0 0 2.29 0 0 0 0 0 0 0 0 2.6212 2.5852 2.578 2.3656 2.4484 2.4304 0 0 2.452 2.4412 2.3656 2.6716 2.2612 2.4664 2.8336 0 0 2.4268 2.6608 3.082 0 0 0 4.6156 3.5392 3.589601 3.1756 4.432 4.91025 2.4844 2.8912 2.4016 2.1532 1.782 2.542 2.7148 2.3908 3.0352 3.406 3.1684 2.5384 2.5888 2.7796 2.2792 2.2792 2.3188 2.4484 3.1684 2.8624 2.8336 2.8012 2.4844 2.8084 0 0 0 0 0 0 0 0 0 0 0 0 0 0 0 0 0 0 0
-9999 2.5384 2.4304 2.56 2.668 0 2.5528 0 0 0 0 0 0 0 0 0 0 0 0 0 0 0 2.218 2.8336 2.7796 2.9668 2.9632 2.7976 2.6752 2.6536 0 2.9704 3.3268 2.6716 2.2756 2.8588 2.8012 2.47 2.6428 2.5096 2.7832 2.578 2.7184 2.9164 2.4016 3.0748 3.568 4.5868 5.105201 2.8048 3.208 5.354 2.979 3.0172 2.6284 2.254 2.2216 1.6092 2.5204 2.5168 2.722 2.8876 2.9272 3.5572 2.7076 3.316 3.3772 3.352 3.2152 3.2044 2.5852 3.0784 3.3376 2.9452 2.8192 2.488 3.0496 0 0 0 0 0 0 0 0 0 0 0 0 0 0 0 0 0 0 0
-9999 2.1928 2.5348 2.4376 2.5888 2.1928 0 0 0 0 2.1532 0 0 0 0 0 0 0 0 2.1532 2.2468 1.7028 0 2.2144 0 0 3.028 3.2368 0 0 0 0 2.3728 2.596 2.2936 2.5168 2.992 2.7292 2.812 2.6752 2.8624 2.578 2.7616 3.208 2.8588 3.226 4.2628 4.8244 3.6364 2.56 3.3988 2.73525 2.13525 3.0604 3.1972 3.2476 3.0028 1.7532 2.2 2.452 2.2648 2.7292 2.9092 3.0532 2.5672 2.8444 2.8732 3.1036 2.9416 1.6848 2.668 2.9848 3.0604 2.9848 2.1568 2.38 2.8408 0 0 0 0 0 0 0 0 0 0 0 0 0 0 0 0 0 0 0
-9999 1.7028 0 0 2.5168 1.7064 2.1676 2.3728 1.728 2.2432 2.2108 2.308 0 0 0 0 0 0 0 0 0 0 0 0 2.3008 2.524 2.7436 3.298 4.0288 3.1288 2.2864 2.1676 2.1424 2.1388 1.7208 2.4016 2.8012 2.9884 3.1 2.8012 3.0856 2.524 2.578 3.0244 3.2908 2.8768 2.7868 3.1072 3.01 2.65 3.4024 2.704 3.244 2.47 2.146 3.0064 2.7328 1.5804 2.1568 2.4844 3.2368 2.5888 2.7616 3.298 3.5428 3.352 3.7804 2.6644 2.9164 2.1676 2.5276 2.992 2.5888 2.6896 2.3152 2.362 0 0 0 0 0 0 0 0 0 0 0 0 0 0 0 0 0 0 0 0
-9999 2.2936 0 2.3728 2.2108 1.7316 2.236 1.7964 0 0 2.632 2.3584 2.29 2.3296 2.2216 0 0 0 0 0 2.7796 2.3224 2.2216 2.308 2.506 2.9272 2.9596 3.4852 3.8164 3.82 1.7748 2.1568 1.764 1.6848 1.728 2.4592 2.3872 2.9308 3.0532 3.244 2.6752 2.542 2.5816 3.0244 2.8084 3.2836 2.6932 2.7652 2.7076 2.2108 4.5415 3.1504 3.6112 3.2008 2.9668 2.4736 1.7784 2.1568 2.4844 2.3548 2.704 2.2252 2.74 2.7004 2.7652 2.6968 2.5168 3.3628 2.6428 2.164 2.3332 2.2972 2.992 2.5168 2.3152 2.3728 2.542 0 0 0 0 0 0 0 0 0 0 0 0 0 0 0 0 0 0 0
-9999 -9999 -9999 2.2108 1.7208 2.1784 1.6344 2.3224 0 1.7928 2.362 2.1496 0 2.254 2.182 2.2108 2.5636 2.6536 2.5312 2.2072 2.6536 2.4664 2.5168 2.4628 2.29 2.308 3.2872 3.2152 3.6904 3.7948 1.7856 2.1532 2.1784 1.6236 2.1856 2.6068 2.8768 2.9704 3.1972 3.2476 2.632 2.488 2.6392 2.5996 2.3044 3.01 2.7544 2.578 2.2396 2.3165 3.9568 3.1576 1.7316 1.7712 2.704 1.6956 1.5732 1.7676 2.1928 2.2828 2.398 2.3368 1.6848 2.2576 2.1964 2.362 2.8984 2.5204 1.638 1.6524 1.6992 2.4052 2.488 2.4268 2.2288 2.488 2.7004 2.812 0 0 0 0 2.3044 2.2828 2.2144 0 0 0 0 0 0 0 0 0 0 0
-9999 -9999 -9999 0 0 2.3728 2.1316 2.1748 1.6848 2.146 2.2432 2.2324 2.4124 1.7928 1.7676 1.656 1.6812 2.236 2.8408 1.7964 2.3404 2.4736 2.7112 2.7184 2.9128 2.5204 2.4232 2.6032 3.4564 2.3368 1.6344 2.6536 2.5276 1.7352 2.4448 2.7544 4.7092 3.9244 4.4032 3.3808 2.3332 2.3944 2.65 2.632 2.3728 0 0 0 2.3008 1.32275 2.146 2.1784 1.782 1.7172 2.4772 2.5312 2.6968 2.3368 2.6608 2.4448 2.5348 2.632 2.416 1.7748 1.5912 2.3584 2.6716 0 2.3476 1.5624 1.638 1.7676 2.29 2.2036 2.7472 2.6068 2.4664 2.5096 0 0 0 3.064 3.0064 3.0208 3.172 0 0 0 0 0 0 0 0 0 0 0
-9999 -9999 -9999 0 1.7316 2.2756 2.38 2.1676 2.146 1.782 2.1676 2.1748 2.3584 2.4736 1.8 2.1748 1.7604 1.7496 2.452 2.4664 2.2432 2.3872 2.8696 2.9488 2.7472 1.692 1.8 2.758 2.4628 1.6668 2.2252 2.4448 2.1568 2.2324 2.5024 2.5348 3.3628 2.8372 2.5636 1.7352 1.7676 1.7244 2.2936 2.2072 2.1532 0 0 0 2.3548 2.69775 2.5888 1.7928 2.1388 2.1784 1.7028 1.7532 1.7892 3.0964 3.1324 2.4988 2.3656 2.83 2.6248 1.7208 1.7244 1.7748 2.218 0 0 2.7472 1.6596 2.2612 2.3116 2.3296 2.7976 2.9488 2.65 2.5924 2.7976 3.118 2.8948 2.8732 2.7508 2.668 2.7796 0 0 0 0 0 0 0 0 0 0 0
-9999 -9999 -9999 -9999 -9999 2.1676 2.2504 1.7604 1.7352 2.5492 2.4124 2.398 2.2504 2.2648 2.3008 2.3188 2.2144 2.236 1.674 1.7172 2.164 1.7964 2.578 2.812 2.398 1.728 1.674 1.7964 2.1316 2.1568 2.848 2.6824 2.3872 1.6848 2.4124 2.2108 3.5644 3.5932 2.4628 1.6848 1.6812 1.6524 1.7928 2.362 2.4628 2.1928 0 3.2404 4.19775 1.979 1.692 2.2252 2.1856 2.4952 1.7604 1.7424 1.7316 3.2764 3.4564 2.6248 2.3224 2.6356 3.3232 2.1856 1.7532 1.7424 2.236 2.2792 0 1.6056 1.5984 2.1892 2.2684 2.5852 2.7724 2.9272 2.9308 2.8084 2.8192 2.8804 2.6572 2.2288 1.7928 1.8 2.2792 0 0 0 0 0 0 0 0 0 0 0
-9999 -9999 -9999 -9999 -9999 0 2.434 2.4088 0 2.6572 2.1568 1.7352 2.254 2.3296 2.4916 2.4448 2.434 2.4808 2.3476 1.674 1.764 2.3044 2.3908 1.7424 1.5876 1.7172 1.5804 1.6272 1.512 2.1316 2.7004 2.7364 1.6848 2.3368 2.4916 2.2468 2.5492 2.56 2.2468 1.6416 1.728 1.7784 2.1856 2.4736 2.9812 1.7892 0 0 6.08525 1.38525 2.06025 2.0165 2.218 2.8264 2.4484 2.182 2.1784 3.316 3.2152 2.7076 2.7724 2.4124 2.3728 2.2504 1.7532 2.1352 2.1424 2.2972 1.7244 1.746 1.6668 1.7388 2.2612 2.578 2.884 2.884 2.8372 2.596 2.506 2.3692 2.3944 2.3368 1.6632 2.2576 2.2864 0 0 0 0 0 0 0 0 1.44775 1.554 0
-9999 -9999 -9999 -9999 -9999 -9999 -9999 -9999 0 2.2468 1.7424 2.2684 1.6812 2.2108 2.3872 2.308 1.7496 0 2.1856 1.692 1.6416 2.3152 2.3872 2.2864 2.2864 1.6092 1.7028 1.5336 1.7028 2.812 2.4628 2.29 1.6632 2.614 2.344 1.6524 1.6848 2.1568 2.1748 2.2288 1.7244 2.164 1.7208 2.4592 2.4664 2.7436 4.02275 3.754 3.55 2.2684 2.8732 1.979 3.7156 2.6932 2.3116 2.4664 2.4772 2.812 3.1756 3.5392 2.7976 2.3476 2.4916 2.4412 2.2324 2.1856 1.6308 1.6956 1.6416 1.512 1.5948 1.5588 2.2648 2.452 2.3764 1.7604 2.3008 1.7892 2.2936 2.2432 2.3296 2.4988 2.3584 2.8516 2.2756 0 0 0 0 0 0 2.23525 1.1165 0 0 0
-9999 -9999 -9999 -9999 -9999 -9999 -9999 -9999 0 0 1.71 2.2756 2.3224 2.362 2.1496 2.3836 0 0 0 0 2.362 1.7028 1.7748 2.1928 2.2684 1.5048 1.7568 1.5696 1.746 1.7172 1.6416 2.2324 1.674 2.452 2.2864 0 1.5948 1.638 2.2432 1.674 1.7424 1.6416 1.7604 2.38 2.7915 4.1915 2.8516 2.2648 2.1352 2.5996 3.3916 2.154 2.604 2.6104 2.5312 2.4988 2.4844 3.6292 3.8128 3.8848 2.398 2.47 2.5204 2.5276 2.1856 1.764 1.5552 1.5804 1.5264 1.5912 1.584 1.6956 2.4844 2.3836 1.5876 2.1532 2.1676 1.7136 2.2072 3.0028 2.6032 2.1316 2.614 2.5348 2.6644 0 0 0 0 0 1.904 1.08525 0 0 0 0
-9999 -9999 -9999 -9999 -9999 -9999 -9999 -9999 -9999 -9999 -9999 -9999 -9999 -9999 1.6452 2.2468 1.6128 -9999 -9999 0 1.7028 2.2972 1.6812 1.584 2.1316 1.6128 1.6596 1.6092 2.2684 2.3044 1.6812 1.7568 1.7892 2.4916 2.308 0 1.7568 1.6956 2.3044 1.7892 1.7028 2.2972 2.272 1.68525 2.84775 2.452 1.5696 1.6236 1.5192 2.1388 2.9416 3.7665 2.46025 3.1432 2.4124 1.674 2.7004 3.6544 3.532 3.568 2.38 2.3836 2.6572 2.3728 2.6428 1.7784 1.6128 1.6344 1.7496 1.6092 1.7028 2.2036 1.764 1.7028 1.7532 2.4304 1.7244 2.2936 3.2872 3.0244 2.4304 2.3764 2.47 1.6488 2.5564 0 0 0 0 0 2.1892 1.7028 0 0 0 0
-9999 -9999 -9999 -9999 -9999 -9999 -9999 -9999 -9999 -9999 -9999 -9999 -9999 -9999 0 1.6812 1.692 -9999 -9999 0 0 0 0 0 0 0 2.3728 1.6524 1.8 1.7748 1.7388 2.1568 2.146 2.3836 2.254 2.272 2.1748 2.218 1.7244 1.728 1.7856 2.2396 2.2324 3.6415 2.5024 1.728 1.5948 2.4088 1.6668 1.7424 2.2324 4.12275 4.4644 2.9668 2.29 1.548 2.4232 3.0424 3.4636 2.9488 2.3296 2.2504 2.6464 2.7148 2.704 2.1352 1.6236 1.5372 1.764 2.7832 2.254 2.7724 3.4132 2.29 1.71 2.1352 1.7352 2.218 2.236 1.7784 2.1532 1.7964 2.4952 2.4232 0 0 0 0 0 0 1.548 1.8 0 0 0 0
-9999 -9999 -9999 -9999 -9999 -9999 -9999 -9999 -9999 -9999 -9999 -9999 -9999 -9999 -9999 -9999 -9999 -9999 -9999 -9999 -9999 -9999 -9999 -9999 -9999 -9999 1.6596 1.8 1.512 1.5372 1.5012 2.1424 2.3152 2.1748 1.7136 2.164 2.6716 2.5564 1.5192 2.2828 2.2792 2.179 3.29775 3.0352 1.7784 1.602 2.4232 0 0 0 0 4.81 2.4988 2.3368 2.5276 1.7172 1.782 2.4052 2.5348 2.776 2.3584 2.236 2.4556 2.398 2.3584 2.2576 1.7748 1.53 1.7388 2.3728 2.8588 3.1864 3.1612 1.7604 1.7064 2.218 2.5672 2.254 2.2504 4.2844 1.6272 2.542 2.866 2.1712 0 0 0 0 0 2.1568 2.416 1.5948 0 0 0 0
-9999 -9999 -9999 -9999 -9999 -9999 -9999 -9999 -9999 -9999 -9999 -9999 -9999 -9999 -9999 -9999 -9999 -9999 -9999 -9999 -9999 -9999 -9999 -9999 -9999 -9999 1.7388 1.7496 1.7604 1.6236 1.7172 1.7568 2.9668 2.5672 2.182 2.6284 2.5636 2.5852 1.7316 2.38 2.5816 3.0352 2.4844 2.2864 2.758 3.0676 3.01 2.4124 2.542 0 0 2.8048 1.6452 2.344 1.7064 1.7928 1.6488 1.7172 2.5564 3.082 2.4376 2.2792 2.3008 2.4088 2.3584 1.7892 1.5624 1.6452 1.5444 1.566 2.6248 3.1648 1.746 1.6632 1.7856 2.38 1.7496 2.29 2.9344 2.4376 2.1748 2.5492 1.7856 0 0 0 0 0 0 1.6272 2.4376 1.6344 2.3872 0 2.776 0
-9999 -9999 -9999 -9999 -9999 -9999 -9999 -9999 -9999 -9999 -9999 -9999 -9999 -9999 -9999 -9999 -9999 -9999 -9999 -9999 -9999 -9999 -9999 -9999 -9999 -9999 2.2216 1.4904 1.5084 1.692 2.2108 2.2144 2.596 2.4268 2.3764 2.5672 1.7208 2.2576 2.4988 1.7352 2.236 2.4304 2.8084 3.0352 3.2656 2.9848 1.7784 2.866 2.4556 2.8372 3.7084 1.7244 1.7136 1.62 1.6452 2.2936 2.1676 1.5516 1.7172 2.5816 2.7796 2.5636 1.7928 1.764 2.2144 2.2864 2.1388 1.5408 1.5156 2.1388 1.7892 2.164 2.506 2.272 2.1892 2.3512 3.0856 2.2396 3.0964 3.1792 3.316 2.1388 1.7172 0 0 0 0 0 0 2.3404 2.1712 1.6236 2.8876 2.7724 2.5276 2.524
-9999 -9999 -9999 -9999 -9999 -9999 -9999 -9999 -9999 -9999 -9999 -9999 -9999 -9999 -9999 -9999 -9999 -9999 -9999 -9999 -9999 -9999 -9999 -9999 -9999 -9999 -9999 -9999 1.5012 1.4148 1.7496 2.1496 2.182 3.46 2.9524 2.7076 1.6164 2.6716 2.8048 2.8732 2.7796 2.8444 3.5536 3.082 3.0568 2.866 2.9416 2.8048 2.3764 3.3988 2.5204 1.494 1.6776 1.5516 2.2108 1.6704 1.71 2.1748 2.1712 2.3836 2.3692 2.812 1.728 1.5588 1.5444 1.5408 1.5372 1.4976 1.53 1.692 1.674 1.7928 2.1316 2.2144 1.6092 1.602 2.3656 2.4592 2.7112 2.6572 2.9308 2.3044 2.1316 0 0 0 0 0 2.4052 3.9712 3.1216 2.3404 2.7112 2.2828 2.4556 1.329
-9999 -9999 -9999 -9999 -9999 -9999 -9999 -9999 -9999 -9999 -9999 -9999 -9999 -9999 -9999 -9999 -9999 -9999 -9999 -9999 -9999 -9999 -9999 -9999 -9999 -9999 -9999 -9999 1.5984 1.6812 1.512 1.6776 2.4124 2.5348 2.8516 2.5924 2.6752 2.4412 2.7436 2.8948 2.7328 2.9524 3.1252 3.496 2.7652 3.046 2.3548 2.83 2.8768 3.28 2.9848 1.692 1.71 1.6956 2.218 1.6344 1.584 1.7604 1.7352 2.1424 2.146 2.5096 2.4556 2.4844 1.6344 0 0 1.656 1.7172 1.728 1.5948 1.5984 2.164 1.7064 1.6272 2.7472 2.3152 2.8588 2.2432 3.19 2.632 2.2864 2.2108 2.434 2.6788 0 0 0 1.5948 3.8344 3.589601 3.0208 2.9272 2.6248 2.2792 1.5415
-9999 -9999 -9999 -9999 -9999 -9999 -9999 -9999 -9999 -9999 -9999 -9999 -9999 -9999 -9999 -9999 -9999 -9999 -9999 -9999 -9999 -9999 -9999 -9999 -9999 -9999 -9999 -9999 -9999 -9999 1.602 1.7748 2.1892 2.3944 2.3836 1.6848 1.6848 2.2036 2.686 2.6428 2.6212 2.2864 3.1324 3.0604 2.8552 2.9344 2.9524 2.74 3.19 3.0784 2.2684 1.7208 1.7136 1.764 1.584 1.7604 1.6848 1.6992 1.656 2.3908 2.1388 1.638 1.7712 2.2072 1.7388 1.6524 1.7568 2.1784 1.6992 2.362 1.71 2.2108 1.6272 1.7496 2.9092 1.7352 3.0712 2.2972 2.344 2.3152 1.5912 1.7676 2.6752 2.4304 0 0 0 0 1.6092 3.3808 3.4024 2.812 2.8084 3.4312 2.704 2.93125
-9999 -9999 -9999 -9999 -9999 -9999 -9999 -9999 -9999 -9999 -9999 -9999 -9999 -9999 -9999 -9999 -9999 -9999 -9999 -9999 -9999 -9999 -9999 -9999 -9999 -9999 -9999 -9999 -9999 -9999 0 0 2.9848 2.2648 2.3512 3.118 2.9344 2.3944 2.4952 2.8696 2.5204 3.2764 1.7784 2.776 3.0064 3.082 2.7724 3.4564 3.8668 2.9776 2.7544 1.6452 2.4304 1.6416 1.71 2.2612 1.6956 2.2612 2.1424 1.7316 2.254 1.656 1.7784 1.6884 1.5192 1.5552 1.656 1.7712 2.1352 1.674 1.7604 1.674 1.6704 2.2432 2.7796 1.6272 2.164 1.7676 2.3044 2.398 3.55 1.5192 2.632 0 0 0 0 2.7472 3.2584 3.1684 3.334 2.9452 2.8696 3.442 3.0532 3.0784
-9999 -9999 -9999 -9999 -9999 -9999 -9999 -9999 -9999 -9999 -9999 -9999 -9999 -9999 -9999 -9999 -9999 -9999 -9999 -9999 -9999 -9999 -9999 -9999 -9999 -9999 -9999 -9999 -9999 -9999 0 1.62 2.38 2.5492 2.3944 3.064 2.2144 2.4232 2.5888 2.5924 2.5132 2.3044 2.8696 2.8696 2.1568 3.1108 3.0172 3.0676 2.9416 2.866 3.1576 1.7964 1.6956 1.6596 1.5948 1.8 2.1712 2.4304 2.2576 2.5852 2.1496 2.1928 0 0 1.5876 1.512 1.7028 1.7352 1.6848 2.1928 2.2504 2.3836 1.5912 2.2144 1.6668 2.5528 1.7064 1.7784 1.566 2.2468 1.7568 2.1532 2.6536 0 0 0 0 3.0388 2.6716 2.9128 3.136 2.9416 3.0388 2.9452 3.1324 2.9812
-9999 -9999 -9999 -9999 -9999 -9999 -9999 -9999 -9999 -9999 -9999 -9999 -9999 -9999 -9999 -9999 -9999 -9999 -9999 -9999 -9999 -9999 -9999 -9999 -9999 -9999 -9999 -9999 -9999 -9999 2.1496 2.902 2.4484 2.5708 2.434 2.9668 2.866 2.2144 2.2288 2.236 1.746 2.5888 2.524 2.6968 2.2072 2.2396 2.2792 2.596 2.7508 2.7616 2.1604 2.2288 1.5588 2.4664 2.3224 2.1496 2.1676 1.782 2.1496 2.4376 2.2792 2.2576 2.236 0 1.62 1.548 1.746 1.7388 2.1532 2.2252 2.1784 1.6884 3.2368 2.56 1.6992 2.5528 1.6524 1.6884 1.6956 2.1352 1.7676 2.1316 2.8264 0 0 3.586 2.9632 3.1612 2.7652 2.9992 3.1108 2.8768 2.9884 2.7976 2.9884 2.776
-9999 -9999 -9999 -9999 -9999 -9999 -9999 -9999 -9999 -9999 -9999 -9999 -9999 -9999 -9999 -9999 -9999 -9999 -9999 -9999 -9999 -9999 -9999 -9999 -9999 -9999 -9999 -9999 -9999 -9999 1.6776 1.6488 2.7004 2.3728 2.776 2.5744 2.3548 2.2324 2.7436 2.5348 2.3476 2.7112 3.0172 1.7748 2.2 2.1388 2.56 2.8912 2.2936 1.6992 1.6596 1.674 1.6416 1.6776 1.6416 2.2288 1.7748 1.5984 1.8 2.2144 2.4448 2.3764 2.3548 1.7892 1.62 1.5588 2.146 1.8 1.764 1.7208 1.6992 2.3296 2.704 2.6428 2.5888 2.1388 2.1856 1.6344 1.7712 1.7928 2.2432 2.182 2.6428 2.8732 3.1468 3.5212 3.7336 3.424 3.0172 3.1108 2.7652 2.5924 2.6212 2.5204 3.0568 2.7915
-9999 -9999 -9999 -9999 -9999 -9999 -9999 -9999 -9999 -9999 -9999 -9999 -9999 -9999 -9999 -9999 -9999 -9999 -9999 -9999 -9999 -9999 -9999 -9999 -9999 -9999 -9999 -9999 -9999 -9999 1.7316 2.7544 3.1936 2.3872 2.5636 3.0316 2.6716 2.6356 1.7316 1.6236 1.6416 1.6344 2.5096 2.29 3.082 2.3944 2.4844 1.7316 1.6848 2.47 2.1496 1.674 1.6776 1.5912 1.566 1.5696 2.1856 1.6056 1.674 2.3152 2.3008 1.7748 2.1316 1.656 1.6704 1.7208 1.6992 2.1784 1.5516 1.728 1.692 1.7316 1.7208 2.6572 1.71 1.7244 1.782 1.7712 1.7712 2.2036 2.326 2.1784 2.6464 2.974 2.9632 3.3556 3.5824 3.2008 3.1576 2.4304 2.3404 2.2612 2.2612 2.4772 3.0316 2.404
-9999 -9999 -9999 -9999 -9999 -9999 -9999 -9999 -9999 -9999 -9999 -9999 -9999 -9999 -9999 -9999 -9999 -9999 -9999 -9999 -9999 -9999 -9999 -9999 -9999 -9999 -9999 -9999 -9999 -9999 1.7208 2.1928 2.6464 2.2792 2.4952 2.4772 2.9308 2.5168 2.344 1.7424 1.6704 2.1352 1.6488 1.656 2.4412 2.7148 2.7256 2.3044 1.674 1.6128 1.6848 1.4832 1.6092 1.5084 3.1972 1.7856 2.1352 1.7208 1.602 1.6956 1.6488 1.6344 1.584 1.7352 1.6092 1.5336 1.5804 1.5804 1.8 2.416 2.5276 2.3584 2.6572 1.8 2.1496 2.3728 2.434 1.6092 1.7856 2.2828 1.6812 2.326 4.288 2.4016 2.4304 3.4492 3.622 3.2008 3.1792 2.1784 1.7748 1.7388 2.1388 2.524 2.7616 1.279
