data/ScottAndBurgan/Zona_60/cbh.asc
ncols 658
nrows 597
xllcorner 325692.38261041
yllcorner 4557715.6527613
cellsize 20
NODATA_value -9999
[rows 329 to 375 of 597, columns 96 to 191 of 658]
2.129 2.16025 0 0 0 0 0 0 0 0 0 0 0 0 0 1.7712 2.4412 2.3944 2.3188 2.6968 2.3512 2.2792 2.29 2.1316 1.7604 2.3188 1.4652 1.6596 1.6236 2.218 1.782 1.6488 2.1964 1.5768 2.9596 2.146 2.632 2.6752 2.5564 2.3296 2.3656 1.7424 0 0 1.7496 1.5156 2.1316 2.2756 0 0 0 2.5672 1.7856 1.6704 1.6848 2.4916 2.272 1.7136 2.2864 2.3116 3.0568 3.9316 0 0 0 0 0 0 0 2.704 3.1576 3.298 3.1072 2.8984 2.9236 3.3952 3.0352 2.7472 2.92 2.5996 2.452 2.4736 2.4412 2.4916 2.2504 1.5444 2.1352 1.62 2.2216 2.2612 2.218 2.1388 1.7172 2.3008 2.29 2.4016
3.0892 0 0 0 0 0 0 0 0 0 0 0 0 0 0 2.3692 2.5204 2.2288 1.7028 2.3728 2.4376 2.722 2.308 2.3512 2.2108 2.182 1.5876 1.512 1.6164 2.4196 1.7136 1.5048 1.4436 1.6956 2.2072 1.7136 1.494 1.5804 1.6704 2.1964 1.728 1.7856 1.746 2.3728 2.272 1.7172 1.6128 1.7784 2.5492 0 0 2.1604 1.6272 2.1496 2.3512 2.2468 1.7244 1.7388 0 2.4232 2.7076 2.6212 0 0 0 0 0 0 0 3.28 3.6868 3.6508 3.3808 2.974 2.7724 3.3772 2.4916 2.3908 2.3656 2.4484 2.2216 1.7568 2.3044 2.1568 1.6992 1.5156 1.4616 1.5552 2.2504 2.218 2.2324 1.7208 2.5168 0 2.4232 2.1712
2.9668 2.4376 0 0 0 0 0 0 0 0 0 0 0 0 2.4808 2.5312 2.5492 2.2936 2.218 2.1856 2.3296 2.6248 0 0 0 0 2.2216 1.6956 2.1928 1.5876 2.2324 1.6056 1.566 1.7064 2.1784 1.6812 1.5696 1.7892 1.7316 1.7352 1.7316 1.5228 2.1928 1.7964 1.7748 1.5156 1.6668 2.3008 1.6488 2.2864 2.4124 1.5552 1.7244 1.656 1.674 1.4652 1.6992 0 0 0 0 2.3188 0 0 0 0 0 0 0 4.0648 4.0828 3.6796 3.2404 3.136 2.8804 3.5104 2.3188 2.3368 2.2972 2.3512 2.5492 2.1856 1.7424 1.458 1.548 1.5804 1.6452 1.674 1.6992 1.6524 1.5156 1.494 2.146 1.7496 0 2.1676
2.5816 2.3404 0 0 0 0 3.0064 2.272 0 0 0 0 0 0 2.2432 2.1604 2.1712 2.2792 2.3512 2.254 2.1784 1.7352 2.182 2.3656 2.5564 2.7616 2.5708 2.6248 2.3944 2.4088 0 2.2144 1.6344 2.164 1.7316 2.1388 1.728 2.1712 1.674 1.7532 2.1568 1.674 1.7784 1.5912 1.4688 2.1568 1.5696 2.3332 1.7496 1.6704 1.6848 1.5372 2.1676 1.7532 1.5768 1.6416 1.7712 0 0 0 0 0 0 0 0 0 0 0 0 3.9496 4.0036 3.3376 3.3196 3.0928 2.8804 2.8048 2.4808 2.326 2.1604 2.2648 2.2216 2.6032 1.764 1.746 1.6956 0 1.7784 1.674 2.2216 1.6488 1.6488 1.6236 2.2 0 0 2.2432
2.3332 1.7388 0 0 0 0 3.046 2.9416 0 0 0 0 0 2.506 2.272 2.3548 2.1892 2.3476 2.47 2.2252 1.7928 2.272 1.7424 1.6236 1.7892 1.584 1.6884 1.746 2.2828 2.6572 0 0 1.7388 2.2504 1.5948 1.7748 2.3728 1.7316 0 0 1.6056 1.6704 1.6776 1.4832 2.2072 2.2288 2.4484 1.7496 2.1712 1.5228 1.7352 1.7712 1.5696 1.656 2.2324 2.3152 2.2612 2.4232 0 0 2.6176 2.5672 0 0 0 0 0 0 0 3.6976 3.55 3.6688 3.3664 3.37 2.9812 2.542 2.3656 2.2504 2.254 2.1388 2.4808 0 0 0 2.2504 1.7892 2.2252 2.1676 2.3404 0 0 0 0 0 0 0
2.3008 0 0 0 0 0 0 0 0 0 0 0 0 2.2864 2.1496 2.1712 1.6956 2.1712 3.118 2.1748 2.5132 2.2612 2.1316 1.7892 1.6956 1.7748 1.6992 2.2972 3.0928 2.3044 2.7724 0 0 2.2108 2.146 1.6452 1.6344 1.5372 1.4508 1.5156 1.4544 1.5408 1.53 1.5948 2.5852 1.5912 1.692 1.6488 2.2504 2.362 0 0 0 0 2.8156 0 2.29 0 0 3.3556 1.674 1.7892 2.776 0 0 0 0 0 0 3.532 3.4636 3.424 3.1252 3.2368 2.7256 0 0 1.7244 2.2324 2.146 2.38 2.5996 0 0 0 2.614 2.3044 2.3476 0 0 0 0 0 0 2.3692 2.848
3.6004 0 0 0 0 0 0 0 0 0 0 0 2.2648 1.7028 1.6884 2.146 1.548 2.2036 0 0 1.7136 1.7676 2.1748 0 0 2.29 2.3188 0 1.6416 2.5384 2.29 0 0 0 0 0 0 0 1.7532 1.6128 1.6056 1.5192 1.4436 1.3716 1.6236 1.7532 2.1748 2.2792 1.7496 0 0 0 0 2.6896 2.992 3.1972 0 2.632 2.4808 2.3332 2.4268 1.7928 2.4988 3.1288 0 0 0 0 0 0 0 0 2.9164 2.902 2.524 2.6536 3.1036 0 2.1676 0 2.2072 2.56 0 0 0 0 0 0 0 0 0 0 0 0 0 0
2.6356 0 0 0 0 0 0 0 3.6364 3.5248 0 0 2.4628 2.2792 1.7568 1.7712 1.6884 1.62 0 0 2.2036 2.3548 2.6068 0 2.4916 2.5168 2.3692 0 2.6752 0 2.722 2.4592 2.3548 0 2.6104 2.4052 2.8228 2.5636 2.2324 0 1.6704 1.6668 1.53 1.5768 1.602 1.5732 1.6956 0 2.2216 0 0 0 0 2.974 0 2.9704 2.1892 3.2188 2.938 2.3944 2.2504 2.4484 2.7004 3.2404 3.1468 3.6688 0 0 0 0 3.9028 2.776 2.6752 2.8912 2.2828 2.5564 1.602 2.2828 0 0 2.5528 0 0 0 0 0 0 0 0 0 0 0 0 0 0 0
1.7316 2.9236 0 0 0 0 0 0 2.8156 3.4528 3.766 0 0 0 0 2.9272 2.254 1.5012 0 0 2.4304 3.0676 2.6536 0 0 2.434 0 0 0 0 0 2.6284 2.578 2.7256 0 3.1 0 0 0 0 2.1604 1.5444 0 1.7316 2.1784 1.6596 1.6524 1.7532 2.3008 0 0 0 0 2.3836 2.8624 2.1496 2.2972 2.668 2.4268 2.5924 2.4124 2.8264 3.0496 2.7148 2.7112 3.8128 3.9424 3.2188 0 3.2728 3.3304 2.5528 2.5096 2.326 2.1784 2.506 2.65 0 0 0 2.2576 0 0 0 2.3944 0 0 0 0 0 0 0 0 0 0 0
0 2.2864 2.524 0 0 3.3016 0 2.9632 2.2216 2.956 0 0 0 0 0 0 2.2936 1.6524 1.656 0 2.2576 2.6104 0 0 0 0 0 0 0 0 0 2.6104 0 0 0 0 0 0 0 0 2.2756 1.7496 0 1.7388 1.7856 2.2396 1.512 1.7784 1.6092 0 0 0 0 2.1604 2.2576 0 2.5852 2.434 2.4448 2.8372 2.56 2.326 2.9524 2.56 3.2584 3.514 3.8236 3.514 3.0172 3.046 2.2756 2.2936 2.2648 2.1892 0 0 0 0 0 0 0 0 0 0 2.2036 0 0 0 0 0 0 0 0 0 0 0
0 0 2.8084 0 0 2.848 0 2.992 2.6788 0 0 0 0 0 0 0 0 2.362 1.6488 2.1532 2.308 0 0 0 3.2116 2.704 0 0 2.4952 2.362 2.5492 0 0 0 0 0 0 0 0 0 0 1.7532 0 2.398 2.2072 2.3152 2.1892 0 2.3764 1.6632 0 0 0 1.6488 1.62 0 0 2.4484 0 2.398 2.3692 2.3152 2.6896 2.272 2.8552 2.9776 3.2584 3.2296 2.9272 2.8768 2.542 0 0 0 0 0 0 0 0 0 0 0 0 0 2.2144 0 0 0 0 0 0 0 2.452 0 0 0
0 0 0 0 3.8416 3.0892 0 0 0 0 0 0 0 0 0 0 0 0 2.5528 2.3656 2.2612 0 0 2.344 2.6356 0 0 0 0 0 2.6032 2.9344 0 0 0 0 0 0 0 0 0 2.2828 0 2.5024 0 2.2504 0 0 0 0 1.7928 2.5672 1.5696 1.782 1.7784 2.5204 2.5924 2.6176 0 2.1712 2.254 2.7436 2.6356 2.5816 2.74 2.6392 2.7652 2.8444 2.9092 0 2.1316 0 0 0 0 0 0 0 0 0 0 0 0 1.7424 2.3512 0 0 0 0 0 0 0 0 0 0 0
2.5672 0 0 0 2.3656 0 0 0 0 0 0 0 0 0 0 0 0 2.6068 2.3584 2.4304 2.7868 0 2.6752 0 2.7724 2.4268 2.1784 2.1604 0 2.8732 2.2936 2.9992 2.3188 2.5744 0 0 0 0 0 0 0 0 0 0 2.236 2.2792 3.7444 2.8336 2.4088 0 2.1964 2.1892 1.7568 1.5192 2.1388 2.2288 2.6788 2.7976 2.3224 2.3404 2.6104 0 2.9164 2.8048 0 2.8912 0 3.01 2.6788 0 1.6488 0 0 0 0 0 0 0 0 0 0 0 0 2.3872 0 0 0 0 0 0 0 0 0 0 0 0
2.668 0 0 0 2.2936 0 0 0 0 0 0 0 0 0 0 0 0 2.3512 2.2396 2.7436 0 0 0 2.3584 2.3548 1.7316 0 2.47 0 2.6716 0 2.3152 2.7616 2.794 0 0 0 0 0 0 0 0 0 2.4124 2.6572 3.0532 3.7264 3.5572 0 0 0 2.3044 2.2504 2.2612 1.5264 1.6632 1.5804 2.2648 3.1936 2.4016 2.3224 2.3872 2.9524 0 3.1216 2.5348 2.6104 2.5384 2.6968 1.7712 1.6704 0 2.3044 0 0 0 0 0 0 0 0 0 2.362 2.2972 0 0 0 0 0 0 0 0 0 0 0 0
0 0 0 0 2.2792 0 0 0 2.7652 2.3008 0 0 0 0 0 0 0 2.524 2.5888 2.5024 0 0 0 0 2.506 2.3908 0 0 0 0 0 2.542 2.4016 3.1684 2.4124 2.65 2.866 2.1604 0 0 3.5176 0 0 2.7472 0 2.6212 2.6932 0 0 0 2.4088 2.452 1.6128 2.2072 1.7748 2.146 2.1568 1.7784 1.7388 1.7892 1.7496 2.2612 2.1748 0 2.5168 2.4988 2.7508 2.5996 2.29 1.6668 2.1352 0 2.2792 0 0 0 0 0 0 0 0 0 0 2.344 2.65 0 0 0 0 0 0 0 0 0 0 2.65
0 0 0 0 0 0 0 0 2.2504 0 0 0 0 0 0 0 0 3.0748 2.6824 2.47 2.5348 2.1496 0 0 0 0 0 0 0 0 0 0 3.2116 2.6968 0 0 0 0 0 0 3.1792 2.7328 2.8948 2.4808 2.7544 0 0 2.7796 0 0 0 0 0 2.1748 2.5636 2.182 1.4688 1.602 2.146 1.5372 1.7784 1.6308 2.2216 2.326 2.47 2.5708 1.764 1.5948 1.584 2.2108 2.3404 0 2.1784 2.2108 0 1.7568 1.7496 0 0 0 0 0 0 0 0 0 0 0 0 0 0 0 0 0 0 2.2432
0 0 0 0 0 0 0 0 0 0 0 0 0 0 0 0 0 0 2.47 2.4952 0 2.5204 1.6848 0 0 0 0 0 0 0 0 0 0 0 2.5888 0 0 0 0 0 2.4052 0 2.9236 2.2612 2.8804 2.8444 2.8516 2.6032 2.6104 0 0 3.1648 0 0 2.2684 2.1856 1.584 2.146 2.1496 1.566 1.6344 2.2 2.3548 2.2612 2.1604 2.146 1.53 1.53 1.7316 1.5804 1.7136 1.6956 1.7208 1.71 2.4772 1.6848 1.6056 0 0 0 0 2.236 0 0 2.4268 0 0 0 0 0 0 0 0 0 2.8804 0
0 2.2972 0 0 0 0 0 0 0 0 0 0 0 0 0 0 0 0 2.2216 2.2396 2.1604 2.1496 2.272 0 0 0 0 0 0 0 0 0 2.398 2.4664 2.7868 0 0 0 0 0 2.3728 2.3836 0 2.3476 1.7892 2.5132 2.5888 2.9668 2.7472 2.5672 2.9128 2.6536 0 0 0 2.1388 2.506 2.1964 1.7784 2.1532 1.7532 1.5876 1.5408 1.6452 1.7136 1.584 2.146 1.71 1.6596 2.2252 1.7928 2.1892 2.3296 2.488 0 0 1.5264 0 1.7316 0 1.8 0 0 0 0 0 0 0 0 0 0 0 0 2.866 0 0
0 2.182 2.4448 0 0 0 0 0 0 0 0 2.8912 2.9848 0 0 0 0 2.9056 2.3044 2.1784 0 2.2468 0 0 0 0 0 0 2.7148 0 0 0 0 0 0 0 0 0 0 0 0 2.2324 2.4952 2.4196 2.2324 2.2828 2.3728 3.1288 2.8192 2.9056 2.6788 0 0 0 0 0 2.3512 2.2648 2.4988 0 2.272 1.6632 2.2468 1.6128 1.692 2.1676 1.7676 2.1784 2.1352 1.7748 2.2072 1.7784 2.5276 2.3008 1.7784 0 0 0 0 2.182 0 0 0 0 0 0 0 0 0 0 0 0 2.7112 0 0 2.2288
0 2.1748 1.7676 2.164 0 0 0 0 0 0 0 0 2.8336 2.6464 2.1676 1.6956 2.3044 2.5636 0 0 0 0 0 0 0 0 0 2.3872 2.3908 0 0 0 0 0 1.7676 1.5804 2.2 1.7532 2.1928 0 0 0 0 2.2972 0 2.7004 3.298 2.7904 2.5924 0 0 0 0 0 0 0 0 2.398 2.2576 2.1496 0 2.254 2.3224 1.5876 2.182 1.6776 1.7208 0 2.2864 1.7784 1.746 1.6488 1.7136 1.7028 2.1856 0 2.182 2.3512 2.2648 0 0 0 0 0 0 0 0 0 0 0 0 0 0 3.6328 0 0
3.0316 2.3548 0 2.182 2.5636 0 0 0 0 2.4124 0 0 0 2.2612 2.2828 1.5336 1.7316 0 0 0 0 0 0 0 0 1.746 2.1928 1.6956 1.7748 0 0 0 0 0 2.2648 1.692 1.5984 1.6344 2.3332 0 0 0 0 0 0 2.5204 3.3772 2.9128 0 0 0 0 0 0 0 0 0 0 0 0 0 0 0 0 0 0 0 0 0 2.5636 2.2756 1.44 1.512 1.7856 1.7712 0 2.3728 2.1748 0 0 0 2.3476 0 2.308 0 0 2.3836 2.4736 2.7616 0 0 0 0 0 0 2.5168
0 2.2936 0 0 0 0 0 0 0 2.2324 2.3188 0 0 2.308 1.7388 1.728 0 0 0 1.7964 0 0 0 0 1.6776 2.254 2.1748 1.5804 0 0 0 0 0 2.4556 1.5984 2.1892 2.218 1.8 1.3104 0 0 0 0 0 0 2.6644 2.8192 0 0 2.8156 2.6968 2.434 2.8804 0 0 0 0 0 0 0 0 0 0 0 0 0 0 0 0 0 0 2.1604 2.1388 0 0 1.6452 1.764 2.1496 1.4472 0 0 2.1892 2.3224 2.2756 2.272 2.812 0 0 2.1748 0 0 0 2.6788 1.7352 1.6308 1.6596
0 0 0 0 2.776 0 0 0 0 0 0 0 2.7112 2.2756 1.6308 1.602 0 0 2.3548 2.2504 0 0 0 0 1.7064 1.6272 1.512 2.1532 1.6632 0 0 0 0 2.3584 1.7568 1.7136 2.182 0 0 0 0 0 0 0 0 3.6868 2.326 2.1748 3.4348 3.136 2.7796 2.3548 1.7748 1.6524 0 0 0 0 0 0 0 0 0 0 0 0 0 0 0 0 0 0 0 0 1.7604 1.728 1.4796 1.5804 0 0 1.6236 1.8 0 0 1.5228 2.4052 2.272 2.488 0 0 0 2.3872 2.56 3.3016 2.6068 2.3836
0 2.6428 3.7408 3.496 0 0 0 0 0 0 0 0 0 0 0 0 0 2.3656 2.1784 0 0 0 0 0 1.6704 1.6776 1.566 0 1.6308 0 0 0 0 0 0 1.5912 1.5516 0 0 0 0 0 0 0 0 0 2.3404 2.3332 0 2.5528 0 0 0 1.6452 0 0 0 0 0 0 0 0 0 0 0 0 0 0 2.866 0 0 0 0 2.4952 2.4808 1.566 1.602 0 0 1.746 1.746 2.1496 2.254 2.848 2.2252 2.1856 2.65 2.6392 2.416 0 0 0 2.974 0 0 2.1352
0 2.9776 0 0 0 0 0 0 0 0 0 0 0 0 0 0 1.728 2.6968 2.38 0 0 0 0 2.9704 2.3512 1.548 0 1.5948 2.398 0 0 0 2.4232 2.3332 0 2.2648 2.5204 1.7136 3.0424 0 0 0 0 0 0 0 0 0 0 0 0 0 0 0 0 0 0 0 0 2.8588 2.668 4.385201 0 0 3.2224 0 0 0 2.254 0 0 0 0 0 2.2612 2.6752 0 0 2.1568 2.3476 2.8696 3.352 2.8768 2.5996 2.8984 3.28 2.6932 3.1216 3.7336 2.9524 0 0 0 0 0 2.5744
2.3224 0 0 0 0 0 0 0 0 0 0 0 3.9928 3.3232 2.9596 0 1.7712 2.254 2.1748 0 0 0 2.668 2.8768 2.2252 2.1316 0 2.1712 2.218 0 0 0 2.542 2.164 2.344 2.5096 2.9632 3.3088 0 0 2.2432 3.3124 2.7544 2.8336 3.082 0 0 0 0 0 0 0 0 0 0 2.992 2.6932 2.4736 2.4808 2.7472 3.4384 0 0 0 0 0 0 0 0 0 0 2.2 0 0 2.7904 1.4904 0 0 2.8192 2.668 2.7904 2.8156 1.584 3.0964 1.7532 3.0064 3.3484 3.136 2.578 2.7184 2.596 0 0 0 0 0
2.452 0 0 0 0 0 0 0 0 0 0 0 3.7156 3.4852 2.4484 0 0 2.1748 0 0 0 2.2648 2.4988 2.1928 2.1712 1.7712 1.6488 1.656 2.1316 1.764 2.56 2.4844 2.8552 2.6572 2.3728 2.3404 2.2828 0 2.146 0 2.3224 2.4592 2.8732 2.5528 2.7184 0 0 0 0 0 0 0 0 0 3.0676 3.6112 3.2764 3.154 3.1072 3.1756 0 0 2.5672 0 0 0 2.3008 3.5176 0 2.5276 0 2.3656 1.7712 2.164 1.7856 2.596 0 3.3484 3.0748 2.6464 2.3332 1.512 1.5264 1.602 1.5876 3.2692 2.8012 3.0136 2.6788 2.506 0 0 0 0 4.1548 4.5256
2.4088 2.3224 0 0 0 0 0 0 0 0 0 0 0 2.8696 2.1388 0 0 0 2.1424 2.3404 2.6104 2.2576 2.2144 1.6812 1.5516 1.5696 1.4292 1.512 1.548 2.182 2.5816 2.6248 2.9632 3.1576 2.5744 2.3656 2.29 0 0 0 0 2.2144 2.83 3.3124 0 3.2764 0 0 0 0 0 0 0 0 4.172801 4.198 4.0216 3.3304 3.694 4.3492 0 0 2.956 2.6968 0 3.0388 0 3.0532 2.5384 0 0 0 2.3692 2.3008 3.2008 3.0604 3.0064 0 0 2.3548 1.53 1.6092 2.1856 2.1856 3.55 3.4132 2.9092 2.1892 1.6416 2.1316 2.236 0 0 0 0 4.5724
1.7352 2.5024 2.2576 2.3584 0 0 0 2.7292 0 0 0 0 2.9776 0 0 0 0 0 2.7724 2.29 2.1676 1.7172 1.4976 1.5336 1.638 1.6488 1.62 1.5912 1.5516 1.7784 2.4664 2.6392 2.632 2.3332 2.2828 3.0244 2.6248 0 2.1496 0 0 0 0 3.9064 3.8524 2.9452 0 0 0 0 0 0 3.2116 3.2512 2.7724 3.9316 3.9928 3.4636 3.6004 3.6436 0 0 0 0 0 0 2.38 2.3368 0 0 0 0 2.5312 2.4304 3.496 3.1864 2.7616 0 0 0 2.9848 3.0604 2.7148 1.746 2.1604 3.1576 1.7784 1.7424 1.7496 1.7676 2.1568 0 0 0 0 0
2.4088 0 2.164 2.2684 1.7964 2.3116 2.5528 3.0784 3.5284 4 0 0 2.308 0 2.7328 2.3872 2.182 2.3944 0 2.3368 1.7964 1.638 1.4724 1.5732 1.6452 1.6452 2.1712 2.4484 2.1316 1.7748 2.2612 2.5096 2.38 1.6668 1.7244 3.0388 2.4052 0 0 2.7292 0 2.9416 2.9524 2.956 0 2.6644 2.8516 0 0 0 0 0 3.208 0 0 0 3.5428 0 0 0 3.9928 0 0 0 0 0 0 2.7004 2.5168 3.7948 2.6464 2.7616 2.92 3.3448 2.7832 0 0 0 0 1.7388 1.6848 2.4088 0 1.4112 1.476 1.6488 1.584 1.7064 1.6632 1.7964 1.7316 2.2936 0 0 0 0
1.746 0 0 1.7424 1.7784 1.7352 2.4664 3.3448 3.1972 3.888401 0 0 2.7256 2.6284 2.5276 0 0 0 0 0 2.416 1.6452 1.6596 1.7748 1.7388 1.7208 2.3836 1.728 1.7028 1.6236 1.7748 2.4988 2.4556 2.1892 1.5408 2.3296 0 0 0 0 2.9416 2.6464 2.3836 0 0 0 3.262 0 0 2.326 3.2044 3.1576 3.0676 3.7912 0 0 3.2368 2.9308 2.7436 0 0 0 0 0 2.3404 0 2.4016 0 0 0 0 2.3944 2.7868 2.8444 2.8696 0 0 0 0 1.746 1.6272 3.694 0 0 0 1.5408 1.5876 1.6272 1.6488 1.5696 1.7856 2.1964 0 0 0 2.5636
0 0 0 0 0 0 0 0 2.7508 2.866 0 0 0 0 0 0 0 2.5816 0 2.3188 2.2144 1.7928 1.6884 1.7784 1.7136 2.4232 2.2972 2.884 2.146 1.7352 2.8732 2.7004 2.5348 1.6848 1.53 1.4328 1.5984 0 0 0 2.3152 0 0 0 0 0 0 0 0 3.1972 2.9812 3.0352 3.3088 3.0244 0 0 3.0496 2.8048 2.7148 3.352 3.1324 3.8236 0 0 0 2.6392 2.632 0 3.1864 2.2612 2.938 4.2556 3.1036 2.9632 3.226 0 0 0 1.6416 2.1964 0 0 0 0 0 1.6416 1.602 2.326 2.3692 2.1352 1.728 1.7208 0 2.38 0 0
0 0 0 0 0 0 0 0 2.92 3.2764 1.7208 0 0 0 3.9748 2.7904 3.3772 3.0928 2.542 2.29 2.1892 1.7316 2.4268 2.164 2.272 0 2.3944 2.1748 1.7028 1.656 2.182 2.3584 2.542 1.7748 1.6992 1.5876 1.5768 1.6452 1.6524 1.638 0 0 0 0 0 0 0 0 0 3.2764 2.8048 3.5356 3.2332 3.8308 0 0 0 2.9704 3.838 3.8776 4.18 3.8236 0 0 0 0 2.5348 2.362 2.4196 2.164 2.434 3.946 2.5312 2.3728 2.686 0 0 0 0 2.308 0 0 0 0 0 2.4052 1.7676 2.3728 2.1784 2.3656 2.6284 2.1496 2.1964 2.8516 0 0
1.7496 0 0 0 0 0 2.488 2.4052 0 0 2.2108 2.1568 0 0 0 0 2.8516 2.7472 2.6104 2.5204 2.1424 2.2324 2.1568 3.0064 3.3808 0 0 0 2.1568 2.416 2.2108 2.4736 2.506 2.398 1.7712 1.5876 2.2504 2.4736 2.9416 3.136 3.658 0 0 0 0 0 0 0 0 2.4952 2.7868 3.5392 3.3916 3.0532 0 0 0 0 3.6328 3.7912 3.7588 3.9208 0 0 0 2.3836 0 2.3404 2.2612 2.3836 2.4952 2.3044 2.6896 4.0756 0 4.018 3.5068 2.2936 0 0 0 0 0 0 0 0 1.782 0 2.2756 1.728 2.2252 2.2216 0 0 0 0
2.38 1.656 0 0 2.4808 2.9884 2.9488 2.8012 2.7076 0 0 2.5672 0 0 0 0 2.7688 2.6572 3.0352 2.3764 2.5744 2.2108 2.9812 3.6976 3.298 0 0 0 2.5456 2.1892 2.4376 3.2404 2.3404 2.992 2.5564 2.6608 2.1532 1.7028 1.7244 3.1324 0 0 0 0 0 0 0 0 0 0 2.578 3.226 2.974 2.6392 0 0 0 0 3.5464 3.856 3.8956 3.874001 3.9568 0 0 2.8156 2.866 2.6824 2.632 2.884 2.7112 2.3908 2.3584 0 0 3.478 3.784 0 0 0 2.2648 0 1.7424 0 0 2.1712 0 2.272 2.236 2.2792 2.2252 0 2.236 0 2.5276 2.5276
3.082 0 0 2.344 2.1856 2.4736 2.9056 2.8084 3.0928 0 0 0 0 0 0 0 0 2.1928 2.7184 2.3368 2.5132 2.3944 2.4016 2.5384 3.118 0 0 0 2.5816 2.3692 1.746 4.09 0 2.8732 3.3952 3.7012 3.575201 2.8192 1.656 2.3296 0 0 0 0 0 0 0 0 0 0 0 0 0 0 0 0 0 0 0 3.9064 4.0612 3.8992 3.55 3.9964 0 3.1288 3.082 2.7688 2.4268 2.8552 2.524 2.8084 2.3908 2.272 2.2828 2.8336 2.3512 0 0 2.4124 0 0 1.7784 1.62 1.6236 1.6632 2.164 2.1352 2.3044 2.686 2.38 1.7208 2.3476 2.7112 1.6632 1.62
0 0 0 2.6212 2.6428 2.6176 2.5888 3.0928 0 0 0 0 0 0 0 0 0 0 2.2756 2.1712 3.1612 2.308 2.83 3.2224 2.6248 2.9416 0 0 2.6896 1.7676 2.7616 2.5528 0 3.0424 3.4924 3.0388 3.5392 3.2188 2.2504 2.2936 2.7796 0 2.7832 1.8 1.764 0 0 0 0 0 0 0 0 0 0 0 0 0 0 3.9208 0 3.604001 3.6364 0 0 3.4528 3.0496 3.305201 2.5528 2.7796 3.316 2.7544 2.4088 1.6884 0 0 2.3584 0 2.3296 2.1856 0 1.7568 1.5804 1.764 1.512 1.602 2.1856 1.6596 2.2468 1.602 1.6164 2.3008 1.7316 1.6848 1.7028 1.386
0 2.4088 2.3116 3.1396 3.2152 2.758 0 0 0 0 0 0 0 0 0 0 0 0 0 0 2.4736 2.4664 3.0712 2.7652 2.956 3.1324 0 0 3.2548 2.2684 2.452 2.9452 0 0 2.4664 3.2836 3.4276 2.8372 2.56 2.2072 2.3152 2.8192 2.524 1.7712 2.5168 0 1.7424 2.218 0 2.8516 2.7544 0 0 0 0 0 0 0 0 3.9028 0 0 0 0 0 3.3412 0 0 3.1288 2.4376 3.2296 2.9524 0 0 0 0 1.7316 2.3476 0 2.5204 2.3764 2.1388 2.1784 2.326 2.1424 2.1604 2.3692 2.2972 1.7352 1.7352 2.488 1.7964 2.218 1.6272 1.7496 1.7244
1.7316 2.2396 2.4088 2.4232 2.7076 0 0 0 0 0 0 0 0 0 2.956 2.5564 2.506 2.6068 2.5384 2.3296 2.5708 2.8696 3.19 3.3268 3.2368 3.3736 0 0 2.362 2.1496 2.398 2.8732 2.9452 0 0 2.4628 3.2224 3.0892 2.6392 2.254 1.7064 2.1676 2.6464 1.6092 2.1352 0 0 2.4592 2.6356 2.3332 2.2972 2.6464 0 0 0 0 0 0 0 3.0424 0 0 0 0 0 0 0 0 0 2.5204 2.7004 0 0 0 0 0 2.8732 0 0 0 0 0 0 2.434 2.3296 2.5816 2.6248 2.1712 1.6884 2.1388 2.3368 1.782 2.2252 2.3404 2.1964 2.1784
0 2.2432 2.2756 1.5624 2.3584 0 0 0 0 0 0 0 0 0 3.7156 3.3484 2.776 2.4628 2.2468 2.3656 2.6176 2.5852 3.0208 2.8912 3.334 3.2584 0 0 2.3656 2.4232 2.2936 2.56 2.6644 0 0 2.416 2.9092 3.4204 2.9272 2.434 2.2108 2.3152 2.6104 2.5132 2.6716 3.3484 0 2.776 2.6896 2.2756 2.2828 1.7568 0 0 0 0 0 0 0 0 0 0 0 0 0 0 0 0 0 0 0 0 0 0 0 0 2.2396 0 0 0 0 2.308 0 0 2.4376 0 0 1.4184 2.1316 1.7388 1.7964 0 2.362 2.3656 1.7028 0
0 2.5348 2.2396 1.7892 0 0 0 0 0 0 0 0 0 0 3.856 4.0072 3.874001 3.28 3.0136 2.6104 2.5456 2.4556 2.3224 2.5456 3.4564 4.6012 3.1972 0 2.3044 2.1352 1.6956 2.6608 2.3944 0 0 3.5572 2.8516 2.8372 2.8084 2.5744 2.452 2.4916 2.2828 2.7436 2.3584 3.5428 2.5996 2.4484 2.2072 2.2396 1.6416 2.1352 0 0 0 0 0 0 0 0 0 0 0 0 0 0 0 0 0 0 0 0 0 0 0 0 0 0 0 0 0 0 2.6212 0 0 1.8 2.3584 1.7748 1.7172 1.5264 1.6956 1.7172 2.2432 2.164 1.62 2.4124
0 2.362 2.5096 3.5644 3.4132 0 0 0 0 0 0 0 0 0 0 3.73 3.7912 3.352 3.0244 2.6896 2.3872 2.4988 1.7064 2.1676 2.38 3.2224 0 0 0 2.272 2.4016 2.1892 2.2036 0 0 0 3.4816 3.28 0 0 0 2.4484 2.1748 2.5672 2.1892 0 2.1712 2.38 2.3008 2.272 0 0 0 0 0 0 0 0 0 0 0 0 0 0 0 0 0 0 0 0 0 0 0 0 0 0 0 0 0 0 0 2.7904 0 0 0 0 0 2.2468 0 1.5768 1.6164 1.6308 2.2432 1.4832 0 2.4484
2.3764 2.8444 3.2764 3.4168 3.7156 3.5464 3.8164 0 0 0 0 0 0 0 0 3.712 3.6652 3.0928 3.2728 3.4672 1.7748 1.7172 2.1892 1.8 2.2144 2.3476 0 0 0 0 2.6356 2.5276 2.1964 0 0 0 2.6896 2.9236 0 0 0 0 0 2.3008 1.674 0 0 0 0 0 0 0 0 0 0 0 0 0 0 0 0 0 0 0 0 0 0 0 0 0 0 0 0 0 0 0 0 0 0 0 0 0 2.902 0 0 1.6848 2.2972 2.2612 0 2.146 2.4772 1.584 1.5228 1.7028 0 0
3.3952 3.514 3.5788 3.3016 3.3628 3.4492 3.514 0 0 0 0 0 1.728 2.1352 3.1864 3.6616 3.4276 3.352 3.0892 3.4168 2.2108 1.5768 1.584 1.6344 2.2072 2.5708 2.3188 0 0 0 2.7796 2.4952 2.542 0 0 0 3.0172 3.316 0 0 0 0 0 2.4052 2.4052 0 0 0 0 0 0 0 0 0 0 0 0 0 0 0 0 0 0 0 0 0 0 0 0 0 0 0 0 0 0 0 0 0 0 0 0 0 2.7652 0 2.812 1.4832 0 0 0 0 0 0 1.7244 0 0 1.7352
3.7048 3.244 2.884 3.4816 3.5536 0 0 0 0 0 2.2288 2.1676 2.1424 2.1424 2.92 3.3376 3.6076 3.4276 2.5564 2.4412 1.7928 0 2.5672 2.3512 2.3008 2.4196 2.4268 2.7004 2.4844 0 0 2.5996 2.5492 3.3268 0 0 2.8804 3.4924 0 0 0 3.4636 3.8272 2.524 2.6212 0 0 0 0 0 0 0 0 0 0 0 0 0 0 0 0 0 0 0 0 0 0 0 0 0 0 0 0 0 0 0 0 0 0 0 0 0 0 0 0 0 0 0 0 0 0 3.3988 0 2.5096 2.2 1.6056
3.5284 2.578 2.9704 0 0 2.1928 2.1784 1.7388 0 0 1.7928 2.2 1.7712 2.3404 1.6272 2.4052 2.9092 2.3512 0 0 0 2.1604 2.3044 1.7568 2.2504 2.6356 2.4268 2.2144 2.4736 2.5924 0 3.928 2.9884 4.0972 4.129601 0 0 2.9344 0 0 0 3.1216 3.6148 2.5096 2.7652 2.398 0 0 0 0 0 0 0 0 0 0 0 0 0 2.6104 2.7796 3.3196 3.8776 0 0 0 0 0 0 0 0 0 0 0 0 0 0 0 0 0 0 0 0 0 0 0 0 0 0 0 0 0 0 0 1.746 2.2144
3.1576 3.0424 2.3548 2.4952 2.164 2.3908 2.218 2.146 2.3404 2.4448 2.5816 2.6644 2.2144 2.6176 2.8012 3.01 2.956 2.7868 2.7364 0 2.3296 2.218 2.6572 2.7364 2.5564 2.5132 2.74 2.2792 2.4664 2.2396 2.1915 2.9665 2.4988 3.5032 3.658 2.7328 2.7724 3.136 0 0 0 3.4744 0 2.164 2.254 2.3152 0 0 3.8308 3.496 3.5788 3.1396 0 0 0 0 0 0 0 0 0 0 3.208 4.0792 3.298 0 0 0 0 0 0 0 0 0 0 0 0 0 0 0 0 0 0 0 0 0 0 0 0 0 3.1828 0 3.0352 2.848 0 2.2108
