data/Vilopriu_2013/ccf.asc
ncols 508
nrows 610
xllcorner 494272.38261041
yllcorner 4652115.6527613
cellsize 20
NODATA_value -9999
[rows 462 to 538 of 610, columns 96 to 191 of 508]
0 0 0 0 0 0 0 0 0 0 0 0 0 0 0 0 0 0 0 14 25 0 0 0 0 0 0 0 0 0 0 0 0 0 0 0 0 39 48 53 64 81 27 0 0 0 0 0 0 0 0 80 79 0 0 84 78 76 77 85 80 0 0 36 0 0 77 72 73 42 72 78 80 79 82 82 84 81 0 0 0 0 87 79 79 79 83 66 68 72 72 71 67 86 83 78
0 0 0 0 0 0 0 0 0 0 0 0 0 0 0 0 0 0 0 0 18 0 0 0 0 0 0 0 0 0 0 0 0 0 0 0 0 0 51 55 0 0 0 0 0 0 0 0 0 0 0 0 64 78 77 80 73 67 70 76 82 70 71 81 89 67 67 70 69 72 58 71 78 79 80 78 74 93 0 0 0 0 89 76 70 80 79 70 74 78 77 62 57 69 66 68
0 0 0 0 0 0 0 0 0 0 0 0 0 0 0 0 0 0 0 0 14 0 0 0 0 0 0 0 0 0 0 0 0 0 0 0 0 0 0 0 0 0 0 0 14 0 0 0 0 0 0 0 0 67 70 79 79 64 68 67 82 75 64 73 70 67 57 51 78 75 74 74 73 75 81 76 84 91 0 0 0 0 80 79 69 67 74 75 73 75 81 72 54 58 52 47
0 0 0 0 0 0 0 0 0 0 0 0 0 0 0 0 0 0 0 0 69 0 0 0 0 0 0 0 0 0 0 0 0 0 0 0 0 0 0 0 0 0 80 73 73 35 42 77 0 0 0 59 0 0 0 81 80 76 76 76 83 66 26 67 73 70 63 0 0 80 79 76 75 80 75 81 63 73 0 0 0 0 61 82 64 59 64 74 74 73 72 75 67 47 61 64
0 0 0 0 0 0 0 0 0 0 0 0 0 0 0 0 0 0 0 0 51 0 0 0 0 0 0 0 0 0 0 0 0 0 0 0 0 0 0 0 0 66 86 86 89 75 91 92 89 80 79 72 78 0 0 0 60 66 72 57 71 0 0 73 71 67 64 74 0 0 78 49 57 83 82 86 48 0 0 0 0 0 0 74 82 65 74 80 74 74 82 75 73 69 70 59
0 0 0 0 0 0 0 0 0 0 0 0 0 0 0 0 0 0 0 11 63 0 0 0 0 0 0 0 0 0 0 0 0 0 0 0 0 0 0 0 56 88 91 88 87 83 93 87 86 87 81 78 69 79 0 0 0 0 0 0 0 25 68 70 69 33 0 0 0 0 0 83 63 90 92 0 0 0 0 0 0 0 0 41 80 68 79 80 77 76 75 64 69 71 74 55
0 0 0 0 0 0 0 0 0 0 0 0 0 0 0 0 0 0 0 0 0 0 0 0 0 0 0 0 0 52 84 71 45 0 0 0 0 0 0 81 75 86 69 92 84 74 76 70 73 81 84 75 72 84 85 59 0 0 0 0 0 0 53 76 68 73 78 0 0 0 0 0 66 72 0 0 0 0 0 0 0 0 0 40 71 66 0 62 65 70 75 75 74 71 81 79
0 0 0 0 0 0 0 0 0 0 0 0 0 0 0 0 0 0 0 0 0 0 0 0 0 0 0 58 59 92 83 70 40 0 0 0 0 0 0 76 87 76 79 74 62 73 73 69 77 71 83 78 79 71 43 59 0 0 0 0 0 0 83 69 64 30 13 62 61 0 0 0 27 0 0 0 0 0 0 0 0 0 0 39 81 62 0 34 80 67 82 77 77 75 85 85
0 0 0 0 0 0 0 0 0 0 0 0 0 0 0 0 0 0 0 0 0 0 0 0 0 0 0 0 72 90 82 53 0 0 0 0 0 0 81 69 57 62 68 76 78 79 71 68 69 69 79 78 76 80 72 89 89 86 82 72 85 0 90 72 62 68 0 0 0 0 69 67 69 0 0 0 0 0 0 0 0 0 0 0 0 0 0 30 76 65 75 79 74 74 80 77
0 0 0 0 0 0 0 0 0 0 0 0 0 0 0 0 0 0 0 0 0 0 0 0 0 0 0 0 76 72 83 0 0 0 0 0 0 0 80 84 49 56 84 80 83 82 77 75 73 69 69 78 72 72 77 79 78 81 81 69 81 83 88 80 80 85 0 0 0 0 0 0 0 31 78 32 0 0 0 0 0 0 0 0 0 0 0 49 73 78 64 65 74 71 71 84
0 0 0 0 0 0 0 0 0 0 0 0 0 0 0 0 0 60 0 0 0 0 0 0 0 0 0 0 62 84 71 0 0 0 0 0 0 0 68 79 43 72 82 82 84 82 73 78 78 72 70 82 71 65 78 79 78 84 79 84 70 85 81 76 65 68 83 65 0 0 0 0 0 0 0 0 0 0 0 0 0 0 0 0 0 0 0 62 68 57 65 61 52 71 78 75
0 0 0 0 0 0 0 0 0 0 0 0 0 0 0 0 0 83 0 0 0 0 0 0 0 0 0 0 69 78 41 0 0 0 0 0 0 0 74 52 71 77 87 76 83 78 73 73 79 78 75 77 77 73 71 72 83 82 80 76 80 79 69 67 58 57 86 69 0 0 0 0 0 0 0 0 0 0 0 0 0 0 0 0 0 70 77 61 72 54 71 59 64 61 53 58
0 0 0 0 0 0 0 0 0 0 0 0 0 0 0 0 0 75 0 0 0 0 0 0 0 0 0 0 0 75 0 0 0 0 0 0 0 0 75 0 0 77 80 80 74 80 82 74 74 85 79 80 83 86 77 88 83 81 83 76 82 81 73 73 71 78 72 81 0 0 0 0 0 0 0 0 0 0 0 0 0 0 0 0 0 76 57 43 56 53 76 70 61 72 68 58
0 0 0 0 0 0 0 0 0 0 0 0 0 0 0 0 58 0 0 0 0 0 0 0 0 0 0 0 0 71 0 0 0 0 0 0 0 0 80 77 44 78 77 76 79 78 82 80 84 82 89 82 78 73 80 78 86 86 84 76 74 76 76 80 75 77 75 80 50 0 0 0 34 0 0 0 0 0 0 0 0 0 0 0 0 37 46 74 53 68 75 78 57 80 78 76
0 0 0 0 0 0 0 0 0 0 0 0 0 0 0 0 91 0 0 0 0 0 0 0 0 0 0 0 0 47 0 0 0 0 0 0 0 70 81 77 63 75 74 77 79 79 82 87 83 88 93 85 74 71 73 85 81 86 88 77 75 73 66 71 75 71 80 82 69 0 40 48 21 0 0 0 0 0 0 43 0 0 0 0 0 0 0 53 59 63 68 58 69 81 85 80
0 0 0 26 27 8 0 0 0 0 0 0 0 0 0 0 90 31 0 0 0 0 0 0 0 0 0 0 0 0 0 0 0 0 0 0 78 96 87 85 72 72 76 81 76 80 84 88 90 88 83 81 76 80 74 88 83 79 84 80 83 83 69 75 59 37 45 35 80 0 22 49 7 0 0 0 0 0 0 0 0 0 0 0 0 0 0 0 67 48 59 68 79 75 76 82
74 88 83 85 84 83 88 65 57 28 46 39 0 0 0 0 84 82 70 0 0 0 0 0 0 0 0 0 0 0 0 0 0 0 37 86 93 0 0 0 52 79 83 83 80 88 86 88 88 90 86 81 80 70 75 87 80 85 82 84 86 82 70 65 41 0 0 44 49 0 0 67 34 0 0 0 0 0 0 0 0 0 0 0 0 0 0 0 49 46 65 76 77 74 72 73
81 75 80 79 78 85 82 82 85 75 14 76 71 0 0 0 0 58 91 79 0 0 0 0 0 0 0 0 0 0 0 0 0 0 91 81 0 0 0 0 0 77 75 80 79 88 83 81 85 87 90 73 58 79 87 80 79 82 83 78 83 83 66 20 41 0 0 38 48 59 0 43 67 0 0 0 0 0 0 0 0 0 0 0 0 0 0 0 0 64 65 60 74 72 62 68
79 78 89 87 85 55 67 76 63 85 42 56 62 0 0 0 0 0 0 0 71 86 0 0 0 0 0 0 0 0 0 0 0 77 86 0 0 0 0 0 0 84 76 83 88 93 92 86 85 87 84 87 49 81 79 89 86 85 82 82 83 70 57 28 0 0 0 40 77 65 77 65 80 0 0 0 0 0 0 0 0 0 0 0 0 0 0 0 0 68 65 68 72 78 73 55
70 76 85 78 75 80 89 89 89 83 60 8 0 0 0 0 0 0 0 0 62 0 0 0 0 0 0 0 0 0 0 0 0 67 0 0 0 0 0 0 0 80 76 76 85 90 85 89 79 80 79 83 41 80 75 88 86 84 84 79 75 66 45 9 0 0 0 66 76 63 77 67 74 0 0 0 0 0 0 0 0 0 0 0 0 0 0 0 0 51 53 70 76 63 72 73
51 52 75 82 75 70 89 90 92 83 88 25 0 0 0 0 0 0 0 83 79 83 63 0 0 0 0 0 0 0 0 0 0 0 0 0 0 0 0 0 61 81 76 76 77 82 84 83 82 77 75 79 62 79 78 83 89 84 90 75 55 57 26 0 0 0 82 92 77 73 78 71 75 69 0 0 0 0 0 0 0 0 0 0 0 0 0 0 0 44 54 68 59 67 68 73
68 48 77 80 79 80 90 89 84 74 86 85 0 0 0 0 0 0 0 89 94 93 0 0 0 0 0 0 0 0 0 79 90 76 0 0 0 0 0 71 88 73 84 66 76 73 64 73 77 69 75 82 79 61 71 82 89 86 84 62 38 43 39 42 54 70 54 72 75 62 75 70 79 67 74 72 0 0 0 0 0 0 0 0 0 56 0 0 0 55 62 65 61 75 65 76
84 83 89 94 93 90 95 98 89 88 83 88 0 0 0 0 0 0 94 0 0 0 0 0 0 0 0 0 91 64 77 92 87 0 79 0 0 0 0 83 88 91 91 93 86 90 92 81 93 93 84 88 85 66 92 90 95 69 49 70 66 73 85 81 89 0 0 64 91 90 88 92 80 0 0 76 80 67 0 0 0 0 0 0 77 82 0 0 79 67 68 64 82 82 68 67
75 89 85 86 91 90 95 94 87 79 60 81 0 0 0 0 0 0 0 0 0 0 0 0 0 0 88 82 0 87 88 94 70 0 76 0 0 0 88 64 87 80 84 83 84 87 92 90 91 88 89 82 78 34 61 52 53 63 72 65 88 83 82 88 90 0 0 66 95 91 93 79 97 0 0 0 60 76 79 0 0 0 0 0 95 91 0 0 81 93 88 0 89 92 92 85
84 89 87 87 91 93 93 92 91 80 63 77 20 0 0 0 0 0 92 0 0 0 0 0 0 0 80 80 0 0 0 76 0 65 90 73 0 83 68 76 82 80 86 78 87 90 85 77 79 65 33 23 52 86 78 87 86 83 73 89 85 82 86 90 93 71 69 75 69 0 0 0 0 0 0 0 86 85 75 0 0 0 88 0 91 94 87 0 0 93 44 0 0 88 90 93
81 89 90 90 90 89 88 91 92 88 61 67 75 0 0 0 0 0 91 94 0 0 0 0 0 0 0 0 0 0 0 62 0 71 87 90 68 75 49 69 74 72 80 86 86 81 74 57 50 59 66 65 70 91 72 72 80 85 81 88 81 88 86 94 89 82 94 0 0 0 70 86 75 0 0 0 86 91 54 0 0 0 89 71 64 90 84 79 0 83 63 0 0 84 92 89
82 86 85 85 83 83 79 83 90 93 83 39 55 56 80 0 0 0 0 93 90 0 0 0 0 0 0 0 0 0 0 0 0 0 0 0 75 43 62 79 65 59 73 78 60 60 69 78 86 82 80 77 90 84 91 82 80 89 68 88 81 87 85 92 87 88 87 0 0 76 88 89 93 86 0 0 81 87 75 0 0 0 87 83 0 96 91 86 82 83 79 0 0 0 77 84
84 72 85 91 80 82 66 75 91 83 76 29 61 77 85 94 0 0 0 92 96 0 0 0 0 71 76 85 84 0 0 0 0 0 0 0 72 70 64 69 66 66 45 45 78 83 80 82 81 78 84 80 83 81 88 86 87 92 83 85 73 90 85 91 92 91 0 0 0 90 87 87 86 89 83 0 86 71 76 0 0 67 72 44 0 0 59 81 91 86 70 74 79 59 79 86
84 78 73 80 85 82 69 83 88 82 93 63 88 91 85 91 75 0 0 0 93 94 94 97 94 92 85 87 81 89 0 0 0 0 0 0 73 72 62 26 40 71 82 79 82 83 83 86 80 77 83 85 79 74 85 89 92 90 84 87 86 87 86 84 83 92 0 0 51 83 85 83 85 72 79 87 82 60 85 0 0 46 81 70 0 0 0 0 0 78 81 73 62 83 78 75
81 84 79 90 90 85 82 81 88 83 94 94 91 92 90 91 82 0 0 0 0 0 88 90 88 88 86 83 90 89 0 0 0 0 0 27 34 22 65 58 82 82 83 79 79 78 84 83 68 81 81 81 85 86 84 92 88 89 84 88 83 91 86 88 86 90 0 0 75 86 82 84 85 0 0 0 81 69 81 0 0 62 74 82 0 0 0 0 0 0 82 81 78 57 72 89
85 85 81 85 90 88 93 85 82 91 90 94 91 92 93 89 74 52 0 0 0 0 0 91 86 87 89 89 92 87 0 0 0 48 0 52 70 67 85 82 81 82 79 83 81 86 81 88 83 82 83 83 82 81 91 86 86 85 88 86 85 88 87 87 84 81 0 0 84 88 85 89 74 78 0 0 0 92 58 0 0 63 0 67 69 0 0 0 0 0 83 78 77 77 82 81
84 82 82 84 82 92 88 86 80 88 91 86 90 90 89 79 56 52 52 0 0 0 0 0 0 0 0 87 86 82 71 0 0 74 53 70 78 83 84 78 82 82 81 82 82 82 80 77 83 81 84 86 86 83 88 90 89 83 86 88 84 91 83 59 72 0 0 0 84 86 76 79 72 0 0 0 0 0 63 61 0 0 0 0 0 0 0 0 0 0 78 77 80 73 84 76
82 85 77 82 86 91 88 89 80 90 90 86 88 89 85 61 48 54 34 0 0 0 0 0 0 0 0 0 41 72 82 88 0 59 64 82 70 86 85 83 78 82 82 82 80 79 68 77 80 81 86 81 87 84 92 86 89 88 80 87 83 89 79 58 69 0 0 0 77 86 86 83 87 0 0 0 0 0 0 68 83 0 0 0 0 0 0 54 0 0 0 83 85 77 72 87
83 81 78 85 82 90 87 90 84 91 87 89 87 83 59 53 53 44 59 33 0 0 0 0 0 0 0 0 85 87 90 82 0 0 68 83 73 82 82 82 85 85 87 83 82 79 74 83 83 78 85 81 87 68 61 85 87 85 85 81 85 86 84 66 66 49 0 0 0 86 86 82 84 74 0 0 0 0 0 88 70 81 0 0 0 0 0 0 0 0 0 66 72 78 72 78
85 84 82 85 84 93 81 90 79 86 88 92 84 80 81 46 45 48 71 58 0 44 62 40 0 0 0 0 0 87 84 86 89 0 58 76 80 84 85 87 84 88 81 84 84 83 76 89 84 85 88 84 84 46 62 59 85 84 87 84 79 74 87 86 82 84 0 0 0 82 86 86 60 0 0 0 0 0 56 83 90 30 0 0 0 0 0 0 0 0 0 57 84 86 67 82
77 88 90 88 89 82 66 85 70 85 85 85 89 84 70 55 56 55 51 68 31 21 61 44 0 0 0 0 0 89 80 76 88 75 37 71 86 86 84 81 88 88 87 86 88 90 84 88 90 83 84 76 54 45 79 74 65 85 81 87 85 77 83 89 82 87 0 0 0 0 43 0 0 0 0 0 0 0 0 75 86 92 0 0 0 0 0 0 0 73 88 89 75 78 79 78
79 88 90 90 88 84 65 78 77 85 86 90 82 87 84 53 48 53 51 68 49 52 36 0 0 0 0 0 0 0 81 75 83 82 0 84 85 86 82 82 71 77 64 72 77 84 82 84 85 89 80 70 73 55 78 78 62 73 82 87 88 88 76 79 88 82 82 0 0 0 0 0 0 0 0 0 0 0 0 0 68 43 0 0 0 0 0 0 0 83 90 85 81 77 87 86
79 79 88 88 89 84 75 55 91 81 84 86 86 88 86 53 45 47 40 52 60 60 53 0 0 55 0 0 0 0 81 76 79 90 42 62 83 81 73 64 55 48 44 64 64 90 90 84 71 77 75 73 79 79 86 78 74 77 87 87 77 84 87 85 87 89 0 0 0 0 0 0 0 0 0 0 0 0 0 0 0 0 0 57 0 0 0 0 0 71 92 90 88 82 90 87
78 90 84 87 87 84 85 62 86 83 84 87 90 83 87 60 39 50 45 52 54 51 60 71 52 64 58 0 0 0 0 78 78 88 76 0 79 61 54 51 65 45 53 82 80 86 91 85 82 84 83 78 84 83 90 79 75 85 87 77 79 86 85 90 88 90 0 0 0 0 0 0 0 86 89 0 0 0 77 0 0 0 0 0 58 0 0 0 0 54 81 0 88 77 88 86
79 82 87 88 90 89 84 52 90 87 92 90 90 90 91 80 55 79 63 63 52 43 73 80 89 89 83 0 0 0 0 45 77 84 82 0 85 67 67 66 76 22 61 77 90 83 88 85 79 70 88 79 84 86 86 84 82 79 84 87 81 84 85 91 87 89 43 0 0 0 0 0 88 87 86 93 0 0 0 68 0 0 0 0 0 52 0 0 0 0 66 0 74 88 88 75
87 90 91 87 92 91 83 36 86 95 89 91 91 89 90 84 64 76 76 60 47 72 78 88 90 88 87 86 0 0 0 40 52 84 90 52 67 78 71 75 42 21 75 82 85 93 82 85 73 69 84 75 86 88 87 83 92 81 76 90 85 88 89 90 85 85 0 0 0 0 0 0 85 90 82 89 88 0 0 0 80 0 0 0 0 14 0 0 0 0 0 0 59 91 84 0
86 90 90 90 87 87 78 59 81 87 92 92 95 97 93 89 77 75 77 68 59 76 82 88 89 88 91 84 76 0 0 0 55 78 83 67 0 63 76 59 32 62 78 86 86 90 86 77 82 60 79 69 88 89 90 86 92 92 76 90 85 85 80 88 93 86 0 0 0 0 0 0 81 89 83 88 90 0 0 0 78 81 0 0 0 0 70 0 0 0 0 0 0 91 89 67
82 89 93 95 95 91 84 85 77 88 93 96 96 94 93 92 85 81 33 66 65 68 83 92 91 85 0 0 77 0 0 0 55 90 84 72 0 75 75 87 65 82 85 90 93 89 89 84 89 83 82 87 89 92 91 89 93 94 90 90 87 87 83 90 94 0 0 0 0 0 0 0 89 90 90 94 94 0 0 83 85 89 82 73 79 87 92 0 0 0 0 0 0 93 92 86
86 89 90 94 93 81 78 79 65 61 61 84 83 89 92 84 81 46 38 37 15 51 75 91 92 0 0 0 0 0 0 0 64 88 95 76 85 70 85 74 66 76 90 86 90 89 76 85 83 56 79 82 73 86 85 85 88 90 89 85 88 81 85 82 89 0 0 0 0 0 0 0 87 88 90 91 92 0 0 0 88 93 90 94 93 93 94 75 0 0 0 0 0 88 90 88
64 78 91 86 87 87 82 85 79 82 84 68 78 82 83 79 83 33 27 34 54 53 56 78 80 80 0 0 0 0 0 0 45 77 82 89 69 0 84 77 42 22 49 33 42 41 60 59 75 60 69 73 54 69 79 74 82 86 78 77 74 76 75 80 79 0 0 0 0 0 0 0 67 73 80 78 67 0 0 58 81 79 75 77 82 76 90 82 0 0 0 48 36 0 76 85
87 84 83 86 88 90 80 82 77 73 81 77 76 75 84 76 80 64 77 82 84 83 78 76 82 87 0 0 0 0 0 72 63 41 86 96 68 54 63 88 28 63 5 51 48 83 56 51 56 46 65 71 74 72 73 80 82 87 78 79 80 79 81 79 76 0 0 0 0 0 0 53 67 56 73 68 0 0 0 63 46 69 73 74 85 83 0 79 0 0 0 0 0 0 62 72
77 90 92 96 88 82 82 82 81 59 79 80 74 80 80 82 84 82 82 83 79 83 79 79 81 85 0 0 0 0 0 0 0 60 89 92 92 74 0 72 64 73 31 67 71 53 54 45 15 56 61 77 83 78 80 86 86 77 74 80 79 77 75 81 83 0 0 0 0 0 0 92 85 54 70 73 0 0 0 83 80 84 60 77 86 83 0 0 72 0 0 0 0 38 51 89
0 0 0 0 73 77 81 84 83 84 85 74 67 82 88 79 81 83 84 83 83 87 83 77 75 79 0 0 0 0 0 0 0 0 79 81 92 74 0 36 27 43 71 62 38 77 74 54 33 52 51 70 77 76 80 83 78 74 76 83 76 77 77 83 89 84 0 0 0 0 0 75 69 68 55 57 62 0 0 89 82 62 51 54 83 90 0 0 0 82 50 0 0 0 58 0
0 0 0 0 74 91 85 76 81 69 74 77 68 83 88 84 80 85 84 86 81 81 76 74 80 84 71 0 0 0 0 0 0 0 86 89 0 63 0 0 35 26 74 69 6 56 64 35 30 54 48 64 78 82 79 80 76 74 83 73 79 77 85 88 87 78 0 0 0 0 0 57 49 74 49 88 75 0 0 92 65 77 50 56 61 87 84 0 0 84 0 0 0 0 0 0
0 0 0 0 0 82 81 81 81 80 74 79 82 72 84 83 89 86 87 90 86 79 77 75 84 83 88 0 0 0 0 50 84 91 95 82 0 73 0 0 56 25 55 68 74 66 35 25 49 41 63 76 81 86 83 81 78 80 79 78 81 87 75 78 92 73 0 0 0 0 0 0 72 72 48 66 80 61 0 69 64 62 72 52 49 85 81 78 0 0 65 0 0 0 0 0
0 0 0 0 0 84 78 86 63 78 68 71 77 68 84 84 86 89 81 87 88 83 77 74 77 79 78 56 0 0 0 80 93 91 89 75 0 50 0 0 0 66 46 57 56 57 87 73 56 38 0 66 76 84 78 82 79 82 75 72 83 75 72 83 85 50 0 0 0 0 0 0 86 85 59 68 85 77 68 68 79 75 67 62 48 81 91 86 81 86 85 0 0 0 0 0
0 0 0 0 70 81 76 83 72 71 74 73 75 62 84 81 81 81 87 84 79 86 78 69 78 75 81 83 0 0 0 94 85 90 95 84 0 0 0 0 0 61 53 56 55 60 49 81 59 0 0 70 75 75 82 80 79 78 72 76 75 67 78 70 77 0 0 0 0 0 0 50 85 76 77 76 78 70 74 60 64 79 63 74 60 77 81 86 83 82 82 49 0 0 0 42
0 0 0 0 57 73 77 75 71 80 79 78 75 73 78 86 84 77 85 83 78 83 76 77 77 81 85 90 72 85 62 90 66 88 97 86 0 0 0 0 0 0 71 73 21 44 79 87 0 0 0 51 83 83 72 73 64 55 57 53 54 48 68 56 77 0 0 0 0 0 0 0 62 70 80 84 81 79 75 73 70 57 67 69 66 65 76 90 88 84 90 0 0 0 0 0
0 0 0 0 0 70 72 71 54 82 89 86 86 68 85 85 81 83 81 77 77 80 78 80 80 88 87 0 0 0 0 0 75 87 91 95 0 0 0 0 0 0 57 83 72 38 48 83 0 0 0 67 61 80 73 71 63 34 0 11 14 23 76 73 0 0 0 0 0 0 0 0 0 0 66 65 80 72 83 79 84 59 62 71 67 61 77 87 76 83 87 0 0 0 0 0
0 0 0 0 0 74 72 67 66 81 77 70 79 66 84 86 85 85 82 85 85 91 89 80 93 0 0 0 0 0 0 0 84 90 92 91 86 0 0 0 0 0 0 81 80 62 32 69 0 0 0 57 72 68 78 56 36 49 0 0 0 0 0 0 0 0 0 0 0 0 0 0 0 0 0 67 78 85 87 79 75 81 55 56 70 70 75 76 77 74 86 84 0 0 0 0
0 0 0 0 0 0 0 0 65 73 77 76 76 65 72 87 81 88 84 85 93 88 81 81 88 0 0 0 0 0 0 0 0 0 0 76 93 0 0 0 0 0 0 0 69 87 64 62 69 0 36 64 72 66 46 36 40 38 0 0 0 0 0 0 0 0 0 0 0 0 0 0 0 0 0 0 64 62 70 77 85 78 82 70 67 65 80 78 69 72 83 86 0 0 0 0
0 0 0 0 0 0 0 0 69 81 73 75 75 82 70 84 78 85 83 84 87 81 93 89 88 83 0 0 0 0 0 0 0 0 0 0 91 77 0 0 0 0 68 31 0 63 77 72 48 0 0 0 0 39 74 61 33 41 0 0 0 0 0 0 0 0 0 0 0 0 0 0 0 0 0 0 76 60 66 70 82 75 79 72 80 75 76 82 75 62 74 85 83 0 0 0
0 0 0 0 0 0 0 0 68 85 80 71 74 84 63 84 79 81 76 83 84 90 86 79 89 94 91 0 0 0 0 0 0 0 0 0 0 92 63 66 0 0 0 45 0 54 63 70 0 0 0 0 0 0 26 53 0 0 0 0 0 0 0 0 0 0 0 0 0 0 0 0 0 0 0 0 83 78 60 76 71 82 78 70 75 78 68 76 72 65 66 78 88 0 0 0
0 0 0 0 0 0 0 0 76 78 83 74 76 84 69 73 77 79 73 79 83 82 87 84 80 84 92 0 0 0 0 0 0 0 0 0 0 74 92 11 23 0 0 0 0 0 47 76 0 0 0 0 0 0 0 0 0 0 0 0 0 0 0 0 0 0 0 0 0 0 0 0 0 0 0 0 56 83 58 49 81 81 80 76 73 84 70 73 69 69 65 80 87 84 0 0
0 0 0 0 0 0 0 52 78 70 77 66 73 83 82 72 86 83 76 75 79 82 87 92 85 89 86 83 0 0 0 0 0 0 0 0 0 0 95 46 66 0 0 0 0 0 0 64 33 0 0 0 0 0 0 0 0 0 0 0 0 0 0 0 0 0 0 0 0 0 0 0 0 0 0 0 0 88 81 70 76 75 78 85 77 79 74 72 59 66 71 71 80 88 50 0
0 0 0 55 83 91 93 83 80 78 71 82 81 84 91 74 86 82 79 72 85 86 85 88 89 84 79 85 83 0 0 0 0 0 0 0 0 0 80 80 43 64 0 0 0 0 0 0 63 0 0 0 0 0 0 0 0 0 0 0 0 0 0 0 0 0 0 0 0 0 0 0 0 0 0 0 0 82 79 73 62 72 73 65 75 79 62 75 80 68 78 80 85 86 88 0
0 0 0 0 91 93 88 88 71 82 86 79 77 82 87 78 75 85 80 77 83 82 89 82 86 86 87 86 87 0 0 0 0 0 0 0 0 0 96 81 70 85 55 0 0 0 0 0 0 0 0 0 0 0 0 0 0 0 0 0 0 0 0 0 0 0 0 0 0 0 0 0 0 0 0 0 0 85 82 76 71 71 54 54 71 78 60 67 69 76 85 74 84 80 67 0
0 0 0 0 67 76 81 82 79 77 83 84 81 81 85 69 76 81 86 80 81 87 88 85 79 79 72 76 89 0 0 0 0 0 0 0 0 88 95 81 76 74 88 0 0 0 0 0 0 0 0 0 0 0 0 0 0 0 0 0 0 0 0 0 0 0 0 0 0 0 0 0 0 0 0 0 0 86 86 76 66 57 60 59 60 69 71 64 69 71 83 72 79 80 76 0
0 0 0 0 0 0 82 82 77 77 78 77 78 80 77 70 81 71 74 79 82 79 83 87 81 86 81 86 86 0 0 0 0 0 0 0 0 93 87 76 85 74 80 72 0 0 0 0 0 0 0 0 0 0 0 0 0 0 0 0 0 0 0 0 0 0 0 0 0 0 0 0 0 37 0 0 87 81 83 77 80 57 58 65 66 64 79 71 69 74 73 74 77 73 81 0
0 0 0 0 0 0 83 82 77 73 86 87 88 79 82 72 87 88 88 86 86 82 80 89 82 82 74 83 84 0 0 0 0 0 0 0 0 93 89 83 95 0 0 44 0 43 0 0 0 0 0 0 0 0 0 0 0 0 0 0 0 0 0 0 0 0 0 0 0 0 0 0 0 36 30 40 82 79 83 82 84 79 75 80 76 56 82 88 82 75 70 76 77 83 88 64
0 0 0 0 0 0 88 77 83 74 82 85 81 77 72 70 80 73 82 76 81 84 75 0 70 84 51 0 0 0 0 0 0 0 0 0 0 93 84 89 89 0 0 0 49 0 39 0 0 0 0 0 0 0 0 0 0 0 0 0 0 0 0 0 0 0 0 0 0 0 0 0 0 42 67 0 0 46 79 79 76 77 62 83 73 80 80 79 76 75 78 81 74 81 87 84
0 0 0 0 0 0 82 78 74 76 81 85 81 77 79 67 91 81 80 87 88 91 63 0 0 0 0 0 0 0 0 0 0 0 0 0 0 93 87 79 79 0 0 0 37 0 15 0 0 0 0 0 0 0 0 0 0 0 0 0 0 0 0 0 0 0 0 0 0 0 0 0 0 0 0 0 0 20 0 76 72 69 68 80 76 79 77 81 85 79 79 79 84 78 87 79
0 0 0 0 0 0 80 85 78 80 70 76 76 72 82 73 84 82 85 87 85 87 0 0 0 0 0 0 0 0 0 0 0 0 0 0 0 96 83 77 83 0 0 0 0 0 0 31 0 0 0 0 0 0 0 0 0 0 0 0 0 0 0 0 0 0 0 0 0 0 0 0 0 0 0 0 0 0 0 0 67 33 65 83 75 70 78 84 84 79 78 76 80 83 85 86
0 0 0 0 0 0 73 84 79 78 78 73 75 77 77 82 77 87 85 79 83 86 0 0 0 0 0 0 0 0 0 0 0 0 0 0 0 93 80 80 78 0 0 0 0 0 0 24 11 0 0 0 0 0 0 0 0 0 0 0 0 0 0 0 0 0 0 0 0 0 0 0 0 0 0 0 0 0 0 0 0 0 0 0 0 76 62 82 79 81 81 84 87 83 83 87
0 0 81 87 0 0 63 71 66 73 80 74 81 82 87 77 66 69 69 86 83 88 0 0 0 0 0 0 0 0 0 0 0 0 0 0 0 93 90 78 76 0 0 0 0 0 0 0 29 0 0 0 0 0 0 0 0 0 0 0 0 0 0 0 0 0 0 0 0 0 0 0 0 0 0 0 0 0 0 0 0 0 0 0 0 59 55 75 81 77 79 88 84 87 0 42
0 0 0 59 0 0 0 0 0 82 78 80 81 79 79 72 74 84 75 82 81 81 0 0 0 0 0 0 0 0 0 0 0 0 0 0 0 87 88 85 75 0 0 0 0 0 0 0 0 0 0 0 0 0 0 0 0 0 0 0 0 0 0 0 0 0 0 0 0 0 0 0 0 0 0 0 0 0 0 0 0 0 0 0 0 0 82 70 77 80 79 79 85 86 0 56
0 0 0 0 0 0 0 0 0 89 87 83 81 86 75 44 64 80 67 87 70 76 0 0 0 0 0 0 0 0 0 0 0 0 0 0 0 0 90 90 83 0 0 0 0 0 0 0 0 0 0 0 0 0 0 0 0 0 0 0 0 0 0 0 0 0 0 0 0 0 0 0 0 0 0 0 0 0 0 0 0 0 0 0 0 0 77 65 79 63 87 84 89 0 0 87
0 0 0 0 0 0 0 0 0 0 0 0 0 0 0 0 75 77 83 76 79 81 0 0 0 0 0 0 0 0 0 0 0 0 0 0 0 0 87 87 92 0 0 0 0 0 0 0 0 0 0 0 0 0 0 0 0 0 0 0 0 0 0 0 0 0 0 0 0 0 0 0 0 0 0 0 0 0 0 0 0 0 0 0 0 0 64 0 95 89 65 66 82 0 0 86
0 0 0 0 0 0 0 0 0 0 0 0 0 0 0 0 59 86 82 70 73 83 0 0 0 0 0 0 0 0 0 0 0 0 0 0 0 0 0 84 88 66 0 0 0 0 0 0 0 0 0 0 0 0 0 0 0 0 0 0 0 0 0 0 0 0 0 0 0 0 0 0 0 0 0 0 0 0 0 0 0 0 0 0 0 0 41 0 64 92 70 0 0 0 0 85
0 0 0 0 0 0 0 0 0 0 0 0 0 0 0 51 70 82 84 82 87 89 0 0 0 0 0 0 0 0 0 0 51 0 0 0 0 0 0 58 91 87 0 0 0 0 0 0 0 0 0 0 0 0 0 0 0 0 0 0 0 0 0 0 0 0 0 0 0 0 0 0 0 0 0 0 0 0 0 0 0 0 0 0 0 0 0 0 0 78 61 0 0 0 0 89
0 0 0 0 0 0 0 0 0 0 0 0 0 0 0 0 54 81 83 88 78 0 0 0 0 0 0 0 0 0 0 0 75 0 0 0 0 0 0 0 91 90 85 0 0 0 0 0 0 0 0 0 0 0 0 0 0 0 0 50 70 0 0 0 0 0 0 0 0 0 0 0 0 0 0 0 0 0 0 0 0 0 0 0 0 0 0 0 0 0 0 0 0 0 0 84
0 0 0 0 0 0 0 0 0 0 0 0 0 0 0 0 54 76 78 88 0 0 0 0 0 0 0 0 0 0 0 0 64 0 0 0 0 0 0 0 71 70 94 93 79 0 0 0 0 0 0 0 0 0 0 0 0 73 88 79 75 54 0 0 0 0 0 0 78 0 0 0 0 0 0 0 0 0 0 0 0 0 0 0 0 0 0 0 0 0 0 0 0 0 48 75
