data/Vilopriu_2013/ccf.asc
ncols 508
nrows 610
xllcorner 494272.38261041
yllcorner 4652115.6527613
cellsize 20
NODATA_value -9999
[rows 308 to 384 of 610, columns 192 to 287 of 508]
0 73 81 0 0 0 0 0 56 47 54 0 0 0 79 79 69 83 77 74 76 74 80 72 53 72 79 76 80 72 67 66 84 74 79 75 75 85 73 63 61 72 73 0 78 79 75 83 80 85 70 66 75 82 80 42 0 0 0 0 0 0 0 0 62 61 0 0 89 82 80 86 0 0 31 0 0 0 0 0 0 0 0 0 0 0 0 0 0 0 0 0 0 0 0 0
0 0 83 0 0 0 0 85 54 50 61 0 0 0 89 73 69 87 84 77 78 77 78 62 61 78 78 86 70 66 66 70 77 71 83 65 70 89 66 56 62 65 68 63 86 77 71 80 79 89 71 67 84 71 79 73 0 0 0 0 0 0 0 0 0 0 93 0 0 76 78 93 86 0 82 54 0 0 0 0 0 0 0 0 0 0 0 0 0 0 0 0 0 0 0 0
0 0 73 0 0 0 0 75 46 48 70 0 0 0 35 79 72 71 82 71 74 76 79 74 76 75 76 78 67 68 68 69 78 75 81 76 70 81 62 63 62 69 64 71 79 83 85 84 81 74 82 71 73 82 71 85 0 0 0 0 0 0 0 0 0 0 0 70 74 0 0 0 93 82 0 0 0 0 0 0 0 0 60 0 0 0 0 0 0 0 18 0 0 0 0 0
0 22 41 0 0 0 0 72 45 40 65 0 0 0 0 66 77 80 83 82 71 72 71 72 84 78 79 67 65 66 64 77 76 78 73 79 75 75 70 69 73 72 66 78 75 77 81 80 78 65 85 73 75 77 63 82 77 0 0 0 0 0 0 0 0 0 0 66 65 91 90 0 0 92 82 72 74 0 0 0 0 52 55 55 42 0 0 0 0 0 73 56 0 0 0 0
0 28 40 0 0 0 0 62 39 47 0 0 0 0 0 88 88 56 81 83 63 73 63 77 66 78 80 67 68 67 84 75 67 76 78 79 79 79 66 60 62 74 73 82 79 74 73 84 83 76 86 71 69 83 76 59 87 0 0 0 0 0 0 0 0 0 0 0 0 0 93 88 78 0 95 79 88 0 0 0 0 51 47 30 33 0 0 0 0 0 64 78 55 71 0 0
0 47 0 0 0 0 0 60 40 44 0 0 0 0 0 77 83 70 78 77 78 77 73 69 73 82 82 60 66 64 74 70 74 74 72 70 69 83 76 67 65 73 86 80 77 79 74 83 84 83 81 79 65 78 67 78 74 58 0 0 0 0 0 0 0 0 0 0 0 0 0 93 92 89 0 96 91 75 0 0 70 31 34 26 0 0 0 0 0 0 0 48 37 48 63 46
0 55 0 0 0 0 0 52 40 53 0 0 0 0 0 0 81 77 85 79 86 68 84 81 67 81 81 73 71 75 75 70 73 72 61 59 73 76 78 70 68 73 79 72 76 76 77 81 88 76 83 78 65 68 81 78 86 63 0 0 0 0 0 0 0 0 0 0 0 0 0 0 0 83 92 0 93 75 83 59 61 23 43 40 0 0 0 0 12 0 0 0 28 31 47 31
0 64 0 0 0 0 67 63 62 65 39 0 0 0 0 0 41 78 88 77 84 75 84 78 78 80 82 65 66 57 76 76 77 79 66 55 60 69 70 60 60 69 70 73 74 79 77 69 80 76 81 76 60 57 40 65 88 92 36 0 0 0 0 0 0 0 0 0 0 0 0 0 0 0 0 0 0 86 90 87 52 38 27 5 13 0 0 12 55 30 0 0 0 0 45 69
14 75 0 0 0 0 56 65 68 66 48 64 71 73 0 0 27 81 86 86 67 81 82 80 86 82 83 67 73 59 80 73 82 80 83 54 67 70 75 70 70 73 74 76 67 74 80 72 83 75 74 69 0 0 0 0 78 87 68 0 61 0 0 0 0 0 0 0 0 0 0 0 0 0 79 77 0 100 91 89 86 46 24 16 6 0 0 41 57 16 24 0 0 0 0 0
61 91 0 0 0 0 61 65 72 69 63 67 71 67 0 0 8 84 83 75 77 83 86 85 81 86 84 65 75 68 73 79 75 79 80 78 78 79 74 68 68 70 77 72 49 70 84 74 81 75 79 79 0 0 0 0 79 84 90 46 71 0 0 0 0 0 0 0 0 0 0 0 0 0 0 72 69 0 0 87 89 80 24 69 24 11 15 49 55 5 54 56 0 0 0 0
71 79 0 0 0 0 69 65 70 44 0 0 0 0 0 0 0 84 82 71 75 70 81 80 82 83 90 76 67 63 77 62 77 76 74 77 78 75 72 73 63 71 78 83 60 58 70 68 79 82 74 75 0 0 0 0 78 87 89 73 78 52 0 0 0 0 0 0 0 0 0 0 0 0 0 0 73 78 0 0 0 50 75 67 22 8 23 66 26 9 59 59 43 40 0 0
41 0 0 0 0 75 70 68 67 0 0 0 0 0 0 0 0 87 82 76 74 73 85 81 74 84 84 85 66 69 69 58 58 62 75 75 78 74 68 71 65 72 76 89 77 76 73 72 82 86 77 79 0 0 0 0 86 86 92 72 76 64 61 0 0 0 0 0 0 0 0 0 0 0 0 0 0 0 0 0 0 0 72 84 16 0 43 45 0 52 71 57 60 54 24 0
40 0 0 0 0 64 69 64 63 0 0 0 0 0 0 0 0 78 82 81 76 75 79 80 75 80 78 78 74 63 83 64 66 58 80 78 70 78 80 76 66 78 76 81 84 85 71 68 83 84 84 85 0 0 0 0 86 84 75 71 64 43 62 78 0 0 0 0 0 0 0 0 0 0 0 0 0 0 0 0 0 0 0 58 74 38 43 14 26 76 74 49 73 35 9 66
22 0 0 0 0 66 70 66 49 0 0 0 0 0 0 0 0 83 82 84 80 77 78 76 80 77 86 86 64 66 84 69 68 0 63 74 81 79 77 71 80 67 78 84 81 78 66 71 70 80 82 83 0 0 0 0 94 85 55 88 64 49 44 62 75 48 0 0 0 0 0 0 0 0 0 0 0 0 0 0 0 0 0 0 0 83 50 0 28 58 36 58 64 41 76 91
29 0 0 0 69 61 69 63 55 0 0 0 0 0 0 0 0 83 83 82 86 83 70 75 81 80 85 84 82 65 84 76 69 0 74 78 76 81 82 74 74 78 76 75 85 83 69 72 58 72 78 83 0 0 0 0 85 63 79 82 54 48 44 43 57 62 59 54 0 0 0 0 0 0 0 0 0 0 0 0 0 0 0 0 0 0 88 47 60 36 31 37 41 26 81 60
0 0 0 0 73 49 71 62 36 0 0 0 0 0 0 0 0 81 83 77 77 75 44 0 0 49 80 73 81 74 83 82 77 0 75 77 69 78 82 79 82 71 70 77 85 82 81 71 63 67 66 67 66 0 0 0 83 68 62 58 69 60 63 61 61 52 60 78 0 0 0 0 0 0 0 0 0 0 0 0 0 0 64 0 0 0 0 91 81 36 28 31 19 73 83 34
0 0 0 0 59 43 69 69 0 0 0 0 0 0 0 0 0 73 84 78 77 72 45 0 0 0 80 80 81 82 75 77 59 0 74 74 75 79 77 78 66 67 66 81 80 75 72 67 73 72 0 0 0 0 0 0 72 0 0 58 62 60 54 60 57 51 62 69 77 0 0 0 0 0 0 0 0 0 0 0 86 0 0 82 0 0 0 0 97 67 50 30 21 84 42 42
0 0 0 0 58 57 72 69 0 0 0 0 0 0 0 0 0 80 64 0 0 75 54 0 0 0 0 0 0 0 83 69 64 80 69 76 82 80 81 77 68 69 62 68 60 67 68 61 63 80 0 0 0 60 49 0 94 0 0 62 76 78 62 53 60 64 55 71 79 0 0 0 0 0 0 0 0 0 36 80 86 85 67 0 78 71 0 0 0 96 83 30 77 51 30 58
0 0 0 77 58 56 66 67 0 0 0 0 0 0 0 0 0 71 79 0 0 68 65 0 0 0 0 0 0 0 77 64 72 83 73 78 78 79 78 71 68 62 67 64 58 63 66 70 61 71 0 0 63 68 63 83 66 0 0 65 83 80 71 39 56 65 62 81 92 0 0 0 0 0 0 0 0 80 89 91 90 91 89 90 0 95 91 0 0 0 0 85 95 86 71 67
0 0 0 83 81 62 85 73 0 0 0 0 0 0 0 0 0 79 94 0 0 74 87 0 0 0 0 0 0 0 84 81 73 90 83 82 77 79 84 79 67 75 76 76 77 83 84 87 91 0 0 0 84 90 94 94 63 0 0 68 72 85 84 69 85 83 77 79 88 0 0 0 0 0 0 0 0 97 97 94 92 94 94 95 81 0 0 0 0 0 0 0 96 95 89 92
0 0 0 79 49 59 86 59 0 0 0 0 0 0 0 0 0 88 93 0 0 0 91 0 0 0 0 0 0 0 83 85 68 94 90 93 88 89 93 87 86 81 80 80 87 84 86 0 0 0 0 0 84 90 89 90 63 0 0 62 77 79 83 67 73 49 77 67 75 0 0 0 0 0 0 0 0 97 95 90 90 90 90 93 95 0 0 0 0 0 0 0 0 0 98 94
0 0 0 74 35 69 80 75 0 0 0 0 0 0 0 0 0 87 89 0 0 0 84 57 0 0 0 0 0 0 83 76 73 90 89 86 78 87 87 87 89 78 81 77 77 77 60 0 0 0 0 11 74 92 88 84 73 0 0 40 72 69 81 66 73 61 64 92 74 66 0 0 0 0 0 0 32 97 96 82 89 89 89 93 95 0 0 0 0 79 0 0 0 0 0 79
0 0 0 67 42 76 79 70 0 0 0 0 0 0 0 0 63 82 83 0 0 0 87 60 0 0 0 0 0 0 82 79 72 92 89 87 90 85 78 74 77 83 84 83 85 52 0 49 90 0 0 83 85 83 77 82 71 0 0 0 84 76 75 70 68 70 61 88 76 71 0 0 0 0 0 0 93 96 46 80 91 93 90 91 95 0 0 0 0 0 0 0 0 0 0 0
0 0 0 72 44 79 75 55 0 0 0 0 0 0 0 0 50 81 90 0 0 0 86 85 0 0 0 0 0 0 85 73 68 89 76 78 85 71 69 78 79 79 84 89 0 0 0 0 0 0 0 0 85 81 80 80 65 0 0 0 93 73 75 74 73 68 65 71 79 80 0 0 0 0 0 0 72 91 92 85 94 92 90 91 95 0 0 0 0 0 0 0 92 92 0 0
0 0 0 57 69 74 73 49 0 0 0 0 0 0 0 0 64 82 85 67 0 0 88 89 0 0 0 0 0 0 81 80 71 86 63 72 67 83 85 81 77 73 90 74 0 0 0 0 0 0 0 0 85 78 80 82 0 0 0 0 86 71 73 68 73 78 65 77 63 0 0 0 0 0 0 0 0 0 0 68 70 79 89 82 66 0 0 0 0 0 0 0 0 0 93 0
0 0 0 62 62 77 72 0 0 0 0 0 0 0 0 0 64 89 79 88 90 86 87 90 46 0 0 0 0 0 88 73 71 74 69 73 73 83 84 71 79 82 84 86 0 0 0 0 0 0 0 0 87 78 67 85 60 0 0 0 76 62 75 63 64 73 64 74 75 0 0 0 0 0 0 0 0 0 0 0 0 0 89 84 50 0 0 0 0 0 0 0 0 0 0 95
0 0 0 52 57 78 72 0 0 0 0 0 0 0 0 0 56 86 82 86 87 86 89 85 77 0 0 0 0 50 81 79 80 65 69 75 71 85 89 0 0 61 64 65 0 0 0 75 0 0 0 0 82 73 79 75 63 0 0 0 77 64 72 68 76 82 67 65 79 57 0 0 0 0 0 0 0 0 0 0 0 0 93 85 20 0 0 0 0 0 0 0 0 0 0 0
0 0 0 48 64 67 63 0 0 0 0 0 0 0 0 0 71 84 85 83 88 84 85 87 83 0 0 0 0 66 79 78 83 79 66 82 75 78 85 0 0 0 0 0 0 0 0 0 0 0 0 0 0 81 83 80 75 0 0 0 74 73 81 89 69 75 64 61 86 67 0 0 0 0 0 0 0 0 0 0 0 0 88 87 10 0 0 0 0 0 0 0 0 0 0 0
0 0 0 54 61 72 64 0 0 0 0 0 0 0 0 0 81 86 83 85 84 83 84 78 81 0 0 0 65 86 80 87 82 85 64 84 74 76 73 0 0 0 0 0 0 0 0 82 0 0 0 0 0 86 80 80 76 0 0 0 67 73 68 60 62 69 52 66 74 78 0 0 0 0 0 0 0 0 0 0 0 0 80 65 0 0 0 0 0 0 0 0 0 0 0 0
0 0 0 70 74 85 75 0 0 0 0 0 0 0 0 0 69 87 76 81 88 85 88 66 74 56 59 73 89 81 77 84 81 87 73 75 77 65 0 0 0 0 0 0 0 0 0 77 0 0 0 0 0 0 78 82 72 0 0 0 72 77 0 59 55 76 63 74 77 69 56 0 0 0 0 0 0 0 0 0 0 0 59 55 0 0 0 0 0 0 0 0 0 0 0 0
0 0 0 79 79 82 0 0 0 0 0 0 0 0 0 0 83 79 75 59 0 0 0 69 81 84 87 90 88 78 80 82 82 85 85 72 58 65 0 0 0 0 0 0 0 0 0 71 0 0 0 0 0 0 84 81 79 0 0 0 72 72 43 31 36 81 71 74 77 71 73 0 0 0 0 0 0 0 0 0 0 0 0 0 0 0 0 0 0 0 0 0 0 0 0 0
0 0 0 0 79 77 0 0 0 0 0 0 0 0 0 0 0 0 0 0 0 0 0 74 81 84 86 89 86 86 81 83 87 85 84 87 87 73 0 0 0 0 37 80 76 71 87 77 0 0 0 0 0 0 0 86 72 68 67 75 73 73 0 0 48 74 80 73 75 72 75 0 0 0 0 0 0 55 49 0 0 0 0 0 0 0 0 0 0 0 0 0 0 0 0 0
0 0 0 0 78 77 0 0 0 0 64 0 0 0 0 0 0 0 0 0 0 0 0 57 84 84 89 87 84 86 86 88 80 80 86 85 82 73 0 0 0 0 63 81 80 58 83 86 0 0 0 0 0 0 0 90 76 79 74 74 75 69 0 0 0 73 76 69 72 68 72 69 0 0 45 55 34 0 0 0 0 0 0 0 0 0 0 0 0 0 0 0 0 0 0 0
0 0 0 0 85 76 0 0 0 0 68 64 0 0 0 0 0 0 0 0 0 0 0 0 75 81 87 85 85 87 84 86 82 79 88 89 85 65 0 0 0 0 78 75 76 66 60 73 67 0 0 0 0 0 0 87 78 77 78 72 73 66 0 0 0 0 58 67 64 70 73 76 40 0 0 0 0 0 0 0 0 0 0 0 0 0 0 0 0 0 0 0 0 0 0 0
0 0 0 0 85 79 0 0 0 0 0 82 71 0 0 0 0 0 0 0 0 0 0 0 42 83 90 85 87 86 82 87 83 81 84 87 76 70 0 0 0 0 74 65 65 66 74 81 77 82 0 0 0 0 0 0 90 74 79 68 73 70 0 0 0 0 56 87 79 0 42 44 66 0 0 0 0 0 0 0 0 0 0 0 0 0 0 0 0 0 0 0 0 0 0 0
0 0 0 0 79 80 0 0 0 0 69 69 89 67 0 0 0 0 0 0 0 0 0 0 0 70 91 87 83 80 84 87 86 81 78 86 80 73 0 0 29 80 80 68 74 72 77 80 80 83 0 0 0 0 0 0 88 77 77 75 68 69 0 0 0 0 65 88 72 0 0 41 69 0 0 0 0 0 0 0 0 0 0 0 0 0 0 0 0 0 0 0 0 0 0 0
0 0 0 0 85 74 0 0 0 0 59 82 84 84 71 0 0 0 0 0 0 0 0 0 0 0 88 82 82 82 84 84 86 78 75 84 85 71 0 0 0 73 85 86 78 69 75 79 81 84 78 0 0 0 0 0 79 69 78 78 75 72 0 0 0 0 55 61 0 0 0 0 46 53 0 0 0 0 0 0 0 0 0 0 0 0 0 0 0 0 0 0 0 0 0 0
0 0 0 86 76 0 0 0 0 0 0 83 82 83 78 65 0 0 0 0 0 0 0 0 0 0 87 86 88 86 84 84 80 80 79 83 89 61 0 0 0 72 86 86 79 73 72 73 80 83 87 0 0 0 0 0 72 79 76 79 72 0 0 86 91 0 0 0 72 67 54 0 39 41 64 48 0 0 0 0 0 0 0 0 0 0 0 0 0 0 0 0 0 0 0 0
66 0 0 91 80 0 0 64 71 0 0 68 84 82 85 72 84 0 0 0 0 0 0 0 0 0 82 89 86 83 85 74 82 83 84 73 86 62 0 0 79 69 86 85 85 75 73 82 82 86 86 87 0 0 0 0 86 83 82 80 74 81 88 85 92 78 0 0 0 80 63 0 24 31 35 74 0 0 0 0 0 0 0 0 0 0 0 0 0 0 0 0 0 0 0 0
44 0 0 95 82 0 0 65 70 0 0 82 87 85 82 66 85 79 0 0 0 0 0 0 0 0 73 86 89 81 85 80 76 82 73 77 78 61 0 0 88 80 85 74 73 85 82 80 80 80 90 90 73 0 0 0 0 82 83 87 83 88 88 80 84 86 0 0 73 79 58 0 16 28 48 57 59 0 0 0 0 0 0 0 0 0 0 0 0 0 0 0 0 0 0 0
90 0 0 96 80 0 49 76 40 0 0 84 83 85 84 78 80 83 0 0 0 0 0 0 0 0 81 88 87 85 84 84 83 80 69 61 65 0 0 0 54 83 85 84 71 82 82 83 87 88 85 87 86 0 0 0 86 85 84 87 90 90 86 91 88 83 81 73 71 65 0 0 17 23 45 63 69 0 0 0 0 0 0 0 0 0 0 0 0 0 0 0 0 0 0 0
94 0 0 98 81 63 82 73 64 52 0 76 79 81 80 87 76 78 89 57 56 0 72 0 0 88 89 87 88 85 86 82 85 89 82 85 53 0 0 0 0 84 88 78 85 85 88 89 83 87 88 89 89 0 0 86 91 88 68 0 88 89 83 78 93 91 88 76 75 74 68 0 29 48 54 53 78 0 0 0 0 0 0 0 0 0 0 0 0 0 0 0 0 0 0 0
94 0 0 90 79 68 82 77 59 74 60 79 80 83 81 89 89 73 86 88 90 86 83 0 0 71 89 89 85 84 85 88 84 83 80 79 55 68 0 0 0 90 89 83 69 81 88 91 88 87 85 91 91 74 87 90 87 80 0 0 91 93 82 82 91 92 93 65 82 67 51 0 25 43 29 46 67 0 0 0 0 0 0 0 0 0 0 0 0 0 0 0 0 0 0 0
94 0 0 89 73 63 75 75 65 70 66 84 80 75 81 84 88 80 75 83 84 83 87 0 0 0 88 88 84 90 85 85 87 85 91 77 66 80 51 46 78 88 82 85 60 71 86 90 85 87 89 84 89 87 59 83 91 83 0 0 87 83 82 83 87 95 91 81 76 62 56 0 27 28 39 57 67 0 0 0 0 0 0 0 0 0 0 0 0 0 0 0 0 0 0 0
88 0 0 86 65 76 65 61 0 0 65 81 83 85 81 85 86 86 72 72 89 76 84 0 0 0 92 87 88 86 79 88 72 83 84 71 70 76 80 74 90 91 89 83 58 56 82 92 82 84 89 88 89 86 56 61 89 85 0 0 84 88 84 91 92 94 95 92 65 70 59 52 45 29 54 48 62 0 0 0 0 0 0 0 0 0 0 0 0 0 0 0 0 0 0 0
86 0 0 91 0 75 74 76 76 76 67 77 81 91 87 93 86 86 68 80 85 76 75 82 87 82 91 89 85 80 80 72 72 74 87 80 74 62 86 85 91 91 87 86 67 57 87 89 85 85 87 91 87 91 89 69 82 85 90 83 91 87 86 85 95 92 90 94 73 65 57 33 0 75 67 67 0 0 0 0 0 0 0 0 0 0 0 0 0 0 0 0 0 0 0 0
90 0 0 80 0 78 74 73 0 78 58 78 93 93 92 85 90 77 60 68 88 90 85 88 89 78 91 90 85 89 83 80 78 66 87 88 84 68 69 85 83 92 89 88 83 88 88 90 87 91 90 88 91 94 93 92 95 92 82 95 90 86 89 89 95 95 96 95 85 71 74 67 0 0 0 0 0 0 0 0 0 0 0 0 0 0 0 0 0 0 0 0 0 0 0 0
71 0 0 90 67 79 79 66 60 71 73 81 95 91 93 92 88 77 77 69 77 90 90 86 88 85 91 85 92 89 88 81 87 76 86 94 76 75 69 84 80 71 72 72 64 78 73 72 56 70 74 78 75 81 81 88 90 83 75 85 80 84 90 88 85 80 83 89 92 82 82 71 0 0 0 0 0 0 0 0 0 0 0 45 0 0 0 0 0 0 0 0 0 0 0 0
0 0 0 88 0 90 77 74 82 56 63 83 80 89 85 91 71 54 49 64 88 87 84 81 68 75 64 69 73 70 87 80 80 77 63 87 67 78 66 60 75 76 82 79 72 73 71 72 60 60 75 80 81 79 78 80 86 83 84 53 63 55 73 90 86 85 74 75 91 54 68 49 0 0 0 0 0 0 0 0 0 0 0 42 0 0 0 0 0 0 0 0 0 0 0 0
0 0 0 0 0 62 74 82 87 85 77 82 84 84 83 84 79 57 71 55 49 71 65 72 64 74 90 88 83 81 81 82 88 65 65 84 72 79 83 57 68 71 72 78 75 65 71 65 74 57 69 82 84 83 76 78 82 82 84 83 71 78 45 76 79 91 76 72 89 68 69 61 0 0 0 0 0 0 0 0 0 0 0 0 0 0 0 0 0 0 0 0 0 0 0 0
0 0 0 60 0 56 85 78 89 83 82 81 81 84 75 66 70 83 60 48 44 66 70 53 50 79 84 82 81 81 82 83 84 79 81 77 87 66 80 56 72 84 73 77 76 71 71 83 78 63 70 79 79 71 70 77 76 82 80 68 69 79 70 51 79 78 65 80 81 65 63 70 52 0 0 0 0 0 0 0 0 0 0 0 0 0 0 0 0 0 0 0 0 0 0 0
0 0 0 66 0 75 88 77 76 91 86 83 76 81 77 57 80 77 64 59 54 65 81 66 41 75 88 89 85 73 72 66 75 84 84 80 87 69 77 76 56 83 73 68 64 61 52 68 72 66 75 73 75 68 70 80 81 82 83 74 61 87 72 46 81 76 75 83 83 87 67 67 65 0 0 0 0 0 0 0 0 0 0 0 0 0 0 0 0 0 0 0 0 0 0 0
0 0 0 65 55 84 86 87 86 88 85 83 68 83 79 70 74 80 82 61 61 60 73 80 65 83 61 90 88 68 56 57 71 67 76 76 86 72 83 81 54 48 46 53 47 35 50 62 75 67 72 73 70 65 66 76 75 77 77 60 52 82 80 67 70 75 75 88 81 87 62 75 57 0 0 0 0 0 0 0 0 0 0 0 0 0 0 0 0 0 0 0 0 0 0 0
0 0 0 40 51 79 82 82 80 80 90 81 75 80 83 64 82 85 78 76 80 73 91 85 80 84 63 87 84 73 61 64 74 69 72 53 70 64 80 76 60 51 57 71 54 45 51 63 80 80 78 61 75 71 62 74 79 74 73 45 68 84 76 77 57 81 79 80 85 88 57 66 47 0 0 0 0 0 0 0 0 0 0 0 0 0 0 0 0 0 0 0 0 0 0 0
0 0 0 49 43 49 75 89 81 80 80 85 79 79 83 63 81 85 76 75 85 71 78 78 65 67 69 78 77 79 74 26 64 69 75 74 60 62 78 62 44 46 48 58 68 51 54 46 82 64 66 52 74 55 64 81 73 74 77 61 48 76 86 82 60 79 79 85 91 83 67 59 47 47 0 0 0 0 0 0 0 0 0 0 0 0 0 0 0 0 0 0 0 0 0 0
0 0 0 72 60 63 84 74 78 82 78 75 73 72 78 68 88 80 80 73 78 90 70 0 0 0 72 75 74 73 0 0 61 75 66 64 47 79 69 72 37 42 46 66 70 58 50 42 75 71 77 58 68 73 70 72 71 85 80 77 39 66 72 84 66 56 81 86 88 84 65 59 58 34 0 0 0 59 0 0 0 0 0 0 0 0 0 0 0 0 0 0 0 0 0 0
0 0 0 53 0 50 70 83 85 80 82 63 62 81 79 77 85 79 77 75 72 79 77 62 0 0 0 70 78 78 86 0 0 59 66 74 85 75 77 75 71 53 73 71 74 58 52 51 65 77 81 50 57 75 76 87 65 61 70 59 53 60 61 85 84 68 69 84 86 86 72 52 57 46 0 0 0 61 0 0 0 0 0 0 0 0 0 0 0 0 0 0 0 0 0 0
0 0 0 53 0 0 51 80 91 91 82 59 79 82 75 82 84 82 81 72 76 78 87 77 0 0 0 80 77 77 74 80 78 63 81 75 86 72 71 77 79 66 71 77 74 56 66 59 72 80 88 63 72 83 77 84 81 54 57 60 68 66 73 72 68 62 75 72 84 84 72 61 50 68 53 0 0 54 0 0 0 0 0 0 0 0 0 0 0 0 0 0 0 0 0 0
0 0 0 18 0 0 57 85 83 68 69 50 61 78 79 81 83 78 79 82 83 78 79 75 77 0 54 76 72 87 82 64 76 78 77 85 83 68 72 80 85 78 70 73 82 59 79 72 76 70 84 65 83 78 77 70 57 73 52 70 73 77 71 72 73 70 70 81 86 76 76 59 55 52 0 57 65 64 0 0 0 0 0 0 0 0 0 0 0 0 0 0 0 0 0 0
0 0 0 46 0 0 56 0 0 87 81 68 50 67 86 67 75 77 73 81 79 82 76 76 86 0 66 73 69 76 78 82 79 47 81 80 53 79 72 85 89 85 80 77 70 55 81 68 40 75 59 82 81 76 79 54 68 75 69 65 81 71 69 68 77 66 58 84 79 71 0 0 0 0 0 71 69 62 58 0 0 0 0 0 0 0 0 0 0 0 0 0 0 0 0 0
0 0 0 67 0 0 56 0 0 41 73 77 75 81 78 80 75 71 80 85 74 63 83 82 83 0 61 73 37 43 76 83 77 53 86 75 75 74 77 77 84 73 75 64 62 73 79 68 56 84 47 80 88 82 68 68 51 84 69 70 68 83 81 71 74 72 67 69 69 70 61 0 0 0 0 59 75 80 63 0 0 0 0 0 0 0 0 0 0 0 0 0 0 0 0 0
0 0 0 0 0 0 0 0 0 0 79 74 78 82 82 80 76 75 62 85 75 71 74 77 81 81 60 71 75 73 38 77 81 65 87 80 78 55 46 80 78 65 66 77 65 60 84 75 55 50 71 81 87 80 57 46 63 77 81 71 64 75 78 78 70 68 60 65 58 32 67 0 0 0 0 72 62 0 0 0 0 0 0 0 0 0 0 0 0 0 0 0 0 0 0 0
0 0 0 0 90 0 0 0 0 0 58 68 79 76 71 73 79 73 79 82 80 80 72 76 82 79 67 59 84 62 67 80 90 58 68 65 78 70 0 71 77 61 76 72 76 36 71 77 55 46 84 85 78 79 50 26 39 81 82 71 81 72 80 74 79 72 83 69 81 74 82 59 63 84 61 0 0 0 0 0 0 0 0 0 0 0 0 0 0 0 0 0 0 0 0 0
72 0 0 0 83 0 0 0 0 0 0 64 72 63 70 79 83 72 79 85 73 85 61 0 0 0 0 0 67 44 25 83 85 84 77 55 76 73 70 55 61 57 52 78 66 48 81 71 73 61 76 82 71 88 45 25 53 78 87 70 70 76 79 81 69 65 78 45 74 78 53 72 74 81 71 0 0 0 0 0 0 0 0 0 0 0 0 0 0 0 0 0 0 0 0 0
0 0 0 0 84 0 0 62 56 54 56 58 65 68 78 77 66 78 74 78 87 84 57 0 0 0 0 0 70 53 41 75 84 84 77 49 69 78 78 44 58 54 46 71 54 70 79 71 61 75 78 66 74 78 25 48 67 73 80 91 56 60 73 69 77 62 75 50 60 78 73 73 72 85 66 0 0 0 0 0 0 0 0 0 0 0 0 0 0 0 0 0 0 0 0 0
0 0 0 0 79 75 57 60 76 82 68 78 69 73 72 83 74 75 73 75 80 85 76 0 0 0 0 0 0 72 64 62 90 88 80 81 68 82 76 58 66 54 62 67 57 68 78 70 75 75 81 82 87 78 43 67 76 82 73 83 54 74 84 79 82 70 75 70 81 79 69 71 80 92 64 0 0 0 0 0 0 0 0 0 0 0 0 0 0 0 0 0 0 0 0 0
0 0 0 0 80 58 35 33 72 78 69 74 68 71 74 67 79 50 70 77 81 79 83 0 0 0 0 0 0 78 60 73 82 85 81 81 62 81 68 44 64 66 67 76 66 40 70 75 77 76 74 77 66 78 59 68 71 83 63 83 81 64 66 65 85 77 77 75 80 85 84 0 66 72 0 0 0 0 0 0 0 0 0 0 0 0 0 0 0 0 0 0 0 0 0 0
0 0 0 40 48 52 44 49 48 81 75 70 74 67 72 70 74 65 71 73 79 77 89 0 0 0 0 0 0 84 0 58 68 87 84 0 0 82 0 0 61 68 64 73 63 41 71 83 85 68 74 83 0 83 70 59 74 79 75 82 72 36 43 59 82 58 61 85 67 82 90 0 0 0 0 0 0 0 0 0 0 0 0 0 0 0 0 0 0 0 0 0 0 0 0 0
0 0 0 59 59 58 53 69 46 85 76 79 82 79 71 73 73 68 77 69 55 78 80 64 0 0 0 0 0 0 0 31 70 66 0 0 0 82 59 43 71 76 79 80 72 42 72 54 69 69 82 85 0 78 79 73 76 84 82 69 67 41 52 61 64 71 74 80 73 78 87 0 0 0 0 0 0 0 0 0 0 0 0 0 0 0 0 0 0 0 0 0 0 0 0 0
0 0 27 83 80 57 63 64 68 79 86 79 81 74 76 73 66 63 75 65 76 86 72 75 0 0 0 0 0 0 0 0 84 48 0 0 0 68 68 82 80 82 78 74 55 39 47 62 80 71 76 79 67 76 85 68 64 74 80 81 66 58 42 78 64 72 67 78 65 82 90 0 0 0 0 0 0 0 0 0 0 0 0 0 0 0 0 0 0 0 0 0 0 0 0 0
0 0 46 72 78 63 64 69 62 70 77 70 72 71 70 69 67 68 70 69 81 79 66 85 0 0 0 0 0 0 0 0 84 54 0 0 0 0 77 87 80 55 0 74 49 52 46 82 74 57 65 82 73 64 68 72 74 73 79 75 55 56 57 78 82 67 81 72 68 83 74 0 0 0 0 0 0 0 0 0 0 0 0 0 0 0 0 0 0 0 0 0 0 0 0 0
0 0 64 68 76 71 63 61 70 57 79 70 70 71 60 74 68 67 67 73 78 83 59 71 0 0 0 0 0 0 0 0 62 52 82 0 0 0 61 78 79 0 0 66 39 45 70 82 79 64 55 0 0 0 75 24 39 49 59 63 70 52 59 76 85 79 66 82 81 76 75 0 0 0 0 0 0 0 0 0 0 0 0 0 0 0 0 0 0 0 0 0 0 0 0 0
0 49 81 71 75 70 66 71 62 0 0 75 71 70 70 79 73 67 67 70 66 81 81 70 0 0 0 0 0 0 0 44 60 71 85 66 0 0 0 74 82 63 52 70 53 43 85 74 77 73 79 56 0 0 72 37 47 67 48 63 69 55 68 79 80 86 89 80 81 67 78 0 0 0 0 0 0 0 0 0 0 0 0 0 0 0 0 0 0 0 0 0 0 0 0 0
0 69 80 79 67 60 68 75 70 0 0 70 63 69 69 81 73 70 72 81 72 83 86 72 48 0 0 0 0 0 0 49 57 81 76 79 0 0 0 84 74 70 50 44 72 0 0 70 86 82 68 44 34 52 78 76 66 64 56 81 74 70 76 77 84 78 83 85 80 75 81 0 0 0 0 0 0 0 0 0 0 0 0 0 0 0 0 0 0 0 0 0 0 0 0 0
53 73 73 73 40 51 53 62 69 0 0 41 70 68 77 75 75 68 75 83 84 85 84 60 41 0 0 0 0 0 0 57 77 73 62 67 66 72 79 86 76 80 65 59 68 0 0 0 71 61 69 0 0 69 80 78 78 64 71 80 81 73 60 65 71 76 78 83 77 87 0 0 0 0 0 0 0 0 0 0 0 0 0 0 0 0 0 0 0 0 0 0 0 0 0 0
85 70 60 48 43 37 48 70 74 75 68 64 70 79 77 83 75 74 77 82 73 77 77 64 0 0 0 0 0 0 0 74 70 70 65 58 65 75 80 78 59 60 62 61 66 0 0 0 51 60 52 0 0 75 35 66 77 78 77 66 77 69 43 56 77 75 84 79 80 79 0 0 0 0 0 0 0 0 0 0 0 0 0 0 0 0 0 0 0 0 0 0 0 0 0 0
81 77 45 44 46 40 53 67 70 75 67 77 75 73 81 51 74 73 80 75 79 74 80 0 0 0 0 0 0 0 0 0 0 64 73 64 57 55 64 73 77 76 75 78 77 0 0 0 0 0 0 0 81 44 45 57 59 79 81 78 69 77 58 59 78 78 72 73 74 83 86 53 0 0 0 0 0 0 0 0 0 0 0 0 0 0 0 0 0 0 0 0 0 0 0 0
