data/Vilopriu_2013/ccf.asc
ncols 508
nrows 610
xllcorner 494272.38261041
yllcorner 4652115.6527613
cellsize 20
NODATA_value -9999
[rows 154 to 230 of 610, columns 192 to 287 of 508]
0 0 52 80 87 89 0 81 91 87 78 92 89 90 70 78 82 82 76 68 47 69 77 79 85 66 64 0 0 61 71 65 69 42 0 77 40 0 0 0 0 0 0 0 0 0 0 0 0 0 0 0 0 0 0 0 0 0 0 0 0 0 0 0 0 0 42 93 0 0 60 0 0 59 0 0 67 86 83 80 52 47 62 45 62 0 0 0 0 0 0 0 0 0 0 0
0 0 42 73 0 55 75 0 85 87 78 82 91 95 61 79 70 86 85 59 72 56 87 91 73 43 41 0 0 67 66 75 41 0 0 14 40 61 29 42 0 0 0 0 0 0 0 0 0 0 0 0 0 0 0 0 0 0 0 0 0 0 0 47 72 93 88 83 51 68 0 0 0 0 0 0 0 70 68 73 67 56 55 52 0 31 0 0 0 0 0 0 0 0 0 0
0 0 9 0 0 0 58 0 70 76 78 74 69 80 79 78 75 80 83 80 79 92 85 91 78 57 47 0 0 0 45 0 26 0 0 67 39 65 35 0 0 0 0 0 0 0 0 0 0 0 0 0 0 0 0 0 0 0 0 0 52 63 82 93 69 0 74 80 86 64 0 0 0 0 0 0 0 79 57 69 60 69 73 0 0 0 0 0 0 0 0 0 0 0 0 0
0 0 0 0 0 0 48 84 0 78 76 52 63 74 53 61 82 0 0 74 91 89 86 85 71 54 0 0 0 0 0 0 43 51 58 63 49 69 52 39 46 0 0 0 0 0 0 0 0 0 0 0 0 0 0 0 0 0 0 78 80 0 85 84 60 0 66 79 86 33 58 59 0 0 0 0 0 0 65 47 78 60 72 57 0 0 0 0 0 0 0 0 0 0 0 0
0 0 0 0 0 0 18 71 0 60 65 51 42 61 65 47 73 74 86 80 87 83 79 65 27 0 21 0 0 0 0 0 0 74 0 0 0 0 0 23 55 0 0 0 0 0 0 0 0 0 0 0 0 0 0 0 0 0 0 80 0 0 0 89 87 73 67 64 0 76 66 82 0 0 0 0 0 0 56 64 69 78 52 83 0 0 0 0 0 0 0 0 0 0 0 0
0 0 0 0 0 0 0 41 33 0 62 0 0 65 64 39 59 64 72 74 61 42 40 53 74 57 51 0 49 0 0 0 0 70 0 0 0 0 0 13 28 0 0 0 0 0 0 0 57 56 0 0 0 0 0 0 0 0 0 58 0 0 62 95 87 88 76 0 0 59 74 79 0 0 0 0 0 0 0 69 70 71 69 68 77 0 0 0 0 0 0 0 0 0 0 0
0 0 0 0 0 0 0 0 0 0 0 0 0 60 72 56 82 0 0 29 82 94 77 80 58 0 0 63 54 72 79 91 0 0 0 0 0 0 0 0 57 0 0 0 0 0 0 0 59 82 0 90 0 0 0 0 0 0 0 30 67 0 75 96 92 87 89 87 77 76 82 88 0 0 0 0 0 0 0 66 75 76 76 64 74 0 0 0 0 0 0 0 0 0 0 0
0 0 0 0 0 0 0 0 0 0 0 0 0 0 0 0 0 0 0 69 89 88 80 66 76 65 51 62 76 80 84 86 80 44 0 0 0 0 0 33 55 69 0 0 39 0 0 0 0 73 0 59 0 0 0 0 0 0 0 88 0 0 58 81 83 88 84 0 0 0 85 87 0 0 0 0 0 0 0 55 75 71 65 62 67 71 0 66 25 0 0 0 0 0 0 0
0 0 0 0 0 0 17 43 0 0 0 0 0 0 0 0 0 0 0 0 82 89 81 78 80 64 58 66 79 78 74 76 84 71 74 50 0 0 71 60 68 87 42 0 43 0 0 0 0 0 0 0 0 0 0 0 0 0 0 94 0 0 0 59 57 72 59 0 0 0 0 0 0 0 0 0 0 0 0 54 81 78 85 65 57 63 72 0 66 0 0 0 0 0 0 0
0 0 0 0 0 0 33 0 0 40 68 0 0 0 0 0 0 0 0 0 84 84 85 78 83 78 62 66 79 81 73 76 79 72 77 0 0 0 0 56 87 75 0 0 48 0 0 0 0 0 66 0 0 0 0 0 0 0 0 92 0 0 0 0 0 76 76 0 0 0 0 0 0 0 0 0 0 0 0 54 81 80 80 81 63 60 78 0 69 0 0 0 0 0 0 0
0 0 0 0 0 0 0 34 64 83 86 41 43 0 0 0 0 0 0 0 0 90 81 83 83 73 45 60 56 87 67 0 60 60 68 0 0 0 0 0 0 0 0 0 69 0 0 0 0 0 0 0 0 0 0 0 0 0 82 67 0 0 0 0 0 66 72 84 0 0 0 0 0 84 0 0 0 0 0 0 81 84 79 71 77 69 66 56 0 0 0 0 69 0 0 0
0 0 0 0 0 0 49 71 86 87 83 59 0 0 0 0 0 0 0 0 0 0 81 79 72 0 0 0 0 83 75 0 45 58 70 0 0 0 0 0 0 0 0 0 0 0 0 0 0 61 0 0 0 0 0 0 0 0 97 0 0 0 0 68 0 64 31 0 0 0 0 0 0 84 83 85 89 0 0 0 0 83 78 71 75 74 68 46 0 41 0 0 63 79 49 53
0 0 0 0 0 53 66 77 77 78 87 89 0 61 0 0 0 0 0 0 0 0 0 82 68 0 0 0 0 63 59 0 46 68 64 48 0 0 0 0 0 0 0 0 72 0 0 0 0 80 0 0 0 0 0 0 0 65 76 86 32 0 0 49 0 0 0 0 0 0 0 0 70 63 59 69 83 74 0 0 0 94 69 85 77 69 78 61 55 0 0 0 0 78 65 67
0 0 0 61 78 77 80 73 77 79 80 90 64 54 0 0 0 0 0 0 0 0 0 0 32 0 0 0 0 0 59 0 52 64 58 29 0 0 0 0 0 0 0 0 70 0 0 0 71 0 0 0 0 0 0 0 76 91 0 0 0 0 0 36 0 0 0 0 0 0 0 60 90 81 56 73 80 88 69 48 62 69 80 84 83 76 78 80 67 0 0 0 0 67 64 69
0 0 74 85 83 77 83 81 75 82 84 83 78 0 0 0 0 0 0 0 0 0 0 0 44 0 0 0 0 0 0 0 72 66 68 0 0 0 0 0 0 0 0 0 0 0 0 54 0 0 0 0 0 0 72 38 86 92 87 81 0 0 0 38 0 0 0 0 0 0 82 86 86 88 69 56 78 85 60 75 75 88 83 86 66 76 75 82 70 70 58 0 0 0 79 66
79 84 79 82 80 84 84 85 79 66 69 73 81 0 35 40 0 0 0 0 0 0 41 0 0 0 0 0 0 0 0 0 74 64 72 0 0 0 0 0 0 0 0 0 0 0 0 0 0 0 0 0 0 0 77 85 88 84 80 0 0 0 0 47 0 0 0 0 60 89 80 74 87 83 76 71 67 85 71 82 87 85 87 88 82 74 78 79 85 74 81 68 79 85 80 70
94 79 78 78 84 85 86 88 75 75 75 73 80 70 0 25 16 0 0 0 0 0 51 0 0 0 0 0 0 0 0 0 64 56 67 0 0 0 0 0 0 0 0 68 0 0 0 0 0 0 0 0 0 0 80 80 88 79 87 0 0 0 0 81 0 0 0 0 79 90 85 73 84 85 86 72 85 78 68 85 81 84 84 78 84 88 86 81 70 74 72 74 81 81 77 73
81 72 75 74 76 76 72 72 82 80 74 80 80 82 0 17 0 0 0 0 0 59 41 0 0 0 0 0 0 0 0 0 64 64 47 0 0 0 0 0 0 0 60 91 0 0 0 0 0 0 0 0 0 62 79 80 80 0 0 0 0 0 0 72 0 0 0 0 0 84 80 78 84 83 84 87 80 84 69 81 79 83 80 81 78 82 84 78 81 78 77 80 81 84 84 79
76 67 72 70 58 60 62 68 76 78 80 78 86 87 53 29 0 0 0 0 0 95 0 0 0 0 0 0 0 0 0 46 57 66 34 0 0 0 0 0 0 0 0 96 0 0 0 0 0 0 0 0 92 80 86 87 78 0 0 0 0 0 0 0 81 68 0 0 0 87 75 80 80 84 76 82 83 83 72 80 78 76 76 87 86 81 86 86 83 70 82 64 69 82 82 76
88 73 85 80 77 84 79 86 90 94 95 93 91 94 91 0 0 0 0 0 0 97 53 0 0 0 0 0 0 0 0 64 85 89 0 0 0 0 0 0 0 0 0 68 0 0 0 88 86 0 0 0 94 90 90 90 0 0 0 0 0 0 0 0 81 90 89 0 0 92 85 95 94 95 92 91 94 95 85 93 88 92 88 82 88 87 89 87 82 82 93 88 87 92 94 93
88 90 90 75 71 73 73 81 85 94 94 91 87 88 91 0 0 0 0 0 0 83 78 0 0 0 0 0 0 0 0 65 81 85 0 0 0 0 0 0 0 0 0 0 0 0 62 88 0 0 0 0 90 92 84 85 0 0 0 0 0 0 0 0 0 83 90 80 83 87 91 91 92 92 92 85 83 92 86 93 93 87 84 84 89 90 85 78 78 76 87 85 84 89 91 92
83 87 87 75 75 76 65 78 79 84 93 90 83 72 82 0 0 0 0 0 0 76 82 0 0 0 0 0 0 0 0 0 76 83 0 0 0 0 0 0 0 0 84 91 0 0 0 0 0 0 63 88 89 81 0 82 0 0 0 0 0 0 0 0 0 0 90 86 91 86 87 87 87 92 91 86 83 91 83 91 91 91 90 91 85 84 80 71 78 80 83 82 82 85 90 93
77 77 79 85 76 83 71 86 81 74 83 74 74 65 67 0 0 0 0 0 0 0 88 70 0 0 0 0 0 0 0 52 72 82 0 0 0 0 0 0 0 0 91 94 91 0 0 79 66 55 87 79 86 0 0 78 0 0 0 0 0 0 0 0 0 0 72 87 86 87 83 90 89 91 89 86 89 87 87 84 90 92 91 91 89 80 84 81 78 80 83 80 90 76 90 92
74 81 65 68 64 54 77 78 69 70 78 68 68 60 65 0 0 0 0 0 0 0 57 85 0 0 0 0 0 0 0 0 78 68 0 0 0 0 0 0 0 0 78 84 88 90 91 0 81 87 84 89 72 0 0 60 0 0 0 0 0 0 0 0 0 0 0 82 83 86 84 91 90 90 91 88 86 89 88 78 88 91 89 90 86 79 82 86 83 84 84 83 86 81 89 89
60 64 80 70 31 73 85 90 83 77 74 70 74 67 68 43 0 0 0 0 0 0 0 85 48 0 0 0 48 33 0 0 0 0 0 0 0 0 0 0 0 0 67 69 0 0 0 0 0 0 86 72 0 0 0 0 0 0 0 0 0 0 0 0 0 0 0 62 81 83 90 81 89 89 88 90 89 86 89 82 88 90 82 87 89 79 78 83 84 80 82 82 84 79 85 87
68 65 68 76 59 79 87 88 74 69 78 76 74 76 77 75 0 0 0 0 0 0 0 89 84 44 0 0 60 0 0 0 0 0 0 0 0 0 0 0 0 0 64 56 0 0 0 0 0 0 81 0 0 0 0 0 0 0 0 0 0 0 0 0 0 0 0 0 82 87 88 85 73 82 89 83 73 85 90 76 89 85 79 76 83 77 76 82 84 83 86 70 75 70 81 87
55 52 71 79 71 82 86 82 0 0 76 82 67 80 71 68 43 0 0 0 0 0 0 0 77 79 0 0 63 39 0 0 0 0 0 0 0 0 0 0 0 0 76 36 0 0 0 0 0 0 0 0 0 0 0 0 0 0 0 0 0 0 0 0 0 0 0 0 71 81 70 63 61 80 72 73 89 77 90 79 86 78 82 81 83 82 68 83 89 84 78 75 67 74 79 86
60 58 69 79 78 84 89 0 0 0 64 69 61 81 72 66 79 0 29 0 0 0 0 0 0 89 59 49 78 0 0 0 0 0 0 0 0 0 0 0 0 75 79 0 0 0 0 0 0 0 0 0 0 0 0 0 0 0 0 0 0 0 0 0 0 0 0 0 0 0 0 0 0 86 81 87 86 83 82 78 81 77 84 77 75 81 80 83 86 85 68 68 68 75 77 90
56 56 65 80 74 84 90 0 0 0 0 64 81 87 80 80 63 44 0 0 0 0 0 0 0 0 67 60 83 0 0 0 0 0 0 0 0 0 0 0 72 66 0 0 0 0 0 0 0 0 0 0 0 0 0 0 0 0 0 0 0 0 0 0 0 0 0 0 0 0 0 0 0 78 88 83 87 86 80 69 85 84 82 87 79 79 80 82 86 78 75 76 72 77 77 88
49 55 67 81 81 87 91 0 0 0 0 52 88 79 84 78 80 59 0 29 0 0 0 0 0 0 0 51 83 0 0 0 0 0 0 0 0 0 0 0 87 0 0 0 0 0 0 0 0 0 0 0 0 0 0 0 0 0 0 0 0 0 0 0 0 0 0 0 0 0 0 0 0 60 87 86 84 86 82 89 85 76 72 69 79 72 78 83 80 69 78 81 77 82 76 84
53 59 66 88 77 85 94 0 0 0 0 0 87 85 93 80 69 88 0 0 0 0 0 0 0 0 0 0 64 0 0 0 0 8 0 0 0 0 0 0 79 0 0 0 0 0 0 0 0 0 0 0 0 0 0 0 0 0 0 0 0 0 0 0 0 0 0 0 0 0 0 0 0 0 87 87 83 83 78 88 82 80 86 80 77 76 68 71 74 72 67 77 73 79 75 81
50 64 54 74 81 76 89 76 0 0 0 0 83 85 92 84 83 84 49 0 0 0 0 0 0 0 0 0 42 0 0 0 0 12 27 51 0 0 0 68 80 0 0 0 0 0 0 0 0 0 0 0 0 0 0 0 0 0 0 0 0 0 0 0 0 0 0 0 0 0 0 0 0 0 78 86 82 88 81 87 88 85 83 76 80 71 70 71 72 77 68 80 71 74 73 84
56 55 52 62 74 75 90 88 0 0 0 0 0 81 94 89 82 87 80 0 0 0 0 0 0 0 0 0 17 0 0 35 32 53 0 0 0 0 0 74 83 0 0 0 0 0 0 0 0 0 0 0 0 0 0 0 0 0 0 0 0 0 0 0 0 0 0 0 0 0 71 70 79 75 79 80 87 86 82 89 87 68 86 85 78 74 73 72 72 74 73 72 69 78 72 79
52 51 50 58 65 80 91 90 71 0 0 0 0 58 81 84 87 88 77 73 0 14 0 0 0 0 0 0 0 0 72 65 62 80 0 0 0 0 0 81 69 0 0 0 0 0 0 0 0 0 0 0 0 0 0 0 0 0 0 0 0 0 0 0 0 0 0 0 0 0 80 82 87 86 89 70 85 81 82 83 92 87 82 85 74 59 72 78 73 70 73 71 69 67 76 81
56 57 59 58 71 81 85 91 92 0 0 0 0 0 73 86 86 82 76 88 0 0 0 0 0 0 0 0 0 0 82 69 59 70 0 0 0 0 0 81 63 0 0 69 0 0 78 92 0 0 57 71 0 0 0 0 0 0 0 0 0 0 0 0 0 0 0 0 0 0 80 87 88 89 93 88 78 86 77 77 89 90 85 82 83 80 80 81 71 75 67 71 72 68 75 79
68 60 58 54 62 80 85 89 93 55 0 0 0 0 91 81 79 84 92 90 0 0 0 0 0 0 0 0 0 0 84 72 60 0 0 0 0 0 0 64 83 0 26 46 79 89 0 62 0 0 0 80 87 87 82 61 0 0 0 0 0 0 0 0 0 0 0 0 0 0 81 85 83 76 91 88 85 88 84 71 88 93 89 82 88 81 81 73 74 77 72 70 71 73 76 84
0 59 50 41 72 74 68 93 93 85 0 0 0 0 85 94 89 88 89 96 83 0 50 0 0 0 0 0 0 82 90 66 66 0 0 0 0 0 0 0 95 95 86 88 0 0 93 0 0 0 77 86 91 92 89 0 0 0 0 0 0 0 0 0 0 0 0 0 0 0 70 78 79 77 86 89 88 83 86 74 80 89 87 83 87 84 76 77 81 79 76 67 71 71 72 82
0 51 66 53 69 70 67 90 87 90 0 0 0 0 0 91 92 85 82 88 89 68 0 0 0 0 0 35 0 0 0 0 63 0 0 0 0 0 0 46 92 91 78 75 87 91 73 0 0 0 73 88 90 96 94 89 91 64 0 0 0 0 0 0 0 0 0 0 0 0 0 71 71 82 82 85 87 74 84 73 82 88 90 83 85 83 72 74 79 78 80 69 68 67 71 79
0 0 61 52 67 88 90 91 91 91 87 0 0 0 0 93 89 75 75 73 92 80 0 0 0 0 35 0 0 0 0 0 0 0 0 0 0 69 94 94 85 75 59 91 90 91 0 0 0 0 70 84 87 85 91 91 94 88 0 0 0 0 0 0 0 0 0 0 0 0 0 0 82 88 85 88 85 82 76 77 73 85 92 84 83 85 72 80 69 78 72 69 65 66 76 78
83 81 81 67 80 88 81 92 90 87 84 0 0 0 0 84 83 79 76 74 88 84 0 0 0 0 84 0 0 0 0 0 0 0 0 0 0 92 95 90 67 81 81 85 89 87 0 0 0 0 67 82 90 89 89 86 88 90 0 0 0 0 0 0 0 0 0 0 0 0 0 0 84 86 86 83 87 74 81 83 74 89 92 87 88 86 87 83 80 72 74 70 68 72 70 81
91 87 81 83 83 82 81 79 61 84 79 0 0 0 0 0 85 75 70 83 77 89 0 0 0 59 62 0 0 0 0 0 0 0 0 0 66 97 98 81 59 89 68 88 87 90 0 0 0 0 66 83 88 87 86 88 82 85 71 0 0 0 0 0 0 0 0 0 0 0 0 0 84 87 81 88 89 78 80 80 76 88 89 90 88 86 89 77 85 71 73 68 74 72 71 87
87 88 86 70 81 79 84 77 75 82 0 0 0 0 0 0 45 54 65 70 77 80 0 0 0 70 0 0 0 0 0 0 0 0 0 89 92 96 89 72 87 89 85 93 92 91 0 0 0 0 63 75 81 84 80 84 81 86 93 49 0 0 0 0 0 0 0 0 0 0 0 0 69 89 88 90 86 85 78 82 71 90 92 84 89 86 86 86 83 69 73 73 76 80 77 89
87 94 0 0 0 88 77 75 66 65 0 0 0 0 0 0 0 0 60 86 86 72 0 0 0 29 44 0 0 0 0 0 0 0 0 96 96 91 87 74 92 88 91 90 85 65 0 0 0 0 68 77 78 80 84 82 82 87 95 58 0 0 0 0 0 0 0 0 0 0 0 0 53 88 88 91 90 86 80 82 84 91 92 84 89 89 86 89 83 72 71 69 73 81 82 90
66 0 0 0 0 0 82 75 66 72 0 0 0 0 0 0 0 0 0 87 87 0 0 0 0 0 71 0 0 0 0 0 0 0 0 0 94 0 0 83 91 89 89 87 90 88 0 0 0 0 69 86 79 82 81 88 90 88 94 73 0 0 0 0 0 0 0 0 0 78 82 83 88 92 90 87 90 88 80 83 87 89 91 85 90 91 86 91 94 82 77 77 75 78 89 89
63 77 0 0 0 0 0 54 75 76 88 80 83 89 0 0 0 0 0 0 88 0 0 0 0 0 35 0 0 0 0 0 0 0 0 0 95 0 0 0 91 88 89 91 91 90 92 77 0 0 74 84 89 87 89 87 91 89 92 78 0 0 0 0 40 65 87 82 89 90 86 89 88 89 90 90 90 90 81 93 89 93 93 78 94 91 91 87 90 87 80 78 83 85 91 93
77 85 0 0 0 0 0 32 61 73 75 84 73 73 0 0 0 0 0 0 91 0 0 0 0 0 0 0 0 0 0 0 0 0 0 0 95 87 0 0 90 91 91 93 94 93 93 71 0 0 84 86 93 86 94 91 89 93 93 86 0 0 0 0 0 51 94 91 91 94 92 93 92 93 94 91 92 90 84 91 94 93 92 87 90 94 96 95 91 93 90 84 80 89 94 94
92 92 86 0 0 0 46 82 82 62 57 70 83 80 0 0 0 0 0 0 0 0 0 0 0 0 0 82 0 0 0 0 0 0 0 92 96 92 0 93 93 90 92 96 93 94 92 0 0 0 0 85 92 86 87 83 71 90 91 91 0 0 0 0 0 0 84 88 85 85 78 81 84 89 82 63 81 84 73 86 83 77 76 67 54 59 67 73 84 86 72 61 57 62 81 85
70 80 75 70 0 0 27 61 71 28 36 80 89 73 81 0 0 0 0 0 0 0 0 0 0 0 0 94 0 0 0 0 0 0 79 93 95 92 82 88 84 87 76 84 71 81 86 0 0 0 0 0 56 64 60 59 63 90 79 90 0 0 0 0 0 0 89 87 87 83 76 77 76 78 79 74 80 85 68 70 54 55 60 48 48 57 60 67 80 79 77 61 64 64 77 81
44 77 80 74 71 68 64 83 84 42 49 30 75 67 53 0 0 0 0 0 0 0 0 0 0 0 0 76 0 0 0 0 0 0 87 89 91 86 91 85 77 81 63 77 85 89 89 0 0 0 0 0 52 36 48 60 55 78 72 87 0 0 0 0 0 0 87 72 78 89 86 79 81 82 83 81 74 74 56 72 65 55 66 81 74 57 61 72 68 92 70 61 66 66 79 87
52 78 77 78 83 76 70 75 82 49 62 38 76 71 66 69 0 0 0 0 0 0 0 0 0 0 0 57 0 0 0 0 0 0 86 90 90 91 83 87 64 78 66 0 0 0 73 0 0 0 0 0 56 46 49 61 55 67 65 82 0 0 0 0 0 0 77 79 72 77 84 87 70 0 87 78 60 63 58 71 57 50 66 67 66 65 56 67 54 82 85 59 69 71 81 80
88 83 85 75 83 81 85 66 81 70 62 72 55 56 0 0 0 0 0 0 0 0 0 0 0 0 0 9 0 0 0 0 0 0 86 86 83 90 85 86 74 75 53 28 0 0 0 0 0 0 0 0 58 57 43 67 65 69 58 73 0 0 0 0 0 0 84 86 82 76 0 0 0 0 86 75 74 62 62 64 69 56 65 67 76 76 68 70 53 63 88 48 70 73 85 84
77 81 84 77 78 84 82 81 58 65 61 79 50 66 0 0 0 0 0 0 0 0 0 0 0 0 0 0 0 0 0 0 0 0 92 90 85 84 82 83 53 55 72 51 0 0 0 0 0 0 0 0 0 0 81 72 85 72 51 66 72 0 0 0 0 0 88 76 73 69 0 0 0 0 51 70 65 64 62 57 64 64 71 86 77 77 72 79 58 57 93 67 62 73 90 80
67 79 89 83 83 83 81 79 62 61 66 79 59 69 0 0 0 0 0 0 0 0 0 0 0 0 0 66 64 0 0 0 32 77 86 86 86 88 82 89 56 66 61 40 0 0 0 0 0 0 0 0 0 0 80 75 0 38 51 61 87 0 0 0 0 90 66 64 72 59 0 0 0 0 0 77 65 56 67 59 66 59 63 80 85 84 73 76 52 49 81 78 78 84 87 85
58 78 83 85 92 84 75 63 58 61 67 72 67 59 0 0 0 0 0 0 0 0 0 0 0 0 0 74 44 0 0 0 84 0 0 50 55 0 0 57 54 60 63 23 0 0 0 0 0 0 0 0 0 0 79 0 0 0 62 65 81 0 0 0 0 85 66 63 67 79 73 0 38 47 65 79 67 65 63 52 60 62 63 57 81 75 79 80 68 45 77 85 93 92 88 85
55 79 84 87 83 85 77 72 60 70 71 65 66 64 38 0 0 0 0 0 0 0 0 0 0 0 0 86 0 0 0 58 69 0 0 0 0 0 0 0 0 54 52 31 0 0 0 0 0 0 0 0 0 0 63 0 0 0 63 72 75 0 0 0 0 67 78 58 59 56 60 70 54 60 60 66 70 65 59 61 57 67 75 73 65 84 76 74 59 41 83 85 86 90 84 82
61 74 72 84 85 80 79 76 62 76 73 83 57 75 65 0 0 0 0 0 0 0 0 0 0 0 0 0 0 0 0 82 0 0 0 0 0 0 0 0 0 68 45 36 0 0 0 0 0 0 0 0 0 0 64 0 0 0 76 69 63 0 0 0 0 0 80 71 56 55 63 61 52 53 43 53 63 63 76 56 59 63 65 81 78 63 71 69 74 49 85 72 87 84 86 86
71 63 78 76 81 83 80 66 80 80 61 62 59 0 0 0 0 0 0 0 0 0 0 0 0 0 0 0 0 0 71 0 0 0 0 0 0 0 0 0 0 0 52 25 0 0 0 0 19 87 42 0 0 0 73 0 0 0 73 64 68 0 0 0 0 0 81 50 53 55 57 59 57 56 0 0 53 55 71 61 64 60 76 64 76 59 61 70 68 62 77 0 81 77 68 75
81 73 74 86 81 66 79 74 78 76 65 56 47 0 0 0 0 0 0 0 0 0 0 0 0 0 0 0 0 76 0 0 0 0 0 0 0 0 0 0 0 0 69 0 0 0 0 0 30 79 78 87 0 0 74 0 0 0 61 74 55 0 0 0 0 0 63 56 62 56 61 53 54 0 0 0 55 46 64 64 66 59 84 52 57 60 55 71 69 62 67 0 79 67 56 67
79 75 81 72 81 71 78 78 68 56 69 47 70 0 0 0 0 0 0 0 0 0 0 0 0 0 54 81 68 0 0 0 0 0 0 0 0 0 0 0 0 0 0 0 0 0 0 0 33 73 72 82 78 67 53 0 0 0 62 66 62 0 0 0 0 0 0 59 62 58 53 44 53 0 0 0 51 51 59 60 57 62 79 61 52 46 58 47 70 66 63 0 70 63 58 53
77 81 77 84 82 75 74 69 61 56 60 43 52 0 0 0 0 0 0 0 0 0 0 0 0 0 0 0 91 0 0 0 0 0 0 0 0 0 0 0 0 0 0 0 0 0 0 0 27 66 84 83 84 78 77 0 0 0 0 76 57 0 0 0 0 0 0 72 68 58 62 56 34 0 0 0 0 0 44 39 56 70 78 64 49 49 58 67 62 89 0 0 81 59 60 59
56 65 70 67 76 72 55 72 62 67 51 0 0 0 0 0 0 0 0 0 0 0 0 0 0 0 0 0 0 0 0 0 0 0 0 0 0 0 0 0 0 0 0 0 0 0 0 0 28 69 74 68 85 80 79 0 0 0 0 79 53 0 0 0 0 0 0 59 60 70 58 59 19 0 0 0 0 0 0 72 50 64 82 64 56 51 58 70 49 83 0 0 81 60 63 55
50 43 49 58 74 64 70 77 72 58 64 0 0 0 0 0 0 0 0 0 0 0 0 0 0 0 0 0 51 0 0 0 0 0 0 0 0 0 0 0 0 0 0 0 0 0 0 0 29 72 42 47 78 78 79 42 0 0 0 76 52 77 86 81 0 0 0 53 64 56 54 52 71 61 81 81 66 57 54 58 64 62 72 59 70 40 75 64 0 63 0 0 85 68 71 60
57 56 60 33 55 69 83 76 78 75 63 56 0 0 0 0 0 0 0 0 0 0 0 0 0 0 0 0 61 0 0 0 0 0 0 0 0 0 0 0 0 0 0 0 0 0 0 0 24 50 17 24 69 64 83 62 0 0 0 74 53 84 85 88 59 0 0 0 60 58 51 55 57 61 59 58 52 56 59 51 52 60 69 71 83 55 72 63 0 60 0 0 70 62 62 66
67 67 55 51 42 58 76 85 86 82 66 71 0 0 0 0 0 0 0 0 0 0 0 0 0 0 0 0 70 0 0 0 0 0 0 0 0 0 0 0 0 0 0 0 0 0 0 0 22 32 55 26 54 55 61 58 0 0 0 77 52 79 83 86 84 0 0 49 51 46 54 55 49 60 58 71 70 62 48 48 48 62 66 74 76 80 63 50 0 58 0 0 55 65 71 75
68 69 75 70 67 75 84 71 83 85 80 60 0 0 0 0 0 0 0 0 0 0 0 0 0 0 0 0 35 43 0 0 83 86 0 0 0 0 0 0 0 0 0 0 0 0 0 0 16 49 37 28 50 56 57 73 0 0 0 86 63 72 79 84 80 80 53 50 0 53 53 53 60 55 66 67 26 54 18 54 33 61 59 57 77 70 67 52 0 65 55 0 48 67 75 76
71 77 79 68 75 71 87 69 85 83 78 72 49 0 0 0 0 0 0 0 0 0 0 0 0 0 0 0 0 74 51 85 87 85 92 0 0 0 0 0 0 0 0 0 0 0 0 0 29 29 54 31 53 53 52 72 0 0 0 85 61 64 66 75 74 45 49 46 42 50 59 65 61 57 66 42 0 37 18 53 25 57 67 60 53 60 71 51 0 66 78 0 0 81 77 85
51 58 44 48 73 64 68 72 70 73 78 82 79 0 0 0 0 0 0 0 0 0 0 0 0 0 0 0 0 43 67 90 90 83 77 59 0 0 0 0 0 0 0 0 0 0 0 0 31 48 43 42 58 67 41 59 82 75 65 84 53 64 57 58 53 58 56 53 54 53 56 54 55 55 57 40 0 0 0 0 0 0 0 54 0 0 64 69 45 62 92 0 0 81 71 78
49 53 44 35 51 68 68 84 62 73 83 88 63 0 44 0 70 0 0 0 0 0 0 0 0 0 0 0 0 0 82 82 82 78 74 85 0 0 0 0 0 0 0 0 0 0 0 0 0 0 0 0 65 68 65 64 74 37 54 84 53 63 50 68 79 36 50 51 55 56 52 56 58 56 59 45 0 0 0 0 0 0 0 64 0 0 0 0 0 0 60 0 0 80 80 75
59 54 31 40 61 75 62 66 58 70 61 82 63 0 0 0 0 0 0 0 0 0 0 0 0 0 0 0 0 0 81 81 80 83 83 73 0 0 0 0 0 0 0 0 0 0 0 0 0 0 0 0 68 65 74 71 74 66 49 76 69 52 68 0 53 57 51 47 53 60 54 58 58 64 59 49 0 0 0 0 0 0 0 73 0 0 0 0 0 0 60 0 70 75 78 77
55 53 48 48 58 75 64 66 50 62 64 72 71 65 84 0 0 0 0 0 0 0 0 0 0 0 0 0 0 0 79 80 89 84 88 72 71 0 0 0 0 0 0 0 0 0 0 0 0 0 55 0 67 67 64 71 72 74 62 80 68 52 60 0 75 61 56 50 53 59 59 65 58 64 54 47 0 0 0 0 0 0 0 62 0 0 0 0 0 55 0 0 0 61 68 69
47 48 42 39 37 61 63 74 43 64 68 76 77 72 81 44 0 0 0 0 0 0 0 0 0 0 0 0 0 0 77 83 87 82 86 71 81 86 65 0 0 0 0 0 0 0 0 0 0 0 53 0 70 58 62 68 79 59 68 68 63 53 56 0 82 73 55 51 53 55 57 59 62 63 51 48 0 0 0 0 0 0 0 54 0 0 0 0 0 74 0 0 69 73 65 73
40 21 0 32 55 56 72 68 52 70 67 71 63 81 84 86 0 0 0 0 0 0 0 0 0 0 0 0 0 0 81 86 80 82 82 78 77 82 62 0 0 0 0 0 0 0 0 0 0 0 32 0 83 65 68 70 76 48 62 76 64 61 45 55 79 77 52 43 47 53 51 61 68 54 58 0 0 0 0 0 0 0 0 0 0 0 0 0 0 82 0 0 0 66 66 67
76 60 43 17 41 49 71 75 59 64 58 69 79 68 73 82 55 0 0 0 0 0 0 0 0 0 0 0 0 0 78 77 73 80 82 81 79 89 0 0 0 0 0 0 0 0 0 0 0 0 0 0 70 66 82 72 81 55 62 73 74 75 64 48 69 66 49 44 47 53 55 65 59 62 60 0 0 0 0 0 0 0 0 0 0 0 0 0 0 61 0 0 0 55 58 60
0 0 62 61 42 56 71 74 68 60 57 65 74 68 75 77 70 0 0 0 0 0 0 0 0 0 0 0 0 0 71 66 70 76 88 82 76 79 42 0 0 0 0 0 0 0 0 0 0 0 0 43 0 67 77 82 80 67 46 60 84 66 70 47 40 75 51 43 49 50 54 61 62 66 0 0 0 0 0 0 45 0 0 0 0 0 0 0 0 0 0 0 0 72 57 64
0 0 71 77 53 71 46 60 73 74 71 68 76 0 0 81 79 0 0 0 0 0 0 0 0 0 0 0 0 0 79 51 72 73 83 77 81 80 48 0 0 0 0 0 0 0 0 0 0 0 0 0 0 49 63 73 72 63 55 65 89 69 26 22 19 67 50 52 50 46 54 57 60 39 0 0 0 0 0 0 81 58 0 0 0 0 0 0 0 0 0 0 0 70 40 68
0 0 69 84 76 64 45 51 59 72 80 81 76 0 0 0 72 0 0 0 0 0 0 0 0 0 0 0 0 0 66 81 69 77 80 81 82 77 52 0 0 0 0 46 0 0 0 0 0 0 0 0 0 29 53 55 74 50 66 70 83 92 48 39 66 61 52 45 50 52 60 54 58 26 0 0 0 0 0 13 76 72 0 0 0 0 0 0 0 59 0 0 55 60 35 31
0 0 81 81 77 73 64 42 62 75 77 69 76 0 0 0 27 0 0 0 0 0 0 0 0 0 0 0 0 0 59 75 57 74 66 73 72 66 71 0 0 0 0 0 0 0 0 0 0 0 0 0 0 13 69 55 72 51 57 22 73 64 60 23 70 58 57 47 52 42 62 55 56 32 0 0 0 0 0 77 75 0 0 0 0 0 0 0 0 87 0 0 66 73 23 38
