data/Vilopriu_2013/ccf.asc
ncols 508
nrows 610
xllcorner 494272.38261041
yllcorner 4652115.6527613
cellsize 20
NODATA_value -9999
[rows 154 to 230 of 610, columns 0 to 95 of 508]
0 0 0 0 50 55 9 25 54 38 0 0 0 0 0 30 18 0 0 0 0 91 0 0 0 0 0 0 85 72 0 0 0 0 0 0 0 0 13 0 0 0 0 18 60 65 0 0 0 0 0 0 0 0 0 62 38 15 0 0 0 0 0 0 34 80 85 72 75 82 86 64 20 49 53 81 69 0 0 0 0 0 0 61 62 58 0 0 0 0 0 0 0 0 0 0
0 0 0 0 42 38 17 15 34 46 0 0 0 0 0 48 0 0 0 0 0 0 0 0 0 0 0 0 84 78 0 0 0 0 0 0 0 0 13 0 0 0 0 20 27 78 63 0 0 0 0 0 0 0 0 0 0 0 0 0 0 0 0 0 0 77 76 71 70 85 91 85 76 55 49 61 89 58 0 0 0 0 0 0 68 66 0 0 0 0 0 0 0 0 0 0
0 0 0 0 20 23 26 23 23 22 22 0 0 0 31 82 0 0 0 0 0 0 0 0 0 0 0 0 94 76 0 0 0 0 0 0 0 0 25 0 0 0 8 0 0 63 59 26 0 0 0 0 0 0 0 0 19 0 0 0 0 0 0 0 0 60 79 80 69 84 91 90 70 65 60 43 82 88 44 0 0 0 0 0 80 56 55 0 0 0 0 0 0 0 0 0
0 0 0 44 30 49 57 62 38 43 43 56 47 45 79 97 0 0 0 0 0 0 0 0 0 0 0 0 82 59 0 0 0 0 0 0 0 0 0 0 11 0 5 8 5 16 71 72 0 0 0 0 0 0 0 0 0 0 0 0 0 0 0 41 77 76 64 81 75 85 91 92 73 75 61 59 69 86 90 0 0 0 0 0 72 61 59 73 94 95 79 0 0 0 0 0
0 0 48 53 61 72 69 85 52 62 39 34 58 86 88 79 0 0 0 0 0 0 0 0 0 0 0 68 66 24 0 0 0 0 0 0 0 0 0 0 12 0 0 6 21 9 81 70 0 0 0 0 0 0 0 0 0 0 0 0 0 0 48 80 91 62 67 74 75 84 93 93 78 79 61 78 42 71 81 81 0 0 0 74 61 72 73 68 81 95 68 0 0 0 0 0
0 0 0 60 80 85 76 86 60 68 64 66 54 81 89 67 0 0 0 0 0 0 0 0 0 0 0 82 83 25 0 0 0 0 0 0 0 0 17 0 15 29 21 37 41 57 70 71 24 56 69 89 0 0 0 0 0 15 0 0 0 54 63 78 69 60 63 68 75 84 94 85 81 80 54 52 51 47 78 84 76 44 0 0 71 75 73 78 56 94 56 0 0 0 0 0
0 0 0 0 0 65 77 76 82 80 80 69 74 75 78 85 73 83 85 0 0 0 0 0 0 0 0 78 81 47 57 50 0 0 0 0 0 0 17 9 40 21 19 64 66 74 62 66 56 82 85 88 63 0 0 0 0 32 0 36 60 79 72 69 67 67 69 66 73 86 92 82 71 63 66 58 59 47 62 63 87 80 76 73 81 78 79 88 73 91 0 0 0 0 0 0
0 0 0 0 0 37 91 84 62 74 67 72 68 74 77 79 86 88 61 0 0 0 0 0 0 0 0 72 62 47 46 51 0 0 0 0 0 0 31 54 37 60 46 76 69 82 51 71 66 78 73 85 73 48 0 0 0 69 78 83 75 76 68 69 85 79 71 68 70 86 88 84 59 73 68 71 51 46 70 69 72 87 81 71 61 71 87 82 80 94 0 0 0 0 0 0
0 0 0 0 0 73 78 78 86 88 90 70 62 79 88 87 63 23 0 0 0 0 0 0 0 0 0 59 69 56 63 46 0 0 0 0 0 0 21 41 54 84 45 68 78 74 56 80 67 83 72 61 72 67 0 19 76 91 82 75 86 84 65 65 74 75 72 59 75 89 90 70 92 79 62 47 51 57 49 73 75 84 92 90 79 91 86 93 59 89 0 0 0 0 0 0
0 0 0 0 0 81 89 92 84 83 74 90 89 89 89 91 36 0 0 0 0 0 0 0 0 0 0 56 48 0 0 0 0 0 0 0 0 0 80 75 82 84 67 58 59 0 65 81 77 82 76 54 56 70 77 74 81 85 77 87 88 70 68 68 68 76 65 72 64 82 80 90 95 81 76 51 60 60 50 60 77 85 87 89 90 80 75 65 61 85 0 0 0 0 0 0
0 0 0 0 0 87 87 89 86 81 81 85 87 88 90 91 82 25 0 0 0 0 0 0 0 0 0 72 0 0 0 0 0 0 0 0 0 0 85 82 77 69 0 0 0 0 80 63 85 74 82 67 64 74 88 81 78 87 91 95 89 79 78 72 72 64 69 74 82 78 69 85 94 92 80 57 56 62 52 49 69 78 81 90 77 61 64 58 68 77 66 0 0 0 0 0
0 0 0 0 0 86 83 90 88 83 88 82 83 86 88 86 87 18 63 84 87 90 69 0 0 0 0 71 0 0 0 0 0 0 0 0 0 0 0 0 0 0 0 0 0 0 43 51 81 64 56 59 55 63 88 78 89 83 77 87 86 78 72 59 66 73 77 75 89 75 66 97 97 86 79 73 51 62 68 58 50 87 78 85 88 77 74 63 76 71 85 0 0 0 0 0
0 0 0 0 0 81 84 84 86 75 88 87 80 86 91 91 89 18 65 91 77 81 79 87 82 86 68 66 59 0 0 0 0 0 0 0 0 0 0 0 0 0 0 0 0 0 0 57 73 54 81 68 73 79 73 58 83 83 73 88 89 90 76 68 75 81 85 75 84 68 72 95 88 90 95 76 65 49 73 60 36 61 91 77 88 84 87 83 77 80 56 0 0 0 0 0
0 0 0 0 0 85 91 76 82 86 88 81 77 77 84 90 89 0 38 80 77 92 89 86 77 78 83 77 0 0 0 0 0 0 0 0 0 0 0 0 0 0 0 0 0 0 0 68 70 74 78 77 78 72 83 75 79 72 83 85 86 87 86 72 62 78 87 87 90 51 64 67 75 80 80 80 69 46 68 67 63 72 78 78 0 0 0 0 0 54 0 0 0 0 0 0
0 0 0 0 0 85 86 82 82 72 79 86 75 84 86 85 74 12 93 94 80 85 84 83 84 82 87 81 0 0 0 36 0 0 0 0 0 0 0 0 0 0 0 0 0 0 0 70 54 79 73 81 81 69 79 52 49 80 65 80 86 88 83 73 73 70 84 90 88 85 63 64 94 97 89 78 79 77 85 76 78 86 73 84 51 0 0 0 0 0 0 0 0 0 0 0
0 0 0 0 0 89 87 90 88 85 81 77 75 79 71 79 30 37 92 91 84 79 85 81 87 80 90 91 77 59 71 66 0 0 0 0 0 0 0 0 0 0 0 0 0 0 0 0 61 74 78 80 75 78 79 67 46 63 70 79 85 90 88 83 75 68 80 94 88 54 76 29 36 83 95 79 75 64 85 75 78 81 76 81 86 0 0 0 0 51 0 0 0 0 0 0
0 0 0 0 0 87 79 84 91 82 69 87 89 80 87 91 14 56 82 84 90 86 86 86 88 83 93 93 86 63 75 83 59 53 80 65 93 86 85 69 0 0 0 0 0 0 0 0 65 63 66 67 78 74 74 88 74 74 80 79 77 82 84 83 72 81 94 85 76 91 58 25 73 95 95 82 77 80 78 82 74 66 66 86 85 0 0 0 0 59 0 0 0 0 0 0
0 0 0 0 0 82 83 85 80 74 84 91 85 88 86 87 0 73 90 87 83 81 83 86 84 79 91 88 78 78 79 90 85 66 74 71 85 89 90 63 0 0 0 0 0 0 0 64 71 72 68 65 75 74 73 89 88 81 76 67 65 62 86 83 83 93 81 76 63 91 79 60 55 95 91 88 76 79 67 83 80 66 77 86 92 86 0 0 0 48 0 0 0 0 0 0
0 0 0 0 0 73 88 86 73 91 89 83 91 87 89 78 5 66 94 86 86 83 84 89 92 87 82 89 81 73 80 86 88 78 68 88 89 88 87 0 0 0 0 37 57 73 71 70 72 69 57 65 91 79 76 80 69 73 84 80 60 0 0 87 89 83 58 71 79 98 94 58 80 94 95 94 69 71 68 78 83 70 82 86 87 90 60 0 0 0 0 0 0 0 0 0
0 0 0 0 0 0 75 71 86 86 81 88 91 88 82 73 0 37 89 92 84 81 85 86 82 89 83 89 83 75 78 81 63 76 66 95 87 86 91 0 49 52 68 71 66 63 67 0 42 54 0 59 61 0 59 56 64 78 79 49 0 0 0 0 78 86 60 68 80 90 93 85 33 96 96 95 67 74 71 79 74 77 95 76 0 0 95 0 88 0 0 0 0 0 0 0
0 0 0 0 85 0 79 91 86 82 92 95 97 95 93 82 10 87 85 95 93 92 90 92 91 87 91 93 89 80 85 94 84 81 84 95 90 94 94 86 84 86 81 52 0 0 0 0 0 57 0 0 0 0 0 0 86 79 88 74 0 0 0 0 84 98 96 98 98 97 99 95 71 96 99 98 90 86 82 86 85 94 83 0 0 0 0 79 0 0 0 0 0 0 0 0
0 0 0 73 84 0 0 97 95 92 92 93 98 95 92 67 24 0 58 93 84 89 92 94 89 84 86 88 89 87 81 93 86 76 91 90 88 96 94 92 78 0 0 0 0 0 0 0 0 24 0 77 63 71 73 69 71 62 67 69 0 0 0 0 0 97 85 89 94 94 91 95 75 95 96 95 87 77 78 81 83 85 0 0 0 0 0 85 71 0 0 0 0 0 0 0
0 0 0 0 74 0 0 77 94 94 86 93 98 92 91 29 33 0 0 91 84 63 91 92 84 84 94 91 80 78 71 95 73 88 87 80 81 78 0 0 0 0 0 0 0 0 0 0 0 39 52 24 36 59 44 50 35 56 35 90 81 0 0 0 0 96 89 95 96 96 98 97 55 88 97 95 84 81 74 67 83 81 0 0 0 0 0 0 90 0 0 0 0 0 0 0
0 0 0 0 0 0 91 0 88 86 91 91 92 94 85 9 0 0 0 0 0 0 0 0 0 0 0 92 88 85 86 88 84 96 83 79 83 0 0 0 0 0 0 0 0 0 0 0 0 75 76 79 75 82 75 81 81 86 83 75 85 0 0 0 0 100 94 97 89 98 99 96 72 95 94 97 79 75 75 69 81 79 0 0 0 0 0 0 0 69 0 0 0 0 0 0
0 0 0 0 0 0 85 88 0 94 87 90 92 93 75 19 0 0 0 0 0 0 0 0 0 0 0 86 89 84 91 72 0 0 0 0 0 0 0 0 0 0 0 0 0 0 0 0 71 90 91 91 87 93 89 88 88 93 89 74 85 67 0 0 0 96 83 86 91 96 96 95 52 92 97 96 84 72 78 70 81 74 0 0 0 0 0 0 0 89 0 0 0 0 0 0
0 0 0 0 0 0 0 84 0 78 91 93 90 88 63 13 0 0 0 0 0 0 0 0 0 0 0 0 0 0 65 84 0 0 0 0 0 0 0 0 0 0 0 0 0 79 90 85 81 89 93 89 89 85 90 92 87 88 88 81 93 86 0 0 0 90 90 83 98 99 94 45 63 91 96 96 76 74 75 66 64 80 88 0 0 0 0 0 0 0 90 0 0 0 0 0
0 0 0 0 0 0 0 0 86 0 91 92 88 91 31 0 0 0 0 0 0 0 0 0 0 0 0 0 0 0 0 0 0 0 0 0 0 0 0 0 0 68 87 94 92 87 82 80 83 91 86 87 84 87 89 85 89 89 86 85 89 84 0 0 0 84 94 83 96 95 88 93 74 89 97 91 77 78 81 75 83 84 82 90 0 0 0 0 0 0 0 86 0 0 0 0
0 0 0 0 0 0 0 0 0 0 0 86 92 90 53 9 0 0 0 0 0 0 0 0 0 0 0 0 0 0 0 0 0 0 0 0 0 72 67 92 91 91 91 92 93 92 87 81 82 92 89 85 88 88 89 88 87 91 85 85 83 86 0 0 0 69 91 87 93 96 96 81 93 78 96 88 77 78 79 67 29 42 89 95 87 0 0 0 0 0 0 0 71 0 0 0
0 0 0 0 0 0 0 0 0 0 0 0 0 54 70 15 0 0 0 0 0 0 0 0 0 0 0 0 0 0 0 0 0 0 0 0 85 95 88 91 88 87 94 93 95 91 91 86 81 85 82 77 79 84 89 89 91 87 85 87 77 85 0 0 0 58 95 93 83 98 97 95 90 75 93 85 72 74 73 75 26 74 81 85 88 86 0 0 0 0 0 0 84 60 0 0
0 0 0 0 0 0 0 0 0 0 0 0 0 0 92 0 0 0 0 0 0 0 0 0 0 0 0 0 0 0 0 0 0 0 0 86 88 91 91 94 96 95 94 93 91 94 91 90 74 82 81 78 79 79 79 86 85 81 81 88 89 86 0 0 0 0 90 90 57 92 90 96 97 78 96 79 76 73 59 35 51 83 79 86 83 88 78 54 64 73 0 0 0 82 87 0
0 0 0 0 0 0 0 0 0 0 0 0 0 0 94 38 0 0 0 0 0 0 0 0 0 0 0 0 0 0 0 0 0 0 0 82 87 82 94 95 94 95 92 93 91 93 93 94 78 86 87 86 84 84 84 82 82 82 91 91 89 0 0 0 0 0 92 91 81 96 96 97 97 74 95 74 78 76 74 68 75 86 90 91 86 86 69 74 0 0 0 0 0 0 85 32
0 0 0 0 0 0 0 0 0 0 0 0 0 0 95 23 0 0 0 0 0 0 0 0 0 0 0 0 0 0 0 0 0 0 0 90 89 89 95 92 93 92 86 89 92 89 90 83 77 86 89 90 92 82 90 87 89 88 92 87 77 0 0 0 0 0 92 93 85 97 96 98 92 67 88 75 75 85 80 75 60 85 89 83 87 91 62 0 0 0 0 0 0 0 0 74
0 0 0 0 0 0 0 0 0 0 0 0 0 0 88 0 0 0 0 0 0 0 0 0 0 0 0 0 0 0 0 0 0 0 0 92 84 92 96 91 92 94 93 95 93 91 81 79 76 86 89 89 89 81 85 85 91 92 90 86 85 0 0 0 0 74 93 93 84 92 73 90 90 72 86 75 76 78 83 82 81 85 91 83 87 83 0 0 0 0 0 0 0 0 0 92
0 0 0 0 0 0 0 0 0 0 0 0 0 0 0 0 0 0 0 0 0 0 0 0 0 0 0 0 0 0 0 0 0 0 0 90 90 91 93 97 97 96 95 96 97 91 87 90 74 88 87 91 88 88 87 87 85 88 90 81 91 0 0 0 0 89 94 91 94 97 97 91 90 72 86 75 74 73 81 89 85 88 89 91 82 0 0 0 0 0 0 71 0 0 0 92
0 0 0 0 0 0 0 0 0 0 0 0 0 83 0 0 0 0 0 0 0 0 0 0 0 0 0 0 0 0 0 0 0 0 48 93 94 92 93 95 91 92 93 96 94 90 92 94 78 77 84 86 89 86 89 87 91 89 91 92 91 0 0 0 75 92 95 97 96 91 95 97 82 67 85 72 80 71 73 80 0 0 0 0 0 0 0 0 0 0 0 0 0 0 0 0
0 0 0 0 0 0 0 0 0 0 0 0 0 94 95 0 0 0 0 0 0 0 0 0 0 0 0 0 0 0 0 0 0 0 0 90 91 92 97 94 88 96 90 94 91 95 94 91 89 81 88 86 90 90 90 81 88 92 88 90 86 0 0 0 95 89 93 96 97 95 77 96 75 84 83 72 72 73 78 0 0 0 0 0 0 0 0 0 0 0 0 0 0 0 0 0
0 0 0 0 0 0 0 0 0 0 0 0 0 92 92 94 0 0 0 0 0 0 0 0 0 0 0 0 0 0 0 0 0 0 0 94 94 95 98 95 88 92 96 94 94 94 93 88 86 83 81 85 88 87 92 80 90 93 88 90 82 72 0 0 90 84 89 91 94 94 93 91 77 79 75 72 70 71 78 0 0 0 0 0 0 0 0 0 57 35 0 0 0 0 0 0
0 0 0 0 0 0 0 0 0 0 0 0 0 73 89 93 0 65 72 75 67 0 0 0 0 0 0 0 0 0 0 0 0 0 68 90 93 92 93 89 87 92 91 92 92 91 91 90 89 81 81 86 88 91 88 83 92 90 92 87 81 84 76 74 91 88 95 88 90 95 96 84 87 80 74 75 75 77 81 0 0 0 0 0 0 55 73 51 0 0 0 0 45 0 0 0
0 0 0 0 0 0 0 0 0 0 0 0 0 0 74 86 89 0 61 77 72 87 0 0 0 0 0 0 0 0 0 0 0 0 94 93 93 98 95 94 90 93 88 90 92 94 91 90 90 82 81 87 87 86 87 89 93 88 87 89 88 88 81 86 93 88 90 90 91 94 77 85 95 76 71 71 70 69 84 0 0 0 0 0 73 63 79 0 0 0 0 0 32 0 0 0
0 0 0 0 0 0 0 0 0 0 0 0 0 0 0 88 62 42 0 69 68 86 0 0 0 0 0 0 0 0 0 0 0 0 75 91 94 99 96 96 93 91 94 93 95 90 91 93 91 80 82 80 91 89 87 87 90 93 88 91 95 91 89 86 92 86 84 89 90 85 79 96 86 82 72 67 65 68 73 0 0 0 0 0 83 73 72 54 0 0 0 0 0 0 0 0
0 0 0 0 0 0 0 0 0 0 0 0 0 0 0 0 57 70 54 49 71 91 0 0 0 0 0 0 0 0 0 0 0 0 77 91 89 95 93 95 93 91 90 91 91 91 90 91 89 83 86 84 90 88 86 91 91 91 89 87 95 87 86 86 92 84 83 89 93 81 86 95 83 88 73 69 71 73 0 0 0 71 0 0 73 55 67 52 0 0 0 0 0 35 0 0
0 0 0 0 0 0 0 0 0 0 0 0 0 0 0 95 78 86 88 0 92 93 0 0 0 0 0 0 0 0 0 0 0 0 79 89 88 95 99 94 95 97 95 92 93 91 90 89 89 80 84 87 89 88 87 88 91 90 88 94 94 92 94 93 91 89 84 94 90 81 92 97 85 70 63 71 71 72 0 78 81 75 75 66 75 52 68 63 0 0 0 0 0 0 40 0
0 0 0 0 0 0 0 0 0 0 0 0 0 0 0 94 85 87 94 86 0 80 0 0 0 0 0 0 0 0 0 0 0 0 0 91 93 94 94 92 94 95 96 92 94 94 94 92 91 76 83 90 88 89 89 97 97 84 87 93 92 92 94 95 91 89 81 95 69 70 84 90 81 74 71 67 78 68 81 80 80 71 78 72 77 70 72 61 0 0 0 0 0 0 76 0
0 0 0 0 0 0 0 0 0 0 0 0 0 0 0 91 91 88 90 93 74 0 0 0 0 0 0 0 0 0 0 0 0 0 0 92 93 94 94 94 94 93 91 96 93 97 94 90 91 79 80 87 85 87 90 88 91 84 90 89 88 86 90 92 91 87 88 83 82 71 72 83 74 71 68 74 76 78 86 76 77 68 73 72 71 69 67 91 61 0 0 0 0 0 78 47
0 0 0 0 0 0 0 0 0 0 0 0 0 0 0 95 87 90 89 91 95 0 0 0 0 0 0 0 0 0 0 0 0 0 0 95 97 92 95 93 93 90 93 95 95 95 94 94 89 86 88 87 86 90 90 88 81 81 90 95 94 95 96 92 94 91 60 86 91 84 75 86 76 74 69 71 73 0 74 80 76 74 77 76 71 51 67 91 62 0 0 0 0 0 78 72
0 0 0 0 0 0 0 0 0 0 0 0 0 0 91 94 91 90 89 95 90 0 0 0 0 0 0 0 0 0 0 0 0 0 0 95 95 92 91 89 95 96 91 94 94 94 96 94 92 86 88 92 90 86 90 94 90 90 89 95 95 94 90 92 91 90 84 86 91 85 85 85 86 81 83 68 70 0 0 0 0 75 78 79 76 39 63 92 78 0 0 0 0 0 0 68
0 0 0 0 0 0 0 0 0 0 0 0 0 0 97 95 92 93 94 95 85 0 0 0 0 0 0 0 0 0 0 0 0 0 63 95 94 98 99 94 96 96 92 94 91 94 94 96 96 77 94 92 92 92 91 96 94 89 93 92 95 93 90 94 93 92 94 89 94 92 80 86 85 82 89 80 0 0 0 0 0 82 81 81 84 47 64 89 68 0 0 0 0 0 0 70
0 0 0 0 0 0 0 0 0 0 0 0 0 0 92 90 87 79 89 80 48 0 0 0 0 0 0 0 0 0 0 0 0 0 0 75 88 87 95 88 90 92 85 94 89 91 93 91 85 67 86 76 87 86 84 87 83 79 75 65 77 81 82 91 75 92 79 79 83 75 59 65 68 51 67 0 0 0 0 0 0 73 62 63 69 47 83 48 61 0 0 0 0 0 0 0
0 0 0 0 0 0 0 0 0 0 0 0 0 82 87 85 84 86 83 89 0 0 0 0 0 0 0 0 0 0 0 0 0 0 0 0 0 92 67 0 87 93 98 88 96 89 93 79 74 93 88 83 90 88 88 89 88 82 74 68 82 84 85 84 72 85 86 89 53 49 55 74 66 58 61 0 0 0 0 0 48 65 69 60 73 53 72 71 72 0 0 0 0 0 0 0
0 0 0 0 0 0 0 0 0 0 0 0 0 94 92 83 86 89 72 93 0 0 0 0 0 0 0 0 0 0 0 0 0 0 0 0 48 66 0 0 82 92 87 96 94 92 92 77 71 64 60 0 0 61 94 91 91 85 83 67 69 87 87 81 84 62 90 95 82 35 60 75 61 77 70 0 0 0 69 59 67 71 76 85 79 70 69 57 78 0 0 0 0 0 0 0
0 0 0 0 0 0 0 0 0 0 0 0 67 68 88 89 93 92 85 87 0 0 0 0 0 0 0 0 0 0 0 0 0 0 0 0 65 0 0 0 0 94 96 90 91 87 91 0 0 0 0 0 0 0 87 84 79 83 90 76 83 80 79 84 79 75 92 89 77 61 79 69 47 72 61 0 0 0 54 70 75 77 80 78 72 66 57 51 41 0 0 0 0 0 0 0
0 0 0 0 0 0 0 0 0 0 0 0 87 0 0 96 91 88 83 79 0 0 0 0 0 0 0 0 0 0 0 0 0 0 0 0 0 0 0 0 0 59 91 95 90 86 87 0 0 0 0 0 0 0 87 81 79 84 77 82 77 79 82 87 87 78 91 90 68 84 66 62 62 70 0 0 0 0 0 71 75 77 73 75 77 74 43 48 49 0 0 0 0 0 0 0
0 0 0 0 0 0 0 0 0 0 0 0 68 0 0 0 0 0 0 0 0 0 0 0 0 0 0 0 0 0 0 0 0 0 0 0 0 0 0 0 0 74 94 88 84 87 68 0 0 0 0 0 0 0 85 68 73 82 86 77 67 78 82 78 76 69 88 84 60 81 74 68 65 67 0 0 0 0 64 75 80 81 75 66 79 85 42 25 52 42 0 0 0 0 0 0
0 0 0 0 0 0 0 0 0 0 0 0 0 0 0 0 0 0 0 0 0 0 0 0 0 0 0 0 0 75 87 0 0 0 0 0 0 35 51 74 81 95 97 90 84 75 0 0 0 0 0 0 0 0 74 62 68 80 76 83 69 85 89 78 90 68 85 82 75 74 68 56 0 0 0 0 0 0 52 67 76 77 72 76 76 78 43 49 48 51 5 0 0 0 0 0
0 0 0 0 0 0 0 0 0 0 0 0 0 0 0 0 0 0 0 0 0 0 0 0 0 0 0 0 0 77 89 0 0 0 0 75 51 68 78 77 59 83 97 88 75 77 0 0 0 0 0 0 0 0 82 62 66 65 69 78 65 88 90 85 88 80 82 85 0 0 0 0 0 0 0 0 0 0 0 0 0 53 61 71 63 72 53 51 48 35 0 0 0 0 0 0
0 0 0 0 0 0 0 0 0 0 0 0 0 0 0 0 0 0 0 0 0 0 0 0 0 0 0 57 83 0 0 0 0 0 0 80 89 94 90 0 0 0 0 0 0 0 0 0 0 0 0 0 0 60 83 65 61 68 82 74 74 87 90 75 89 84 79 81 0 0 0 0 0 0 0 0 0 0 0 0 0 0 72 56 68 74 70 50 53 0 38 0 0 0 0 0
0 0 0 0 0 0 0 0 0 0 0 0 74 0 0 0 0 0 0 0 0 0 0 0 0 0 51 73 85 0 0 0 0 0 0 68 94 91 91 0 0 0 0 0 0 0 0 0 0 0 0 0 69 90 86 64 72 72 68 68 70 75 87 80 77 93 77 89 0 0 0 0 0 0 0 0 0 0 0 0 0 41 60 60 67 80 87 67 51 0 45 0 0 0 0 0
0 0 0 0 0 0 0 0 0 0 0 0 68 0 0 0 0 0 0 0 0 0 0 0 0 31 50 73 70 0 0 0 0 0 0 49 94 93 94 0 0 0 0 0 0 0 0 0 0 0 0 0 0 71 89 64 66 72 75 82 76 88 88 83 91 89 66 88 66 0 0 0 0 0 0 0 0 0 0 0 0 0 55 57 65 79 70 52 52 0 59 0 0 0 0 0
0 0 0 0 0 0 0 0 64 0 0 0 0 0 0 0 0 0 0 0 0 0 0 0 69 57 58 58 0 0 0 0 0 0 0 0 93 81 91 71 0 0 0 0 0 0 0 0 0 0 0 0 0 0 91 77 73 73 88 75 81 89 91 86 93 92 0 93 92 0 62 82 67 0 0 0 0 0 0 0 0 0 43 64 67 89 78 65 57 0 60 0 0 0 0 0
0 0 0 0 0 0 0 0 93 0 0 0 0 0 0 0 0 0 0 0 0 0 53 64 69 82 76 61 0 0 0 0 0 0 0 0 72 91 87 82 0 0 0 0 0 0 0 0 0 0 0 0 0 0 91 65 71 82 82 70 86 96 81 85 90 89 0 63 0 90 78 79 78 0 0 0 0 0 0 0 0 0 0 62 66 64 77 51 28 39 45 0 0 0 0 0
0 0 0 0 0 0 0 0 94 0 0 0 52 0 0 0 0 0 0 0 0 50 48 51 67 89 94 94 0 0 0 0 0 0 0 0 0 92 89 90 0 0 0 0 0 0 0 0 0 0 0 0 0 34 45 50 63 71 61 83 79 86 86 85 83 83 0 0 0 55 87 83 78 53 0 0 0 0 0 0 0 0 0 64 63 54 52 49 0 56 73 0 0 0 0 0
0 0 0 0 0 0 0 0 93 0 0 0 0 58 0 0 0 0 0 0 59 62 83 92 93 88 94 89 93 0 0 0 0 0 0 0 0 57 85 92 0 0 0 0 0 0 0 0 0 0 0 0 62 60 55 56 64 73 81 90 80 92 92 82 93 69 0 0 0 0 70 92 87 81 0 0 0 0 0 0 0 0 0 53 68 57 73 57 0 47 24 41 69 68 0 0
0 0 0 0 0 0 0 67 91 64 0 0 0 39 0 0 15 0 22 0 77 91 84 89 91 91 92 91 86 71 0 0 0 0 0 0 0 0 84 87 0 0 0 0 0 0 0 0 0 0 0 70 87 60 58 44 67 78 84 80 94 85 88 85 91 54 0 0 0 0 0 77 85 82 0 0 0 0 0 0 0 0 55 51 72 60 62 66 0 80 69 43 70 71 0 0
0 0 0 0 0 0 0 0 0 0 0 0 63 0 0 0 59 12 0 0 90 86 87 83 84 88 89 90 90 93 0 0 0 0 0 0 0 0 0 90 0 0 0 0 0 0 0 0 0 0 0 0 92 73 63 54 67 62 88 83 92 88 89 86 87 0 0 0 0 0 0 0 88 54 0 0 0 0 0 76 76 73 80 60 66 82 84 72 21 88 65 54 49 70 0 0
0 0 0 0 0 0 0 0 0 0 0 0 64 0 0 0 5 0 0 95 93 89 91 91 88 94 85 93 70 0 0 0 0 0 0 0 0 0 0 76 0 0 0 0 0 0 0 0 0 0 0 0 56 88 62 60 65 75 84 90 89 87 87 93 80 46 0 0 0 0 0 0 89 72 0 0 0 83 78 79 86 77 81 74 70 84 75 51 49 70 70 56 78 61 0 0
0 0 0 0 0 0 0 0 0 0 0 0 63 0 0 22 0 0 76 95 89 93 89 86 93 91 89 87 78 0 0 0 0 0 0 0 0 0 0 0 0 0 0 0 0 0 0 0 0 0 0 0 0 89 89 80 75 91 84 81 88 94 79 94 80 72 0 0 0 0 0 0 74 73 0 0 0 88 62 51 71 68 72 69 77 73 81 0 61 48 72 70 83 58 0 0
0 0 0 0 0 0 0 0 0 0 0 0 0 0 0 0 0 48 91 93 89 90 89 88 90 89 92 93 68 0 0 0 0 0 0 0 0 0 0 0 0 0 0 0 0 0 0 0 0 0 0 0 0 94 97 85 40 0 0 84 90 91 89 91 85 79 0 0 0 0 0 0 0 51 0 0 0 49 58 83 84 88 68 59 71 82 87 0 75 73 84 69 73 50 0 0
0 0 0 0 0 0 0 0 0 0 0 0 0 0 0 0 60 92 95 94 89 87 82 82 81 0 0 0 0 0 0 0 0 0 0 0 0 0 0 0 0 0 0 0 0 0 0 0 0 0 0 0 0 74 0 0 0 0 0 82 84 90 87 90 73 79 0 0 0 0 0 0 0 50 0 0 0 83 80 88 96 94 68 73 72 68 85 19 71 51 74 70 65 63 0 0
0 0 0 0 0 0 0 0 0 0 0 55 0 0 0 68 93 94 93 93 90 85 85 83 84 0 0 0 0 0 0 0 0 0 0 0 0 0 0 0 0 0 0 0 0 0 0 0 0 0 0 0 0 0 0 0 0 0 0 58 87 84 85 78 81 0 47 0 0 0 0 0 0 0 0 0 89 89 82 91 86 78 77 85 65 74 51 45 87 59 78 74 77 60 39 37
0 0 0 0 0 0 0 0 0 0 0 70 0 0 55 89 94 82 92 91 92 90 90 87 0 0 0 0 0 0 0 0 0 0 0 0 0 0 0 0 0 0 0 0 0 0 0 0 0 0 0 0 0 0 0 0 0 0 0 0 83 79 85 69 70 0 39 0 0 0 0 0 0 0 0 53 89 89 85 90 84 91 90 85 77 63 44 67 82 45 78 64 44 26 32 36
0 0 0 0 0 0 0 0 0 0 0 65 0 0 92 90 83 86 90 91 96 86 80 61 0 0 0 0 0 0 0 0 0 0 0 0 0 0 0 0 0 0 0 0 0 0 0 0 0 0 0 0 0 0 0 0 0 0 0 0 0 85 87 79 69 0 0 0 0 0 0 0 0 0 49 93 89 84 87 82 91 87 93 91 76 70 0 84 86 63 70 55 42 38 39 42
0 0 0 0 0 0 0 0 0 0 0 0 0 76 94 91 87 90 85 91 92 88 0 0 0 0 0 0 0 0 0 0 0 0 0 0 0 0 0 0 0 0 0 0 0 0 0 0 0 0 0 0 0 0 0 0 0 0 0 0 0 0 71 80 71 43 0 0 0 0 0 0 0 0 41 86 96 91 81 76 69 80 88 86 75 91 0 84 90 55 65 56 53 37 55 36
0 0 0 0 0 0 0 0 0 0 73 0 0 91 89 92 89 93 87 96 91 0 0 0 0 0 0 0 0 52 68 0 0 0 0 0 0 0 0 0 0 0 0 49 54 0 29 0 0 0 0 0 0 0 0 0 0 0 0 0 0 0 0 79 66 0 0 0 0 0 0 0 0 0 75 73 73 69 71 81 75 76 85 75 85 85 0 71 80 70 69 45 52 70 61 63
0 0 0 0 0 0 0 0 0 0 63 0 0 93 90 97 91 91 89 96 59 0 0 0 0 0 0 0 0 90 80 0 0 0 0 0 0 0 0 0 0 0 0 48 71 72 0 0 0 0 0 0 0 0 0 0 0 0 0 0 0 0 0 0 0 0 0 0 0 0 0 0 0 0 0 87 91 91 73 71 76 84 83 76 81 65 39 75 85 63 56 67 49 63 65 73
0 0 0 0 0 0 0 0 0 0 53 0 0 90 90 95 88 85 88 85 74 0 0 0 0 0 0 0 0 60 75 0 0 0 0 0 0 0 0 0 0 0 0 57 0 0 59 0 0 0 0 0 0 0 0 0 0 0 0 0 0 0 0 0 0 0 0 0 0 0 0 0 0 0 0 79 89 86 84 57 78 73 84 87 79 0 62 83 77 49 35 65 47 73 83 76
0 0 0 0 0 0 0 0 0 0 0 0 45 91 91 89 85 87 86 71 0 0 0 0 0 0 0 0 0 0 0 0 0 0 0 0 0 0 0 0 0 0 0 0 0 0 0 0 0 0 0 0 0 0 0 0 0 0 0 0 0 0 0 0 54 0 0 0 0 0 0 0 0 0 0 0 81 90 90 66 73 81 71 84 85 0 84 91 73 62 70 61 57 53 83 81
0 0 0 0 0 0 0 0 0 0 0 0 0 94 89 85 88 88 82 0 0 0 0 0 0 0 0 0 0 0 0 0 0 0 0 0 0 0 0 0 0 0 0 0 0 0 0 0 0 0 0 0 0 0 0 0 0 0 0 0 0 0 0 0 0 0 0 0 0 0 0 0 0 0 0 0 0 85 89 83 63 83 87 78 68 0 81 87 74 60 51 44 61 69 80 74
