data/handson/vilo100/cbd.asc
ncols 100
nrows 100
xllcorner 497392.38261041
yllcorner 4659615.6527613
cellsize 20.0
NODATA_value -9999
[rows 0 to 33 of 100, columns 0 to 76 of 100]
0 0.127715 0.151746 0.118511 0.107292 0.134846 0 0 0 0.0557826 0.0799287 0.117093 0.124595 0.127449 0.121062 0.126444 0.104402 0.0685876 0.172077 0.193729 0.166719 0.173863 0.168189 0.177313 0.177662 0.145898 0.157623 0 0 0 0 0 0 0 0 0.163637 0.127238 0.151919 0.137805 0 0 0 0 0 0 0.0951814 0.192222 0.206983 0.16876 0.212349 0.188494 0.195439 0.185784 0.169393 0.173703 0.143045 0.110715 0.0908071 0.165659 0.212437 0.0631437 0.108792 0.1263 0.135269 0.13811 0.150461 0.130564 0.113764 0.088616 0.117415 0 0 0 0 0.14299 0 0
0 0.115134 0.0834457 0.109583 0.133199 0.136598 0 0 0 0 0 0 0.110821 0.136159 0.161333 0.106951 0.0917715 0 0.18541 0.19021 0.202888 0.163521 0.160492 0.196096 0.186654 0.183635 0.209891 0.18031 0 0 0 0.140283 0 0 0 0.0927395 0.11017 0.111937 0.12807 0 0 0 0 0 0 0 0.175426 0.190463 0.167773 0.189713 0.160077 0.156122 0.1715 0.179243 0.155161 0.155759 0.086437 0.130746 0.158469 0.144034 0.0892031 0.130438 0.134779 0.126808 0.109259 0.145511 0.117736 0.117154 0.11168 0.166129 0.123484 0 0 0 0 0 0
0.0876093 0.113793 0.156254 0.0922629 0.138151 0.108287 0 0 0 0 0 0 0 0.14427 0.137731 0.131084 0 0 0.169538 0.172562 0.182718 0.161331 0.174236 0.189313 0.144368 0.182497 0.181787 0.164962 0.129754 0.130522 0.152153 0 0.0866429 0 0 0 0 0 0.117686 0.148135 0 0 0 0 0 0 0.143971 0.168435 0.177903 0.179979 0.13974 0.124947 0.160495 0.153288 0.152263 0.155629 0.0496476 0.126099 0.143485 0.147576 0.122044 0.121701 0.138065 0.105274 0.106344 0.107002 0.111076 0.143454 0.11269 0.157719 0.144063 0 0 0 0 0.156483 0.0535623
0 0.104854 0.199273 0.126889 0.12203 0.147876 0 0 0 0 0 0 0 0 0.131047 0.141892 0.110853 0 0.148289 0.145873 0.175895 0.188411 0.183494 0.198892 0.170581 0.152929 0.157861 0.158408 0.210269 0.178145 0.180048 0.128562 0 0 0 0 0 0 0.136539 0.14971 0 0 0 0 0 0.0759638 0.144792 0.164673 0.162973 0.166309 0.142703 0.146155 0.154581 0.159642 0.16585 0.105545 0.157911 0.156401 0.136524 0.110372 0.151648 0.177629 0.102673 0.108323 0.114889 0.120824 0.160509 0.127894 0.139768 0.206323 0.123985 0 0 0 0 0 0.109584
0 0.12271 0.190967 0.216839 0.152934 0.146779 0 0 0 0 0 0 0 0 0 0.149584 0.149308 0 0.119486 0.157813 0.167182 0.180899 0.155959 0.190028 0.162783 0.185953 0.155593 0.171937 0.187004 0.174354 0.172946 0.161847 0.108452 0.0973618 0 0 0 0 0.177496 0.167718 0 0 0 0.0774919 0.130054 0.13052 0.144456 0.156991 0.152071 0.152623 0.193812 0.123583 0.179113 0.167302 0.153463 0.107321 0.159073 0.104906 0.127985 0.117133 0.122964 0.154787 0.132726 0.104787 0.104269 0.123685 0.177168 0.146102 0.151455 0.162223 0.17681 0 0 0 0 0 0.0309521
0.163355 0.167479 0 0 0 0.142702 0 0 0 0.126616 0 0 0 0 0 0.0946089 0.144117 0 0.084918 0.174301 0.173871 0.169449 0.178839 0.149709 0.161431 0.159469 0.148077 0.180177 0.18079 0.172684 0.186914 0.188088 0.17804 0 0 0 0.110408 0 0.119684 0.17062 0 0.196278 0.141827 0.121591 0.123677 0.130793 0.15619 0.180112 0.181651 0.160017 0.143843 0.116632 0.150979 0.158045 0.154705 0.0406748 0.130707 0.144385 0.173633 0.187993 0.147209 0.144206 0.149803 0.148229 0.115812 0.127513 0.169198 0.142783 0.191228 0.165482 0.148232 0.0851452 0 0 0 0.0239031 0
0 0 0 0 0 0 0 0 0 0 0 0 0 0 0 0.117472 0.136121 0.14422 0.141099 0.151328 0.179592 0.17343 0.180431 0.181657 0.175114 0.157984 0.152276 0.176915 0.16844 0.190884 0.182608 0.159949 0.203664 0.175524 0 0 0.111077 0 0.145896 0.14037 0.130837 0.227351 0.121328 0.121371 0.117482 0.164261 0.157006 0.146462 0.155418 0.146892 0.137731 0.121972 0.196147 0.159677 0.165023 0.0561763 0.150461 0.136159 0.159459 0.146662 0.164952 0.150155 0.17713 0.166583 0.175749 0.129295 0.132478 0.108165 0.168693 0.145168 0.156876 0.115327 0 0 0 0.0534844 0
0 0 0 0 0 0 0 0 0 0 0 0 0 0 0 0.0831814 0.101465 0.119738 0.0963621 0.127346 0.175645 0.184763 0.166008 0.165351 0.172369 0.150181 0.176465 0.18409 0.199591 0.180247 0.16442 0.164652 0.192688 0.189833 0.180232 0 0 0 0 0.0930598 0.135473 0.189963 0.175676 0.123329 0.123052 0.131956 0.139222 0.14528 0.144092 0.144684 0.158927 0.171729 0.15884 0.152522 0.119577 0.0486804 0.121914 0.128578 0.129425 0.120445 0.161418 0.175125 0.155631 0.155642 0.146435 0.171145 0.162811 0.11271 0.132168 0.178781 0.191484 0.155718 0 0 0 0.0982543 0
0 0 0 0 0 0 0 0 0 0 0 0 0 0 0 0 0.0862819 0.0683294 0 0 0 0.146088 0.170499 0.160587 0.146706 0.146835 0.205497 0.173635 0.159249 0.172275 0.174868 0.186892 0.177615 0.232466 0.167849 0.132203 0 0.122762 0 0.0612445 0.159742 0.167385 0.155106 0.115425 0.120377 0.141001 0.157323 0.144126 0.18369 0.161974 0.146547 0.150409 0.19339 0.184317 0.0805102 0.15547 0.116918 0.138228 0.143122 0.120032 0.129417 0.131172 0.125577 0.113583 0.135551 0.149469 0.135829 0.101646 0.131111 0.149462 0.160967 0.132768 0 0 0 0 0
0 0 0 0 0 0 0 0 0 0 0 0 0 0 0 0 0 0 0 0 0 0 0.161067 0.167997 0.169103 0.205643 0.199581 0.166602 0.169122 0.149496 0.15702 0.180909 0.204052 0.191387 0.183647 0.136699 0.113655 0 0.137642 0.134622 0.163956 0.141862 0.140134 0.103949 0.1372 0.144663 0.162879 0.132867 0.157611 0.13564 0.134753 0.167023 0.171007 0.108476 0.0848867 0.113724 0.114262 0.131448 0.161639 0.121627 0.130296 0.131984 0.121038 0.127819 0.107396 0.108587 0.138138 0.138772 0.128429 0 0 0 0 0 0 0 0
0 0 0 0 0 0 0 0 0 0 0 0 0 0 0 0 0 0 0 0 0 0 0.12966 0.159424 0.195778 0.102928 0 0.161408 0.167544 0.16976 0.158606 0.201951 0.185671 0.183577 0.155847 0.138002 0.134636 0 0.124713 0.0587889 0.0389381 0.0937098 0.186002 0.160602 0.094429 0.123958 0.15513 0.146038 0.136525 0.177501 0.169953 0.13779 0.166508 0.085085 0.149477 0.117558 0.113661 0.138816 0.160147 0.125271 0.135939 0.151207 0.138093 0.142517 0.121198 0.111125 0.0825672 0.0941041 0.121214 0.0732496 0 0 0 0 0 0 0
0.136407 0.147766 0 0 0 0 0 0 0 0 0 0 0 0 0 0 0 0 0 0 0 0 0 0.112007 0 0 0 0.116026 0 0 0 0.101486 0.143703 0.136267 0.176305 0.155976 0.149052 0.125553 0 0.148272 0.0916812 0.072099 0.112685 0.112376 0.182343 0.130989 0.222337 0.12426 0.126369 0.156406 0.157861 0.142932 0.1167 0.154846 0.157839 0.117492 0.103268 0.11814 0.105836 0.110251 0.118588 0.127459 0.100525 0.109218 0.115832 0.103179 0.0944986 0.10447 0.124165 0.116234 0 0 0 0 0 0 0
0.102608 0.141894 0.0996378 0 0 0 0 0 0 0 0 0 0 0 0 0 0 0 0 0 0 0 0 0 0 0 0 0.0964233 0.161841 0.13206 0.157312 0 0 0 0.0751146 0.192029 0.174213 0.145848 0 0.137993 0.101763 0.0499074 0.111207 0.131666 0.137291 0.127396 0.13662 0.115661 0 0.155777 0.15717 0.145458 0.113815 0.0677116 0.141312 0.128418 0.111617 0.120339 0.0948458 0.103717 0.117833 0.0965763 0.0935926 0.130527 0.144354 0.112124 0.112591 0.126019 0.138 0 0 0 0 0 0 0 0
0 0 0 0 0 0 0 0 0 0 0 0 0 0 0 0 0 0 0 0 0 0 0 0 0 0 0 0 0 0 0.120352 0.0810818 0 0 0 0 0.156564 0.146162 0.131867 0 0.173735 0.0724764 0.0814644 0.142605 0.110434 0.10453 0.135196 0.125138 0.135522 0.120885 0.155305 0.185584 0.111912 0.118709 0.135291 0.113326 0.105442 0.107175 0.0971362 0.120958 0.133757 0.127923 0.0960007 0.0757905 0.127649 0.168638 0.137035 0.140414 0.118793 0 0 0 0 0 0 0 0
0 0 0 0.106985 0 0 0 0 0 0 0 0 0 0 0 0 0 0 0 0 0 0 0 0 0 0 0 0 0 0 0.0960206 0 0 0 0 0 0 0.170246 0.138605 0 0.122254 0.142577 0.129485 0.17209 0.115439 0.122599 0.133529 0.166465 0.144553 0 0.134055 0.194692 0.138991 0.101375 0.164044 0.132931 0.0925484 0.0675921 0.0674644 0.116695 0.13489 0.142297 0.108844 0 0.16479 0.192788 0.159016 0.15219 0.11765 0 0 0 0 0 0 0 0
0 0 0 0.143044 0 0 0 0 0 0 0.0649003 0.0408544 0.0639397 0.0284142 0 0 0 0 0 0 0 0 0 0 0 0 0 0 0 0 0 0 0 0 0 0 0 0.130138 0.146018 0.136159 0 0.13229 0.10684 0.0723526 0.141425 0.144178 0.13564 0.155075 0 0.141821 0.0756078 0.173423 0.145596 0.0866889 0.150334 0.157914 0.125967 0.117548 0.106404 0.0525199 0.115922 0.0848253 0.085004 0.103866 0 0.160478 0.158195 0.117297 0 0 0 0 0 0 0 0 0
0.13076 0.114431 0 0 0 0 0 0.110749 0.0388421 0 0.0697919 0 0 0 0 0 0 0 0 0 0 0 0 0 0 0 0 0 0 0 0 0 0 0 0 0 0 0.0810549 0.147935 0.155086 0.101406 0 0.121599 0.115796 0.112755 0.125599 0 0 0.112005 0.0971766 0 0.12454 0.0942908 0.103514 0.165426 0.171919 0.101141 0.100153 0.104391 0.146864 0.0955041 0.0741113 0.0980677 0.138665 0 0.123629 0.130273 0 0 0 0 0 0.1034 0.0573271 0.110266 0 0
0.122978 0 0 0 0 0 0 0 0 0 0 0 0 0 0 0 0 0 0 0 0 0 0 0 0 0 0 0 0 0 0 0 0 0 0 0 0 0.102895 0.130716 0.140445 0.138911 0 0.155407 0.134154 0.119986 0.082723 0.118053 0.207972 0.142397 0.114447 0.141137 0.0881252 0.0775372 0.127423 0.205691 0.193265 0.129145 0.101699 0.127975 0.12809 0.155818 0.126594 0.0626855 0.140453 0 0.104587 0.155379 0 0 0 0 0 0.104264 0.0124492 0.0956599 0.0710143 0
0 0 0 0 0 0 0 0 0 0 0 0 0 0 0 0 0 0 0 0 0 0 0 0 0 0 0 0 0 0 0 0 0 0 0 0 0.105149 0.119546 0.145074 0.139865 0.13298 0.126835 0 0.172672 0.145617 0.0913709 0.132686 0.213954 0.14951 0.0891558 0.158466 0 0.116692 0.208499 0.214331 0.173736 0.132066 0.123816 0.175354 0.152517 0.11238 0.0910641 0.108621 0.088657 0.0972079 0.120881 0.121808 0.100663 0 0 0 0 0.0703263 0.0663707 0.0699965 0.13384 0
0 0 0 0 0 0 0 0 0 0 0 0 0.113697 0 0 0 0 0 0 0 0 0 0 0 0 0 0 0 0 0 0 0 0 0 0 0 0 0 0.108255 0.141721 0.162248 0.146338 0 0.136288 0.147338 0.126444 0.108816 0.173648 0.166807 0.142245 0.0852887 0.147632 0.179745 0.187974 0.164801 0.163934 0.0937909 0.114141 0.126169 0.141029 0.149808 0.0880334 0.133874 0 0 0.110812 0.113213 0.100547 0.145635 0.122832 0 0.124923 0.0569441 0 0 0 0
0 0 0 0 0 0 0 0 0 0 0 0.149816 0 0 0 0 0 0 0 0 0 0 0 0 0 0 0 0 0 0 0 0 0 0 0 0 0 0 0.0716927 0.135495 0 0.138932 0.139831 0 0.136585 0.142189 0.104192 0.132179 0.184132 0.144046 0.0908002 0.148105 0.170569 0.213655 0.193056 0.115525 0.124159 0.162233 0.222382 0.188439 0.141082 0.0492585 0.0791889 0 0 0.134167 0.118416 0.140501 0.0648529 0 0 0.0247769 0.0536273 0.0882368 0.0627311 0.0804668 0
0 0 0 0 0 0 0 0 0 0 0.181183 0 0 0 0 0.0885225 0 0 0.0351381 0 0 0 0 0 0 0 0 0 0 0 0 0 0 0 0 0 0 0 0.0231052 0 0 0 0.115368 0 0.116718 0.123369 0.110186 0.0981716 0.134867 0.111067 0.139794 0.124538 0.179286 0.205719 0.208712 0.14509 0.162736 0.171303 0.216962 0.153653 0.136532 0.139386 0.107926 0 0 0 0.0861756 0 0.0363981 0 0 0.150986 0.0810103 0.107274 0.125672 0 0
0.131353 0 0 0 0 0 0 0 0 0 0 0 0 0 0 0 0 0 0.026554 0.109013 0.0365755 0 0 0 0 0.0727739 0 0 0 0 0 0 0 0 0 0 0 0 0 0 0 0 0.0997696 0.111666 0 0.142686 0.139471 0.0802653 0.0991075 0.113762 0.0944823 0.107032 0.126951 0 0 0.142858 0.149891 0.133073 0.170257 0.144005 0.13296 0.090295 0 0 0 0 0 0 0.0598605 0.0687926 0.130923 0.149321 0.094074 0.0953269 0.093937 0.0635144 0.0737882
0 0 0 0 0 0 0 0 0 0.0899776 0 0 0 0 0 0 0 0 0 0.0254326 0.0676369 0 0 0 0 0 0 0 0 0 0 0 0 0 0 0 0 0 0 0 0 0 0.0312539 0.107367 0 0.12282 0.106238 0.0983903 0.0778047 0.169238 0.16126 0.124494 0.0984547 0.121118 0.23098 0.144334 0.126715 0.164015 0.181807 0.128112 0.0393688 0 0.0443704 0 0 0 0 0 0 0.133856 0 0 0 0 0 0.0338584 0.087973
0 0 0 0 0 0 0 0 0 0.148028 0.156242 0 0 0 0 0 0 0.113001 0.0625552 0.0603301 0.048339 0 0 0 0 0.0481131 0 0 0 0 0 0 0 0 0 0 0 0 0 0 0 0 0 0.0630761 0.159077 0 0.107964 0 0 0.165033 0.169692 0.117411 0.141259 0.0844314 0.117922 0.1138 0.108657 0.0817028 0.127766 0.0886522 0.131592 0.0835814 0.098986 0 0.108213 0 0 0 0 0.125993 0 0 0 0 0 0.0301432 0.0704605
0 0 0 0 0 0 0.104085 0.154682 0.143651 0.150873 0.173812 0.131505 0 0.072754 0.100184 0.0957682 0 0 0 0 0.0451032 0 0 0 0 0 0 0 0 0 0 0 0 0 0 0 0 0 0 0 0 0 0 0 0 0 0 0 0 0.158272 0.196578 0.13816 0.191574 0 0 0.0550347 0.130299 0.176226 0.185645 0.133633 0.126885 0 0 0.104856 0.102809 0.130773 0.147411 0.143711 0 0 0 0 0 0 0 0 0.112517
0 0 0 0 0.0966263 0.157687 0.126885 0.142906 0.148421 0.141308 0.141926 0.145788 0.141563 0.150215 0.189701 0.171456 0 0 0 0 0 0 0 0 0 0 0 0 0 0 0 0 0 0 0 0 0 0 0 0 0 0 0 0 0 0 0 0 0 0 0 0 0 0 0 0.126371 0.124777 0.150229 0.156198 0.116378 0.134623 0.148067 0.136956 0.138461 0.14463 0.17441 0.174353 0.162237 0.158247 0.079893 0 0 0 0 0 0.0840198 0.120927
0 0 0.12333 0.150968 0.133185 0.120741 0.160602 0.170337 0.173695 0.126731 0.131649 0.136636 0.139114 0.179233 0.188892 0.124927 0.0833564 0 0 0 0 0 0 0 0 0 0 0 0 0 0 0 0 0 0 0 0 0 0 0 0 0 0.0378784 0.106835 0 0 0 0 0 0 0 0 0 0 0 0 0.13493 0.157454 0.136656 0.148307 0.150134 0.128849 0.114042 0.121709 0.131712 0.16251 0.152876 0.161563 0.179717 0.167516 0.156317 0.100274 0 0 0.118646 0.102186 0.108331
0 0.141171 0.142967 0.156481 0.139824 0.141167 0.19022 0.174112 0.175959 0.173101 0.183894 0.16291 0.139866 0.135849 0.198205 0.119627 0.14481 0 0 0 0 0.0929262 0 0 0 0 0 0 0 0 0 0 0 0 0 0 0 0 0 0 0 0 0.0799204 0 0 0.0849611 0.153796 0 0 0 0 0 0 0 0 0 0.154557 0.134078 0.174126 0.125034 0.162186 0.17984 0.114833 0.156674 0.152777 0.153655 0.144964 0.168011 0.184629 0.151812 0.140595 0 0 0 0 0.103979 0.171931
0.143531 0.113985 0.129217 0.152541 0.118748 0.132956 0.132452 0.140276 0.15871 0.16551 0.153001 0.184487 0.178907 0.194336 0.134309 0.122841 0.190557 0.102688 0 0 0 0 0 0 0 0 0 0 0 0 0.102649 0 0 0 0 0 0 0 0 0 0 0 0 0.0764101 0.133375 0.184466 0.15621 0.0717219 0.0557231 0 0 0 0 0 0 0 0 0.141331 0.142317 0.118383 0.149545 0.137044 0.0946089 0.088674 0.0895829 0.167334 0.126463 0 0.121381 0.151942 0.141427 0 0 0 0 0 0
0.128822 0.125603 0.167173 0.118035 0.167664 0.190707 0.172075 0.174068 0.246228 0.184147 0.167749 0.127978 0.134939 0.143883 0.141801 0.124723 0.144261 0.133922 0.111591 0.118814 0.113491 0 0 0 0.103861 0 0 0 0.118021 0 0 0 0 0 0 0 0 0 0 0 0 0 0.0721935 0.125157 0.150201 0.146613 0.142549 0.126068 0 0 0 0 0 0 0 0 0 0 0.0968164 0.098292 0.110382 0 0 0 0 0.172981 0.136535 0 0.099784 0.147908 0.154702 0 0 0 0 0 0
0.154535 0.159852 0.147365 0.159051 0.14018 0.147916 0.152375 0.136907 0.16339 0.18704 0.195898 0.181764 0.14767 0.127044 0.142031 0.124939 0.151109 0.143571 0.142686 0.155803 0.182553 0.121309 0 0 0 0 0 0 0 0 0 0 0 0 0 0 0 0 0 0 0 0.121975 0.168641 0.141618 0.171097 0.164393 0.138899 0.157025 0 0.0878672 0 0 0 0 0 0 0 0 0 0.147867 0.0916716 0 0 0 0 0.116225 0.133021 0 0.0968306 0.161891 0.136006 0.0949855 0 0 0 0 0
0.143537 0.126859 0.117354 0.118226 0.157452 0.113938 0.142249 0.149805 0.164981 0.169813 0.174638 0.169706 0.1881 0.128894 0.130766 0.139708 0.148309 0.134759 0.146167 0.147004 0.151799 0.189567 0.188814 0.112889 0 0 0 0 0 0 0 0 0 0 0 0 0 0 0 0.103496 0.146183 0.174378 0.142204 0.140394 0.150807 0.142237 0.126312 0.136255 0.0981951 0.0785598 0 0 0 0 0 0 0 0 0 0 0.0613301 0 0 0 0 0 0.137184 0 0.112171 0.137226 0.135886 0.0627166 0 0 0 0 0
0.14067 0.118268 0.127438 0.110831 0.133927 0.121345 0.145949 0.138024 0.128919 0.147489 0.17354 0.159048 0.183621 0.177094 0.139273 0.136478 0.139052 0.13312 0.142712 0.151939 0.159329 0.161941 0.1657 0.185088 0.119313 0 0 0 0 0 0 0 0 0 0 0 0 0 0.174526 0.161056 0.140384 0.142604 0.15904 0.159478 0.143872 0.152818 0.147767 0.138883 0.140842 0 0 0 0 0 0 0 0 0 0 0 0.113961 0 0 0 0 0 0 0 0.158042 0.148869 0.158512 0 0 0 0 0 0
