data/handson/vilo100/cbd.asc
ncols 100
nrows 100
xllcorner 497392.38261041
yllcorner 4659615.6527613
cellsize 20.0
NODATA_value -9999
[rows 34 to 67 of 100, columns 0 to 76 of 100]
0.131357 0.144199 0.164477 0.132658 0.13118 0.151675 0.15098 0.147081 0.139149 0.12848 0.133568 0.134291 0.168235 0.171533 0.140819 0.136195 0.152295 0.161283 0.143678 0.141826 0.179157 0.160287 0.171326 0.200212 0.153173 0 0 0 0 0 0 0 0 0 0 0.0811882 0.163331 0.182192 0.180925 0.153739 0.141127 0.140554 0.164546 0.170894 0.182766 0.141696 0.168721 0.162896 0.174146 0 0.0618896 0.0766698 0 0 0 0 0 0 0.0704149 0 0 0 0 0 0 0 0 0 0.145288 0.144173 0.16435 0 0 0 0 0 0
0.137877 0.159118 0.162278 0.179615 0.130957 0.130943 0.134726 0.148886 0.152953 0.127356 0.140706 0.131851 0.172912 0.119908 0.12264 0.159722 0.156799 0.150789 0.153915 0.143784 0.133274 0.139296 0.162112 0.210117 0.122394 0 0 0 0 0 0 0 0 0.080329 0.0541348 0.127751 0.14754 0.152931 0.168707 0.177599 0.145047 0.151883 0.168852 0.192714 0.165798 0.184812 0.161727 0.156614 0.161747 0.128834 0 0.0595193 0.0343956 0 0 0 0 0 0.0803436 0 0 0 0 0 0 0 0 0 0.122939 0.113033 0.13189 0 0 0 0 0 0
0.127662 0.160843 0.154119 0.142524 0.154326 0.132761 0.126086 0.13824 0.154276 0.1469 0.122532 0.130998 0.124461 0.134222 0.131103 0.14835 0.161993 0.224433 0.16184 0.138739 0.141177 0.155583 0.154984 0.157337 0.0855121 0 0 0 0 0 0 0 0 0.139454 0.128062 0.151108 0.172855 0.170672 0.142404 0.151797 0.155751 0.136823 0.146329 0.152012 0.201164 0.170566 0.157752 0.166863 0.141826 0.174555 0 0.0382058 0 0 0 0 0 0.137976 0.0631026 0 0 0 0 0 0 0 0 0 0.128029 0.13992 0.0872206 0 0 0 0 0 0
0 0.212514 0.160607 0.165921 0.157931 0.156509 0.111703 0.128736 0.118234 0.11835 0.136526 0.130327 0.142712 0.14956 0.167341 0.161613 0.170242 0.168506 0.183749 0.201184 0.155157 0.13858 0.166791 0.156758 0 0 0 0 0 0 0 0 0 0.129963 0.163306 0.136159 0.144726 0.133128 0.141928 0.13196 0.128203 0.137274 0.17122 0.172691 0.182335 0.178466 0.17721 0.150342 0.152626 0.157347 0.128545 0.0380358 0 0 0 0 0 0.214665 0 0 0 0 0 0 0 0 0 0.0905795 0.117385 0.167807 0.0672567 0 0 0 0 0 0
0 0.146607 0.152533 0.153806 0.17103 0.204908 0.172105 0.15597 0.172648 0.164984 0.161743 0.163293 0.18493 0.190517 0.19143 0.171931 0.173882 0.16718 0.198991 0.18422 0.215875 0.150858 0.157676 0.174317 0 0 0 0 0 0 0 0 0.0987615 0.147495 0.14718 0.179071 0.147501 0.113491 0.143144 0.158226 0.170642 0.191038 0.173003 0.195192 0.173441 0.173948 0.205129 0.197251 0.191845 0.180476 0.227817 0 0 0 0 0 0 0.158873 0.122401 0 0 0 0 0 0 0 0 0.110314 0.175034 0.207858 0 0 0 0 0 0 0
0 0 0.172164 0.170692 0.169775 0.17532 0.205322 0.157732 0.12873 0.168717 0.173828 0.19346 0.188277 0.182059 0.202034 0.21158 0.242779 0.208665 0.192335 0.175736 0.209837 0.231612 0.208891 0.189989 0.172111 0 0 0 0 0 0 0 0 0.142853 0.156099 0.156941 0.184824 0.202331 0.180001 0.164212 0.158594 0.1249 0.200682 0.208333 0.177614 0.177586 0.206962 0.225002 0.205265 0.165689 0.153511 0 0 0 0 0 0 0.176886 0.157048 0 0 0 0 0 0 0 0 0.131396 0.202232 0.173112 0 0 0 0 0 0 0
0 0 0.161056 0.146306 0.163406 0.180327 0.179344 0.135159 0.159808 0.170112 0.16346 0.16782 0.188654 0.188486 0.198213 0.217472 0.197149 0.202326 0.202772 0.195375 0.163735 0.180623 0.181959 0.154458 0.184214 0.121248 0 0 0 0 0 0 0 0.155108 0.155034 0.18322 0.154611 0.172442 0.162909 0.144038 0.155096 0.159695 0.123319 0.168167 0.178547 0.160685 0.179017 0.171675 0.181177 0.136194 0.171796 0 0 0 0 0 0 0.125786 0.0905513 0 0 0 0 0 0 0 0 0 0.149952 0.144362 0 0 0 0 0 0 0
0 0 0 0.173391 0.144701 0.16813 0.163654 0.121681 0.153061 0.159023 0.170159 0.181456 0.187843 0.207016 0.166437 0.183824 0.178026 0.148446 0.169181 0.127689 0.146398 0.19796 0.195572 0.182838 0.159536 0.165369 0 0 0 0 0 0 0 0.162606 0.16044 0.16656 0.153409 0.147326 0.122164 0.143891 0.136899 0.136196 0.13219 0.163612 0.166766 0.141826 0.153278 0.130012 0.166718 0.141586 0.143187 0 0 0 0 0 0 0 0.103558 0.0946028 0 0 0 0 0 0 0 0.0815746 0.177113 0.177247 0 0 0 0 0 0 0
0 0 0 0.14559 0.221146 0.131303 0.136227 0.135954 0.135212 0.146522 0.155516 0.13574 0.150502 0.174075 0.162568 0.161617 0.110778 0.161455 0.166843 0.164322 0.15767 0.196045 0.173639 0.190582 0.194826 0.150295 0 0 0 0 0 0 0 0.13949 0.146209 0.132576 0.163708 0.120065 0.108998 0.118821 0.143801 0.109025 0.140951 0.130863 0.137904 0.152926 0.15559 0.12233 0.14461 0.128757 0.141872 0 0 0 0 0 0 0 0.121754 0.1504 0 0 0 0 0 0 0 0 0.132302 0.148376 0 0 0 0 0 0 0
0 0 0 0 0.171867 0.180963 0.0920917 0.127343 0.124133 0.0778547 0.124067 0.125101 0.150683 0.162259 0.159674 0.13083 0.134993 0.133463 0.118567 0.178239 0.157998 0.192645 0.219693 0.184197 0.198261 0.147847 0.15613 0.18178 0.142462 0 0 0 0 0.154968 0.150472 0.133927 0.131962 0.128912 0.127704 0.1391 0.0649672 0.131507 0.129003 0.138177 0.14638 0.151564 0.166138 0.124689 0.125462 0.175224 0.149965 0.090404 0 0 0 0 0 0 0 0.13128 0.0785292 0 0 0 0.0932158 0.060531 0 0 0 0 0 0 0 0 0 0 0
0 0 0 0.121623 0.174944 0.138539 0.182753 0.155177 0.149169 0.16776 0.139983 0.11673 0.156209 0.145745 0.157009 0.117837 0.129943 0.137977 0.143449 0.16894 0.128163 0.181522 0.175662 0.207894 0.215187 0.248727 0.21078 0.211054 0.161699 0 0 0 0 0.108103 0.0834705 0.098828 0.184236 0.147425 0.126964 0.136485 0.113573 0.11055 0.140386 0.164755 0.112185 0.140615 0.144874 0.151203 0.134575 0.189682 0.159956 0.172644 0 0 0 0 0 0 0 0.142822 0.118003 0.0658004 0 0 0.110784 0 0 0 0 0 0 0 0 0 0 0 0
0 0 0.134884 0.19982 0.184684 0.177033 0.158367 0.139774 0.119002 0.118585 0.134389 0.109163 0.125339 0.156874 0.157348 0.149533 0.140722 0.122173 0.125781 0.141976 0.1271 0.156071 0.151092 0.170415 0.182617 0.198498 0.184981 0.196375 0.161188 0 0 0 0 0.108187 0.117024 0.118248 0.14434 0.121939 0.167391 0.115943 0.121038 0.134052 0.140456 0.133465 0 0 0.149655 0.156902 0.10804 0.146161 0.165088 0.162529 0.0925821 0 0 0 0 0 0 0 0.105032 0.106878 0 0 0.110014 0.0656896 0 0 0 0 0 0 0 0 0 0 0
0 0.150487 0.143107 0.20795 0.188562 0.131715 0.132482 0.138401 0.111474 0.133648 0.142416 0.152312 0.140831 0.15122 0.140335 0.143279 0.171563 0.143372 0.150717 0.204084 0.152447 0.166739 0.171056 0.127531 0.156125 0.150227 0.120475 0.142383 0.127017 0.136201 0 0 0 0.132596 0.128599 0.109711 0.173602 0.144475 0.146748 0.138526 0.136082 0.136855 0.14532 0 0 0 0.112683 0.171794 0.110398 0.140534 0.141546 0.131968 0.134487 0 0.0665796 0 0 0 0 0 0 0.149324 0.0923224 0.0919648 0.127442 0 0 0 0 0 0 0 0 0 0 0 0
0.137675 0.178248 0.182023 0.169707 0.13523 0.217533 0.202156 0.145635 0.129061 0.12229 0.130189 0.137656 0.146882 0.150916 0.163087 0.148492 0.154516 0.164843 0.160111 0.163149 0.177457 0.155731 0.163834 0.148431 0.178031 0.167978 0.159051 0.148733 0.163945 0.165761 0 0 0 0 0.129482 0.118212 0.14835 0.133096 0.16435 0.163965 0.134578 0.138365 0.139389 0 0 0 0 0.144114 0.18117 0.157033 0.143911 0.158973 0.106816 0.0619186 0 0 0 0 0 0 0 0 0.115096 0.120441 0.110632 0 0 0 0 0 0 0 0 0 0 0 0.133065
0.161815 0.15123 0.151318 0.172016 0.172124 0.157339 0.205017 0.152659 0.135052 0.154038 0.128147 0.160632 0.164472 0.135929 0.129624 0.145211 0.149652 0.161956 0.174464 0.166444 0.149537 0.129702 0.146929 0.141724 0.168472 0.173294 0.149046 0.121011 0.0968255 0.124887 0 0 0 0 0.133182 0.113608 0.12302 0.140251 0.157359 0.167402 0.171448 0.138467 0.138924 0 0 0 0 0.0860747 0.209846 0.159162 0.169816 0.162882 0.129125 0.109307 0 0.0767344 0 0 0 0 0 0 0 0.099723 0.184067 0 0 0 0 0 0 0 0 0 0 0 0.091008
0.145304 0.125193 0.138486 0.158339 0.178588 0.173508 0.18054 0.159189 0.117412 0.143102 0.115345 0.139212 0.139321 0.130034 0.149843 0.131249 0.141545 0.166445 0.184904 0.157131 0.158941 0.125546 0.119521 0.137192 0.164008 0.150938 0.127189 0.139909 0.125878 0.150073 0 0 0 0 0.11497 0.132269 0.126785 0.145682 0.135456 0.156805 0.127416 0.169627 0.183168 0 0 0 0 0 0.222335 0.171537 0.173315 0.159062 0.102093 0.16802 0 0 0 0 0 0 0 0 0 0 0.162372 0 0 0 0 0.0152052 0 0 0 0 0 0 0.0772345
0.0960403 0.0934691 0.120801 0.130444 0.135708 0.194755 0.184771 0.137365 0.128317 0.120514 0.121116 0.134889 0.14394 0.134613 0.156967 0.191778 0.151326 0.154038 0.140142 0.158575 0.155562 0.113766 0.110293 0.110512 0.111361 0.0863468 0 0.136326 0.135541 0.151198 0.0967908 0 0 0 0 0.131058 0.120819 0.158215 0.120897 0.127343 0.148799 0.149119 0.184574 0.131745 0 0 0 0 0.165323 0.152684 0.179529 0.192605 0.176189 0.152471 0.0917437 0 0 0 0 0 0 0 0 0 0.10482 0 0 0 0 0.0190164 0.0439495 0.129153 0 0 0 0.11206 0.090284
0 0 0 0.109281 0.131417 0.159067 0.139468 0.135125 0.113039 0.102499 0.117255 0.122862 0.157532 0.159781 0.152663 0.139193 0.196657 0.187638 0.180764 0.123167 0 0 0 0 0 0 0 0.141398 0.149461 0.153429 0.124396 0 0 0 0 0.117216 0.119001 0.11289 0.128813 0.122347 0.13593 0.156959 0.187258 0.158292 0 0 0 0 0 0.153578 0.165621 0.199307 0.169252 0.194197 0.181426 0 0 0 0 0 0 0 0 0 0.0256584 0 0 0.0616244 0.0543132 0.0738413 0 0 0 0 0 0.114641 0.0953589
0 0 0 0 0.110241 0.141025 0.181174 0.156986 0.110811 0.107605 0.109976 0.129477 0.154742 0.195096 0.171273 0.149609 0.167934 0.196048 0.174909 0.127878 0 0 0 0 0 0 0 0.0897977 0.145246 0.11911 0.104047 0 0 0 0 0.0990691 0.119972 0.126972 0.100845 0.115895 0.125261 0.142694 0.179185 0.137968 0.118495 0 0 0 0 0.107144 0.157523 0.18892 0.206067 0.21281 0.158428 0.131831 0 0.0335826 0 0 0 0 0 0 0 0 0.143609 0.129324 0.128785 0.14092 0 0 0 0 0 0.107386 0.0917559
0 0 0 0 0 0.14015 0.16211 0.130757 0.110856 0.12731 0.12467 0.132164 0.135632 0.175967 0.174615 0.172316 0.133144 0.131271 0.134488 0.190521 0 0 0 0 0 0 0 0.122733 0.132123 0.136716 0.126568 0 0 0 0 0 0.107363 0.136122 0.115211 0.122938 0.142411 0.125965 0.165966 0.169416 0.140265 0 0 0 0 0 0.156036 0.206772 0.179244 0.172875 0.168466 0.179782 0 0 0 0 0 0 0 0 0 0 0.172015 0.144181 0.16251 0.1742 0 0 0 0 0 0.264219 0.0535414
0 0 0 0 0 0.125568 0.130076 0.149586 0.146622 0.143292 0.110956 0.137991 0.167352 0.176947 0.228267 0.160463 0.110701 0.136896 0.126867 0.16856 0 0 0 0 0 0 0 0.146694 0.129022 0.139306 0.126408 0.151339 0 0 0 0 0.114668 0.1427 0.122133 0.0897283 0.124886 0.154183 0.160511 0.179622 0.164792 0.0924415 0 0 0 0 0.181518 0.189379 0.171727 0.212054 0.187153 0.15914 0 0 0 0 0 0 0 0 0 0 0.174311 0.166518 0.135895 0 0 0 0 0 0 0.047474 0.0652183
0.110614 0 0 0 0 0.0890764 0.11392 0.168743 0.143176 0.153141 0.127204 0.181234 0.180416 0.185847 0.214 0.157706 0.145063 0.123779 0.128476 0.101119 0 0 0 0 0 0 0 0.166906 0.195979 0.139598 0.127881 0.177087 0 0 0 0 0 0.104175 0.106631 0.0821129 0.142217 0.138107 0.118792 0.162904 0.150215 0.143564 0 0 0 0 0.165258 0.193229 0.222943 0.190775 0.156047 0.157658 0.128276 0 0.105879 0 0 0 0 0 0 0.152288 0.192827 0.14031 0.160484 0 0 0 0 0 0 0 0.0698421
0.138253 0 0 0 0 0.0989841 0.13953 0.140463 0.11978 0.141733 0.168765 0.16666 0.193563 0.156465 0.126348 0.151205 0.141345 0.178198 0 0 0 0 0 0 0 0 0 0.0694726 0.153936 0.160535 0.213051 0.127402 0 0 0 0 0 0.0888717 0.125621 0.0962885 0.129708 0.125517 0.110799 0.159798 0.163596 0.153035 0 0 0 0 0 0.170845 0.168871 0.167693 0.145808 0.175099 0.137995 0.101225 0 0 0 0 0 0.0397302 0 0 0 0 0.107366 0 0 0 0 0 0 0.0682945 0.0831624
0.139834 0.0960752 0 0 0.143852 0.152393 0.120455 0.130967 0.157259 0.125641 0.1322 0.141375 0.158566 0.190041 0.160402 0.160411 0.123248 0.191203 0 0 0 0 0 0 0 0 0 0 0.155341 0.165645 0.152213 0.155134 0 0 0 0 0 0 0.099629 0.100697 0.129193 0.164547 0.154541 0.160639 0.155069 0.164267 0.152198 0 0 0 0 0.180301 0.19276 0.152504 0.19752 0.112901 0.161998 0.115716 0 0 0 0 0.0348804 0 0 0 0 0 0 0 0 0 0 0.0546775 0.0682622 0.088988 0.115306
0.134449 0.133583 0.148463 0.18025 0.173424 0.132797 0.127034 0.167832 0.19884 0.188904 0.142362 0.122018 0.13248 0.170788 0.188144 0.137328 0.152381 0.193832 0 0 0 0 0 0 0 0 0.0801422 0.100169 0.1668 0.171105 0.152763 0.112764 0.151013 0 0 0 0.132345 0.122115 0.150312 0.137255 0.151967 0.178481 0.139365 0.162976 0.161534 0.161056 0.157071 0 0 0 0 0.132 0.175899 0.165971 0.187514 0.154404 0.14561 0.131413 0 0 0 0 0.0687202 0 0 0 0 0 0 0 0 0 0 0.10296 0.0578064 0.145727 0.157131
0.131155 0.122329 0.143786 0.134628 0.158677 0.142173 0.153162 0.15359 0.195475 0.173711 0.188257 0.126773 0.151119 0.170686 0.180396 0.207313 0.147392 0.199052 0.0965531 0 0 0 0 0 0 0.0962183 0.151672 0.141182 0.19002 0.22514 0.107319 0.139048 0.169874 0.20555 0.0958708 0.119665 0.16324 0.166981 0.164109 0.178415 0.14434 0.153137 0.158962 0.146273 0.107312 0.174502 0.174309 0 0 0 0 0 0.167095 0.200903 0.137733 0.156085 0.143167 0.13654 0 0 0 0.0647985 0.0536223 0 0 0 0 0 0 0 0 0 0.0818711 0.0750734 0.127495 0.137005 0.119266
0.131593 0.130415 0.136342 0.117143 0.123207 0.149267 0.144816 0.173746 0.164161 0.173776 0.176789 0.17713 0.141152 0.151089 0.178432 0.192966 0.149509 0.175037 0 0 0 0.109623 0.130531 0 0 0 0.164186 0.172175 0.182351 0.191706 0.104917 0.141438 0.143999 0.165666 0.148443 0.164919 0.134414 0.145086 0.154928 0.136046 0.154614 0.135804 0.144641 0.14797 0.143557 0.158184 0 0 0 0 0 0 0.0819191 0.111836 0.134848 0.136907 0.146205 0.138164 0 0 0 0.156055 0 0 0 0 0 0 0 0 0 0.121 0.0895754 0.110149 0.159219 0.143711 0.135291
0 0.106653 0.160328 0.131523 0.142724 0.127747 0.139971 0.143426 0.159908 0.160982 0.165314 0.181025 0.176987 0.175116 0.199032 0.170934 0.130884 0.172429 0.115047 0 0 0.102861 0.0853288 0 0 0 0.156797 0.200713 0.17486 0.152678 0.142455 0.142187 0.101371 0.17065 0.123182 0.129424 0.145661 0.153891 0 0 0 0.180677 0.165557 0.132908 0.110701 0.0953302 0 0 0 0 0 0 0 0 0.151338 0.16416 0.170514 0.105595 0 0 0 0.0508373 0.0842478 0 0 0 0 0 0 0 0 0.138979 0.1511 0.132429 0.170725 0.128604 0.152167
0 0 0.153525 0.164347 0.135629 0.138346 0.142354 0.14291 0.14443 0.153622 0.151024 0.141044 0.173578 0.198223 0.184063 0.222826 0.159621 0.152262 0.153174 0 0 0.102246 0.107016 0 0 0 0.161936 0.204802 0.147577 0.112813 0.140284 0.155248 0.113086 0.167451 0.171612 0.103877 0.0935449 0 0 0 0 0 0.119188 0.10231 0.0899278 0.0774457 0 0 0 0 0 0 0 0 0 0.16369 0.183473 0 0 0 0 0 0.127169 0 0 0 0 0 0 0 0 0 0.117406 0 0 0.122558 0.148481
0 0 0.171003 0.127939 0.126518 0.153969 0.131274 0.138529 0.141881 0.159462 0.174535 0.164463 0.150689 0.170822 0.224051 0.215729 0.183434 0.136373 0.178403 0 0 0 0.114657 0.161849 0.112106 0.142567 0.16761 0.1885 0.21936 0.179235 0.166506 0.154266 0.125558 0.164666 0.14749 0.111845 0.0993613 0.155042 0 0 0 0 0 0.0779545 0.09277 0.113838 0.130222 0.1208 0.125438 0.172191 0 0 0 0 0 0 0.154362 0 0 0 0 0 0.0772581 0 0 0 0 0 0 0 0 0 0.0872967 0 0 0 0.152392
0 0.141298 0.159646 0.13749 0.140477 0.130529 0.138736 0.153876 0.153385 0.166216 0.189617 0.157926 0.187238 0.177318 0.184916 0.196234 0.171005 0.177463 0 0 0 0 0.148132 0.12148 0.127179 0.222783 0.202749 0.213694 0.202297 0.244764 0.184749 0.188924 0.180674 0.128741 0.090223 0.107798 0.143392 0.155136 0 0 0 0 0 0.0328251 0.0758925 0.103932 0.118192 0.138313 0.113665 0.109583 0 0 0 0 0 0 0.167764 0 0 0 0 0 0 0 0 0 0 0 0 0 0 0 0.0714548 0.113196 0 0 0.146978
0 0.142249 0.135285 0.145934 0.138008 0.114372 0.136318 0.153077 0.148263 0.167737 0.148975 0.151221 0.15901 0.157382 0.174875 0.154984 0.177879 0.229547 0 0 0 0 0.113869 0.142579 0.147436 0.173948 0.200863 0.189937 0.176184 0.213403 0.15081 0.137426 0.107816 0.131765 0.0922112 0.0539391 0.151326 0.170427 0.155445 0 0 0 0.0643772 0.124494 0.121016 0.104512 0.094603 0.121473 0.157585 0.132714 0 0 0 0 0 0 0 0 0 0 0 0 0 0.109423 0 0 0 0 0 0 0 0.278131 0.0645488 0.215965 0 0.202831 0.136691
0 0.160495 0.137482 0.159002 0.121644 0.0818791 0 0.15346 0.141399 0.136682 0.126941 0.170584 0.168705 0.16357 0.112496 0.116555 0.196752 0.133554 0 0 0 0 0.120661 0.125152 0.151325 0.136826 0.165308 0.176041 0.135367 0.140042 0.14843 0.139071 0.107943 0.0804877 0.0646452 0.089916 0.1399 0.156124 0.142051 0.129658 0 0 0.036662 0.0681066 0.0943235 0.0481613 0.0660685 0.122378 0.167437 0.121211 0.118573 0 0 0 0 0 0 0 0 0 0 0 0 0.123642 0 0 0 0 0 0 0.185947 0.110579 0.133389 0.137196 0.112135 0.1587 0.161005
0 0.171274 0.146807 0.136952 0.160928 0 0 0 0.130219 0.123285 0.12044 0.158509 0.209102 0.149027 0.138249 0.127374 0.194123 0.160051 0 0 0 0.105255 0.141394 0.143777 0.162365 0.173688 0.175677 0.155112 0.183221 0.179043 0.140688 0.139948 0.142965 0.076953 0.0516582 0.0639979 0.0826522 0.128898 0.154533 0.131844 0.106946 0.127445 0.125716 0.148483 0.135198 0.0773635 0.117044 0.0613083 0.121535 0.157832 0.0999629 0 0 0 0 0 0 0 0 0 0 0 0 0.141939 0 0 0 0 0 0 0.103527 0.118152 0.127433 0.143513 0.148114 0.137931 0.118308
