data/handson/vilo100/cbh.asc
ncols 100
nrows 100
xllcorner 497392.38261041
yllcorner 4659615.6527613
cellsize 20.0
NODATA_value -9999
[rows 36 to 71 of 100, columns 0 to 80 of 100]
3.40441 3.72865 3.97183 3.93709 4.38871 4.87507 5.04298 5.2051 4.7998 4.49293 4.64347 4.65505 5.10088 5.10667 4.90981 5.02561 3.61864 4.03552 3.54337 4.40029 4.96771 5.39617 4.7998 3.93709 3.73444 0 0 0 0 0 0 0 0 5.26879 5.12983 5.45986 6.28204 6.42679 5.62198 4.83454 4.30765 4.49872 4.55662 5.0314 5.10667 5.43091 5.68567 4.75927 5.48881 5.36722 0 2.11903 0 0 0 0 0 4.45819 7.03474 0 0 0 0 0 0 0 0 0 4.06447 4.35976 4.57399 0 0 0 0 0 0 0 4.46025 7.21025 0
0 3.35809 3.98341 3.97762 3.74602 4.47556 3.96025 4.70137 4.30765 4.41187 4.53346 4.67242 4.59136 5.31511 5.30353 5.29195 5.06035 4.35976 4.20922 4.8577 5.1472 4.86349 4.79401 4.63189 0 0 0 0 0 0 0 0 0 6.10834 4.75927 4.82296 5.87095 6.47311 5.39038 4.38292 4.34239 4.9156 4.77085 4.75348 5.14141 5.28037 5.29195 5.39617 5.44828 4.93876 5.44828 1.79479 0 0 0 0 0 5.47723 0 0 0 0 0 0 0 0 0 4.6261 3.79813 3.96604 4.71874 0 0 0 0 0 0 0 0 5.94775 0
0 3.86182 3.93709 4.44661 4.48714 4.63189 5.12983 5.10667 4.48135 4.30186 5.02561 4.84033 4.62031 4.79401 4.7998 4.77085 4.59715 4.44661 4.83454 4.77664 5.17615 4.84612 4.82296 4.23238 0 0 0 0 0 0 0 0 6.60628 6.76261 4.97929 4.66663 5.85358 6.26467 4.9735 4.23238 4.04131 4.71874 4.28449 4.56241 5.17615 5.69725 5.78989 5.32669 5.11246 5.39617 5.29774 0 0 0 0 0 0 6.0736 5.85358 0 0 0 0 0 0 0 0 5.63935 5.39038 4.99666 0 0 0 0 0 0 0 0 0 4.8165 0
0 0 3.21913 4.70137 4.35397 4.49293 4.52767 4.48714 5.04877 5.12983 5.15878 4.8577 4.29607 4.18606 4.11079 4.19185 4.11658 4.11079 4.61452 4.55083 4.64926 4.20343 4.63189 4.26133 4.24396 0 0 0 0 0 0 0 0 5.85358 4.89823 4.70716 5.81884 6.5947 5.98675 5.05456 4.84612 4.63189 4.61452 4.97929 5.17036 5.77831 5.57566 5.31511 5.05456 5.23984 5.38459 0 0 0 0 0 0 3.95446 5.94043 0 0 0 0 0 0 0 0 5.37301 6.07939 5.4946 0 0 0 0 0 0 0 0 0 0 0
0 0 3.58969 3.82129 4.19185 3.9892 4.37713 4.46977 5.11825 4.92718 5.02561 4.96771 4.7419 4.1629 3.76339 3.71707 4.06447 4.24396 3.82708 3.89656 4.08184 3.83287 4.57978 4.92718 4.99087 4.07026 0 0 0 0 0 0 0 6.16624 4.93297 4.48714 5.63356 6.45574 6.29362 4.94455 4.81138 5.22247 5.12983 4.81138 4.96771 5.14141 5.75515 5.16457 4.9735 5.01403 4.77664 0 0 0 0 0 0 4.1629 8.40118 0 0 0 0 0 0 0 0 0 6.32836 6.05623 0 0 0 0 0 0 0 0 10.3665 6.029 0
0 0 0 4.1629 4.5103 4.35976 4.55083 4.99666 5.44249 5.33827 5.51197 5.16457 4.68979 4.2787 4.62031 4.67821 4.59136 4.66663 3.50863 3.48547 3.5839 4.34239 4.105 3.74023 4.73611 4.17448 0 0 0 0 0 0 0 6.06781 5.34985 4.50451 4.94455 6.3631 6.23572 3.72865 4.47556 4.43503 5.38459 5.00245 5.31511 5.21089 5.00245 4.81138 4.82875 4.92718 4.36555 0 0 0 0 0 0 0 6.96526 10.7346 0 0 0 0 0 0 0 6.03886 5.83042 5.48302 0 0 0 0 0 0 0 0 10.5415 9.004 6.79775
0 0 0 4.70137 4.11079 4.67821 5.0893 5.06614 5.41933 5.0314 5.31511 4.90402 3.69391 4.15132 4.77664 5.37301 4.86928 4.81138 3.24808 3.57811 4.00657 3.74023 3.57811 2.81962 3.33493 4.13974 0 0 0 0 0 0 0 5.73778 4.90402 4.70716 4.66084 4.57399 4.82296 4.40608 4.93876 4.86928 4.88665 5.80726 5.2051 5.03719 4.77085 4.29028 4.80559 4.86349 4.22659 0 0 0 0 0 0 0 3.50284 5.91727 0 0 0 0 0 0 0 0 5.61619 4.79401 0 0 0 0 0 0 0 0 5.6665 5.854 7.379
0 0 0 0 3.47389 3.99499 4.67821 5.15299 5.52355 4.96771 4.89244 3.88498 4.13974 3.78655 4.30186 5.06614 5.25721 5.07193 3.4681 3.78655 3.94288 3.60706 2.39695 3.05122 3.68233 4.1629 5.0314 5.62777 6.17203 0 0 0 0 5.54671 4.53346 4.67242 3.88498 3.93709 4.86349 4.96771 4.12816 4.88665 6.4789 5.96938 5.52355 4.77664 4.41187 3.94867 4.62031 4.30186 4.43503 4.02973 0 0 0 0 0 0 0 6.421 9.42022 0 0 0 4.75927 4.75348 0 0 0 0 0 0 0 0 0 0 0 0 6.6915 5.2165 0
0 0 0 4.5682 4.08763 4.77085 5.06614 5.33248 5.0893 5.04877 4.86349 3.87919 4.01815 4.11658 4.62031 5.0893 5.3209 5.18194 4.04131 3.6418 4.40608 4.71295 3.74602 3.76918 3.60127 3.72286 4.34239 4.54504 6.06781 0 0 0 0 5.66251 4.33081 3.46231 3.94867 3.64759 3.37546 4.63189 5.54092 5.40775 6.26467 6.24151 5.40775 4.5682 4.42924 4.27291 4.01236 4.13395 4.07605 4.35976 0 0 0 0 0 0 0 5.61619 8.57488 4.52188 0 0 5.12983 0 0 0 0 0 0 0 0 0 0 0 0 0 7.004 5.81025 0
0 0 5.2051 5.01403 5.35564 5.44828 6.20098 6.17203 6.66997 6.0157 6.42679 4.95613 3.80971 4.32502 4.50451 5.19352 5.5525 5.24563 4.53925 3.83287 5.4367 5.85937 4.83454 4.99087 4.5682 3.96604 3.43915 4.02394 5.72041 0 0 0 0 4.05289 3.526 3.46231 3.63601 3.60127 3.80971 3.56074 4.86349 6.35152 5.99833 5.66251 0 0 4.16869 4.29028 4.59715 4.49293 4.05868 4.5682 4.44082 0 0 0 0 0 0 0 8.40697 8.80648 0 0 4.92139 5.45407 0 0 0 0 0 0 0 0 0 0 0 0 4.9415 4.629 0
0 5.75515 5.58145 5.58724 5.88832 5.41354 6.16045 6.05044 6.49627 5.84779 5.73199 5.36143 5.13562 5.88832 5.74357 6.19519 6.28783 6.40942 6.05623 5.80726 5.94043 6.00991 5.80726 5.65672 5.40196 5.34985 4.52767 4.42345 4.90402 3.50863 0 0 0 4.01236 3.76918 3.26545 3.54916 3.50284 3.67654 4.14553 4.20922 5.30353 5.83621 0 0 0 3.80971 3.75181 3.30019 5.00245 4.44661 4.52188 4.29028 0 4.55662 0 0 0 0 0 0 8.81227 5.62777 4.57399 5.66251 0 0 0 0 0 0 0 0 0 0 0 0 4.2915 6.02275 0 0
5.52355 6.1894 5.81884 6.04465 6.13729 5.85358 6.26467 5.99833 5.51776 6.18361 5.91148 5.44828 5.65672 5.99254 6.00991 6.66418 6.421 6.57154 5.44828 6.03886 6.15466 6.11413 6.40363 5.85358 6.39205 5.21089 4.8577 3.43336 3.62443 2.77909 0 0 0 0 3.86761 3.50863 3.53758 3.80971 4.16869 3.96025 3.85603 4.40029 4.8577 0 0 0 0 3.68233 3.45073 4.28449 4.2208 4.24975 5.83621 5.94622 0 0 0 0 0 0 0 0 6.77998 3.526 5.63935 0 0 0 0 0 0 0 0 0 0 0 5.76025 4.64775 0 0 0
6.3052 7.24318 7.32424 6.60049 6.5947 6.10834 6.16624 5.89411 6.14887 5.44249 5.80147 5.37301 6.03307 6.4789 6.90157 6.69313 6.29362 5.94043 6.15466 6.11992 6.70471 7.13896 6.54838 6.86683 6.31099 5.86516 5.44828 3.67075 3.47968 3.20176 0 0 0 0 4.08184 3.50284 3.65338 3.53758 3.76918 4.18606 4.46977 4.31923 5.07193 0 0 0 0 3.60127 3.34651 3.86182 4.24396 4.19764 5.10667 5.69146 0 3.12649 0 0 0 0 0 0 0 4.14553 3.55495 0 0 0 0 0 0 0 0 0 0 0 8.3415 0 0 0 0
6.25309 7.19686 7.20265 6.73366 7.20265 7.00579 6.42679 5.7262 7.08685 6.00412 6.23572 6.41521 6.35152 6.46732 6.86104 5.88253 4.98508 5.94622 5.92885 5.96938 6.91315 6.58312 6.95947 6.79735 6.0736 6.51364 5.57566 4.66084 3.63601 3.62443 0 0 0 0 4.07026 4.12816 3.65338 3.88498 4.105 4.09342 4.07605 4.26712 4.38871 0 0 0 0 0 3.28282 3.01069 3.90814 3.83287 4.86349 5.66251 0 0 0 0 0 0 0 0 0 0 1.82374 0 0 0 0 4.63189 0 0 0 0 0 0 7.49775 0 0 0 0
5.0893 7.38214 6.98842 7.48636 7.24897 6.75103 6.11992 6.09676 6.85525 6.0736 6.33415 6.06202 6.39205 6.54838 5.29195 3.0049 5.06614 4.48714 4.49872 6.1894 6.46153 6.88999 6.61786 6.86104 6.31678 6.5947 0 5.25721 3.75181 3.92551 3.42757 0 0 0 0 4.07026 3.74602 4.11658 4.82875 5.15299 4.29607 4.105 4.77664 4.93297 0 0 0 0 3.57232 3.22492 4.23817 3.86761 4.66663 4.28449 4.0471 0 0 0 0 0 0 0 0 0 2.21167 0 0 0 0 2.90068 3.53179 3.09775 0 0 0 5.854 7.36025 0 0 0 0
0 0 0 6.89578 6.57154 6.19519 4.75927 5.75515 6.09097 6.39784 5.75515 6.20677 5.69725 5.34985 3.31177 3.86761 5.60461 4.41766 4.99087 5.92885 0 0 0 0 0 0 0 5.04877 4.40608 4.05289 3.5839 0 0 0 0 4.61452 3.82129 3.84445 4.92139 4.86928 4.25554 4.2208 4.97929 4.79401 0 0 0 0 0 3.61864 3.68812 3.63601 4.31344 4.50451 3.31177 0 0 0 0 0 0 0 0 0 2.08429 0 0 4.11079 5.74357 5.30932 0 0 0 0 0 7.12275 8.304 0 0 0 0
0 0 0 0 5.85937 5.36722 4.9156 5.7262 6.19519 6.75103 5.59303 5.5525 4.81138 3.79813 3.17281 4.50451 5.4946 4.46398 4.76506 4.54504 0 0 0 0 0 0 0 3.66496 4.71874 4.2787 4.3945 0 0 0 0 4.93297 4.27291 3.80971 4.38292 4.76506 4.7998 4.16869 4.79401 4.78243 5.77831 0 0 0 0 4.09342 3.1786 3.54916 3.83866 4.04131 3.1786 2.53591 0 3.55495 0 0 0 0 0 0 0 0 4.18027 4.13974 4.67821 4.27291 0 0 0 0 0 7.304 7.7415 0 0 0 0
0 0 0 0 0 5.60461 5.25142 5.59303 6.09676 6.31099 6.2473 5.92306 4.85191 4.37713 3.76918 4.5103 4.69558 3.87919 3.82129 4.61452 0 0 0 0 0 0 0 3.9892 4.99087 4.92718 4.05868 0 0 0 0 0 4.76506 4.45819 4.64926 5.02561 5.23405 4.59136 4.43503 4.92718 5.05456 0 0 0 0 0 4.07605 3.28282 3.61864 4.12237 3.25387 2.54749 0 0 0 0 0 0 0 0 0 0 4.06447 4.48135 4.89244 3.69391 0 0 0 0 0 6.8915 8.679 0 0 2.729 0
0 0 0 0 0 5.263 5.4946 5.4367 4.63189 5.5525 5.92306 5.98096 4.64347 4.38292 3.60127 4.08763 3.71128 2.70961 2.63434 4.38871 0 0 0 0 0 0 0 3.98341 3.89077 4.2208 4.19185 2.89489 0 0 0 0 4.11079 4.88665 5.05456 4.75348 5.15878 4.73611 4.05289 5.11246 4.72453 6.29941 0 0 0 0 3.90235 3.58969 3.38704 3.87919 3.90235 3.43336 0 0 0 0 0 0 0 0 0 0 4.08184 4.86928 4.35397 0 0 0 0 0 0 1.9915 8.554 0 5.21025 5.9665 7.34775
4.66663 0 0 0 0 5.63356 6.55417 4.81717 5.65093 5.09509 4.56241 4.69558 4.5103 4.17448 3.53758 4.78822 3.65917 2.4259 3.42757 4.8577 0 0 0 0 0 0 0 3.56074 3.51442 3.86761 3.72286 3.19018 0 0 0 0 0 4.9156 5.70304 5.18194 4.48714 4.79401 4.93876 4.71295 5.263 5.50039 0 0 0 0 4.35397 3.52021 3.19597 3.90235 4.42924 5.25721 4.9735 0 3.92551 0 0 0 0 0 0 3.79234 3.83287 4.52767 3.59548 0 0 0 0 0 0 0 10.6227 7.36025 5.53525 6.34573 0
5.28037 0 0 0 0 4.43503 6.80893 6.16624 5.73199 6.14308 5.15878 4.7998 5.27458 5.5525 4.63189 4.44661 4.5682 3.08017 0 0 0 0 0 0 0 0 0 4.44661 4.09921 4.03552 3.58969 2.7154 0 0 0 0 0 5.29774 5.5525 4.7419 5.15299 4.80559 3.94288 4.92139 5.08351 5.56408 0 0 0 0 0 3.97183 3.31756 3.79813 4.67242 5.5525 5.39038 5.08351 0 0 0 0 0 5.08525 0 0 0 0 3.36967 0 0 0 0 0 0 5.02275 6.8665 5.15878 2.55907 5.82463 6.1894
5.45407 5.63356 0 0 6.05044 5.56408 5.48881 5.41933 5.34406 5.59303 5.80147 5.73778 5.47723 5.76673 5.28616 4.99087 4.98508 3.61285 0 0 0 0 0 0 0 0 0 0 4.35976 4.22659 3.36388 3.36967 0 0 0 0 0 0 5.76094 5.17615 5.40775 4.46398 4.46398 4.89823 4.86349 5.29195 5.40196 0 0 0 0 5.11246 4.01236 4.09342 4.23817 5.12404 5.74357 6.52522 0 0 0 0 4.93525 0 0 0 0 0 0 0 0 0 0 7.0415 6.754 6.54775 5.58525 6.14887 5.66251 6.14887 6.56575
5.21089 5.12404 5.63935 5.21668 4.70716 5.0314 5.3788 4.59136 4.13974 4.13395 4.40608 6.31099 6.29941 5.74357 5.15299 4.5682 4.0471 4.54504 0 0 0 0 0 0 0 0 7.04632 6.39784 5.29774 4.99087 4.09921 2.68645 2.7154 0 0 0 6.1894 5.83042 6.04465 5.52934 5.5525 5.1472 4.9156 4.96771 5.18194 5.56408 5.75515 0 0 0 0 4.26133 3.82708 4.13395 4.82875 4.77664 4.88086 5.51197 0 0 0 0 4.91025 0 0 0 0 0 0 0 0 0 0 10.3665 8.44775 5.6683 5.96938 5.7841 5.87095 6.02149 6.18361
5.40775 5.10667 6.09097 5.6104 5.35564 5.41354 5.00824 4.73032 4.00078 4.57399 4.3945 4.40029 5.96359 5.47144 5.29774 4.85191 4.71874 4.5682 4.31344 0 0 0 0 0 0 6.7684 7.28371 6.79156 5.47723 5.19352 4.49872 3.64759 3.4681 2.26957 4.41766 6.31099 6.33994 6.65839 6.75682 6.49048 5.1472 5.11246 4.94455 5.34985 4.59715 5.08351 4.80559 0 0 0 0 0 4.04131 4.07026 4.71874 4.00657 4.34818 5.6683 0 0 0 8.54775 7.7665 0 0 0 0 0 0 0 0 0 6.68155 9.37969 6.38047 5.14141 5.67988 6.41521 5.96359 6.16045 6.16045
6.11992 5.83621 6.02728 6.00991 5.69146 5.0314 5.44828 4.87507 4.60873 4.90402 4.15132 4.19764 4.68979 4.71295 5.19352 5.13562 4.59715 4.90981 0 0 0 4.32502 5.12404 0 0 0 6.7684 5.35564 5.64514 5.52934 5.263 2.947 3.94288 3.60706 4.96771 6.39205 6.85525 6.64681 6.60049 6.60628 5.36143 4.76506 5.36722 5.2051 5.15299 5.16457 0 0 0 0 0 0 3.4681 4.09342 3.58969 3.68812 5.58724 5.89411 0 0 0 7.54775 0 0 0 0 0 0 0 0 0 6.82051 6.87841 5.0314 6.46732 6.35152 6.44416 6.51364 7.01158 6.27625 5.98096
0 5.92306 6.22414 5.02561 5.41933 5.80726 5.16457 5.69146 5.12983 5.35564 5.57566 4.77664 4.09921 4.18606 3.10333 4.52188 5.34406 4.88665 4.15711 0 0 5.34406 6.70471 0 0 0 6.80893 5.12404 5.33827 6.40942 5.47144 3.21334 3.43915 3.1786 4.15711 5.33248 5.7262 6.23572 0 0 0 4.83454 4.94455 5.69725 6.08518 5.94622 0 0 0 0 0 0 0 0 2.99911 3.79234 5.7262 6.10834 0 0 0 4.054 4.21025 0 0 0 0 0 0 0 0 8.09431 9.70393 6.60049 6.76261 6.24151 6.68155 7.21423 7.02316 6.35152 6.14308
0 0 6.90736 5.84779 5.29774 6.14887 5.77252 6.0157 6.27046 6.1315 6.19519 5.98096 5.44249 5.36722 3.98341 4.30765 5.29195 4.86349 4.49293 0 0 5.7262 5.89411 0 0 0 6.03886 4.59715 5.08351 6.08518 5.46565 3.19597 3.71707 3.3523 4.11079 4.88665 5.96938 0 0 0 0 0 4.75927 6.3631 6.49048 5.72041 0 0 0 0 0 0 0 0 0 3.68233 5.73778 0 0 0 0 0 3.76025 0 0 0 0 0 0 0 0 0 5.76673 0 0 6.93631 6.62944 7.05211 6.36889 6.28783 6.1315
0 0 5.96359 5.87674 5.14141 5.65093 5.28037 6.13729 6.46732 6.51943 6.69313 6.3052 5.65672 5.28037 4.9735 4.84033 4.79401 4.75348 4.62031 0 0 0 5.83042 7.5211 6.86683 6.4789 5.87095 4.67821 4.77664 5.40775 5.91148 3.3523 3.14965 3.54916 4.44661 4.93876 5.04298 3.98341 0 0 0 0 0 2.36221 3.77497 3.2365 5.38459 5.46565 4.57978 3.96604 0 0 0 0 0 0 4.59136 0 0 0 0 0 3.454 0 0 0 0 0 0 0 0 0 9.26389 0 0 0 6.37468 6.93631 6.91894 6.5368 6.4789
0 5.76094 6.21256 5.6683 5.77252 6.47311 6.35152 6.62944 5.87095 5.7841 5.88253 6.25888 6.29941 5.4946 5.11825 5.44828 5.11825 4.11079 0 0 0 0 8.65594 8.05957 6.44416 5.50039 5.39617 3.79234 4.07605 4.54504 5.52355 3.68812 3.01648 3.53758 3.75181 5.56408 5.76673 4.96192 0 0 0 0 0 7.70059 6.79156 5.89411 6.17782 5.18194 5.09509 4.42345 0 0 0 0 0 0 3.71707 0 0 0 0 0 0 0 0 0 0 0 0 0 0 0 10.613 6.26467 0 0 6.6526 7.10422 7.03474 7.01158 6.41521
0 7.12738 5.7841 5.00824 5.33248 5.59882 5.66251 5.37301 5.38459 5.11246 5.57566 6.04465 6.03307 5.47144 5.59303 5.27458 3.8734 3.56653 0 0 0 0 7.71217 6.99421 5.48302 5.69725 5.11825 4.42924 4.56241 4.52767 5.91148 3.79813 3.14965 2.51854 4.07026 2.39116 4.97929 4.57399 3.76339 0 0 0 5.25142 6.09097 5.40775 6.29941 5.78989 5.0314 5.62777 5.6104 0 0 0 0 0 0 0 0 0 0 0 0 0 4.29775 0 0 0 0 0 0 0 7.77586 8.60962 4.1629 0 5.85937 6.77419 7.19686 7.6369 7.73533 6.74524
0 6.44416 5.91727 5.58724 5.75515 5.68567 0 5.57566 6.20098 5.92885 6.06781 5.92306 5.28616 5.59882 5.94622 4.24975 3.2365 3.63022 0 0 0 0 7.63111 6.61207 5.34406 4.86349 4.82875 4.85191 4.01236 3.73444 4.93297 4.59136 3.99499 3.6418 4.52767 3.91972 4.11658 4.67821 4.64347 4.5682 0 0 5.61619 2.00323 5.56408 6.21256 6.32257 4.69558 4.98508 5.45986 4.62031 0 0 0 0 0 0 0 0 0 0 0 0 4.67275 0 0 0 0 0 0 6.53101 7.30687 7.04632 5.74357 4.12237 5.68567 5.69725 4.78822 6.86683 7.48057 7.39951
0 5.62777 5.51776 5.66251 5.30932 0 0 0 6.1315 6.02728 6.16624 6.02728 4.93876 5.3788 5.54671 3.95446 3.16702 3.10333 0 0 0 5.58724 4.24975 4.09921 4.75348 4.15132 4.5682 3.86182 3.22492 3.53758 4.4524 4.37713 4.28449 4.5103 4.34239 3.03964 4.01815 5.263 4.48135 5.10667 4.69558 3.82708 5.27458 6.00991 6.39205 5.86516 5.88253 6.80314 5.13562 5.31511 5.62777 0 0 0 0 0 0 0 0 0 0 0 0 3.72275 0 0 0 0 0 0 8.71963 7.51531 6.46732 6.23572 5.83621 5.67988 4.88086 5.28037 5.36722 6.5947 6.69313
0 5.40196 6.1894 5.98675 5.63356 0 0 0 0 5.91148 6.28204 6.03886 4.75348 4.78243 4.3945 3.76339 3.26545 3.39862 0 0 0 5.3788 4.26133 4.11658 4.70137 4.105 3.97762 4.44082 2.91226 3.93709 4.40608 4.49872 3.74023 4.20343 4.684 3.7576 3.79234 4.7419 5.36722 5.01403 5.01982 5.04877 4.59715 5.25142 5.56987 5.57566 5.70304 5.80726 4.78243 5.50039 5.03719 4.18606 0 0 0 0 0 0 0 0 0 0 0 2.2915 0 0 0 0 0 0 8.53435 6.14308 6.32836 6.52522 5.98096 5.69725 3.32335 4.29028 4.09921 0 0
5.8999 6.37468 6.1894 6.55996 0 0 0 0 0 6.33415 5.90569 5.99254 5.37301 4.69558 4.52767 4.44082 2.99911 0 0 0 3.76339 5.74936 5.16457 5.19931 4.99666 4.34239 4.51609 4.5103 3.68812 3.9892 4.34818 4.86349 5.08351 5.2051 5.19352 4.11658 4.01815 5.01982 5.74357 5.08351 4.24396 4.4524 5.23984 5.73199 5.76094 5.33248 5.263 5.59303 4.03552 4.5682 0 0 0 0 0 0 0 0 0 0 0 0 0 1.704 0 0 0 0 0 0 8.48224 6.421 5.93464 5.88832 5.68567 5.7841 3.97183 4.55083 5.67409 2.43169 0
5.25721 5.70304 5.22247 6.25309 0 0 0 0 0 0 6.76261 6.31678 5.36143 5.42512 5.22826 4.3945 0 0 0 0 4.24396 4.15711 3.90235 5.33827 5.25142 5.60461 4.21501 4.40608 3.88498 4.66084 4.86349 4.72453 5.29774 5.5525 5.26879 4.8577 4.42924 5.30353 6.03886 5.82463 4.30765 3.70549 5.32669 4.62031 4.42345 4.84612 5.19352 5.77831 5.34406 4.80559 0 0 0 0 0 0 0 0 0 0 0 0 0 0 0 0 0 0 0 0 7.02316 6.10834 5.53513 6.18361 6.39784 6.48469 4.48135 4.67821 5.12983 4.63189 0
5.25142 4.52188 4.9735 4.64926 0 0 0 0 0 0 0 6.33415 5.55829 5.28616 5.40196 4.90402 0 0 0 0 0 0 0 0 0 5.90569 4.49293 4.59715 4.72453 5.10667 5.06614 4.89244 4.98508 5.47144 5.74357 4.95034 4.84612 5.40196 5.87674 5.8999 5.26879 4.80559 4.88086 4.53346 4.48714 4.94455 5.10667 5.89411 5.94622 4.3366 0 0 0 0 0 0 0 0 0 0 0 0 0 5.76007 5.36506 0 0 0 7.52689 6.54259 5.94622 6.00412 6.17782 6.62365 6.35731 6.71629 5.27458 4.4524 4.52188 4.684 0
