data/handson/vilo100/cbh.asc
ncols 100
nrows 100
xllcorner 497392.38261041
yllcorner 4659615.6527613
cellsize 20.0
NODATA_value -9999
[rows 0 to 35 of 100, columns 0 to 80 of 100]
0 6.24151 5.6683 5.62198 4.89244 5.77252 0 0 0 3.82708 4.86928 3.4102 3.53179 4.34239 4.66663 4.73032 4.59715 4.61452 4.71874 5.03719 5.11246 5.263 5.21668 5.36143 4.59136 4.63189 4.60873 0 0 0 0 0 0 0 0 3.56557 3.83815 3.74344 4.17079 0 0 0 0 0 0 6.23572 5.7262 5.3209 5.36143 5.18194 4.60873 5.07772 5.88832 5.51776 5.90569 5.73199 6.84367 4.5196 4.46398 2.69224 3.94867 4.35397 5.52934 5.33827 5.59303 5.4946 5.263 4.71874 4.84612 4.9156 0 0 0 0 3.9892 0 0 4.73611 5.45986 4.84612 4.61452
0 5.38459 5.81305 4.42345 5.00824 5.16457 0 0 0 0 0 0 3.25387 4.01236 4.11658 4.49872 4.38871 0 4.67242 4.87507 5.44249 5.48881 5.4946 5.19931 5.15878 3.82708 4.67242 5.17036 0 0 0 4.82875 0 0 0 2.79172 3.06661 3.78964 3.98368 0 0 0 0 0 0 0 5.73199 5.8999 5.36143 4.88086 4.38292 4.86349 5.70883 6.34573 6.04465 5.47144 4.64896 5.67409 4.12237 3.61285 6.29941 5.0893 5.36722 5.66251 4.9735 4.90402 5.11825 5.44828 4.9735 4.47556 4.60873 0 0 0 0 0 0 3.03964 4.81717 4.73611 4.51609
5.29195 6.10255 5.8999 5.60461 5.68567 5.57566 0 0 0 0 0 0 0 4.69558 4.3945 4.20922 0 0 4.82875 4.88086 5.29774 5.07772 5.59303 5.67409 4.67242 4.37134 5.36722 5.40196 5.33248 5.2051 4.7998 0 4.07605 0 0 0 0 0 3.83353 3.69262 0 0 0 0 0 0 5.95201 5.56408 5.64514 4.86349 4.8577 4.54504 4.92139 5.842 5.76094 5.91727 3.8959 7.16791 3.39862 3.19597 5.21089 5.29774 5.23405 5.28616 4.16869 4.96192 3.87919 4.93876 5.55829 4.63768 4.12237 0 0 0 0 4.34239 4.48714 3.71128 0 4.78822 5.11825
0 6.11992 5.81305 6.44416 6.37468 5.24563 0 0 0 0 0 0 0 0 4.67242 4.70716 4.57978 0 4.86928 5.08351 5.21668 5.30932 5.10667 5.0893 5.10667 4.48714 5.28037 4.67242 4.75927 4.68979 4.5103 4.5682 0 0 0 0 0 0 3.77809 3.88666 0 0 0 0 0 6.05623 5.9578 5.57566 5.41933 4.9735 4.48135 4.65505 5.17615 5.58724 5.15299 5.63935 4.02973 3.25387 5.30353 2.82541 5.48302 4.93297 5.2051 5.88832 5.3788 4.72453 2.62855 4.40029 4.7998 4.74769 4.38871 0 0 0 0 0 4.25554 0 0 0 5.44249
0 4.29028 5.94622 6.57154 6.06781 3.13807 0 0 0 0 0 0 0 0 0 4.40029 4.74769 0 5.04877 4.66663 4.88665 4.95613 5.12404 5.40775 6.00991 5.44249 5.58145 4.17448 4.27291 4.48714 4.66663 4.4524 4.66663 4.49872 0 0 0 0 3.69955 3.4339 0 0 0 4.32502 6.97105 7.01737 6.43258 6.02728 5.58145 5.46565 4.34239 4.60294 5.22247 5.76094 5.96938 4.14076 3.48547 5.78989 5.21668 5.85358 5.55829 5.21668 5.33248 5.59882 5.56408 4.85191 2.69803 3.39862 4.33081 4.12816 4.18027 0 0 0 0 0 3.1864 0 0 0 0
5.96359 5.34406 0 0 0 3.15544 0 0 0 3.18439 0 0 0 0 0 4.81717 4.53925 0 4.61452 4.57978 5.06614 5.25142 5.2051 4.95613 5.95201 5.54671 5.46565 4.41766 4.5682 4.5103 4.58557 4.09342 4.62031 0 0 0 5.46565 0 4.02988 3.69031 0 5.45986 6.69313 7.18528 6.53101 6.67576 6.1894 5.92306 5.72041 5.53513 4.86349 4.29028 4.94455 5.45407 5.66251 4.39255 3.61177 5.07193 4.83454 4.11079 4.38871 4.75348 4.84612 5.58145 5.58724 5.76094 2.96437 2.48959 4.57399 4.05868 4.73032 4.53346 0 0 0 4.1548 0 0 0 0 0
0 0 0 0 0 0 0 0 0 0 0 0 0 0 0 4.64347 4.28449 4.64347 4.3945 4.59715 4.99666 5.10088 5.07772 5.28616 6.06202 5.78989 4.75927 4.56241 4.28449 4.61452 4.6261 3.87919 4.46977 5.08351 0 0 6.07939 0 2.3764 3.71572 3.84277 4.68979 6.42679 7.87429 7.08106 6.44416 6.31099 5.842 5.92885 5.67409 5.23405 4.50451 4.95613 5.23984 5.74936 4.18696 3.38125 5.11246 4.80559 4.12816 4.5103 4.07605 4.19764 4.55083 4.47556 4.60873 5.36722 4.27291 4.78822 5.48302 6.51943 5.96359 0 0 0 2.1604 0 0 0 0 0
0 0 0 0 0 0 0 0 0 0 0 0 0 0 0 5.93464 5.40196 5.99833 4.92718 4.67821 4.9735 4.99666 5.36722 5.36722 6.61207 5.01982 4.02973 4.32502 4.46977 4.79401 4.93297 5.12983 4.57399 5.15299 4.70716 0 0 0 0 2.6608 3.42697 3.35536 4.02973 7.38793 7.19686 6.37468 6.64102 6.50785 6.21835 5.41933 4.97929 4.45819 4.71874 5.41933 6.00991 4.43875 5.17615 5.69146 5.37301 4.46398 4.40608 4.44082 4.70137 4.48135 4.71295 4.66663 4.62031 4.04131 4.55083 6.36889 6.66418 6.5368 0 0 0 2.9848 0 0 0 0 0
0 0 0 0 0 0 0 0 0 0 0 0 0 0 0 0 5.29195 5.79568 0 0 0 5.23405 5.04877 5.88253 5.72041 4.97929 3.42178 4.63768 5.11246 5.44249 5.11246 5.00824 4.50451 4.3366 5.06035 5.34406 0 3.47389 0 2.6536 3.14515 3.47086 3.49858 7.55005 7.19686 6.7105 6.27625 6.0157 5.87095 5.67988 4.88665 5.00824 5.39038 5.65672 4.30246 3.86818 5.62198 4.99666 4.84612 4.5103 5.12983 5.06614 4.82296 4.84612 5.1472 4.9156 4.55083 5.41354 4.86928 6.32257 6.90736 6.43837 0 0 0 0 0 0 0 0 0
0 0 0 0 0 0 0 0 0 0 0 0 0 0 0 0 0 0 0 0 0 0 5.28616 5.7262 4.86349 4.38871 3.89077 4.77085 5.29774 6.00412 5.52355 5.07193 4.41766 4.93876 5.04298 5.15878 5.48881 0 3.9172 3.1792 2.2432 2.884 3.68569 7.35898 7.48636 6.58312 6.39205 6.39205 6.00991 5.47144 5.40775 5.12983 5.91727 5.75515 3.97213 3.28861 5.07772 5.34985 4.93297 4.80559 5.03719 4.7998 4.60294 5.12404 5.12983 5.40775 5.21089 5.11825 5.90569 0 0 0 0 0 0 0 0 0 0 0 0
0 0 0 0 0 0 0 0 0 0 0 0 0 0 0 0 0 0 0 0 0 0 5.41933 5.26879 3.89656 4.52188 0 4.84612 5.04298 5.59303 5.19352 5.29774 4.59136 4.78822 5.31511 4.93297 5.82463 0 4.81138 2.7796 2.6932 2.5312 3.80812 3.85432 4.94926 6.84946 6.57154 5.99254 6.0157 5.47144 5.36722 5.91727 5.73778 4.23085 3.77809 4.16869 5.23405 5.28616 5.11825 5.07193 4.54504 4.60294 4.98508 4.73032 5.04877 5.69725 5.99833 5.94622 6.3052 6.09097 0 0 0 0 0 0 0 0 0 0 0
3.71128 4.00657 0 0 0 0 0 0 0 0 0 0 0 0 0 0 0 0 0 0 0 0 0 5.32669 0 0 0 4.64347 0 0 0 6.0736 5.07193 4.70137 4.52767 4.34818 5.07772 5.87095 0 5.11825 2.74 2.5996 2.6968 3.99754 4.13845 4.01602 4.78756 5.85358 6.60628 6.16045 5.28037 5.09509 5.97517 3.80119 3.30019 3.30019 5.21089 5.29195 4.92139 5.47723 5.23984 4.71295 4.66663 4.59136 5.51776 4.37713 5.74357 6.40363 6.72787 6.23572 0 0 0 0 0 0 0 0 0 0 0
4.49293 4.52188 4.15132 0 0 0 0 0 0 0 0 0 0 0 0 0 0 0 0 0 0 0 0 0 0 0 0 5.0314 5.03719 5.19352 5.27458 0 0 0 4.54504 4.02394 4.49293 5.04877 0 5.25721 4.2304 3.2692 2.5132 3.57019 3.76885 4.20544 4.27705 4.32556 0 6.41521 5.46565 5.28616 5.54671 4.22854 4.105 3.45073 4.71874 5.1472 5.15878 4.89823 4.64347 5.37301 2.65171 3.39283 5.03719 6.02149 6.12571 6.23572 6.51364 0 0 0 0 0 0 0 0 0 0 0 0
0 0 0 0 0 0 0 0 0 0 0 0 0 0 0 0 0 0 0 0 0 0 0 0 0 0 0 0 0 0 5.03719 4.5682 0 0 0 0 3.90235 5.17615 5.02561 0 5.26879 3.2116 2.4916 3.3088 3.77116 4.06915 3.56557 4.08763 4.33711 5.37301 5.95201 5.52934 5.68567 4.46647 5.23984 5.16457 5.69725 5.17036 5.16457 3.89077 3.50284 3.65917 4.84612 4.34239 4.66084 5.36722 6.07939 6.20677 6.66418 0 0 0 0 0 0 0 0 0 0 0 0
0 0 0 4.02973 0 0 0 0 0 0 0 0 0 0 0 0 0 0 0 0 0 0 0 0 0 0 0 0 0 0 5.11825 0 0 0 0 0 0 4.22659 4.46398 0 4.72453 4.57978 3.3016 3.53323 3.81274 4.44661 3.67075 3.97183 4.07377 0 5.48881 5.79568 5.54092 4.43644 5.91148 4.94455 2.79646 5.18773 4.42345 3.54337 3.1786 2.89489 3.72286 0 4.66084 4.55662 5.68567 5.47144 5.90569 0 0 0 0 0 0 0 0 0 0 0 0
0 0 0 3.28861 0 0 0 0 0 0 5.39038 5.41354 5.59303 5.41933 0 0 0 0 0 0 0 0 0 0 0 0 0 0 0 0 0 0 0 0 0 0 0 5.22826 5.12983 4.99666 0 4.50451 4.87507 3.5839 3.56074 3.36967 3.45652 2.99911 0 4.07146 5.40196 5.93464 5.47723 4.28398 5.32669 3.49705 3.38125 5.15299 5.62198 2.02639 2.5417 3.97183 4.26712 2.4838 0 4.26712 4.89823 5.1472 0 0 0 0 0 0 0 0 0 0 0 0 0
4.52767 5.0893 0 0 0 0 0 5.51197 6.03307 0 5.43091 0 0 0 0 0 0 0 0 0 0 0 0 0 0 0 0 0 0 0 0 0 0 0 0 0 0 5.73778 5.38459 5.52355 5.19931 0 5.80147 5.36143 4.45819 3.94288 0 0 7.11001 4.29553 0 5.87674 5.78989 4.02757 3.15544 2.90647 3.21913 4.95613 4.37134 1.86427 2.51854 5.56408 4.31344 3.8734 0 3.66496 4.69558 0 0 0 0 0 5.3788 5.85358 3.25966 0 0 0 0 0 0
4.5103 0 0 0 0 0 0 0 0 0 0 0 0 0 0 0 0 0 0 0 0 0 0 0 0 0 0 0 0 0 0 0 0 0 0 0 0 5.92885 5.19352 5.34406 5.2051 0 5.10088 4.9735 5.36722 5.25142 6.58891 6.77419 6.60049 4.25395 3.82891 5.842 4.25395 3.9313 2.61118 3.09754 2.58223 4.55662 1.87006 2.1943 4.97929 5.69725 5.33827 3.49126 0 4.08184 4.5103 0 0 0 0 0 3.77497 6.44995 2.78488 4.6261 0 0 0 0 0
0 0 0 0 0 0 0 0 0 0 0 0 0 0 0 0 0 0 0 0 0 0 0 0 0 0 0 0 0 0 0 0 0 0 0 0 5.24563 5.94622 5.36143 5.24563 5.06035 5.74357 0 4.67821 4.73611 6.46153 7.43425 6.85525 7.0579 6.3631 4.02295 0 4.21237 2.76751 2.44906 2.84857 3.60127 4.18606 4.70137 4.02394 3.82708 5.19352 4.92139 4.99087 5.07772 4.0471 4.88086 5.30932 0 0 0 0 3.68812 5.29195 2.85436 2.92963 0 0 0 0 0
0 0 0 0 0 0 0 0 0 0 0 0 4.00657 0 0 0 0 0 0 0 0 0 0 0 0 0 0 0 0 0 0 0 0 0 0 0 0 0 6.28204 5.21668 5.5525 5.45407 0 5.58724 5.06035 4.73032 6.79156 6.7105 6.76261 7.22002 4.13152 4.2424 4.18606 3.23071 3.03385 3.56074 3.8734 4.5103 4.47556 3.57811 3.68812 3.6418 2.43748 0 0 3.72865 4.31344 5.18773 5.99833 5.67409 0 4.90402 4.11079 0 0 0 0 0 0 0 0
0 0 0 0 0 0 0 0 0 0 0 3.72286 0 0 0 0 0 0 0 0 0 0 0 0 0 0 0 0 0 0 0 0 0 0 0 0 0 0 6.75682 5.28616 0 5.71462 5.60461 0 5.39617 5.04298 5.14141 6.02149 7.06369 6.40363 3.62443 4.34404 3.56653 2.88331 2.79067 3.21913 3.04543 2.80236 2.88342 2.07271 2.49538 2.28115 4.20922 0 0 3.44494 3.91972 5.06035 5.72041 0 0 4.26712 5.16457 5.59303 6.04465 3.57811 0 0 0 0 0
0 0 0 0 0 0 0 0 0 0 3.68233 0 0 0 0 3.36967 0 0 7.54426 0 0 0 0 0 0 0 0 0 0 0 0 0 0 0 0 0 0 0 3.85603 0 0 0 5.77831 0 5.3209 5.48881 3.71707 5.99254 6.31678 3.85603 3.44494 4.24933 3.37615 2.86594 2.68645 3.40441 4.59136 2.42011 2.33905 4.1629 2.28115 2.50117 4.09342 0 0 0 2.70961 0 2.86015 0 0 5.10088 5.80726 5.82463 5.842 0 0 0 0 0 0
5.35564 0 0 0 0 0 0 0 0 0 0 0 0 0 0 0 0 0 6.67576 6.02728 4.34239 0 0 0 0 4.34239 0 0 0 0 0 0 0 0 0 0 0 0 0 0 0 0 6.03886 4.55083 0 5.58724 3.79813 3.65917 6.09676 4.76506 3.93709 4.02295 4.02295 0 0 5.65093 5.31511 5.29195 2.83699 3.4681 4.76506 4.70716 0 0 0 0 0 0 6.02149 5.85358 5.40196 5.23984 5.86516 3.9892 5.40196 4.65505 4.13974 0 0 0 0
0 0 0 0 0 0 0 0 0 5.08351 0 0 0 0 0 0 0 0 0 5.63935 4.79401 0 0 0 0 0 0 0 0 0 0 0 0 0 0 0 0 0 0 0 0 0 5.69725 5.52355 0 6.31678 3.70549 3.32914 3.52021 3.85985 3.80635 3.5977 4.36021 4.55194 3.59329 3.12649 6.41521 4.2787 2.69224 2.50117 4.78243 0 6.07939 0 0 0 0 0 0 3.53758 0 0 0 0 0 4.97929 4.63189 0 0 0 0
0 0 0 0 0 0 0 0 0 5.34406 4.50451 0 0 0 0 0 0 6.7684 6.3631 5.25721 6.12571 0 0 0 0 6.65839 0 0 0 0 0 0 0 0 0 0 0 0 0 0 0 0 0 4.12237 5.17036 0 5.33248 0 0 4.10595 3.97755 3.5121 4.05245 4.50574 4.57966 4.11997 5.52355 4.48135 2.947 3.98341 4.1629 2.24641 4.75348 0 4.58557 0 0 0 0 3.526 0 0 0 0 0 4.52188 2.66908 0 0 0 0
0 0 0 0 0 0 2.95279 4.16869 5.01982 5.10667 4.46398 4.48714 0 4.59715 4.87507 4.56241 0 0 0 0 5.41354 0 0 0 0 0 0 0 0 0 0 0 0 0 0 0 0 0 0 0 0 0 0 0 0 0 0 0 0 4.04175 3.88125 3.77425 3.1483 0 0 6.39784 4.99666 3.03964 2.45485 3.4102 4.684 0 0 4.21501 5.85937 5.47144 5.43091 6.00412 0 0 0 0 0 0 0 0 1.99744 0 0 0 0
0 0 0 0 4.22659 2.75593 4.14553 5.28037 3.99499 3.75181 3.79813 4.16869 4.2787 3.63601 3.53758 3.90235 0 0 0 0 0 0 0 0 0 0 0 0 0 0 0 0 0 0 0 0 0 0 0 0 0 0 0 0 0 0 0 0 0 0 0 0 0 0 0 6.04465 5.29195 3.72286 3.49705 4.44082 4.55662 4.08184 4.6261 5.13562 5.22247 5.72041 5.36143 6.20098 5.97517 4.31344 0 0 0 0 0 2.09587 1.98007 2.64592 0 0 9.8415
0 0 4.78822 4.684 3.64759 5.62198 5.21089 4.51609 2.81962 3.28282 3.20176 4.52767 4.04131 3.58969 2.78488 4.04131 5.56987 0 0 0 0 0 0 0 0 0 0 0 0 0 0 0 0 0 0 0 0 0 0 0 0 0 6.46153 5.66251 0 0 0 0 0 0 0 0 0 0 0 0 6.13729 5.23405 4.23817 4.03552 3.95446 5.24563 5.73778 5.21089 5.05456 5.36143 5.28037 4.90402 4.65505 4.84033 4.92139 5.02561 0 0 4.77085 3.2365 3.72865 3.79234 4.34818 0 8.06025
0 5.39617 4.70716 4.00657 4.75927 4.61452 4.80559 4.25554 2.67487 3.36967 3.56074 3.72865 4.24975 4.1629 3.16702 5.19352 5.57566 0 0 0 0 5.99833 0 0 0 0 0 0 0 0 0 0 0 0 0 0 0 0 0 0 0 0 5.39617 0 0 5.66251 5.52355 0 0 0 0 0 0 0 0 0 6.84367 5.9578 3.56074 3.4681 4.87507 4.86928 5.70304 5.07193 5.21668 4.89823 5.22247 4.88086 4.47556 4.60873 4.71874 0 0 0 0 4.82875 4.38871 4.04131 0 0 8.02275
4.78822 5.39617 3.39283 2.48959 5.25142 5.57566 5.17036 4.58557 3.54916 4.16869 3.67654 3.02806 3.21913 3.76918 3.90814 5.24563 5.34406 5.45986 0 0 0 0 0 0 0 0 0 0 0 0 5.30932 0 0 0 0 0 0 0 0 0 0 0 0 6.14308 5.86516 5.59303 5.263 4.37134 5.72041 0 0 0 0 0 0 0 0 6.31678 5.73778 4.63189 5.24563 4.79401 4.81717 5.5525 5.61619 4.59715 5.12404 0 4.53925 4.51609 4.80559 0 0 0 0 0 0 0 0 0 6.08525
5.43091 5.23984 3.34651 4.89823 3.59548 4.18027 4.55083 3.65338 3.11491 2.55328 2.33905 3.86182 4.26712 4.31344 4.4524 4.97929 5.06035 5.47723 6.0157 6.75103 6.24151 0 0 0 5.8999 0 0 0 4.92139 0 0 0 0 0 0 0 0 0 0 0 0 0 5.45407 5.70883 5.15878 5.36722 5.55829 6.04465 0 0 0 0 0 0 0 0 0 0 8.01325 6.62365 5.6104 0 0 0 0 4.57399 5.07193 0 4.7998 4.28449 4.64347 0 0 0 0 0 0 0 0 0 0
3.93709 2.92963 4.2208 4.8577 4.36555 4.30186 4.08184 3.68812 4.12816 3.65338 3.32914 3.76339 4.31344 4.69558 4.53346 5.00824 5.52934 5.28037 5.58724 6.3631 6.60049 7.03474 0 0 0 0 0 0 0 0 0 0 0 0 0 0 0 0 0 0 0 5.96938 6.22414 6.03886 5.78989 5.34985 5.62198 5.97517 0 4.90981 0 0 0 0 0 0 0 0 0 5.99254 5.17036 0 0 0 0 4.83454 5.07772 0 4.86349 4.17448 4.23238 4.15132 0 0 0 0 0 0 0 0 7.66025
5.24563 4.74769 6.21835 5.28616 4.38292 4.7998 3.9313 4.26712 4.0471 4.19764 4.55083 3.38125 2.87752 3.30598 4.82875 5.6683 5.50618 4.88086 5.35564 6.09676 6.53101 6.32836 5.73778 4.96192 0 0 0 0 0 0 0 0 0 0 0 0 0 0 0 4.86349 5.89411 5.39038 5.63356 5.62777 5.85937 5.37301 5.11246 5.62777 4.9735 5.53513 0 0 0 0 0 0 0 0 0 0 5.25721 0 0 0 0 0 4.80559 0 4.30765 4.26712 4.12237 4.74769 0 0 0 0 0 0 0 0 6.69775
3.78076 5.21668 5.1472 4.77085 4.67242 4.23817 4.70137 4.41766 4.48714 4.21501 4.15711 4.29607 2.85436 4.61452 5.22247 5.63356 5.36722 4.63768 4.59136 5.8999 6.0157 5.12983 5.11246 4.7419 4.37713 0 0 0 0 0 0 0 0 0 0 0 0 0 4.66084 4.84612 5.45986 5.6104 5.3209 5.43091 5.48302 5.00824 5.00245 5.18773 4.72453 0 0 0 0 0 0 0 0 0 0 0 3.11491 0 0 0 0 0 0 0 4.93876 4.13395 4.20343 0 0 0 0 0 0 0 0 0 0
3.99499 4.49872 4.43503 4.50451 5.02561 4.92718 4.96192 4.59136 4.49293 4.38871 4.57399 4.82875 3.23071 4.26712 5.04298 4.72453 4.62031 4.85191 4.81717 5.30353 5.36722 5.09509 4.95034 4.48714 4.02973 0 0 0 0 0 0 0 0 0 0 5.14141 4.4524 4.41187 5.27458 4.99666 5.36143 5.50618 4.92718 4.93876 4.97929 5.01403 4.92718 5.01982 5.28037 0 2.4259 2.20588 0 0 0 0 0 0 7.89745 0 0 0 0 0 0 0 0 0 4.77085 4.22659 4.16869 0 0 0 0 0 0 0 0 0 0
3.94867 4.45819 4.17448 4.00078 4.59715 4.67821 4.70716 4.90981 4.9156 4.38871 4.71295 4.38871 4.15132 4.03552 4.70137 4.67821 3.62443 3.82129 4.15132 4.92139 5.47723 5.16457 4.35976 4.30186 4.60873 0 0 0 0 0 0 0 0 5.25721 5.04298 5.4367 5.70883 6.08518 5.73778 5.14141 5.32669 5.22826 5.41933 4.88665 5.06035 4.88086 5.2051 5.15878 5.10667 5.5525 0 2.36221 2.72119 0 0 0 0 0 5.41933 0 0 0 0 0 0 0 0 0 4.46977 4.46398 4.26712 0 0 0 0 0 0 0 0 5.08525 0
