data/handson/vilo100/ccf.asc
ncols 100
nrows 100
xllcorner 497392.38261041
yllcorner 4659615.6527613
cellsize 20.0
NODATA_value -9999
[rows 0 to 63 of 100, columns 0 to 95 of 100]
0 62 80 59 50 67 0 0 0 31 39 54 57 62 61 64 56 40 82 92 82 90 82 86 89 78 69 0 0 0 0 0 0 0 0 76 72 83 74 0 0 0 0 0 0 52 90 79 85 75 75 79 85 85 88 89 81 70 78 87 45 74 79 88 88 87 88 82 66 80 0 0 0 0 61 0 0 39 88 72 74 76 70 67 63 65 75 53 0 0 0 0 0 0 0 0
0 63 50 52 67 75 0 0 0 0 0 0 57 65 69 51 46 0 93 89 90 82 85 88 85 78 86 89 0 0 0 63 0 0 0 40 46 81 82 0 0 0 0 0 0 0 88 88 87 78 67 65 81 83 83 91 56 79 85 79 63 85 80 84 81 86 76 75 65 84 64 0 0 0 0 0 0 49 72 87 76 65 74 68 72 69 80 35 0 0 0 0 0 0 0 0
49 63 65 49 60 62 0 0 0 0 0 0 0 67 66 55 0 0 85 82 87 86 85 82 79 83 86 88 90 80 83 0 47 0 0 0 0 0 84 81 0 0 0 0 0 0 81 89 89 79 65 61 79 86 82 84 43 90 85 86 84 81 84 63 78 62 54 58 60 87 85 0 0 0 0 78 19 65 0 83 84 74 64 60 76 75 80 53 0 0 0 0 0 0 0 0
0 59 73 62 60 55 0 0 0 0 0 0 0 0 58 62 54 0 71 82 87 90 84 81 82 75 85 89 85 92 86 67 0 0 0 0 0 0 74 79 0 0 0 0 0 64 92 89 85 80 68 64 78 81 88 69 73 89 84 81 83 83 76 74 75 81 72 59 55 75 72 0 0 0 0 0 56 0 0 0 73 63 77 73 75 72 76 58 0 67 0 0 0 0 0 0
0 67 80 84 76 66 0 0 0 0 0 0 0 0 0 61 70 0 65 84 92 87 90 85 81 80 85 73 89 87 82 78 58 47 0 0 0 0 72 82 0 0 0 62 74 90 90 89 84 86 73 61 76 84 91 62 73 86 83 74 85 88 78 74 71 83 82 66 70 84 82 0 0 0 0 0 18 0 0 0 0 0 0 88 75 76 74 69 68 87 77 0 0 0 0 0
93 83 0 0 0 51 0 0 0 47 0 0 0 0 0 44 73 0 40 81 88 90 85 82 85 86 84 79 82 86 87 89 80 0 0 0 64 0 64 80 0 93 84 85 87 89 86 86 86 86 64 55 71 82 93 37 69 93 86 92 78 75 75 76 71 76 73 63 88 87 86 44 0 0 0 12 0 0 0 0 0 0 0 0 61 77 74 91 89 91 93 39 0 0 0 0
0 0 0 0 0 0 0 0 0 0 0 0 0 0 0 58 71 68 71 60 84 90 87 88 82 87 88 82 76 86 85 81 88 79 0 0 60 0 67 72 91 96 91 90 86 93 90 84 87 88 85 57 74 82 85 39 70 86 89 84 89 78 84 89 90 82 77 59 79 75 73 58 0 0 0 15 0 0 0 0 0 0 0 0 71 70 77 79 85 85 75 31 0 0 0 0
0 0 0 0 0 0 0 0 0 0 0 0 0 0 0 44 48 63 48 54 80 87 86 88 84 87 93 91 88 84 85 87 85 89 85 0 0 0 0 38 55 87 81 87 88 83 87 85 88 84 85 72 72 81 70 34 86 86 88 78 91 88 86 83 81 92 81 67 68 71 77 67 0 0 0 31 0 0 0 0 0 0 0 0 0 72 73 87 81 87 61 0 0 0 0 0
0 0 0 0 0 0 0 0 0 0 0 0 0 0 0 0 50 38 0 0 0 68 86 87 86 85 90 86 85 84 85 80 82 86 87 83 0 63 0 18 57 69 76 89 88 92 90 88 87 86 86 83 79 84 50 68 81 87 84 82 83 82 89 79 91 87 78 70 71 78 80 74 0 0 0 0 0 0 0 0 0 0 0 0 0 0 72 76 82 85 42 0 0 0 0 0
0 0 0 0 0 0 0 0 0 0 0 0 0 0 0 0 0 0 0 0 0 0 75 86 85 87 85 80 80 83 78 86 88 88 87 87 62 0 78 78 63 54 77 89 92 85 82 83 89 82 78 77 87 63 44 65 80 84 86 73 79 86 87 86 83 79 87 80 77 0 0 0 0 0 0 0 0 0 0 0 0 0 0 0 0 0 57 69 77 84 31 0 0 0 0 0
0 0 0 0 0 0 0 0 0 0 0 0 0 0 0 0 0 0 0 0 0 0 63 77 85 49 0 64 79 90 81 89 78 87 86 86 90 0 55 28 10 45 77 79 74 89 84 87 85 84 84 79 87 59 79 62 80 80 78 77 77 93 84 83 83 83 65 68 77 43 0 0 0 0 0 0 0 0 0 0 0 0 0 0 0 0 0 74 84 72 0 0 0 0 0 0
66 78 0 0 0 0 0 0 0 0 0 0 0 0 0 0 0 0 0 0 0 0 0 54 0 0 0 40 0 0 0 58 75 72 80 82 82 71 0 69 46 31 54 68 77 77 87 88 85 78 84 83 73 65 69 68 74 83 68 74 71 61 71 75 79 68 71 68 87 81 0 0 0 0 0 0 0 0 0 0 0 0 0 0 0 0 0 0 67 39 0 0 0 0 0 0
68 45 51 0 0 0 0 0 0 0 0 0 0 0 0 0 0 0 0 0 0 0 0 0 0 0 0 35 64 58 62 0 0 0 40 80 87 86 0 66 50 26 50 78 74 71 85 80 0 88 81 79 76 48 81 66 83 70 57 69 59 49 61 79 82 71 73 81 87 0 0 0 0 0 0 0 0 0 0 0 0 0 0 0 0 0 0 0 0 0 0 0 0 0 0 0
0 0 0 0 0 0 0 0 0 0 0 0 0 0 0 0 0 0 0 0 0 0 0 0 0 0 0 0 0 0 47 30 0 0 0 0 71 89 76 0 86 37 31 59 66 66 70 75 84 87 89 82 66 71 79 68 82 74 56 64 69 66 52 50 60 86 83 82 63 0 0 0 0 0 0 0 0 0 0 0 0 0 0 0 77 0 0 0 0 0 0 0 0 0 0 0
0 0 0 51 0 0 0 0 0 0 0 0 0 0 0 0 0 0 0 0 0 0 0 0 0 0 0 0 0 0 41 0 0 0 0 0 0 86 85 0 54 72 53 59 56 74 79 91 81 0 85 83 69 59 80 73 61 53 46 63 65 68 65 0 64 74 78 83 72 0 0 0 0 0 0 0 0 0 0 0 0 0 0 33 75 78 0 0 0 0 0 0 0 0 0 0
0 0 0 72 0 0 0 0 0 0 30 24 33 16 0 0 0 0 0 0 0 0 0 0 0 0 0 0 0 0 0 0 0 0 0 0 0 62 83 93 0 81 78 56 71 71 78 92 0 80 58 86 77 56 87 78 72 85 67 36 58 50 53 54 0 67 73 61 0 0 0 0 0 0 0 0 0 0 0 0 0 0 0 0 49 62 0 0 0 0 0 0 0 0 0 0
68 60 0 0 0 0 0 65 30 0 37 0 0 0 0 0 0 0 0 0 0 0 0 0 0 0 0 0 0 0 0 0 0 0 0 0 0 44 73 91 75 0 74 72 74 77 0 0 73 76 0 76 68 55 83 81 75 88 87 77 64 33 53 71 0 60 62 0 0 0 0 0 65 32 65 0 0 0 0 0 0 0 0 0 26 32 0 0 0 0 0 0 0 0 0 0
68 0 0 0 0 0 0 0 0 0 0 0 0 0 0 0 0 0 0 0 0 0 0 0 0 0 0 0 0 0 0 0 0 0 0 0 0 40 79 86 89 0 82 73 70 55 67 82 90 83 77 68 61 65 87 92 84 88 90 65 73 51 36 70 0 52 72 0 0 0 0 0 61 7 50 49 0 0 0 0 0 0 0 0 0 37 55 0 0 0 0 0 0 0 0 0
0 0 0 0 0 0 0 0 0 0 0 0 0 0 0 0 0 0 0 0 0 0 0 0 0 0 0 0 0 0 0 0 0 0 0 0 36 60 74 85 88 79 0 95 86 74 88 91 94 81 81 0 68 85 92 78 70 71 83 82 65 46 58 55 51 52 71 60 0 0 0 0 51 40 36 56 0 0 0 0 0 0 0 0 0 0 47 0 0 0 0 0 0 0 0 0
0 0 0 0 0 0 0 0 0 0 0 0 45 0 0 0 0 0 0 0 0 0 0 0 0 0 0 0 0 0 0 0 0 0 0 0 0 0 52 80 87 89 0 81 91 87 78 92 89 90 70 78 82 82 76 68 47 69 77 79 85 66 64 0 0 61 71 65 69 42 0 77 40 0 0 0 0 0 0 0 0 0 0 0 0 0 0 0 0 0 0 0 0 0 0 0
0 0 0 0 0 0 0 0 0 0 0 56 0 0 0 0 0 0 0 0 0 0 0 0 0 0 0 0 0 0 0 0 0 0 0 0 0 0 42 73 0 55 75 0 85 87 78 82 91 95 61 79 70 86 85 59 72 56 87 91 73 43 41 0 0 67 66 75 41 0 0 14 40 61 29 42 0 0 0 0 0 0 0 0 0 0 0 0 0 0 0 0 0 0 0 0
0 0 0 0 0 0 0 0 0 0 59 0 0 0 0 50 0 0 18 0 0 0 0 0 0 0 0 0 0 0 0 0 0 0 0 0 0 0 9 0 0 0 58 0 70 76 78 74 69 80 79 78 75 80 83 80 79 92 85 91 78 57 47 0 0 0 45 0 26 0 0 67 39 65 35 0 0 0 0 0 0 0 0 0 0 0 0 0 0 0 0 0 0 0 0 0
84 0 0 0 0 0 0 0 0 0 0 0 0 0 0 0 0 0 16 34 17 0 0 0 0 39 0 0 0 0 0 0 0 0 0 0 0 0 0 0 0 0 48 84 0 78 76 52 63 74 53 61 82 0 0 74 91 89 86 85 71 54 0 0 0 0 0 0 43 51 58 63 49 69 52 39 46 0 0 0 0 0 0 0 0 0 0 0 0 0 0 0 0 0 0 78
0 0 0 0 0 0 0 0 0 59 0 0 0 0 0 0 0 0 0 12 33 0 0 0 0 0 0 0 0 0 0 0 0 0 0 0 0 0 0 0 0 0 18 71 0 60 65 51 42 61 65 47 73 74 86 80 87 83 79 65 27 0 21 0 0 0 0 0 0 74 0 0 0 0 0 23 55 0 0 0 0 0 0 0 0 0 0 0 0 0 0 0 0 0 0 80
0 0 0 0 0 0 0 0 0 87 77 0 0 0 0 0 0 41 41 40 27 0 0 0 0 24 0 0 0 0 0 0 0 0 0 0 0 0 0 0 0 0 0 41 33 0 62 0 0 65 64 39 59 64 72 74 61 42 40 53 74 57 51 0 49 0 0 0 0 70 0 0 0 0 0 13 28 0 0 0 0 0 0 0 57 56 0 0 0 0 0 0 0 0 0 58
0 0 0 0 0 0 54 92 92 89 89 71 0 47 67 61 0 0 0 0 26 0 0 0 0 0 0 0 0 0 0 0 0 0 0 0 0 0 0 0 0 0 0 0 0 0 0 0 0 60 72 56 82 0 0 29 82 94 77 80 58 0 0 63 54 72 79 91 0 0 0 0 0 0 0 0 57 0 0 0 0 0 0 0 59 82 0 90 0 0 0 0 0 0 0 30
0 0 0 0 49 89 98 88 81 79 83 84 86 81 85 74 0 0 0 0 0 0 0 0 0 0 0 0 0 0 0 0 0 0 0 0 0 0 0 0 0 0 0 0 0 0 0 0 0 0 0 0 0 0 0 69 89 88 80 66 76 65 51 62 76 80 84 86 80 44 0 0 0 0 0 33 55 69 0 0 39 0 0 0 0 73 0 59 0 0 0 0 0 0 0 88
0 0 76 90 96 92 94 86 81 76 80 81 88 82 68 75 47 0 0 0 0 0 0 0 0 0 0 0 0 0 0 0 0 0 0 0 0 0 0 0 0 0 17 43 0 0 0 0 0 0 0 0 0 0 0 0 82 89 81 78 80 64 58 66 79 78 74 76 84 71 74 50 0 0 71 60 68 87 42 0 43 0 0 0 0 0 0 0 0 0 0 0 0 0 0 94
0 87 87 89 91 90 92 86 81 82 83 80 85 80 85 73 66 0 0 0 0 66 0 0 0 0 0 0 0 0 0 0 0 0 0 0 0 0 0 0 0 0 33 0 0 40 68 0 0 0 0 0 0 0 0 0 84 84 85 78 83 78 62 66 79 81 73 76 79 72 77 0 0 0 0 56 87 75 0 0 48 0 0 0 0 0 66 0 0 0 0 0 0 0 0 92
90 95 93 93 86 97 88 87 84 91 83 84 84 85 88 71 78 42 0 0 0 0 0 0 0 0 0 0 0 0 42 0 0 0 0 0 0 0 0 0 0 0 0 34 64 83 86 41 43 0 0 0 0 0 0 0 0 90 81 83 83 73 45 60 56 87 67 0 60 60 68 0 0 0 0 0 0 0 0 0 69 0 0 0 0 0 0 0 0 0 0 0 0 0 82 67
99 94 94 91 88 95 86 84 89 90 87 82 81 90 88 68 84 72 46 58 37 0 0 0 49 0 0 0 45 0 0 0 0 0 0 0 0 0 0 0 0 0 49 71 86 87 83 59 0 0 0 0 0 0 0 0 0 0 81 79 72 0 0 0 0 83 75 0 45 58 70 0 0 0 0 0 0 0 0 0 0 0 0 0 0 61 0 0 0 0 0 0 0 0 97 0
89 89 87 90 90 88 87 80 93 92 90 91 91 89 86 75 90 82 81 84 78 72 0 0 0 0 0 0 0 0 0 0 0 0 0 0 0 0 0 0 0 53 66 77 77 78 87 89 0 61 0 0 0 0 0 0 0 0 0 82 68 0 0 0 0 63 59 0 46 68 64 48 0 0 0 0 0 0 0 0 72 0 0 0 0 80 0 0 0 0 0 0 0 65 76 86
93 82 86 86 84 67 83 82 91 87 90 93 87 89 90 83 89 90 92 90 85 86 82 52 0 0 0 0 0 0 0 0 0 0 0 0 0 0 0 61 78 77 80 73 77 79 80 90 64 54 0 0 0 0 0 0 0 0 0 0 32 0 0 0 0 0 59 0 52 64 58 29 0 0 0 0 0 0 0 0 70 0 0 0 71 0 0 0 0 0 0 0 76 91 0 0
84 79 86 81 82 75 88 89 77 93 89 93 98 91 94 74 91 86 93 95 90 86 86 86 68 0 0 0 0 0 0 0 0 0 0 0 0 0 74 85 83 77 83 81 75 82 84 83 78 0 0 0 0 0 0 0 0 0 0 0 44 0 0 0 0 0 0 0 72 66 68 0 0 0 0 0 0 0 0 0 0 0 0 54 0 0 0 0 0 0 72 38 86 92 87 81
79 88 90 82 88 85 80 88 81 79 93 93 90 92 82 76 89 91 90 87 92 88 89 89 72 0 0 0 0 0 0 0 0 0 0 35 79 84 79 82 80 84 84 85 79 66 69 73 81 0 35 40 0 0 0 0 0 0 41 0 0 0 0 0 0 0 0 0 74 64 72 0 0 0 0 0 0 0 0 0 0 0 0 0 0 0 0 0 0 0 77 85 88 84 80 0
77 82 83 88 85 91 89 87 92 82 91 91 91 70 77 79 83 75 86 89 87 85 82 87 76 0 0 0 0 0 0 0 0 39 25 78 94 79 78 78 84 85 86 88 75 75 75 73 80 70 0 25 16 0 0 0 0 0 51 0 0 0 0 0 0 0 0 0 64 56 67 0 0 0 0 0 0 0 0 68 0 0 0 0 0 0 0 0 0 0 80 80 88 79 87 0
65 74 83 73 86 89 88 86 93 90 73 77 73 86 85 82 84 81 73 83 88 89 85 75 45 0 0 0 0 0 0 0 0 59 63 83 81 72 75 74 76 76 72 72 82 80 74 80 80 82 0 17 0 0 0 0 0 59 41 0 0 0 0 0 0 0 0 0 64 64 47 0 0 0 0 0 0 0 60 91 0 0 0 0 0 0 0 0 0 62 79 80 80 0 0 0
0 89 88 90 92 88 86 88 76 74 82 80 82 82 89 86 84 79 87 83 85 89 88 88 0 0 0 0 0 0 0 0 0 72 70 74 76 67 72 70 58 60 62 68 76 78 80 78 86 87 53 29 0 0 0 0 0 95 0 0 0 0 0 0 0 0 0 46 57 66 34 0 0 0 0 0 0 0 0 96 0 0 0 0 0 0 0 0 92 80 86 87 78 0 0 0
0 69 89 90 89 91 94 97 95 81 91 91 89 91 95 93 93 93 89 92 91 90 93 82 0 0 0 0 0 0 0 0 63 81 81 80 88 73 85 80 77 84 79 86 90 94 95 93 91 94 91 0 0 0 0 0 0 97 53 0 0 0 0 0 0 0 0 64 85 89 0 0 0 0 0 0 0 0 0 68 0 0 0 88 86 0 0 0 94 90 90 90 0 0 0 0
0 0 89 79 85 83 93 94 75 93 93 92 87 78 83 87 88 89 89 84 89 91 94 91 84 0 0 0 0 0 0 0 0 88 80 81 88 90 90 75 71 73 73 81 85 94 94 91 87 88 91 0 0 0 0 0 0 83 78 0 0 0 0 0 0 0 0 65 81 85 0 0 0 0 0 0 0 0 0 0 0 0 62 88 0 0 0 0 90 92 84 85 0 0 0 0
0 0 81 72 76 87 88 77 87 90 90 93 92 84 81 87 85 87 85 83 80 83 87 83 79 60 0 0 0 0 0 0 0 87 77 77 83 87 87 75 75 76 65 78 79 84 93 90 83 72 82 0 0 0 0 0 0 76 82 0 0 0 0 0 0 0 0 0 76 83 0 0 0 0 0 0 0 0 84 91 0 0 0 0 0 0 63 88 89 81 0 82 0 0 0 0
0 0 0 72 69 87 81 66 90 91 91 89 92 89 75 80 85 78 80 56 69 77 82 80 70 76 0 0 0 0 0 0 0 82 83 71 77 77 79 85 76 83 71 86 81 74 83 74 74 65 67 0 0 0 0 0 0 0 88 70 0 0 0 0 0 0 0 52 72 82 0 0 0 0 0 0 0 0 91 94 91 0 0 79 66 55 87 79 86 0 0 78 0 0 0 0
0 0 0 68 69 56 67 89 89 92 80 83 80 82 70 75 76 82 85 73 65 75 76 78 74 73 0 0 0 0 0 0 0 86 81 69 74 81 65 68 64 54 77 78 69 70 78 68 68 60 65 0 0 0 0 0 0 0 57 85 0 0 0 0 0 0 0 0 78 68 0 0 0 0 0 0 0 0 78 84 88 90 91 0 81 87 84 89 72 0 0 60 0 0 0 0
0 0 0 0 73 84 56 82 82 61 78 68 77 82 71 79 82 78 76 70 71 80 79 84 79 67 71 88 83 0 0 0 0 80 76 61 60 64 80 70 31 73 85 90 83 77 74 70 74 67 68 43 0 0 0 0 0 0 0 85 48 0 0 0 48 33 0 0 0 0 0 0 0 0 0 0 0 0 67 69 0 0 0 0 0 0 86 72 0 0 0 0 0 0 0 0
0 0 0 69 79 73 88 89 95 88 72 57 76 73 74 72 81 83 74 81 77 89 82 87 82 82 80 88 91 0 0 0 0 69 50 48 68 65 68 76 59 79 87 88 74 69 78 76 74 76 77 75 0 0 0 0 0 0 0 89 84 44 0 0 60 0 0 0 0 0 0 0 0 0 0 0 0 0 64 56 0 0 0 0 0 0 81 0 0 0 0 0 0 0 0 0
0 0 79 80 90 91 91 91 89 88 90 72 77 76 79 86 87 84 81 79 86 91 90 92 81 77 72 76 89 0 0 0 0 54 56 51 55 52 71 79 71 82 86 82 0 0 76 82 67 80 71 68 43 0 0 0 0 0 0 0 77 79 0 0 63 39 0 0 0 0 0 0 0 0 0 0 0 0 76 36 0 0 0 0 0 0 0 0 0 0 0 0 0 0 0 0
0 92 89 82 79 79 84 87 83 88 90 84 72 82 81 87 91 88 91 83 80 83 82 76 87 77 64 70 82 71 0 0 0 60 55 57 60 58 69 79 78 84 89 0 0 0 64 69 61 81 72 66 79 0 29 0 0 0 0 0 0 89 59 49 78 0 0 0 0 0 0 0 0 0 0 0 0 75 79 0 0 0 0 0 0 0 0 0 0 0 0 0 0 0 0 0
91 90 81 78 79 85 88 86 82 88 91 85 81 87 90 84 82 83 76 81 85 88 88 91 91 79 78 64 76 86 0 0 0 0 51 53 56 56 65 80 74 84 90 0 0 0 0 64 81 87 80 80 63 44 0 0 0 0 0 0 0 0 67 60 83 0 0 0 0 0 0 0 0 0 0 0 72 66 0 0 0 0 0 0 0 0 0 0 0 0 0 0 0 0 0 0
90 88 84 80 80 76 86 88 81 88 87 87 89 79 90 89 90 86 87 87 86 85 87 86 89 87 83 61 50 68 0 0 0 0 66 56 49 55 67 81 81 87 91 0 0 0 0 52 88 79 84 78 80 59 0 29 0 0 0 0 0 0 0 51 83 0 0 0 0 0 0 0 0 0 0 0 87 0 0 0 0 0 0 0 0 0 0 0 0 0 0 0 0 0 0 0
91 90 88 81 77 77 81 87 88 87 86 89 91 84 90 86 89 81 90 86 90 86 86 87 90 90 77 71 59 71 0 0 0 0 69 65 53 59 66 88 77 85 94 0 0 0 0 0 87 85 93 80 69 88 0 0 0 0 0 0 0 0 0 0 64 0 0 0 0 8 0 0 0 0 0 0 79 0 0 0 0 0 0 0 0 0 0 0 0 0 0 0 0 0 0 0
67 73 92 85 78 76 79 89 88 87 85 86 89 87 80 88 87 86 90 89 92 87 86 86 81 61 0 73 65 76 54 0 0 0 0 62 50 64 54 74 81 76 89 76 0 0 0 0 83 85 92 84 83 84 49 0 0 0 0 0 0 0 0 0 42 0 0 0 0 12 27 51 0 0 0 68 80 0 0 0 0 0 0 0 0 0 0 0 0 0 0 0 0 0 0 0
0 0 0 82 79 74 73 85 82 83 84 83 92 90 82 83 91 89 87 76 0 0 0 0 0 0 0 73 69 73 67 0 0 0 0 59 56 55 52 62 74 75 90 88 0 0 0 0 0 81 94 89 82 87 80 0 0 0 0 0 0 0 0 0 17 0 0 35 32 53 0 0 0 0 0 74 83 0 0 0 0 0 0 0 0 0 0 0 0 0 0 0 0 0 0 0
0 0 0 0 69 73 73 81 84 83 81 85 90 87 84 81 87 72 78 62 0 0 0 0 0 0 0 59 71 64 63 0 0 0 0 42 52 51 50 58 65 80 91 90 71 0 0 0 0 58 81 84 87 88 77 73 0 14 0 0 0 0 0 0 0 0 72 65 62 80 0 0 0 0 0 81 69 0 0 0 0 0 0 0 0 0 0 0 0 0 0 0 0 0 0 0
0 0 0 0 0 81 77 86 86 87 87 89 89 88 83 74 70 66 66 88 0 0 0 0 0 0 0 66 66 69 71 0 0 0 0 0 56 57 59 58 71 81 85 91 92 0 0 0 0 0 73 86 86 82 76 88 0 0 0 0 0 0 0 0 0 0 82 69 59 70 0 0 0 0 0 81 63 0 0 69 0 0 78 92 0 0 57 71 0 0 0 0 0 0 0 0
0 0 0 0 0 83 80 88 82 85 87 88 83 90 84 73 49 61 73 95 0 0 0 0 0 0 0 64 57 73 66 62 0 0 0 0 68 60 58 54 62 80 85 89 93 55 0 0 0 0 91 81 79 84 92 90 0 0 0 0 0 0 0 0 0 0 84 72 60 0 0 0 0 0 0 64 83 0 26 46 79 89 0 62 0 0 0 80 87 87 82 61 0 0 0 0
76 0 0 0 0 68 85 92 86 84 87 85 83 84 76 76 68 58 70 60 0 0 0 0 0 0 0 65 64 65 69 82 0 0 0 0 0 59 50 41 72 74 68 93 93 85 0 0 0 0 85 94 89 88 89 96 83 0 50 0 0 0 0 0 0 82 90 66 66 0 0 0 0 0 0 0 95 95 86 88 0 0 93 0 0 0 77 86 91 92 89 0 0 0 0 0
81 0 0 0 0 61 95 89 83 88 90 84 85 77 72 77 65 73 0 0 0 0 0 0 0 0 0 41 62 77 79 64 0 0 0 0 0 51 66 53 69 70 67 90 87 90 0 0 0 0 0 91 92 85 82 88 89 68 0 0 0 0 0 35 0 0 0 0 63 0 0 0 0 0 0 46 92 91 78 75 87 91 73 0 0 0 73 88 90 96 94 89 91 64 0 0
88 65 0 0 83 88 86 89 88 85 89 92 89 83 78 75 62 68 0 0 0 0 0 0 0 0 0 0 65 72 77 71 0 0 0 0 0 0 61 52 67 88 90 91 91 91 87 0 0 0 0 93 89 75 75 73 92 80 0 0 0 0 35 0 0 0 0 0 0 0 0 0 0 69 94 94 85 75 59 91 90 91 0 0 0 0 70 84 87 85 91 91 94 88 0 0
89 87 89 89 85 84 87 90 88 85 83 90 90 96 86 71 67 84 0 0 0 0 0 0 0 0 62 68 76 80 71 57 62 0 0 0 83 81 81 67 80 88 81 92 90 87 84 0 0 0 0 84 83 79 76 74 88 84 0 0 0 0 84 0 0 0 0 0 0 0 0 0 0 92 95 90 67 81 81 85 89 87 0 0 0 0 67 82 90 89 89 86 88 90 0 0
91 92 90 90 88 86 84 87 85 82 88 88 92 94 95 80 68 91 56 0 0 0 0 0 0 56 93 93 84 85 50 64 74 76 62 86 91 87 81 83 83 82 81 79 61 84 79 0 0 0 0 0 85 75 70 83 77 89 0 0 0 59 62 0 0 0 0 0 0 0 0 0 66 97 98 81 59 89 68 88 87 90 0 0 0 0 66 83 88 87 86 88 82 85 71 0
92 88 92 90 86 87 89 71 76 88 85 89 87 89 95 93 71 90 0 0 0 56 63 0 0 0 93 89 86 80 63 68 71 82 77 89 87 88 86 70 81 79 84 77 75 82 0 0 0 0 0 0 45 54 65 70 77 80 0 0 0 70 0 0 0 0 0 0 0 0 0 89 92 96 89 72 87 89 85 93 92 91 0 0 0 0 63 75 81 84 80 84 81 86 93 49
0 82 86 84 86 89 87 85 86 87 84 83 86 91 86 91 72 93 64 0 0 63 75 0 0 0 94 92 87 74 74 61 50 86 78 73 87 94 0 0 0 88 77 75 66 65 0 0 0 0 0 0 0 0 60 86 86 72 0 0 0 29 44 0 0 0 0 0 0 0 0 96 96 91 87 74 92 88 91 90 85 65 0 0 0 0 68 77 78 80 84 82 82 87 95 58
0 0 88 86 89 89 88 85 84 88 90 84 80 91 92 90 88 84 85 0 0 72 79 0 0 0 92 89 88 65 79 72 54 77 80 48 66 0 0 0 0 0 82 75 66 72 0 0 0 0 0 0 0 0 0 87 87 0 0 0 0 0 71 0 0 0 0 0 0 0 0 0 94 0 0 83 91 89 89 87 90 88 0 0 0 0 69 86 79 82 81 88 90 88 94 73
0 0 92 87 86 90 88 89 89 92 91 90 78 82 84 87 86 78 94 0 0 0 87 92 73 88 95 90 83 83 86 72 68 65 70 74 63 77 0 0 0 0 0 54 75 76 88 80 83 89 0 0 0 0 0 0 88 0 0 0 0 0 35 0 0 0 0 0 0 0 0 0 95 0 0 0 91 88 89 91 91 90 92 77 0 0 74 84 89 87 89 87 91 89 92 78
