data/handson/vilo100/elevation.asc
ncols 100
nrows 100
xllcorner 497392.38261041
yllcorner 4659615.6527613
cellsize 20.0
NODATA_value -9999
[rows 60 to 89 of 100, columns 0 to 67 of 100]
41.26 41.1017 40.0753 39.2192 39.8617 42.8845 46.3025 49.1025 50.1972 49.9133 49.8892 50.0686 51.1075 52.3797 53.49 54.5217 56.8033 58.3583 59.5725 59.7811 59.2392 57.3683 55.3711 53.4386 52.035 49.8967 50.7475 52.3783 53.9161 55.4283 57.33 59.5678 62.8433 65.7025 68.4131 72.0747 76.4375 79.1544 81.2672 84.6925 89.7136 93.5314 95.2958 93.9394 90.6208 85.7825 82.7081 79.9394 75.2742 72.2603 69.5853 66.7683 62.2181 57.3272 52.5667 49.3103 46.0372 44.3 41.1628 39.1069 38.1017 36.9797 35.7442 35.115 34.7233 33.7975 32.7933 31.7697
39.9925 39.4817 38.5258 38.715 40.5208 43.4083 47.0025 50.1383 52.2883 51.915 51.0583 51.1017 51.8625 52.6942 53.5133 54.545 55.6267 57.1275 58.8075 59.4708 58.5792 56.9025 54.2675 52.3008 51.1375 49.5325 50.3042 52.1275 54.0258 55.5133 57.1875 59.4325 62.1675 64.6075 67.1267 70.365 74.3425 77.8617 79.4892 81.795 87.0217 92.5792 95.7025 96.0633 94.155 90.42 85.8933 81.9275 77.975 74.76 71.5325 67.385 61.9958 57.1508 52.8725 49.3442 46.2183 44.9075 42.1092 40.2942 38.095 36.7917 35.5383 34.245 33.31 33.01 32.33 31.8958
38.2083 37.5228 37.1875 39.015 41.0772 43.4864 47.09 49.8186 52.435 53.3792 52.2358 52.2153 52.705 53.3392 53.895 54.635 55.4889 56.7008 58.2675 58.7022 57.6456 55.8742 52.9722 51.4631 50.2317 49.0878 50.1636 51.8517 54.4147 55.5275 56.8783 58.5903 61.1 63.45 66.0236 69.5511 72.9558 75.7217 78.7486 80.1475 84.9172 91.8269 95.6258 97.1178 95.9905 93.6367 89.5744 84.4711 80.1592 76.5528 72.6672 67.285 61.4375 57.0856 53.4075 49.3711 47.4439 44.8025 43.2111 41.2147 38.955 37.6731 35.8881 34.1917 32.1758 31.86 31.6667 31.8386
36.6017 36.1058 36.7253 40.035 41.5517 43.7467 47.1483 49.3389 51.2897 52.79 53.0125 53.0942 53.4367 53.9403 54.4417 54.9183 55.6339 56.5842 57.8467 57.4717 56.3889 54.5508 52.053 50.7667 49.2567 48.7592 49.8111 51.455 54.3211 55.4881 56.4583 57.73 59.72 62.2408 64.9353 68.8747 72.0733 74.558 77.6058 79.67 84.5578 91.3378 95.5433 97.6461 97.4817 95.6833 92.2489 87.4128 82.4858 77.7603 73.0239 66.8975 60.5878 56.875 54.1983 50.0467 47.4358 45.16 43.1383 41.3403 39.7525 38.2133 36.2142 33.6375 31.6025 31.1769 31.4658 30.6172
35.2175 35.035 37.8833 40.6975 42.02 44.1292 46.755 48.9225 50.2642 51.7075 53.0342 53.2858 53.64 54.1358 54.6417 55.0775 55.8133 56.6392 57.0375 56.1567 55.0717 53.4625 51.2617 50.0142 48.1425 48.1375 49.1208 50.4475 53.27 55.2383 56.005 57.1883 58.7108 60.65 63.7642 68.0258 71.4025 73.625 76.5433 79.3925 84.7875 90.865 95.2225 97.4592 98.3442 96.5575 93.8708 89.2083 83.2925 77.86 72.7908 66.1025 59.5933 55.5033 52.825 50.7383 46.6258 44.8225 43.3358 41.73 40.1775 38.5375 36.625 33.5 30.7417 30.765 31.095 30.6833
34.3292 35.4322 38.7456 40.8308 42.3647 44.2644 46.42 48.245 49.9053 51.5833 52.9031 52.89 53.51 54.5439 55.1167 55.1825 55.79 56.3733 56.4242 55.2208 53.41 51.7283 50.3147 48.9756 47.1325 47.5658 48.5208 49.4233 50.5744 52.9261 55.4267 56.612 57.9294 59.9092 62.3014 66.7742 70.7525 73.2614 76.16 79.0983 84.5339 90.0617 94.5767 96.807 97.7692 96.315 94.2108 89.3136 82.5617 76.6792 70.5731 64.9033 58.8794 54.6844 52.1142 50.7439 46.2881 44.5475 43.2556 41.928 40.4983 38.9006 37.0358 34.1917 32.6155 31.8836 30.0575 30.1981
34.0267 35.6119 38.6361 41.0233 42.7467 44.2408 46.0367 47.7214 49.47 51.445 52.4992 52.6336 53.3717 54.9097 55.6 55.5117 55.7067 56.0572 56.065 54.645 52.5856 50.8442 49.5389 47.9267 45.8733 47.1103 48.2961 49.0725 50.0114 51.2889 53.5592 55.8267 57.4297 59.3308 61.0236 65.6111 69.6292 73.1778 76.2814 78.91 83.2122 88.4442 93.2125 95.8419 96.8144 95.8 93.4814 88.0086 80.8483 74.8728 68.6769 63.0383 57.7525 53.9395 51.6417 50.4481 46.615 44.44 43.0428 41.6708 40.555 39.0086 37.1461 34.6392 33.4961 32.3375 31.0442 29.3647
34.485 35.9908 38.4175 40.9575 42.9267 44.42 45.665 47.3142 49.1217 50.74 51.7625 52.5133 53.5125 55.0325 55.735 55.615 55.3658 55.6642 55.695 54.1425 51.6692 49.8925 48.52 46.8308 45.7125 46.9817 47.8142 48.6625 49.5817 50.8867 52.515 54.7433 57.4192 59.0575 60.7333 64.5708 68.5725 72.595 76.0675 78.66 81.6608 86.1583 91.32 94.6358 95.8083 95.0425 91.9267 85.9783 78.9225 73.0125 67.5975 61.825 56.9858 53.4342 50.9925 49.68 47.0633 44.37 42.9558 41.555 40.22 38.7642 37.2025 35.31 33.7008 32.5442 31.0975 30.3842
36.1933 37.3072 38.8961 40.825 42.4844 44.2325 45.5392 47.0431 48.6608 50.01 51.1855 52.3653 53.4117 54.6372 55.2728 55.2683 55.1458 55.1114 54.9125 53.3567 50.6556 49.0158 47.7275 45.2267 45.2933 46.5322 47.0642 48.1733 49.3728 50.5705 52.0583 53.7906 55.3655 58.6342 60.0264 62.7056 67.0367 71.2886 75.5856 78.2767 81.2428 84.4253 88.6692 91.77 93.3953 92.8892 89.7094 83.3619 77.5717 71.4022 66.8403 60.9075 56.7942 53.6983 50.2308 48.1328 46.0881 44.1333 42.6119 41.2947 39.9142 38.6531 37.0506 34.9642 33.9069 32.5092 31.08 30.2606
36.9983 38.085 39.5658 41.2092 42.7928 44.2569 45.89 47.5217 49.3214 50.5375 51.5869 52.6889 53.1392 54.0658 54.365 54.2467 54.1547 54.0089 53.7083 52.4106 49.8061 48.3533 46.9464 44.5811 45.3025 46.0767 46.5367 47.845 49.2019 50.618 51.8925 53.3836 54.5022 57.0667 59.7769 61.0842 65.3383 69.5244 74.8967 77.7967 80.5703 83.6447 85.5425 87.9514 89.8108 90.0375 87.1711 81.9053 77.2683 71.4675 66.1011 62.0425 57.4172 55.2736 50.3892 48.7033 45.7411 43.8583 42.1769 40.7578 39.1108 37.7347 36.0156 34.7275 33.7394 32.5267 31.0292 30.0303
36.9075 38.3083 40.0175 42.0975 43.7233 45.4583 47.2125 48.8292 50.6025 51.6825 52.2958 52.7717 52.9175 53.5258 53.5175 53.3675 53.0925 52.7958 52.5275 51.6008 49.2325 47.2975 45.6708 43.7275 44.945 45.5792 46.0717 47.6275 49.4 50.8292 52.0825 53.2317 54.4708 56.065 59.0383 60.8133 63.9975 68.1775 73.7492 77.1475 79.4667 81.9408 83.79 85.2308 86.6858 87.36 85.9842 82.8108 79.2475 73.8758 69.0375 64.1025 59.2175 55.5625 50.94 48.755 46.2458 44.0175 42.1225 40.7183 39.0925 37.0333 35.5383 34.5325 33.5433 32.56 30.915 29.8867
36.525 38.3622 40.4497 43.2067 45.1983 47.2181 48.9892 50.3617 51.5572 52.3858 52.795 52.6308 52.6792 52.822 52.7047 52.5675 52.265 50.7717 50.5758 50.4842 48.7644 46.3667 44.7689 42.9642 43.8125 44.7192 45.865 47.9558 49.8758 51.175 52.2225 53.3242 54.5908 56.205 57.9247 60.4078 62.965 66.9986 72.0919 76.3858 78.5089 80.1272 81.2958 82.4075 84.19 85.6867 85.8292 85.2442 83.36 77.78 71.6822 66.075 61.1692 56.0931 52.7742 48.9789 46.4422 44.1058 42.075 40.5608 39.1617 37.2222 35.8083 34.1083 33.225 32.3086 30.7342 29.575
36.2433 38.2292 40.4033 43.41 46.5694 49.0975 49.8992 50.7342 51.7844 52.6842 52.8742 52.5892 52.4617 52.3481 51.2922 50.3433 49.7972 48.7619 49.0192 49.175 48.6453 45.6525 44.1125 42.4525 42.1408 43.6875 45.6606 48.0792 50.395 51.303 52.4725 53.7975 54.9703 56.2108 57.7597 59.0975 61.665 65.32 70.745 75.59 77.5961 77.1178 76.915 78.5192 80.5661 82.5717 84.5522 85.7889 85.5275 80.3869 73.145 67.8133 62.2247 56.2325 53.1483 49.1961 46.5731 44.0775 42.0139 40.4794 38.9908 36.93 35.61 33.4183 32.3836 31.5208 30.7267 29.2561
35.91 37.8158 39.8583 42.81 45.5325 47.9267 49.635 50.7433 51.7008 52.5275 52.8083 52.4642 51.595 50.7008 49.6567 48.755 48.3367 48.005 47.89 47.9542 47.8625 45.025 43.1875 42.0325 41.4525 43.0183 44.955 47.355 49.6633 51.5358 52.9225 54.3467 55.425 56.415 57.6967 59.0658 61.175 64.1967 69.1233 74.0575 76.2417 74.69 73.6625 75.2017 77.3583 79.175 81.7833 85.2567 85.93 82.7075 74.9433 69.1975 63.0267 58.4517 53.62 49.4217 46.9792 44.065 42.1467 40.77 38.83 36.7442 35.6958 33.5825 32.515 31.5042 30.36 29.3908
35.4517 37.197 39.248 41.8225 44.4317 46.8169 49.1042 50.54 51.377 52.2083 52.5536 52.2281 50.2075 48.8175 48.1253 47.2375 46.8997 46.7411 46.7358 46.85 46.7825 44.3017 42.3611 41.5236 41.3308 42.2867 44.4161 46.4142 48.79 50.6853 52.6892 54.7375 55.6533 56.7317 57.9392 59.1814 60.7683 63.6553 67.9239 71.9875 74.5983 73.147 71.2183 72.2758 74.7825 77.1075 79.6242 83.6647 85.6033 84.192 77.4667 70.7983 64.1342 59.3375 54.2708 50.0403 47.3769 44.4192 42.4378 41.0481 38.7775 36.5028 35.5678 33.5092 32.4478 31.3556 30.1975 29.5103
35.0575 36.4342 38.5483 41.2033 43.7806 46.2217 48.3317 50.1278 51.1739 52.2075 52.3786 52.04 49.8533 47.8417 46.7786 46.1142 45.6539 45.4714 45.645 45.8269 45.7325 43.3308 41.5042 40.5864 41.1767 42.2156 43.9594 45.945 48.0903 50.252 52.8217 54.9525 55.7964 57.1808 58.5611 59.5961 60.7458 63.2164 66.4542 69.4167 71.3194 70.7206 68.7583 68.678 71.9025 75.415 78.2969 81.6728 84.4767 84.6653 79.3989 71.85 64.3553 58.7675 54.365 50.6097 47.3094 44.4225 41.9925 40.4594 37.6517 36.2092 35.4014 32.8775 31.93 31.1483 30.02 29.2792
34.8425 35.7558 37.8117 40.2575 42.9033 45.1133 47.17 48.9558 50.3758 51.4175 51.7592 51.2567 49.1475 47.2342 45.7467 45.1825 44.5975 44.2817 44.5 44.7392 44.6092 42.2875 40.5617 39.5692 40.9675 42.0492 43.345 45.625 47.905 50.6842 53.515 56.3667 57.9892 58.4925 59.2875 60.3942 61.0025 62.5358 65.075 67.2625 68.6667 68.0058 65.9425 65.3667 69.0208 73.51 76.9617 79.6183 82.275 82.69 79.0225 71.925 63.615 58.0667 54.1 52.1542 46.6758 44.65 42.5533 39.3933 37.2975 36.0975 35.3025 32.3125 31.6267 30.9942 29.8675 28.8158
34.6733 35.197 36.8083 39.095 41.8456 43.9022 45.7333 47.2047 48.5694 49.4525 49.8258 49.9553 48.3583 46.5822 45.1953 44.3675 43.6272 43.0864 43.2508 43.5389 43.5011 41.2692 39.1539 39.8644 40.9375 41.9564 43.175 45.2425 47.8239 50.6053 53.1458 57.0281 59.4694 60.0208 60.7569 61.2908 61.63 61.8525 63.3528 64.9583 66.0222 65.4536 63.7225 63.7442 65.91 71.1217 75.3472 77.8361 79.4567 79.73 77.4253 71.875 63.3872 57.7992 53.8725 51.382 46.2964 44.4108 41.2531 39.1925 37.21 35.9178 34.7647 31.96 31.3817 30.7956 29.8233 28.6206
34.1958 34.8839 35.8175 37.97 40.428 42.5564 44.515 45.8306 47.0053 48.2825 49.0694 49.5514 48.17 46.1622 44.82 43.0758 42.6067 42.025 41.7117 42.2358 42.3061 40.0225 37.9333 39.5008 40.6792 41.7936 42.9933 44.6833 47.1261 50.3167 52.4825 56.2053 59.8153 63.0342 64.6531 63.1878 62.2867 61.3606 60.8378 61.8542 62.2303 62.4297 61.7433 61.7514 64.0267 67.9583 72.79 75.8328 77.05 77.2644 76.1036 71.3133 63.1383 57.4769 53.7383 50.7011 46.3614 43.5267 40.6155 39.0933 37.115 35.8561 33.3422 31.7042 31.1369 30.6017 29.6192 28.2061
33.49 34.1658 35.0283 36.77 39.0075 40.9108 43.0325 44.6625 45.7267 47.34 48.6158 49.1958 48.22 45.7983 44.2475 42.485 41.7308 40.9617 40.3675 40.8067 40.4067 37.8075 37.5542 38.9992 40.17 41.3408 43.1925 45.0725 46.4608 49.6883 51.895 54.7683 59.665 63.39 67.1692 65.9717 63.3025 60.75 59.4392 59.2 58.8358 59.3983 60.13 60.9783 62.8833 65.1025 69.655 73.0617 74.27 74.1783 73.1092 69.1975 62.14 57.0825 53.3875 49.9258 46.195 42.7675 40.2192 38.8108 36.4925 35.9533 32.6775 31.7575 31.075 30.4442 29.2975 28.28
32.7508 33.5422 34.3433 35.8408 37.6633 39.4333 41.45 43.1195 44.5897 46.5058 48.1817 48.6028 47.545 44.8886 43.0514 41.8025 40.8994 39.9497 39.3483 39.615 38.435 36.2008 37.0055 38.6253 39.8358 41.645 43.9125 45.4742 46.3344 48.8503 51.5367 53.6939 58.5869 63.1833 67.9047 69.1361 64.785 60.4144 57.7475 56.8667 56.2997 55.7544 57.3042 59.8303 61.4747 63.4467 67.1783 70.0767 70.9608 69.9561 68.3439 65.5525 60.3958 56.645 53.0533 49.3867 45.8383 42.5083 40.1103 38.2714 36.3992 35.9353 32.5767 31.7233 30.9269 30.2103 29.13 28.1761
32.215 32.9425 33.7747 35.0333 36.2697 37.8058 39.9108 42.0103 44.498 46.5392 47.7553 47.9503 46.8875 44.2122 42.1736 40.9817 40.2703 39.4211 38.635 37.9433 36.3506 35.4642 37.0347 38.9075 40.615 42.3586 44.2939 45.6208 46.5075 47.9294 51.13 53.3583 58.0778 63.0533 67.7483 69.7947 65.41 60.5308 56.9481 54.9683 54.3136 54.2264 54.36 55.2269 59.6147 62.2458 65.3061 67.5792 67.4542 65.5889 63.9081 61.9367 58.493 55.3964 51.6133 48.3442 45.4703 42.5017 40.2831 37.0811 36.4108 35.8156 32.4578 31.6283 30.7975 30.0119 28.8167 27.9617
31.895 32.3642 33.2792 34.425 35.5375 36.9767 39.375 41.39 44.5967 46.46 47.465 47.3408 46.1725 43.4667 41.42 40.2875 39.6967 38.7433 37.945 37.0342 35.4667 35.635 37.045 39.2617 41.2825 43.0533 44.5625 45.845 46.8108 48.0225 50.82 53.7592 57.8142 62.925 66.8025 69.7208 65.3575 60.5942 56.3408 53.4575 52.6492 52.5142 52.72 53.5675 55.9033 59.835 62.85 65.23 65.01 64.0358 61.6183 59.305 56.8042 53.2425 49.6425 47.5217 45.4383 42.5975 40.1817 36.7892 36.11 35.1683 32.4183 31.49 30.6867 29.8967 28.535 27.74
31.5792 32.0303 32.6253 33.6458 34.8858 37.2947 39.785 41.41 44.53 46.1975 46.9525 46.8189 45.1658 42.4531 40.7914 39.8142 38.9814 37.9919 37.0425 36.0861 34.7578 35.7225 36.7761 39.5144 42.1708 43.7356 44.8339 46.0233 47.2628 48.7017 50.7433 53.9781 56.9867 62.2425 65.8539 68.9858 64.8925 60.3894 55.91 52.1217 50.8111 50.4714 50.6758 52.1178 55.1753 58.27 60.755 62.8878 64.2117 63.6842 60.905 58.1025 55.2722 51.5831 48.4925 46.7978 45.2661 42.7933 39.7956 36.6611 35.9133 33.9267 32.4289 31.4767 30.6439 29.7939 28.4783 27.7267
31.2825 31.7211 32.175 32.8375 34.4333 36.8225 39.3042 41.1539 43.7708 45.8283 46.1345 45.197 43.8067 41.7233 40.4106 39.0308 38.0358 36.8992 36.1158 35.2547 34.65 35.4925 36.4781 39.3222 42.415 43.8161 45.0958 46.2625 47.575 49.1464 51.0875 53.9564 56.52 61.3708 65.0661 67.4492 63.8867 59.5811 55.1936 50.9892 49.4514 49.062 49.2367 50.9392 54.8089 57.3483 59.5892 62.8931 65.2933 63.6922 60.64 57.7558 54.5356 50.9736 47.83 45.8322 44.5778 42.3258 39.2531 36.5133 35.9033 33.6919 32.4556 31.5433 30.6311 29.7147 28.4117 27.7475
31.035 31.3 31.8492 32.495 33.47 35.4583 38.295 40.3275 42.04 44.285 44.4217 43.35 42.1525 40.9092 40.0325 38.525 37.03 35.8425 35.135 33.9442 34.5558 35.1975 36.0142 37.9475 41.055 43.4708 44.9158 46.1325 47.5075 49.0567 51.105 53.6617 56.415 60.6575 64.275 66.0325 62.75 58.4342 53.9758 49.445 47.9392 47.7708 47.6875 49.3333 53.3383 56.0675 58.7842 61.6225 64.6475 63.8808 60.0492 57.39 54.1725 50.5983 47.1525 45.0733 43.935 41.285 38.7308 36.5658 35.59 33.6142 32.4617 31.5525 30.6433 29.5783 28.28 27.5942
30.7667 30.7122 31.3928 32.0317 32.8886 34.0636 36.7275 39.1997 40.6731 41.9708 41.7756 41.3975 40.8483 40.3103 39.6975 38.0483 36.3381 35.3775 34.8333 33.9767 34.595 36.3067 38.6072 38.6797 39.5158 42.07 43.7511 45.2817 46.6567 48.3697 50.635 53.0031 55.7781 59.9108 63.0047 64.3172 61.2258 57.2761 52.4608 47.9467 46.6422 46.6631 46.655 48.0844 51.197 54.6575 57.3569 60.0436 62.8392 63.4278 59.9764 57.1367 54.0095 50.3675 46.8917 45.0172 43.6353 40.8567 38.285 35.8794 35.2642 33.41 32.2942 31.4117 30.5292 29.5156 28.1067 27.395
30.2433 30.1039 30.6836 31.45 32.2803 33.3233 35.415 37.8858 39.205 40.0492 40.1864 40.1914 40.1125 39.8878 39.0822 37.3975 35.7878 35.0733 33.7025 33.6483 34.4828 37.6842 41.8203 41.873 40.8667 41.3228 42.7358 44.2817 46.0483 48.1183 49.9983 52.195 54.9467 58.9117 61.7642 62.557 59.7275 56.1203 50.8033 46.5733 45.4919 45.4531 45.2692 45.5769 48.9514 53.1883 55.9364 58.9322 61.5583 63.3164 61.1617 57.8608 54.0336 50.4342 47.0375 45.1617 43.5592 40.5417 37.7061 36.1433 34.88 33.1583 31.6669 30.98 30.2889 29.3344 27.8967 27.3631
30.0175 30.1217 30.3842 30.84 31.5917 32.6675 34.02 35.8683 37.415 38.285 38.5258 38.655 38.6675 38.4425 37.9633 37.12 35.5433 34.8142 33.165 33.5825 34.4425 38.3175 42.2258 44.6017 43.985 43.36 43.5933 44.9125 46.5692 48.0825 49.47 51.595 54.4775 58.31 60.8633 60.9625 58.1625 54.15 48.4767 44.525 43.3983 42.6367 42.1425 42.2692 47.0975 52.1275 55.1742 58.1817 61.0075 63.4792 62.4492 59.74 54.9017 50.7567 47.38 45.2658 43.8642 41.0125 37.94 35.7692 34.175 33.0767 31.2425 30.4525 29.8083 28.95 27.7175 27.3767
30.0708 30.1492 30.3292 30.4592 31.0058 31.9005 32.7542 33.8661 35.3861 36.3 36.6972 36.8228 36.785 36.7167 36.4833 36.0092 35.1253 33.7758 33.0442 33.4347 34.6578 38.8258 42.48 45.2053 46.4158 45.1958 44.6064 46.1142 47.2081 48.1022 49.1917 51.0367 54.1319 57.5833 59.8389 58.8389 56.0892 51.3033 45.1292 42.9725 40.6297 39.78 39.4658 41.1169 46.7839 51.7083 54.5578 57.4325 60.49 63.0475 63.5672 61.3442 57.1947 51.3972 47.985 45.2297 43.8858 41.4083 38.4808 36.3033 33.9908 32.2881 31.1139 29.8833 29.2403 28.5628 27.5633 27.2347
