data/handson/vilo100/elevation.asc
ncols 100
nrows 100
xllcorner 497392.38261041
yllcorner 4659615.6527613
cellsize 20.0
NODATA_value -9999
[rows 30 to 59 of 100, columns 0 to 67 of 100]
60.4933 59.9831 60.1475 60.5308 60.9406 62.08 63.3333 64.713 67.5297 69.9208 72.5231 71.5219 70.6008 70.4742 72.1036 74.7142 77.1053 79.91 80.7208 82.0053 82.955 83.9292 85.0172 86.1067 87.7142 89.5481 91.635 92.0375 92.8275 93.5905 93.8392 92.7072 91.9972 91.2667 91.0167 91.3405 92.0033 92.8008 94.22 96.7975 98.0125 97.1561 95.5342 93.2497 89.5381 86.6175 84.2831 82.5547 81.3842 80.1956 79.3356 76.2667 71.1061 66.9861 63.5092 58.7864 54.9989 51.87 49.4355 48.1183 46.9842 45.8931 44.7792 41.5042 40.3472 41.265 43.7775 44.7567
62.175 60.9092 60.475 60.8175 61.3558 62.5208 63.76 64.9367 67.1183 68.41 69.4642 69.8558 69.5575 69.3425 69.96 72.06 74.7642 78.4133 80.5975 81.5483 82.47 83.0825 83.9492 84.9258 86.3425 87.8467 89.1208 90.185 90.9742 91.6375 93.34 92.7967 91.8767 90.6425 89.8542 90.0558 90.415 90.9033 92.3217 95.195 97.1142 96.1758 93.1475 88.4233 85.2617 82.705 81.0483 79.5125 78.53 77.5767 77.2783 75.9375 71.5092 66.7942 63.47 59.1625 55.0658 52.6675 49.6275 48.1858 46.8875 45.6142 44.6817 42.72 39.5792 40.5575 42.2775 43.735
63.5692 62.4131 61.6747 61.5958 61.7572 62.8547 64.0492 65.1033 66.6195 67.7158 68.39 68.7883 68.56 68.4122 68.5095 69.8058 72.5022 76.2458 79.0242 80.2025 81.1114 81.7775 82.4283 83.4589 84.5083 85.7356 87.1692 88.195 89.2 89.9761 91.5742 91.9222 91.6047 89.6142 88.7986 88.5378 88.7392 89.2586 90.5011 93.3717 95.995 95.1817 91.4108 87.4803 83.7131 81.0175 78.6261 76.1883 75.1758 74.6703 75.1267 74.9917 71.7525 67.0772 63.6475 59.7678 55.8883 52.6567 51.1764 48.1631 46.7075 45.3075 44.3105 43.0192 39.8764 39.5556 41.2358 42.8272
64.6867 63.8275 62.7733 62.355 62.2325 63.0589 64.1683 65.2639 65.9672 66.92 67.4922 68.1114 67.9625 67.8414 67.9805 68.3858 69.8911 73.7981 76.7292 78.1256 79.2172 80.1183 80.8611 81.6067 82.6667 83.8211 85.0356 85.9058 86.4206 87.1872 88.8825 89.7403 90.8025 89.5075 88.1347 87.722 87.9075 88.3556 88.4969 91.3183 94.5231 94.4861 90.8908 87.7081 82.6908 79.26 75.9153 73.7811 72.6742 71.8478 72.5625 73.6525 71.4453 67.3655 63.8608 60.7505 57.1153 53.115 51.4564 48.553 46.7308 45.1017 43.9633 42.9775 40.3444 38.4181 39.615 41.4772
64.9025 64.6208 63.5 63.0075 62.9317 63.4358 64.3925 65.4033 65.9658 66.455 66.9108 67.1692 67.3475 67.3758 67.4492 67.58 68.2817 71.04 74.3375 75.935 77.02 77.8925 78.8608 79.6542 80.8625 82.0542 83.0133 83.7975 84.2025 84.9425 86.2625 87.6158 89.5033 89.0125 87.5758 86.9625 86.835 86.7825 87.4075 89.46 93.0708 94.3033 90.9875 87.9342 82.8558 78.1225 74.5475 72.4817 70.82 69.825 70.0342 71.265 70.3458 67.215 64.25 61.4767 58.375 54.2175 51.4975 49.8725 46.9025 45.2658 43.8283 42.425 40.7258 39.0325 38.605 40.3608
64.3433 64.8572 64.1058 63.6475 63.6642 63.8336 64.175 65.0692 65.8131 66.0942 66.4253 66.6145 66.6908 66.6756 66.64 66.8867 67.7167 69.0514 71.2292 73.0625 74.6589 75.5333 76.5564 78.0642 79.0333 80.2775 80.8717 81.2683 81.5469 82.495 84.2342 85.558 87.1458 88.5592 86.9919 85.8086 85.7167 85.6789 86.1222 87.8475 91.3408 93.8067 91.0008 88.0228 83.1736 77.6892 73.8242 71.5878 69.5158 68.1911 68.1044 68.9692 69.3103 66.9617 64.7225 61.9444 59.3542 55.5242 51.7969 49.8447 46.8492 45.4175 43.9031 42.2433 40.5906 39.0692 38.1408 38.8097
63.555 64.4897 64.17 63.9425 63.4025 63.0814 63.4 64.3714 65.4122 65.7125 65.9197 65.9347 65.9483 65.8856 65.8208 66.095 66.9844 68.505 69.9075 71.3267 72.7572 73.78 75.3847 76.943 77.715 78.9022 79.1297 79.2075 79.5533 80.5664 81.8217 83.9047 86.725 89.8133 87.6614 84.9225 84.6917 84.7053 85.055 86.5408 89.9767 92.9644 90.6667 87.3008 82.9789 77.76 73.5883 70.5753 67.7092 66.7986 66.5281 66.7608 67.8783 66.7625 65.27 62.6636 60.1125 56.1867 52.072 49.8806 46.62 45.4178 44.0156 42.2992 40.5814 39.1622 37.8942 38.1636
63.2075 64.7517 64.4933 63.7125 62.5567 61.91 62.13 62.5833 63.9525 64.9725 65.1592 65.0767 65.11 65.0642 64.8475 64.93 65.5625 66.8642 68.35 70.3442 73.4175 75.1975 76.1983 77.0542 76.9675 77.2267 77.18 77.15 77.5825 78.8208 80.1625 81.8292 84.1842 87.4975 86.9358 84.0817 83.91 83.955 84.2267 85.275 88.265 91.6267 90.2775 87.2242 82.94 77.7725 73.5008 69.4258 66.525 65.6075 64.9983 65.0025 65.5567 65.9767 65.2475 63.1308 60.165 56.41 52.3883 49.9642 47.55 45.4025 44.0833 42.36 40.7325 39.62 38.0275 37.76
62.8683 64.9497 64.7167 63.4658 61.6942 60.7247 60.8017 60.9564 61.8997 63.8158 64.0958 63.6172 63.6467 63.4831 63.1519 63.1067 63.7614 65.3067 67.1467 69.5978 73.9403 76.1858 77.3189 76.8833 76.0158 75.5011 75.2678 75.1467 75.5436 76.8517 78.5533 80.0425 82.303 84.6358 85.5144 83.695 83.1617 83.2894 83.6622 84.2383 86.1714 89.9486 89.4883 87.0003 83.0692 77.6683 72.9286 68.6042 65.6617 64.1469 63.3408 63.14 63.1128 64.3881 64.3792 62.9314 59.9675 56.6 52.5478 49.6797 48.7758 45.7567 44.0761 42.3292 40.9142 39.9181 38.6067 37.3869
62.2108 64.8858 64.8864 63.1475 60.5725 59.6428 59.1017 58.9481 59.6953 61.4283 62.385 61.9067 61.88 61.7339 61.2311 61.1875 62.1106 63.8503 66.26 68.7989 72.6283 75.705 76.8858 76.1142 75.1092 74.1361 73.8503 73.7358 74.0269 75.1758 76.9775 78.1153 80.5669 83.1767 84.3531 83.7253 82.6417 82.3983 82.6133 83.13 84.4217 87.9497 88.6992 86.4903 83.3453 77.41 72.2553 68.0703 64.7825 62.7405 61.6789 61.5708 61.7322 62.5089 63.045 62.4561 60.1328 57.115 53.3306 49.9758 48.9633 46.5689 43.9069 42.3842 41.0767 39.9353 38.5858 37.4864
61.59 64.39 65.1083 63.2875 60.1792 58.6808 57.7125 57.1983 57.5692 59.02 60.2583 60.1983 60.0575 60 59.645 59.7475 60.4833 62.7633 65.6725 67.9942 70.9708 74.9475 76.2283 75.3242 73.6375 72.5883 72.3967 72.3875 72.7783 73.9983 75.3925 76.7283 78.8475 81.615 83.0825 83.3592 81.835 81.6483 81.5142 81.8825 82.8508 85.905 87.5775 86.15 83.2717 77.6625 72.6575 68.1342 64.4675 61.855 60.9508 60.7275 60.3042 60.7967 61.34 61.9333 60.5483 57.855 54.395 51.4792 49.0625 47.6875 44.0992 42.55 41.23 39.8192 38.03 37.3867
61.4067 63.9775 65.0178 63.4567 60.0733 57.88 56.7817 56.35 56.2889 57.0617 58.1511 58.4067 58.3433 58.6286 58.7547 59.2158 59.7686 62.05 65.4225 68.0394 70.3036 73.8567 75.3931 74.3772 72.2242 71.3558 70.9153 70.9892 71.3047 72.3347 73.6742 75.1581 76.9642 79.9908 82.1703 82.5792 80.7742 80.5469 80.4372 80.7725 81.6508 84.1756 86.1808 85.5069 82.6508 77.9025 73.4847 68.5661 64.6358 61.5125 60.4575 59.4342 58.5539 59.0733 59.735 60.8231 61.0958 58.7992 55.6386 52.5645 49.5283 47.77 44.5483 42.4033 41.0014 39.5419 37.745 36.8925
61.1483 63.8006 64.7022 62.54 59.3695 57.4269 56.2183 55.7403 55.6589 55.9233 56.4058 56.6133 56.6342 57.6508 58.3111 58.9383 59.6281 61.7314 65.2775 68.3722 71.0075 73.2008 74.2497 73.3733 71.2075 70.1264 69.7197 69.72 69.7869 70.2922 71.4017 73.2222 75.4347 78.4017 81.2186 82.0236 80.2533 79.7622 79.7528 80.0742 80.3705 82.3586 84.4325 84.1481 81.8947 78.7017 74.2044 69.2803 65.0692 61.8678 59.5317 57.7458 57.3655 57.7922 58.2217 59.4886 60.5503 59.085 56.4336 53.5628 49.915 47.4533 45.7861 42.055 40.6808 39.2392 37.705 36.5569
60.8125 63.66 64.2158 62.0825 58.995 56.6517 55.7 55.2025 54.8817 54.835 54.8467 54.8783 54.98 56.6983 57.99 58.955 59.7908 62.0217 65.0775 68.1333 70.8917 72.565 73.3425 72.7042 70.95 69.2958 68.9608 68.745 68.6042 68.9133 69.9975 71.9858 74.0333 76.88 79.8642 81.5442 79.9875 79.1933 79.13 79.455 79.7508 80.1492 81.42 82.795 81.2783 78.81 74.9542 70.1192 65.8675 62.3117 58.6642 56.835 56.3517 56.5275 56.9 58.3433 59.83 59.255 57.155 54.3683 50.9275 47.2492 45.8858 42.6425 40.3992 38.8525 37.435 35.9008
60.26 62.6833 63.1794 61.9 58.3594 55.6625 54.8733 54.2758 53.6544 53.4967 53.4181 53.4072 54.0758 55.4472 57.8953 59.1342 60.2119 62.2147 64.6608 67.6 70.1856 72.7042 73.0686 72.0044 71.1592 69.1097 68.1478 67.8117 67.4964 68.1595 69.385 70.9994 72.7944 75.5542 78.2875 80.6592 79.9967 78.7883 78.7267 78.9317 78.5478 78.1133 79.1783 81.0461 80.5258 78.1975 74.2803 69.5358 65.9575 62.3514 58.43 56.0742 55.7267 55.7906 56.1367 57.4744 59.9778 59.7458 58.0736 55.3683 52.4067 48.8464 45.9925 43.4092 40.3022 38.52 37.1442 35.8225
59.1458 61.1317 61.6592 60.7317 57.2847 54.6308 53.5475 52.8586 52.3528 51.9733 51.9133 52.3403 53.0125 53.9667 55.8056 58.7742 60.5289 62.3817 64.7 67.1058 69.7625 72.2975 72.4589 71.1278 70.2117 69.3594 67.2375 66.8983 66.6342 67.0567 67.9467 69.6019 71.6214 74.395 77.1547 79.9364 80.4417 78.5775 77.9275 76.6683 76.6022 76.7853 77.5758 78.9386 78.7461 76.8483 73.2381 68.9964 65.7258 62.0705 58.4561 55.9167 55.3356 55.3328 55.5575 56.3461 59.8311 60.4933 59.8 56.6989 53.3142 49.7836 46.2167 43.1042 40.2778 38.3603 36.6075 35.3964
58.49 60.2075 60.2767 59.25 56.7733 54.3475 52.6625 51.5358 50.8492 50.46 50.3292 50.6058 51.705 53.2583 55.4075 58.5075 60.8575 62.7575 64.8325 67.2533 69.75 71.9825 71.6275 69.9325 68.78 68.0192 66.5392 66.075 65.8942 66.3767 67.235 68.6183 70.3867 73.3525 76.2642 79.2167 80.3325 78.0858 76.8475 75.51 75.2975 75.3617 75.79 76.7725 76.835 75.275 71.34 67.8225 64.7825 61.4092 58.2817 55.6875 54.8933 54.3117 54.5575 55.2033 58.6042 60.4325 60.24 57.1725 53.34 49.7742 46.2133 43.385 40.1817 37.99 35.9925 34.895
58.2383 59.7556 59.2636 57.7642 55.5439 53.7031 51.4067 50.0617 49.6497 49.4633 49.3631 50.0339 51.8808 54.1042 56.6497 59.3242 61.3375 63.0889 65.0358 67.4897 70.0361 71.8342 70.9836 68.8011 67.4025 66.5358 65.8811 65.4892 65.2208 65.6481 66.4233 67.7056 69.4339 72.185 75.5153 78.7719 80.3275 77.9581 76.7883 74.5933 74.4622 73.8519 73.425 74.3189 74.5336 72.7267 69.4031 66.4042 63.5475 60.6658 57.6155 54.6875 53.3525 52.1586 52.7908 53.9994 56.455 59.2092 60.1592 56.8919 53.0117 49.9842 46.0392 43.32 39.8772 37.5794 35.3775 34.0103
57.5917 59.1653 58.1214 56.1108 54.2614 52.6733 50.97 49.6444 48.9331 48.8133 49.3381 50.3472 52.7592 55.1878 57.9814 60.4875 62.3089 63.9378 65.8108 68.1478 70.3383 71.5317 70.1486 67.6192 66.1492 65.1653 64.295 62.6617 62.6769 63.3381 64.02 64.7408 67.3842 71.1083 75.1783 79.1597 80.7292 79.318 76.8761 74.1058 72.7106 70.9758 70.4025 71.0806 71.1961 69.7883 67.3958 64.7342 62.0058 59.0636 56.5419 53.875 52.4719 50.9614 51.29 52.2506 53.985 57.2433 59.1044 56.3036 52.4975 49.5567 45.0647 41.66 38.8692 37.1089 34.8475 33.9556
56.4725 58.97 57.0658 54.7725 52.7958 51.8817 50.88 49.7783 48.9183 48.875 49.59 51.1892 53.8675 56.5292 59.4292 61.9375 63.6208 65.7483 68.085 69.5675 70.3742 70.7425 68.8567 65.8942 64.685 63.7258 62.9467 61.845 61.7767 62.36 63.4125 64.4942 66.6758 70.715 75.3875 80.0025 81.415 81.2358 78.3458 74.835 71.7867 69.48 68.4675 68.3217 68.405 67.2125 65.295 62.8208 60.0775 57.3925 54.9325 52.985 51.8 50.5433 50.5025 50.9242 51.9442 53.81 54.5008 53.3042 50.655 47.2017 43.8467 41.095 38.2808 36.695 34.68 33.8775
55.0742 58.0303 56.1575 53.2717 50.9553 50.3928 49.8525 49.2969 48.8481 49.1908 49.9614 52.8867 55.3217 58.1233 60.995 63.9208 66.0758 68.6408 70.1508 70.315 70.3406 69.745 67.4883 64.6275 63.3042 62.2586 61.4719 61.1033 61.0347 61.5944 62.955 64.1822 66.2925 70.43 74.8356 79.4314 82.3717 83.0744 80.3795 75.8808 70.7794 69.1217 68.5533 67.1267 66.0889 65.2867 63.4636 61.1769 58.1742 55.3283 53.23 51.9325 51.0003 50.1614 49.6067 49.7478 50.2686 51.0808 51.8639 51.2117 49.0125 45.812 43.2328 40.9758 37.6467 35.9783 34.3417 33.6286
53.6075 56.5244 54.5364 51.9717 50.2875 49.5525 48.8817 48.4331 48.7703 49.45 50.9992 53.6364 56.35 59.072 62.1958 65.2783 67.9567 70.1736 71.8783 72.2108 70.92 68.9542 66.18 63.4414 61.9758 60.7644 60.0564 59.915 60.0903 60.8483 62.1608 63.7067 66.2442 70.4058 73.9064 78.5003 82.7908 84.4411 81.8811 77.755 73.7539 71.5744 69.6842 67.5439 65.2661 63.2133 60.8828 58.59 56.135 53.8661 52.6372 51.3967 50.3269 49.6169 48.2875 48.5511 49.1739 49.3942 49.72 49.7194 47.79 45.0133 42.5567 40.6725 37.2897 35.6317 34.3675 32.9547
52.5475 54.9217 53.4192 51.08 49.3908 48.6375 47.9825 48.0858 48.7633 49.4775 51.0125 53.6117 56.3425 59.14 62.3333 65.47 68.1358 70.9075 73.7025 74.4183 72.2242 68.59 65.0017 62.1033 60.265 58.8142 58.2642 58.455 59.3375 60.3242 61.615 63.6225 66.4983 70.8275 73.8442 78.0442 82.3075 85.1667 82.9308 78.9775 75.67 73.2908 71.0175 68.6983 65.41 63.0025 60.1617 57.7133 55.7525 54.8375 54.165 53.725 51.7392 49.8492 47.1025 46.7225 47.6558 47.605 47.8 48.0483 46.965 44.2983 41.905 40.215 37.0958 35.3983 34.285 32.7092
51.3625 53.187 52.145 50.1717 48.5206 47.6461 47.125 47.4817 48.1189 48.88 50.4758 53.1855 56.0392 58.9622 62.2125 65.4783 68.165 71.2636 74.5683 74.9133 72.1422 67.9175 63.3845 60.1972 58.5667 57.4569 57.1025 57.2283 58.3583 59.6958 61.415 63.6536 66.6275 70.52 73.4903 77.9144 82.2075 85.2561 83.425 80.1583 77.5861 75.6822 73.1342 70.6333 68.4789 65.3167 62.6003 58.9922 57.4367 57.5922 57.8719 57.4742 54.9736 52.0078 48.1633 45.9731 44.8322 45.4408 46.3036 45.3925 45.1775 43.6083 41.188 39.3825 37.0297 35.2164 34.0858 33.0747
50.1175 51.5 50.5383 48.6092 47.3994 46.6439 46.28 46.1897 46.2995 47.4675 49.58 51.7022 55.0275 58.2667 61.8819 65.2925 68.0267 71.1564 74.5142 73.1803 70.3797 66.5242 62.3853 58.7272 57.2292 56.3644 56.0428 56.345 57.6514 58.9425 60.2183 62.6581 66.32 69.915 72.9683 77.6283 82.0233 84.5461 83.3819 81.4908 80.0386 78.7039 76.0092 73.1186 70.555 67.1575 64.9017 60.9964 59.2783 60.0478 60.6544 60.2417 57.5803 53.8803 50.0133 46.0575 44.4775 43.37 43.5944 43.8789 43.8225 43.1717 40.1261 38.6325 36.6528 35.0919 33.8092 33.25
48.6275 49.3 48.41 47.295 46.4633 45.6425 45.32 45.4433 45.6458 46.9275 49.0675 50.6008 53.235 56.8983 61.0342 64.705 67.5217 70.1867 72.81 71.1958 67.7783 64.26 60.8833 57.5592 56.1125 55.3992 55.1658 55.74 57.0225 58.2675 59.1625 60.4783 65.3917 69.695 72.765 76.9825 81 83.0342 83.6417 83.3475 82.7617 81.6725 78.495 74.8092 71.9308 69.045 66.4175 63.8617 62.095 61.9908 62.2542 61.9175 59.8433 55.6425 51.6575 47.2892 44.0508 42.9225 42.2483 42.6283 42.405 41.6817 39.1542 37.5675 36.3058 35.0883 33.8775 32.8542
46.8542 47.2445 46.7331 45.9308 45.4897 44.6758 44.1558 44.6358 45.1936 47.2125 49.0106 50.2161 51.6883 54.93 59.4114 63.6133 66.5333 68.7003 70.4683 69.3489 65.5242 62.1542 59.1911 56.3272 54.9583 54.3047 54.1167 55.2975 56.6964 57.6106 58.2983 59.2958 64.5481 69.6583 72.6839 76.6908 81.0808 83.3347 84.95 85.2292 85.3611 84.5161 81.1433 76.9358 73.5844 70.595 68.182 66.1325 64.42 63.8783 63.4442 62.6975 61.0856 57.07 52.1517 48.7083 43.7686 42.4333 41.7369 40.7264 40.9042 40.1486 38.6503 37.2275 36.1144 35.0708 33.7958 32.4986
45.18 45.3836 45.25 44.8358 44.2425 43.1942 43.3442 43.7608 45.4128 47.5025 48.9019 49.8708 51.1633 52.9322 56.9975 61.6358 64.8172 66.7375 67.5608 66.7328 63.7719 60.4558 57.6967 55.4905 54.1783 53.1522 53.8003 55.1208 56.1233 56.8967 58.04 59.4208 65.5783 69.3283 72.5964 76.8717 81.0083 83.6033 85.6422 86.7958 87.6328 86.9428 84.61 79.4147 75.8925 73.3758 70.7647 68.5658 66.1508 64.8358 64.575 63.8933 61.8422 57.7722 52.3917 49.8042 46.0889 42.3725 41.6547 40.3419 39.4417 39.2775 38.3633 36.8317 35.8556 34.9153 33.6175 32.2989
44.0325 43.4942 42.9467 42.66 42.1942 43.075 44.4275 44.9842 46.4533 48.0575 48.9283 49.73 50.9125 52.2783 54.3975 58.865 62.4283 64.06 64.475 63.9775 61.6175 58.8375 56.4867 54.8192 53.765 52.4608 53.0783 54.2425 55.3608 56.6183 57.925 59.4317 65.4817 68.335 72.0675 76.2433 80.045 82.8092 85.5308 88.045 89.9925 89.4275 87.775 83.6975 78.9975 77.9775 74.6867 71.8608 68.97 66.9583 66.0125 65.19 61.9967 57.9475 52.86 50.0308 46.0992 43.385 41.3083 39.9525 38.9075 38.6375 38.1425 36.3825 35.51 34.5775 33.435 32.3175
42.6642 42.5769 41.5933 40.6883 40.5347 42.8697 45.0442 46.895 48.1272 48.6625 49.0256 49.7072 50.8533 52.2508 53.5489 55.84 59.3283 60.7714 61.1767 61.0055 60.3464 57.9858 55.9197 54.3103 52.96 50.8861 51.8119 53.2267 54.3192 55.7858 57.735 59.555 63.8628 67.05 70.0053 74.4358 78.215 80.8428 84.0139 87.5983 91.1717 92.7942 91.7525 89.4039 84.39 82.05 79.1447 75.835 71.96 69.5975 67.7736 65.7825 61.9608 57.8686 52.7908 49.7422 46.1622 43.8017 40.6203 39.4228 38.4733 37.303 37.3467 36.1833 35.2047 34.2133 33.2025 32.1861
