data/handson/vilo100/elevation.asc
ncols 100
nrows 100
xllcorner 497392.38261041
yllcorner 4659615.6527613
cellsize 20.0
NODATA_value -9999
[rows 0 to 29 of 100, columns 0 to 67 of 100]
76.7933 79.0475 80.5431 80.3542 80.0167 80.1894 81.1133 81.7775 83.2253 84.6467 85.6181 86.4508 87.385 88.0844 88.9692 91.2633 92.1381 92.4892 93.0375 93.6219 94.4819 97.1508 100.327 103.091 105.308 105.804 104.684 103.412 105.29 105.945 104.122 100.741 98.3406 95.2975 91.3808 86.9047 82.1942 79.2503 76.3367 73.4117 71.2992 68.3586 65.6025 63.4256 61.7161 60.3875 58.5117 56.2281 54.02 52.2661 53.2242 54.9075 56.0547 56.9911 57.5317 57.8653 57.6728 56.1217 54.4983 55.4978 58.8367 61.5672 63.9289 66.7008 69.6992 72.5117 74.9817 76.5628
78.0325 80.7633 82.6992 83.5775 83.4558 83.485 83.975 83.1858 83.7142 84.9975 85.7808 86.485 87.16 87.7975 88.3925 89.59 90.7292 91.0408 91.67 92.3158 93.1642 96.0375 99.29 101.549 103.9 105.513 105.377 105.817 107.292 109.149 107.435 103.537 100.191 97.14 93.1642 89.0458 85.2175 82.3225 78.8458 75.675 73.3417 70.3908 66.8575 64.07 62.3483 60.9775 59.4192 57.475 55.82 54.5067 52.185 51.5325 52.1175 53.8575 55.555 56.4025 56.9333 55.31 53.6367 55.28 59.215 61.85 63.925 66.265 68.7508 71.49 74.355 76.7867
78.8008 81.8708 84.5358 85.7967 86.4422 86.0389 85.8325 85.4108 83.7642 84.8567 85.6561 86.1928 86.9058 87.4522 88.0381 88.6167 88.7203 88.9814 89.69 90.625 92.2936 95.32 98.1256 100.7 103.297 105.394 105.828 106.157 107.596 110.241 109.978 105.509 102.14 98.9533 95.1517 91.8869 88.77 85.0933 80.9008 77.7883 75.3717 72.2731 68.0583 64.7978 62.7958 61.3342 59.6072 57.3539 55.7783 54.6125 53.1333 51.9033 50.6983 50.2503 52.9742 55.3994 56.0467 54.8025 53.0931 55.4164 59.2267 61.6147 63.4419 65.325 67.7317 70.2683 73.1033 76.3842
78.9267 82.2367 85.0697 86.8408 88.4383 87.6561 86.8483 86.2642 84.5097 84.3358 84.7328 84.9972 86.0683 86.8547 87.3553 87.2483 86.9914 87.2661 87.8858 89.0181 91.2997 94.585 97.505 99.8411 102.042 104.678 105.809 106.446 107.368 110.033 110.775 107.429 103.47 100.324 96.8842 93.7167 90.875 87.0708 82.6431 79.3533 76.6483 73.6833 69.6492 65.8011 62.5336 61.1075 59.655 56.6511 54.8375 54.4197 54.0242 53.1192 51.803 50.0994 50.14 53.0125 54.9186 53.8533 52.2047 55.3375 58.39 60.7133 62.4097 64.145 66.6747 69.1536 71.8075 75.0267
78.05 80.8825 83.815 86 87.185 87.2 86.1875 85.7042 84.2108 83.2625 83.9142 84.2675 84.8875 85.1492 85.0625 85.0375 85.2542 85.5342 86.03 87.205 90.1017 93.505 96.4167 98.6392 100.455 103.162 105.425 106.478 107.322 108.815 110.3 108.972 105.147 102.055 98.7258 95.7158 92.5075 88.6617 84.1467 80.3225 77.4025 74.1983 70.63 67.0033 64.04 61.8 59.7808 57.2008 56.4825 56.5558 55.2367 54.045 52.5658 50.7533 49.3775 50.51 53.4358 52.93 50.9033 54.5367 57.2475 59.4792 61.3825 63.2925 65.54 68.255 71.055 73.6342
76.5692 79.5006 81.9783 84.3675 85.5622 85.8592 85.0183 83.5678 82.6078 81.8683 82.0081 83.4739 83.8067 83.4506 83.1586 83.3142 83.7975 84.4258 85.07 86.2753 89.7425 92.3792 94.8561 96.9525 99.0808 101.57 104.341 106.38 107.461 108.377 109.55 109.72 107.018 104.161 101.005 97.865 94.0817 89.8192 84.9058 80.75 77.6025 74.3467 70.7858 67.8875 64.7158 63.0008 61.8789 60.7158 59.1608 57.8142 56.17 54.65 52.9869 51.2044 49.3067 49.3644 51.9989 51.8567 50.645 53.5844 55.9592 58.1811 60.3845 62.39 64.3664 67.1217 69.9192 72.043
75.3217 78.1619 80.4989 82.6108 84.07 84.3919 82.8492 81.33 80.6981 80.2775 80.0542 80.4922 81.5558 81.8347 81.6131 82.0342 82.5469 83.3372 84.2542 85.7864 88.2269 90.9533 93.0506 94.9878 97.89 100.277 102.642 105.522 107.454 108.393 109.236 109.122 107.655 106.014 103.233 99.4258 95.3267 90.6289 85.6086 80.8625 77.4872 74.24 70.9842 68.2922 65.6583 65.1175 64.4656 63.3758 60.8017 58.5664 56.8297 55.1392 53.2889 51.3939 49.4708 48.7325 50.4561 49.5975 50.4486 52.8297 54.8708 57.0703 59.3233 61.3808 63.2439 65.0317 67.4208 69.9558
74.1475 77.2825 80.0392 81.7875 82.8983 82.4592 81.1675 79.6925 79.0817 78.9325 78.8375 78.9508 79.5375 80.5117 80.6408 80.9325 81.4117 82.2525 83.425 85.1475 86.9525 89.2 92.3267 94.455 96.8875 98.9742 101.001 103.472 106.828 108.352 109.125 109.49 109.029 107.83 104.793 100.483 95.88 90.3275 86.4683 81.7825 77.1092 74.2025 71.1725 68.5675 67.6917 67.4275 67.1008 65.4417 62.2425 59.0933 57.2042 55.415 53.5967 51.7325 49.8225 48.0375 48.5208 48.5 50.2125 52.1683 54.015 56.12 58.2467 60.165 61.75 63.2742 65.04 67.6767
73.6442 77.1239 79.9378 81.2642 82.0933 81.3319 79.9817 78.3661 77.6542 77.4 77.4667 77.7719 78.5233 79.3067 79.6881 79.96 80.4945 81.4081 84.2125 85.585 86.91 88.7258 91.9014 94.9153 96.9308 98.8047 100.566 102.594 104.85 108.301 109.131 109.838 109.974 109.258 106.077 100.853 95.6875 89.7206 86.2669 82.2025 77.1881 74.0428 71.0608 69.8719 69.3764 69.7375 69.307 67.1519 63.6292 59.7286 57.6633 56.12 54.3794 52.5267 50.6825 48.3828 47.2814 48.065 49.5083 51.1514 53.0633 55.0628 57.0492 58.6367 60.0506 61.693 63.4883 65.4975
73.4075 77.1544 79.6381 80.7317 81.4989 80.4594 78.8258 77.3075 75.943 75.6967 76.2253 76.4408 77.1842 77.9414 78.5653 79.0008 79.66 81.528 84.6325 86.6328 87.7478 89.5858 91.5628 94.5278 96.765 98.7106 100.353 102.278 104.214 107.408 109.176 110.129 110.638 109.507 106.312 101.043 95.5117 90.1011 85.8539 81.5525 77.2872 73.9119 72.1425 71.6439 72.1606 72.6217 71.5647 68.4164 64.385 60.3369 58.4411 56.9808 55.3428 53.5089 51.5525 49.0572 46.8825 47.4167 48.5953 50.0247 51.8867 53.8375 55.775 57.3367 58.8622 60.6108 62.4367 64.0389
72.415 76.7075 79.28 80.07 80.56 79.4808 77.63 75.4458 74.6383 74.745 74.985 75.0867 75.83 76.5483 77.2583 78.08 79.335 81.7442 84.4775 86.8358 88.72 90.5875 92.8758 94.9125 96.595 98.5317 100.311 102.233 104.142 105.797 109.073 110.648 111.466 110.123 106.408 100.663 95.3 90.4367 85.2333 81.145 77.6233 74.285 74.3725 75.0475 75.8108 75.68 73.7742 69.4292 64.7175 61.2517 59.0508 57.58 56.18 54.4258 52.1175 49.7175 47.2733 46.82 47.7458 48.9892 50.3125 52.2067 54.4658 56.305 57.9942 59.7183 61.365 63.1367
70.8767 74.9786 77.8483 78.9042 78.5961 77.3869 75.755 74.0425 73.5739 73.5642 73.6711 73.7617 74.8217 75.5886 75.9417 77.4342 79.3683 81.5019 84.0933 86.3236 88.1853 90.4517 93.5319 96.4764 98.3125 99.3861 100.409 101.796 103.653 105.364 108.478 110.901 111.828 110.726 106.306 100.759 95.4675 90.4375 84.9364 81.7958 78.565 75.2872 76.99 78.7289 79.5931 78.3842 75.8239 71.3794 66.6167 62.765 59.6397 58.1917 56.7228 55.2345 53.0992 50.9722 48.3753 46.3317 47.145 47.9203 48.8217 50.3314 52.7511 55.1275 56.8581 58.5647 60.1475 61.9956
69.4183 72.3878 75.3883 76.5033 75.96 75.4517 73.7683 72.6711 72.3417 72.2925 72.3669 72.5589 73.4908 73.9783 74.6417 77.2508 79.5503 81.5222 83.2942 85.412 87.2225 89.3167 92.265 95.7067 99.2933 100.456 100.906 101.475 102.869 104.632 107.422 110.66 111.761 110.846 106.379 100.827 95.7775 90.2028 85.3358 82.1592 78.5922 77.3408 79.7558 81.2056 81.3022 79.7875 77.0158 73.1947 68.5692 64.3992 60.7692 58.7625 57.2906 55.7828 53.935 51.8622 49.6842 46.725 45.9922 46.1939 47.2167 48.8325 51.2756 53.7433 55.6208 57.4733 58.9783 60.7361
68.38 70.1742 72.2808 73.245 73.83 73.5117 72.1325 71.3617 71.1192 71.03 71.0825 71.5017 72.0025 72.5658 74.8367 77.405 79.9275 81.2358 82.7925 84.3825 85.9908 88.035 90.9167 94.1383 97.4275 99.6833 100.7 100.793 101.881 103.844 106.323 109.993 111.272 110.838 106.562 100.87 96.32 90.6742 86.2417 82.265 78.155 79.5633 81.8475 83.3108 83.1567 81.0275 78.0192 74.7933 70.2425 65.8375 62.1083 59.5325 57.9067 56.2783 54.3975 52.3458 50.2792 48.0375 46.2125 45.315 45.815 48.1733 50.7458 52.9525 54.6592 56.7375 58.83 60.4267
66.95 68.3189 69.7608 71.0033 71.625 71.3189 70.4425 69.905 69.6369 69.6842 69.8356 70.0042 70.51 72.6061 75.6789 77.9883 80.0714 81.3119 82.2867 83.2531 84.6675 86.5242 89.2503 92.2464 95.1825 97.8158 99.2992 99.5975 100.896 102.376 104.594 108.698 110.404 110.2 106.794 100.875 96.2208 90.74 86.0239 82.0875 79.4206 81.6719 84.035 85.6522 85.8292 82.8758 78.928 75.7475 71.4075 66.8689 63.2405 60.415 58.3922 56.4197 54.6683 52.6822 50.6408 49.2375 47.8092 46.6028 45.1008 47.285 50.0508 52.0992 54.0572 56.2794 58.7983 61.2047
65.0508 66.7183 67.9836 68.8992 69.3272 69.4742 68.8842 68.2872 68.1205 68.0358 67.39 67.6389 69.855 72.5808 75.368 77.2025 78.7967 80.2144 81.215 82.2517 83.4711 85.165 87.6158 90.2475 93.0083 95.4692 97.165 97.9883 99.6145 101.602 103.694 106.465 108.707 109.043 106.674 100.838 96.0008 90.7767 86.1608 82.615 82.3039 84.5072 86.7517 88.1225 87.5092 84.2433 79.5914 76.0633 72.1517 68.2275 64.4817 61.355 58.82 56.5819 54.8333 52.9653 50.9822 49.8342 48.5819 47.2114 44.5742 45.8008 48.5881 50.9908 53.2631 55.7072 58.1767 60.3169
63.3575 64.9133 66.3108 66.9025 67.0733 67.4217 66.8125 66.0408 65.0592 64.24 64.1417 66.4275 69.5275 72.2442 74.2075 75.8225 77.3958 78.7958 80.1075 81.4025 82.6975 84.24 86.5283 88.76 91.29 93.8408 95.5625 96.585 98.2283 100.738 102.517 104.784 106.51 107.472 106.356 100.81 95.6475 91.7225 87.5425 84.82 85.5225 87.8033 89.5875 90.0342 88.48 85.015 79.8667 76.1808 72.99 70.1492 66.5683 62.7675 59.5458 57.0575 54.9875 52.8342 50.9458 49.6375 48.5125 47.1392 44.4 44.7317 47.05 49.8175 52.31 54.6517 56.6925 58.2167
62.0183 62.9764 64.4783 65.2892 65.4958 65.2081 63.7658 62.3319 61.6478 62.0025 63.5683 66.1467 69.1708 71.4672 73.0483 74.5425 76.0061 77.5328 79.1792 80.7144 82.135 83.7817 85.9686 88.1253 90.4258 92.5542 94.0142 95.4192 97.2075 99.787 101.362 102.802 104.618 105.857 105.433 101.069 96.0275 92.4461 89.4992 87.2333 87.7147 89.5536 90.7692 91.6139 89.3203 85.8867 80.7433 77.0317 74.1617 72.2056 69.4731 64.7925 60.5675 57.8108 55.1125 52.3878 50.6358 49.4783 48.4653 47.1406 44.9175 44.3819 45.8758 48.7608 51.1569 53.0933 54.7958 56.315
60.8425 61.6033 62.3294 62.8775 63.4658 62.1825 60.1133 59.8344 60.1294 61.66 63.5003 65.8328 68.4725 70.5886 72.2036 73.4733 75.0222 76.7511 78.4808 80.0703 81.3742 83.1225 85.3625 87.6653 89.8183 91.6394 93.4931 95.1308 96.6367 98.8717 99.9667 101.509 102.769 104.207 104.181 102.157 97.2483 93.6155 91.0622 89.4492 89.5764 90.0669 91.6683 93.2919 91.0619 87.0583 83.2033 80.9614 80.4117 76.0217 72.175 67.5008 62.4225 58.5708 55.7308 52.2214 50.7506 49.7358 48.6767 47.5006 45.6758 44.1594 44.8119 46.9508 49.2369 51.2683 53.1225 54.5364
59.7425 60.4225 60.1617 60.4475 59.9708 59.7275 59.585 59.6758 60.2692 62.765 64.4525 66.3375 68.065 70.0633 71.63 73.0725 74.5192 76.34 77.9275 79.3358 80.61 82.4625 84.8733 87.1308 89.3375 91.69 94.0058 95.4 96.2567 97.4392 98.9525 100.274 101.422 103.082 103.147 102.249 99.2775 95.1808 92.3492 90.7425 90.9067 91.2758 93.305 95.0675 93.4417 88.97 86.0067 83.4792 82.5675 81.1892 75.8317 70.335 64.7133 59.535 56.445 52.755 51.1017 49.965 48.7075 47.1517 45.4675 44.4292 43.6725 44.275 46.6192 49.6242 51.65 52.5842
57.455 57.9528 58.3231 58.8592 59.2258 59.2031 59.4525 59.8436 62.6339 65.3825 66.9756 68.795 70.1158 70.5714 71.6508 73.1633 74.6758 75.9539 77.1992 78.4833 79.7389 81.915 84.6397 86.8783 88.9692 91.0864 93.3311 95.0525 95.9419 96.8622 98.2175 99.2978 100.149 101.595 102.134 102.042 100.632 96.7086 93.6305 92.5025 93.0925 94.0958 95.6875 96.9667 96.1117 91.4442 88.2419 85.3442 83.8067 81.9053 78.6633 72.29 66.8 61.138 57.005 53.2719 51.3958 50.1858 48.7995 47.3389 45.88 44.5642 43.1761 42.3283 44.1917 47.5439 50.2692 51.7514
55.6825 56.4342 57.5617 58.1542 58.58 59.3236 59.8717 61.8989 65.5144 67.1383 68.9275 70.8808 72.5917 72.6539 72.2825 73.24 74.7281 75.9375 77.0692 78.2022 79.4669 81.7933 84.4406 86.5386 88.3267 89.9494 91.9978 93.6792 94.6967 95.6694 97.0483 98.3258 99.3845 100.166 100.892 100.949 100.431 97.9769 95.3311 94.69 95.1211 96.3347 97.8508 99.2128 98.5917 94.7142 90.6006 87.1717 83.8833 81.5631 78.2875 73.0067 68.2425 62.5158 57.505 53.7442 51.64 50.34 49.1164 47.8217 46.3817 44.7847 42.8189 41.6908 41.8947 44.8539 49.1492 51.0972
54.8075 55.3283 56.5367 57.59 58.4808 59.5617 61.3325 64.3617 66.52 68.2725 70.0125 72.0633 73.7325 74.3558 74.1292 74.02 74.8275 75.9167 77.01 78.1033 79.3358 81.705 84.1492 86.105 87.72 89.235 90.7958 91.8475 92.7908 94.4225 95.7975 96.8308 97.6217 98.5125 99.5742 99.8025 99.615 98.5317 96.6475 95.895 96.2925 97.7508 99.2975 100.515 99.805 96.6 92.3825 88.8258 84.0025 81.1583 77.2667 72.835 68.7533 63.6075 57.9425 54.1858 51.8667 50.3225 49.1742 48.0033 46.51 44.8333 42.99 41.48 41.9658 44.7808 48.91 50.8308
54.5658 55.1322 56.0686 57.3008 58.5969 60.4692 63.2725 65.4814 67.3978 69.2525 71.1114 72.8167 74.3025 75.005 75.1133 75.1417 75.3061 75.943 77.0008 78.1267 79.2492 81.7208 84.0633 85.9547 87.5217 89.0886 90.3828 91.2367 92.1003 93.6408 95.0883 95.572 95.9353 96.5675 97.0622 98.8078 99.0325 98.8114 97.7847 97.2375 97.3486 98.3822 99.6983 100.601 100.417 97.8358 93.8825 89.7369 84.2925 80.6786 76.6806 72.1633 68.1281 63.5853 58.48 54.5594 52.1947 50.4175 49.2028 47.9767 46.1342 44.1375 42.5347 41.5775 42.2453 45.3092 48.2708 50.5242
54.745 55.4644 56.3055 57.65 59.1403 61.7408 64.5683 66.2389 68.075 69.7375 71.4403 73.3967 74.8008 75.3258 75.7642 75.8733 75.7228 76.2431 77.0283 78.3692 80.1242 81.9883 84.1164 86.0936 87.7575 89.4325 90.3406 90.9267 91.4905 93.22 94.7042 95.0731 95.3281 95.6042 96.0844 97.2928 98.1967 98.7644 99.155 99.01 98.7344 99.0069 99.54 99.9911 100.151 98.3625 94.5708 89.655 84.9608 80.6417 76.5361 71.6725 67.4742 63.8086 59.2175 54.9181 52.3944 50.5058 49.3797 48.04 46.4842 44.1311 42.4731 41.6142 42.8706 44.7114 47.4217 49.8875
54.9325 55.7175 56.5367 58.01 59.5583 61.4875 64.865 67.2925 68.9983 70.0775 71.9942 73.985 75.18 75.6292 76.4508 76.525 76.1242 76.555 78.0775 79.9417 81.5858 83.1875 85.0058 86.6533 88.1525 89.6642 90.3967 90.8525 91.3167 93.2925 94.2175 94.4883 94.6758 94.8875 95.2575 95.9117 96.78 98.0775 100.434 100.487 99.8033 99.4033 99.225 99.2217 98.8875 97.5375 94.8167 89.8775 85.465 80.4067 75.7692 71.4475 67.7175 64.2117 59.89 55.2392 51.7467 50.5325 49.6308 48.2283 46.9125 45.0133 42.5042 41.485 43.0283 44.7592 46.9975 49.1483
54.7242 55.6872 56.6761 58.1825 59.825 61.2425 64.2283 68.1794 70.7967 71.5758 73.0036 74.5025 75.1425 75.3575 76.3195 76.5475 76.3144 77.2058 79.4392 81.4808 83.2225 84.7033 86.1731 87.9214 89.1933 89.8958 90.8736 91.3825 91.7497 93.7678 93.8767 93.9314 94.0444 94.2458 94.4903 94.8625 95.7217 96.9767 99.8397 100.953 100.124 99.3594 98.3683 97.9342 97.9694 97.025 94.4111 89.4819 85.59 80.4133 75.2397 71.7433 68.4108 64.7258 60.6958 55.7436 52.6433 51.2258 49.8306 48.3764 46.995 45.7581 42.8867 41.4725 42.9361 44.6986 46.5525 48.2606
54.8133 55.6661 56.7469 58.1783 59.8833 61.2892 63.5208 67.3956 70.895 73.4667 74.4911 74.4886 74.6508 74.895 75.4228 76.0575 76.6339 77.7167 79.9567 82.1383 84.1678 85.5258 87.0922 88.8908 89.9833 90.2383 91.347 92.1558 92.6467 93.91 94.1375 94.1011 93.7483 93.5708 93.778 94.1089 94.72 95.9797 98.7036 100.342 99.9117 98.7294 97.6058 96.4933 96.0772 95.165 92.5861 88.6678 85.5317 81.1622 76.2464 72.5658 69.3269 65.6233 61.7942 57.0358 52.8703 51.3067 49.7833 48.4525 47.0775 45.7789 42.6406 41.6383 42.9681 44.5 45.8583 47.0722
56.0175 56.3817 56.9775 58.0475 59.8592 61.4942 63.12 66.0833 70.2225 74.02 75.3467 74.655 73.225 73.0492 74.4567 75.74 76.9483 78.25 79.9975 82.295 84.0592 85.0675 86.1883 87.9317 89.315 90.3608 91.7392 92.5975 93.2183 94.4492 94.465 93.7225 92.8217 92.3675 92.3508 92.9042 93.9825 94.8025 97.0158 99.1375 99.4175 98.3233 97.115 95.9192 94.4167 92.465 90.0258 87.2142 84.7275 81.9075 78.4567 73.78 70.3783 66.7717 62.9025 58.2708 53.6642 51.5225 49.6267 48.3542 47.075 45.8833 42.6717 41.2775 42.025 44.1342 45.21 46.0775
58.58 59.1292 59.5219 59.8875 60.4975 61.6714 62.9858 65.2281 68.6556 72.6567 75.1106 73.6644 72.0575 71.6131 73.6669 75.7808 77.6572 79.5181 80.6383 82.2572 83.4089 84.6425 85.5872 86.8669 88.4925 90.1972 91.8439 92.885 93.4983 94.8342 94.2092 92.88 92.1381 91.4433 91.3431 91.7633 92.7325 93.7239 95.6392 97.8625 98.6581 97.9353 96.6617 95.3117 92.9117 90.54 87.5336 85.455 83.5317 81.7167 79.5419 75.1108 70.8158 67.5339 63.815 58.7919 54.9303 51.6008 49.57 48.3086 47.0308 45.9558 43.8986 40.7667 41.0653 43.553 44.7367 45.5092
