data/handson/vilo100/saz.asc
ncols 100
nrows 100
xllcorner 497392.38261041
yllcorner 4659615.6527613
cellsize 20.0
NODATA_value -9999
[rows 30 to 59 of 100, columns 0 to 66 of 100]
22.2217 10.1373 339.105 316.843 297.963 288.995 280.615 265.582 250.348 230.157 196.295 156.653 157.187 205.025 228.897 233.241 242.612 252.227 259.336 255.258 241.904 233.793 231.179 234.346 236.809 235.578 223.626 208.963 210.735 207.525 152.958 100.188 102.265 125.048 178.758 208.517 212.013 219.352 233.567 236.485 193.26 128.148 130.756 136.548 141.649 146.003 148.482 152.209 152.643 149.005 115.962 89.8462 87.6083 92.1425 91.8511 89.1122 86.4477 83.9433 86.0351 91.8642 94.5807 90.2563 79.3268 79.2036 182.076 233.092 231.356
34.1866 30.7962 3.9547 329.482 299.198 287.986 284.967 272.489 256.17 230.47 202.853 172.34 164.568 193.024 218.017 225.921 233.857 237.994 234.281 228.463 220.676 215.959 217.099 220.773 221.926 218.433 210.127 203.712 202.981 211.743 200.739 131.741 111.8 127.065 166.249 190.47 196.757 208.982 229.206 236.295 203.641 123.934 120.531 126.101 133.179 140.393 146.726 155.162 162.319 167.903 155.654 104.796 89.8242 88.2573 87.4896 84.8339 82.5208 78.7598 75.9296 82.8587 96.1084 102.003 90.0358 83.7443 98.0551 237.733 236.381
31.0172 34.8094 19.4604 355.381 307.863 284.82 280.452 269.509 251.498 230.532 213.672 187.298 166.58 182.781 213.515 225.99 233.804 235.051 224.266 211.429 207.379 205.137 208.249 211.952 213.395 213.508 209.554 203.001 199.442 208.13 204.848 182.546 132.154 116.174 146.773 181.383 196.453 207.78 227.725 236.985 215.858 116.136 103.014 101.243 108.95 124.59 136.688 150.582 163.406 176.204 182.653 124.44 93.3713 87.3566 84.1822 79.6221 77.7916 76.9055 76.0691 81.6532 92.2382 101.008 99.9989 88.1702 91.4747 217.199 232.738
0.52207 43.2442 36.4798 15.0664 324.516 289.367 280.301 272.143 251.99 231.087 215.532 194.623 172.051 181.15 206.525 221.618 232.552 233.653 222.889 209.376 204.714 202.673 203.415 207.429 211.64 212.2 207.058 198.456 195.778 204.667 205.974 203.929 171.406 114.211 124.613 168.697 192.955 199.448 225.32 239.19 230.681 110.121 92.6343 90.6627 97.1407 111.705 124.558 139.24 155.024 176.835 195.978 159.211 104.623 91.0311 83.3758 76.5105 74.4591 75.4877 77.7121 78.0014 81.8479 91.9283 99.6843 93.181 87.9147 141.859 232.411
258.52 58.4019 49.8349 21.612 340.493 299.098 274.599 265.337 254.477 234.498 215.167 196.792 182.249 181.976 192.282 215.537 233.84 232.609 221.061 209.204 204.061 201.828 204.259 208.879 212.738 209.755 201.678 193.625 194.118 206.117 211.103 214.164 204.082 135.083 120.796 157.375 180.919 192.175 223.9 241.025 240.8 118.566 90.3277 87.8323 90.4335 98.2546 109.166 122.709 138.821 168.289 197.566 182.554 119.716 94.8822 83.7929 77.0481 74.209 74.6618 76.9676 80.8384 83.8418 86.6722 92.8098 95.5761 88.3857 89.4274 227.701
244.046 126.662 64.9158 36.3925 2.27847 243.61 239.522 242.251 237.032 221.463 206.535 191.588 182.899 178.784 187.639 215.139 237.036 235.994 224.523 214.68 208.47 207.367 215.939 217.628 215.853 208.506 194.567 189.498 195.185 208.538 215.576 223.651 237.533 130.031 94.9065 134.43 175.532 191.417 222.373 241.773 245.745 161.207 96.3201 92.664 91.0732 92.4559 99.4976 113.392 130.142 159.291 191.498 195.211 140.814 97.4956 82.0519 76.7365 75.9903 78.2436 81.9163 89.115 91.2944 88.9671 88.136 90.9093 91.2678 93.5123 176.897
251.756 247.163 77.6106 98.5738 140.663 180.648 207.84 220.137 219.756 207.822 191.634 182.645 179.549 175.075 183.965 207.656 226.539 232.24 230.927 236.052 245.644 257.122 259.106 240.662 217.578 202.368 185.981 186.906 199.655 212.508 219.352 229.119 242.392 221.009 100.309 117.437 174.415 191.455 221.518 242.092 246.567 200.512 101.624 94.7807 91.7426 90.5952 95.4024 108.339 125.993 154.801 180.438 196.794 175.274 117.204 85.5447 79.8742 81.943 84.2309 84.9453 85.7677 85.1943 85.8114 87.8745 87.649 85.5366 83.8729 99.9956
261.15 278.806 75.3186 105.429 130.931 169.03 194.655 207.565 216.048 209.269 181.69 176.61 178.72 173.307 177.677 195.103 213.867 223.826 233.406 255.716 279.219 304.428 309.369 272.579 187.655 185.046 179.236 185.374 202.075 215.364 221.634 227.286 230.686 209.695 130.194 118.33 171.267 194.584 219.829 237.701 242.501 216.098 108.041 93.3588 90.321 91.1228 95.8621 103.787 118.78 148.116 169.892 188.382 191.639 169.331 109.071 91.4522 89.1464 87.8626 87.4478 83.271 75.7409 78.5096 87.7784 88.0475 82.5025 76.1932 79.0383
261.004 267.493 86.4614 102.479 122.223 158.907 182.116 197.581 214.007 210.414 180.866 173.289 177.995 171.989 174.278 190.941 213.37 229.834 242.809 256.582 264.011 273.788 284.438 130.173 149.464 167.394 174.853 184.714 204.711 219.461 221.926 226.719 232.524 221.129 154.244 115.795 153.026 192.139 209.685 228.106 239.123 225.331 122.764 95.9057 90.4403 92.1965 96.703 101.125 113.109 139.343 163.678 180.636 196.857 195.26 145.786 102.031 90.0792 85.4909 84.5821 81.9164 75.7898 78.7355 86.5954 89.0099 84.1383 81.1187 82.9536
259.262 259.398 89.5721 95.1011 110.094 144.061 167.571 188.161 209.252 210.027 186.948 173.362 177.243 171.088 172.917 193.359 220.235 239.753 249.929 252.874 252.203 249.137 200.813 131.493 138.817 157.857 173.226 185.178 209.075 224.733 223.374 227.361 235.952 231.54 193.018 122.245 134.147 181.043 197.698 216.243 236.053 231.257 147.175 99.0372 90.7183 90.1071 91.5646 94.5235 103.534 124.143 154.746 175.618 195.365 200.715 177.716 111.995 86.1522 79.7019 76.2471 72.1845 73.4999 78.089 82.6054 86.1805 85.7073 92.5035 97.2384
261.519 259.416 94.3093 89.2491 97.6336 123.2 150.033 179.025 206.387 211.236 194.354 177.231 178.545 175.032 177.35 202.169 233.741 251.43 258.807 257.906 254.756 249.277 194.367 127.787 134.493 156.074 174.145 186.799 208.569 222.018 222.136 227.085 235.835 235.154 217.298 138.545 134.795 172.594 189.454 210.517 234.338 234.893 182.116 106.491 93.1964 87.9016 84.78 86.3703 92.3546 104.957 136.542 160.077 183.433 198.868 198.761 150.818 82.7405 74.8761 71.2098 69.155 72.689 79.7536 82.8046 87.1439 92.7888 97.9797 104.996
264.864 261.93 122.261 97.6618 99.8411 111.522 132.462 165.044 202.26 210.917 197.581 181.633 185.733 192.448 200.768 227.691 252.805 261.489 266.536 271.096 266.834 253.776 191.736 124.769 127.635 151.943 172.713 186.367 201.528 211.923 216.655 224.3 235.532 240.195 231.866 140.708 128.466 168.132 187.867 209.143 231.81 234.528 201.642 121.517 97.2679 86.4883 82.0125 82.7736 85.1429 92.6043 121.691 147.324 177.075 199.422 208.453 208.01 98.0794 78.006 73.1271 73.6577 79.6644 83.7959 82.9119 89.4381 100.916 99.1078 101.188
264.623 261.816 125.504 102.528 102.633 109.707 125.548 153.071 186.547 199.919 192.621 183.262 198.668 220.302 235.527 256.938 268.779 269.022 268.591 271.114 269.938 253.908 188.093 119.805 115.922 139.512 168.103 181.048 193.507 207.875 220.127 229.92 238.841 243.119 238.862 148.182 113.983 155.425 191.872 207.721 223.463 224.229 204.924 142.879 101.44 86.456 81.6685 80.8878 80.786 87.3569 108.827 137.084 176.551 198.767 213.047 224.643 157.152 85.9379 76.571 75.5828 80.4008 84.7023 83.4268 86.3915 97.6724 100.66 101.851
259.993 250.719 132.732 100.489 101.265 113.981 134.746 151.457 170.436 182.562 183.388 185.506 212.544 237.342 253.339 274.424 278.745 272.587 266.408 262.573 261.191 254.798 176.631 112.169 100.844 113.315 155.185 170.41 188.292 216.268 234.852 239.599 242.067 243.842 240.84 189.504 107.891 132.826 193.211 198.126 197.536 207.288 209.285 173.446 111.307 94.9477 90.1566 87.6291 85.2398 88.428 99.0248 122.651 173.01 197.002 220.583 240.936 235.908 78.134 73.7172 72.5558 73.0643 75.1106 81.043 83.3549 90.4582 101.151 102.857
247.476 231.712 158.489 109.915 105.798 119.441 145.338 154.59 164.682 175.16 181.177 194.327 219.272 234.423 243.237 260.795 277.349 273.369 266.233 260.774 259.842 256.859 146.062 119.444 105.249 101.996 133.001 162.968 187.618 219.971 233.558 237.572 242.721 245.7 245.019 231.299 100.01 108.517 166.812 173.891 176.206 195.882 215.578 194.804 132.75 108.57 100.892 97.0364 93.2396 91.6139 93.7273 105.768 160.614 198.517 226.518 250.28 265.494 51.8195 63.0659 68.047 70.4072 72.6793 80.6274 87.1565 90.8552 98.4908 103.194
243.673 225.321 166.915 119.829 107.002 113.095 137.591 152.682 162.339 172.219 183.763 200.934 219.229 234.83 247.219 259.805 274.744 276.475 271.599 267.335 264.52 251.893 138.119 130.724 133.507 118.845 126.514 159.47 188.177 218.661 230.238 236.178 243.53 248.508 250.773 249.685 104.445 106.771 141.586 159.908 176.691 194.191 212.077 196.851 149.676 118.733 108.29 104.155 100.335 96.4067 93.8261 98.099 141.326 185.51 213.671 245.485 254.664 8.67648 65.8607 75.2829 80.591 83.8068 86.9424 89.8739 92.3033 99.0225 107.79
254.213 229.588 154.759 123.701 110.277 109.618 125.958 147.779 161.256 170.245 187.066 217.517 248.057 269.952 276.603 277.718 280.265 279.188 275.558 273.959 271.411 253.952 124.66 127.798 143.873 137.546 133.201 155.441 189.263 222.087 235.044 239.985 245.65 250.563 254.417 255.886 114.407 100.834 115.5 137.737 174.337 184.334 198.944 193.939 158.745 126.987 116.319 112.92 108.144 102.54 100.372 110.456 144.981 174.793 202.759 235.944 242.346 231.192 91.6904 89.0753 90.4232 90.1596 89.8653 90.3471 93.6741 100.918 109.985
257.004 220.362 136.727 126.48 120.861 115.724 117.907 135.106 157.164 173.666 215.965 267.355 283.59 292.074 293.341 292.632 291.708 287.852 282.967 279.791 275.508 243.424 115.44 121.948 139.53 146.001 148.694 163.742 185.742 202.137 210.174 221.9 238.847 251.635 260.624 267.61 52.8715 78.6654 90.4527 117.367 156.527 166.923 186.7 190.258 165.102 136.428 123.207 118.597 115.001 111.127 108.469 115.971 136.948 167.966 204.544 225.571 233.31 229.416 125.619 97.6127 95.6605 94.8649 98.7287 103.537 103.719 103.776 107.07
252.593 205.821 123.607 124.826 126.708 118.698 104.98 103.179 126.421 215.407 279.731 288.353 291.587 294.838 296.529 300.405 304.204 305.08 303.071 294.773 277.704 166.557 117.719 124.084 140.049 148.277 147.223 159.66 188.343 202.974 209.198 226.843 246.484 259.145 269.113 278.861 353.715 57.2692 71.8095 92.1114 127.5 151.283 178.639 186.509 167.462 143.316 129.743 124.008 121.507 119.991 116.478 116.189 120.745 149.154 207.382 219.025 225.942 218.2 166.96 122.109 112.694 109.447 108.202 108.86 108.134 104.126 100.76
248.246 202.523 115.991 121.881 134.12 137.525 120.272 105.24 92.9207 294.321 292.897 295.488 297.052 297.469 299.496 307.49 314.778 316.697 318.99 313.028 274.264 135.719 118.337 124.805 141.677 148.041 143.725 149.899 198.451 226.532 241.779 256.099 262.227 265.274 268.244 274.193 319.4 43.4309 63.5545 79.2126 100.832 123.833 156.129 173.111 164.008 144.975 131.581 125.171 123.758 125.225 125.261 124.603 120.721 132.603 193.792 210.952 216.924 206.932 175.954 140.641 122.988 115.517 107.974 100.925 103.07 105.355 102.5
243.413 199.73 119.429 119.346 132.514 148.907 144.785 139.839 174.717 295.186 292.803 293.353 295.103 294.427 296.193 304.423 312.172 315.759 327.868 349.925 58.8578 115.508 114.978 121.576 138.502 147.565 154.716 166.596 199.63 231.695 244.718 256.918 265.59 265.674 262.317 264.079 287.122 35.1214 64.345 71.4935 70.344 58.0919 67.7777 110.285 140.479 140.663 134.699 129.302 125.599 125.648 125.376 125.044 125.122 132.137 168.93 200.57 207.415 201.014 180.265 142.232 118.029 109.875 104.467 98.0855 100.117 104.638 104.367
242.727 198.369 121.328 116.103 124.856 142.533 149.907 174.177 251.761 281.138 280.879 279.349 279.919 280.651 282.059 286.17 291.694 300.123 325.502 13.2223 62.5204 98.4731 110.924 121.391 137.57 149.713 165.593 183.947 210.028 236.222 248.759 262.17 270.532 270.017 264.759 263.529 271.459 25.5428 68.9601 67.6205 55.5038 43.7409 53.9326 73.7489 97.284 117.192 123.522 123.389 115.833 100.341 71.4418 60.4499 72.1876 103.3 145.799 194.98 198.403 191.738 184.741 148.754 115.294 106.725 105.647 99.228 96.9989 98.4064 98.8209
242.62 196.984 123.042 115.967 126.374 142.556 159.459 209.552 241.487 255.705 262.968 265.4 266.961 268.774 270.279 271.535 274.527 283.315 305.82 34.2384 79.3745 97.4354 110.641 124.461 138.102 150.358 171.417 198.861 224.35 243.712 258.63 268.592 271.695 270.384 267.505 266.402 268.049 329.034 75.3726 70.3309 57.2401 48.9976 52.3376 57.6679 61.0911 66.2432 74.5721 78.4618 60.4532 24.032 13.3539 24.5382 40.1774 62.8246 91.8681 172.083 187.769 188.374 184.403 162.158 128.067 109.346 107.985 102.462 96.7361 96.8117 94.8131
238.436 193.23 132.4 124.245 131.766 145.299 169.631 199.306 211.748 232.303 248.221 253.312 257.107 262.061 265.766 267.802 269.632 272.764 272.829 108.536 104.795 104.709 109.754 122.424 136.903 148.947 174.696 212.579 233.868 241.919 251.004 260.705 265.47 264.07 264.083 266.739 266.802 256.332 81.8183 66.1594 46.2809 41.0615 45.6557 47.0304 49.7572 51.2357 54.9304 53.9269 23.0811 358.152 2.67598 24.0074 43.6009 56.9318 68.2411 97.8115 165.699 187.914 182.913 169.67 145.279 113.206 110.155 107.98 99.4403 97.559 94.6519
231.236 185.64 142.805 134.257 137.966 148.737 170.562 189.236 211.32 237.748 245.911 245.541 247.855 253.67 259.627 262.244 262.232 259.536 226.332 130.763 120.586 114.139 110.626 117.209 134.935 150.649 180.566 225.367 241.259 238.041 236.187 247.407 258.057 262.528 263.919 263.82 258.441 230.43 82.6748 48.7157 30.9781 36.69 47.8578 52.1994 57.2289 57.0263 55.7386 48.6996 15.5402 349.374 359.361 32.2791 53.9338 62.5769 68.3208 76.35 105.063 168.008 182.886 177.621 157.953 120.617 114.149 114.598 103.876 96.1329 95.4241
223.721 179.502 150.543 143.224 142.376 149.259 173.448 195.09 239.49 261.091 258.83 247.314 244.277 247.526 252.365 254.409 251.996 243.54 198.067 130.871 122.868 120.843 115.961 118.469 135.958 154.755 193.377 237.799 246.712 236.752 229.015 247.225 258.763 265.027 266.559 264.775 261.068 260.297 5.38831 18.0866 18.7361 37.233 53.502 58.8542 60.8086 59.16 54.2081 43.9644 19.8369 357.361 5.45722 42.4595 62.7172 69.9101 72.9022 76.9899 89.0404 124.254 167.107 178.494 165.18 129.978 115.192 112.397 103.218 93.3923 95.1411
216.639 178.454 157.804 152.153 148.167 152.62 182.037 218.728 261.379 272.957 267.69 252.581 244.802 244.227 245.964 245.72 240.118 226.955 187.126 134.181 120.532 120 117.706 118.923 133.769 158.895 217.501 249.439 247.011 236.733 240.034 263.375 268.49 268.664 268.385 269.346 271.044 281.839 317.706 352.009 9.09157 36.1477 53.2023 57.6058 55.4494 51.645 46.8581 42.7424 32.8425 15.5967 19.6433 50.0097 71.0875 78.8583 79.5191 75.7296 76.0656 88.0847 125.036 155.401 163.392 134.096 110.842 104.582 101.737 96.478 97.1191
204.872 175.675 167.47 163.595 160.215 171.799 256.711 287.193 285.786 282.193 271.183 258.73 250.692 244.131 241.928 238.845 229.335 210.618 181.45 143.313 123.545 119.286 117.361 116.297 122.357 158.897 233.449 244.753 240.206 245.217 260.468 271.65 270.996 265.369 264.288 265.612 263.488 265.376 284.328 320.769 356.755 30.6216 48.6819 52.8709 44.0298 36.8105 37.7153 39.7257 39.2211 28.0833 24.2947 54.4389 78.3181 84.785 83.5943 78.4243 75.9846 76.368 94.2235 117.416 147.358 136.879 108.516 105.385 108.097 102.411 97.8971
196.015 164.934 163.95 167.154 186.573 251.795 306.44 319.255 309.834 298.916 280.427 266.353 262.205 251.715 242.292 235.312 221.928 200.044 180.151 154.081 127.549 116.034 113.363 114.193 119.31 159.461 224.054 231.101 233.953 247.51 262.418 266.516 261.002 251.397 252.158 252.524 247.684 245.084 255.674 281.009 329.441 17.0782 36.6063 43.3596 34.8537 29.0295 35.4201 38.9625 39.8982 32.2167 32.4426 66.8276 85.5435 88.8966 88.5059 89.245 86.7504 84.4593 96.6979 112.746 129.719 147.812 119.966 106.645 109.482 106.402 100.175
198.543 157.068 150.709 165.688 225.502 267.286 295.389 318.901 331.14 334.782 316.418 284.964 274.77 267.408 249.155 236.396 221.582 201.214 185.245 162.801 127.48 109.814 108.371 115.085 120.149 155.075 224.538 234.359 240.591 250.964 261.198 263.331 255.487 244.691 244.095 244.306 240.388 235.288 237.394 247.552 270.538 343.671 22.3831 35.4147 34.6922 32.7932 37.3775 42.0759 43.9537 39.7259 46.7123 73.1906 87.5328 92.0246 93.4271 93.8712 89.8282 85.5288 90.7306 105.156 118.178 140.493 140.528 125.779 117.143 110.461 107.38
