data/handson/vilo100/saz.asc
ncols 100
nrows 100
xllcorner 497392.38261041
yllcorner 4659615.6527613
cellsize 20.0
NODATA_value -9999
[rows 60 to 89 of 100, columns 0 to 66 of 100]
199.579 157.642 150.185 184.144 264.122 277.214 288.364 307.96 340.781 4.26837 356.441 319 293.763 281.539 264.579 246.454 230.9 218.346 208.672 166.535 120.575 108.731 111.625 120.421 117.828 142.959 241.083 252.345 260.765 264.098 264.669 263.587 256.569 246.96 244.639 244.678 242.198 235.128 230.669 237.293 246.955 268.233 356.37 34.037 40.3025 41.415 43.3496 50.225 51.0085 47.5942 57.2134 76.9034 88.5231 92.0091 91.7067 91.4316 87.6979 79.0407 75.6569 76.9225 92.2999 110.915 129.36 139.771 139.883 127.096 114.228
187.181 158.577 168.622 254.816 279.17 277.191 276.347 282.68 317.53 14.4485 14.3436 338.194 313.586 299.703 284.773 265.725 249.341 243.513 236.608 164.398 119.034 112.131 115.232 123.461 119.161 142.961 256.51 265.619 272.417 271.152 263.244 258.101 252.532 247.063 248.282 249.619 245.419 238.403 233.873 241.069 249.373 256.829 279.562 31.5591 46.4774 47.8313 50.7728 57.5105 58.1513 57.5842 69.6026 84.9411 91.8366 90.6746 87.2587 84.7536 79.6299 75.5642 69.572 65.1183 70.4208 77.2529 89.6829 114.821 142.435 149.769 133.939
169.976 164.177 227.377 277.3 282.103 274.397 269.611 263.052 261.155 358.001 22.7184 343.914 323.731 314.765 302.671 284.524 268.937 259.446 238.32 157.715 128.076 116.847 115.789 122.128 122.501 173.958 257.331 264.733 269.584 267.288 255.463 248.472 245.206 244.916 251.477 255.227 249.914 244.207 242.806 252.228 259.738 262.916 270.065 349.969 47.1809 52.4894 56.2381 59.1173 61.8043 68.7646 81.5004 91.1496 95.0315 91.1502 84.1537 81.1451 79.5944 80.7373 77.8623 73.2835 67.1345 67.0564 81.2583 98.9506 125.012 161.106 160.471
161.625 194.588 272.237 285.803 285.363 274.932 267.63 255.92 242.456 231.91 314.227 333.599 315.55 307.935 303.088 290.798 278.417 263.04 213.025 148.255 131.644 117.964 115.267 120.319 128.507 201.862 247.011 253.998 256.455 254.673 250.1 245.724 242.625 243.334 251.702 256.617 253.784 250.126 250.42 262.267 267.566 266.738 266.666 289.677 46.1927 59.6744 63.8204 66.8417 72.2982 80.9633 89.5015 94.7374 98.9782 101.461 93.0225 87.0275 90.7039 92.3212 86.8633 80.4849 73.5914 74.928 84.6762 96.3089 114.989 174.16 160.189
163.26 260.797 281.396 284.825 281.852 273.353 263.944 253.635 247.698 249.153 251.127 258.791 277.408 292.964 302.361 287.9 273.498 252.319 166.95 136.653 133.067 124.546 121.058 121.357 135.248 213.909 237.671 238.52 234.774 231.524 239.698 245.648 244.486 245.229 251.05 255.199 255.511 255.825 258.047 265.305 267.618 265.167 261.23 258.29 85.0673 78.7981 77.8428 82.1891 88.7629 96.1003 99.8058 99.1605 100.394 107.026 105.585 94.2059 95.5109 99.2105 89.0482 80.7078 77.5577 78.2191 81.5249 81.946 72.2016 62.8836 136.399
200.598 272.545 276.284 277.836 277.964 270.822 261.156 254.285 256.967 261.066 249.752 231.942 266.309 289.152 317.926 303.234 265.401 231.804 133.88 119.464 124.029 125.903 124.475 121.844 144.235 230.193 243.103 235.578 229.8 229.606 233.641 240.886 248.861 249.045 251.403 254.258 256.225 262.616 266.411 264.983 261.974 258.252 253.659 242.671 160.47 102.96 95.3635 96.4197 100.338 105.037 106.851 104.27 101.697 103.113 104.658 94.4357 91.6358 94.7267 95.2898 90.174 84.4039 82.4487 81.9796 73.1815 49.5814 50.9701 88.6429
263.958 273.079 270.079 271.707 276.021 270.506 260.621 256.166 256.769 252.845 237.317 245.246 270.768 280.916 311.663 333.961 244.238 213.156 120.553 108.289 112.628 120.292 123.016 119.394 152.559 248.431 249.715 246.05 244.777 241.788 239.647 244.704 255.647 255.735 256.058 256.319 256.294 262.167 266.841 262.139 254.955 250.658 247.25 237.289 178.684 115.704 106.169 104.159 105.392 106.314 105.23 104.021 102.434 102.451 107.25 97.1196 89.247 89.5165 95.9831 97.209 95.4652 91.656 85.5503 77.0917 67.7988 71.0986 73.3581
303.486 290.971 276.103 268.633 266.911 266.242 262.074 258.814 254.594 245.261 238.585 254.659 267.248 264.43 243.987 151.109 191.9 192.259 126.164 109.72 112.745 121.081 122.428 123.628 190.104 250.533 240.497 244.109 252.285 253.535 249.592 245.791 247.993 253.337 255.33 253.28 252.779 256.826 261.049 260.609 254.356 248.397 241.546 227.054 187.789 131.357 113.075 107.839 106.04 104.822 101.721 99.4945 97.3847 96.5955 107.986 111.094 100.104 95.877 97.8254 99.7116 100.479 96.7078 90.8485 85.9979 82.6979 85.6913 83.1915
303.443 303.399 287.062 275.811 269.23 268.873 272.403 273.659 271.872 267.809 267.493 268.539 259.674 242.854 201.758 171.094 174.728 174.874 137.992 113.98 112.385 118.771 115.7 124.823 226.967 243.045 237.566 250.01 259.326 262.03 257.594 246.107 242.555 246.319 247.308 247.847 248.828 252.839 257.503 259.984 257.771 248.029 232.933 215.912 191.297 146.213 117.148 107.145 100.682 98.0806 95.9288 90.9164 84.3625 82.3611 90.9183 102.954 102.825 102.06 103.889 107.276 110.027 110.195 106.067 100.854 93.0298 90.3381 93.1769
283.706 289.318 288.427 289.636 291.148 292.835 296.577 298.253 301.777 306.172 299.029 283.499 253.671 227.688 187.29 172.718 171.768 169.438 145.194 115.485 110.663 119.531 116.192 129.964 242.881 238.821 244.26 259.378 268.803 273.028 268.706 259.676 251.898 250.455 249.096 251.31 251.347 253.48 256.317 255.513 252.435 241.817 225.702 213.228 196.233 155.783 114.035 94.6582 82.8036 78.48 75.5736 73.5264 71.3127 76.6439 81.2987 83.3585 87.4459 92.1904 97.7129 101.736 107.24 113.847 112.583 105.783 97.1532 92.2481 93.7685
269.314 274.341 284.575 295.333 305.334 309.491 312.381 310.759 310.443 316.023 312.598 283.269 234.161 208.012 176.423 167.75 159.931 164.143 159.488 123.121 109.663 117.228 119.073 149.582 229.427 228.644 254.116 270.962 279.236 281.507 276.791 271.76 266.519 258.882 253.516 254.792 255.045 255.004 254.989 251.903 244.733 230.878 216.872 211.724 204.48 171.275 101.812 66.1474 58.6007 60.6813 62.133 65.8687 69.9366 76.3331 77.8749 79.8752 84.2717 86.1308 90.6633 92.1168 92.5343 94.9803 97.9136 102.488 103.217 96.7921 96.8114
263.351 268.346 276.133 286.825 301.944 311.657 314.027 306.409 300.771 305.591 323.087 174.7 201.507 174.124 162.839 166.397 157.174 162.386 174.25 140.821 108.086 108.671 113.974 146.299 216.934 231.35 260.063 275.283 282.77 283.862 281.194 281.862 278.832 268.009 255.571 249.607 250.959 253.406 254.667 252.54 233.749 206.615 200.098 205.029 208.221 200.964 154.625 44.7217 53.0048 63.002 68.0539 70.8101 75.4616 79.1316 78.8603 81.8729 86.6263 88.8862 91.6222 93.3148 92.2457 90.9939 95.0152 107.706 120.914 110.291 101.126
261.16 261.919 263.992 267.357 272.737 279.354 284.465 280.468 276.003 275.558 78.6699 123.098 155.249 153.083 152.697 161.981 158.424 163.095 182.618 163.347 111.938 106.241 113.019 131.183 215.326 242.088 255.857 262.718 267.251 277.062 285.63 289.939 286.527 275.242 262.832 253.936 252.276 253.612 254.456 250.039 211.133 176.819 191.335 205.692 209.287 210.425 219.607 248.204 64.163 71.6996 73.8623 75.6037 78.1661 78.3386 81.5425 85.0374 85.8756 88.3523 88.728 89.261 93.6878 96.0331 95.2794 98.7216 109.719 108.692 100.495
255.501 255.8 256.014 254.095 248.726 245.185 249.708 259.137 258.325 249.453 172.22 122.449 139.484 150.27 150.04 156.411 161.862 168.745 182.7 177.512 121.817 109.037 115.797 124.326 225.145 250.363 252.095 251.553 250.894 258.14 273.553 284.873 288.307 281.198 275.176 267.702 260.854 257.63 254.11 244.868 196.239 151.006 184.113 211.361 215.872 219.245 231.509 239.169 79.5883 74.2208 73.761 75.7625 77.4557 76.2445 79.7907 82.3045 82.5807 84.3049 82.6124 84.2208 91.0122 94.9337 91.8789 89.0821 89.6238 95.5299 96.6329
251.444 251.857 253.566 253.565 251.29 250.241 250.825 252.056 254.555 251.108 173.194 109.706 117.895 138.403 148.739 155.699 167.247 175.519 183.268 181.018 127.526 112.088 119.95 139.64 235.93 256.994 255.556 252.965 251.072 254.963 266.776 277.404 284.317 286.068 286.885 277.527 265.772 259.747 251.485 236.334 192.984 146.183 170.841 210.827 223.868 231.238 240.644 241.484 198.286 77.9252 75.7171 78.3165 83.1384 86.0445 85.2172 82.8424 84.47 87.4524 91.0696 97.4313 100.447 102.157 98.3367 100.07 105.372 100.817 98.5055
251.002 250.279 252.518 253.624 252.356 249.154 245.045 241.332 242.164 235.8 171.914 110.777 106.453 119.589 139.832 152.255 163.606 178.309 188.042 182.195 130.292 115.301 124.562 168.101 245.824 260.177 258.195 258.385 261.88 269.815 279.726 295.62 313.227 308.332 301.697 294.211 272.321 257.902 245.613 227.645 191.727 152.417 161.425 207.485 230.208 238.583 242.75 239.228 218.141 102.5 86.8542 86.799 91.3157 94.6939 89.0888 83.2678 87.8832 90.3604 94.1213 104.874 107.076 104.754 99.0145 104.213 114.787 103.46 102.465
249.951 248.314 248.88 248.901 246.988 241.612 234.973 227.576 220.355 206.108 180.078 131.721 112.078 113.232 127.496 144.906 155.526 176.387 190.321 183.458 132.346 117.573 127.981 209.347 260.457 261.036 259.873 262.188 267.448 272.058 277.792 294.064 322.312 330.07 320.006 314.919 283.927 252.387 237.34 220.365 189.186 153.709 155.99 208.801 235.095 241.069 240.883 233.207 210.384 141.087 101.854 92.7639 93.0037 95.0381 92.5617 89.9244 92.5726 95.4522 97.9703 101.123 99.813 100.827 99.4835 102.001 113.171 101.729 99.4927
243.837 243.672 245.079 245.424 242.797 237.579 231.302 222.801 215.893 205.798 191.685 137.674 108.482 107.2 117.742 137.656 151.591 169.363 188.655 186.8 135.524 118.935 141.444 245.561 264.258 262.842 261.706 260.49 262.376 263.28 263.936 271.103 298.264 331.842 345.729 354.888 341.047 228.851 217.206 205.658 185.529 160.278 159.044 210.661 236.65 240.33 237.178 226.359 202.865 156.494 110.114 94.6778 92.2095 93.0439 96.1855 96.8198 96.39 102.705 104.75 99.1748 93.9632 103.839 106.747 106.168 112.632 103.399 99.5346
233.294 233.998 241.38 243.061 238.758 234.389 231.204 224.682 223.548 224.987 222.777 128.058 97.6507 100.858 111.3 127.83 147.831 158.648 183.873 187.362 141.94 126.076 170.523 247.496 251.511 258.671 266.644 264.054 259.825 258.295 256.292 259.03 273.398 305.855 348.732 23.8869 50.2163 131.427 189.823 192.106 184.03 175.057 174.696 218.042 238.183 238.396 233.908 220.17 195.842 166.138 124.278 102.098 96.2391 94.8812 96.6088 96.7584 96.6142 101.114 102.781 99.6619 98.0417 101.2 104.778 106.588 103.996 103.548 100.812
228.866 228.312 238.785 241.863 236.775 232.825 230.403 225.302 230.221 239.051 237.546 145.681 104.027 107.377 115.424 122.651 138.658 147.822 177.364 178.799 140.662 137.236 213.188 251.949 254.827 268.98 279.921 277.438 262.941 257.704 254.308 256.476 261.829 274.551 318.192 36.8376 64.5309 98.7111 153.069 176.199 179.659 187.46 200.569 227.831 237.446 238.467 234.762 216.652 187.993 168.319 144.601 117.201 104.419 98.4559 97.0712 97.5429 96.7921 97.4542 99.7542 101.054 100.903 94.9665 94.8875 97.5619 98.5937 102.173 99.0803
229.892 231.626 239.529 240.351 233.803 231.621 231.943 234.551 247.082 254.524 243.208 151.56 110.677 110.417 119.646 126.862 131.302 135.803 163.692 160.526 137.262 151.508 249.882 268.755 278.726 283.557 284.425 282.265 265.33 258.303 256.902 259.825 262.483 267.312 282.342 50.2967 76.2399 91.7833 123.581 158.382 171.467 189.219 205.537 218.517 230.505 240.818 237.315 212.921 177.696 163.329 153.016 130.294 114.004 106.174 103.349 101.526 97.0243 93.0179 95.9732 103.034 103.002 92.1437 92.4067 96.5679 100.617 102.447 101.68
230.51 234.952 241.063 240.326 235.2 238.557 243.208 252.506 264.257 266.466 244.704 141.535 109.818 107.388 115.973 127.357 128.188 127.363 142.831 140.137 132.909 200.488 270.662 280.974 289.803 288.465 283.183 281.604 272.791 264.135 264.152 267.216 267.384 266.365 265.905 86.04 86.9952 90.8247 105.487 138.767 165.764 184.538 200.901 218.224 228.698 234.531 232.975 207.141 166.852 151.882 147.313 134.037 120.968 116.037 114.054 107.646 96.2585 90.4031 93.4257 101.582 113.548 97.3219 94.6291 97.3566 99.2069 100.475 103.167
232.029 236.112 239.568 240.209 247.957 261.125 265.455 266.255 267.416 262.741 230.944 132.418 111.78 109.604 114.958 124.96 128.647 129.041 133.573 125.916 130.303 257.167 271.376 278.189 288.47 290.601 284.404 282.942 286.037 276.767 271.598 269.498 266.258 262.809 258.704 123.066 93.1465 92.9662 100.215 124.098 162.543 180.206 198.469 228.342 238.159 236.049 229.412 210.02 164.685 126.404 122.138 123.897 119.224 116.527 116.49 109.85 94.8266 90.2932 92.7264 96.5487 114.524 106.194 98.5278 94.0226 95.9585 96.2678 97.6321
234.687 235.499 235.291 239.22 254.065 265.417 268.205 265.917 262.57 251.255 195.348 137.982 118.192 112.102 114.235 123.886 131.262 133.556 135.463 126.085 152.022 257.364 265.378 271.876 280.46 285.788 282.896 282.543 286.418 282.759 275.027 268.546 263.205 260.126 254.524 149.6 100.322 97.4171 100.149 115.304 153.386 178.253 205.5 241.017 253.702 247.824 240.649 242.626 209.537 95.3868 100 105.962 107.89 107.445 110.362 113.514 102.625 96.1853 95.749 96.3388 102.325 102.479 97.1658 89.2898 92.0227 93.569 92.9191
230.906 232.661 235.754 241.85 248.246 251.327 251.517 250.573 246.214 227.136 171.416 145.088 128.752 117.308 112.686 118.947 129.939 136.751 138.814 137.808 203.97 254.233 255.715 257.339 257.761 262.507 270.048 273.126 274.794 275.333 272.238 267.847 264.222 261.059 252.409 153.286 106.062 102.805 103.864 114.186 147.157 175.854 211.28 243.982 251.38 248.251 250.788 258.903 267.576 90.0888 95.3146 98.1117 98.2498 99.2041 104.665 115.298 111.71 104.242 99.43 96.5623 95.3175 93.8774 91.1128 88.5475 91.1031 94.0185 95.3277
200.395 223.503 234.999 240.621 240.876 242.3 242.81 238.927 231.986 208.476 169.365 152.414 139.687 126.481 111.458 110.443 120.125 129.859 128.1 143.678 263.548 292.919 290.734 263.078 246.613 242.143 243.746 248.21 253.087 258.739 261.959 261.676 262.163 259.7 247.687 151.326 109.665 105.948 106.762 116.195 149.329 176.04 211.66 240.934 244.23 242.788 245.586 245.618 227.321 102.309 95.012 95.8191 94.7978 95.4872 98.7037 105.176 105.296 102.952 101.292 102.802 101.09 96.1444 95.0882 94.1685 93.9864 94.9128 98.2053
160.934 209.956 228.566 234.4 238.01 241.928 242.319 235.509 223.367 199.711 173.03 161.565 149.226 132.712 113.31 108.865 112.946 121.079 122.686 172.515 281.613 302.477 327.045 336.329 276.797 244.859 235.238 237.929 246.194 254.011 255.57 254.991 257.408 255.616 240.127 150.305 112.826 107.078 107.224 116.306 152 177.295 202.544 232.137 240.729 242.303 242.96 243.246 234.878 106.155 85.0338 85.6083 89.9404 91.1806 90.815 91.3625 94.8063 97.5589 99.5693 102.124 101.933 101.131 107.631 108.833 101.628 97.2747 98.6139
151.272 212.515 231.226 231.509 235.735 241.536 239.851 229.756 215.109 196.746 180.359 175.113 168 152.897 126.182 109.523 107.751 114.024 128.07 224.896 274.953 285.795 311.686 357.815 356.287 312.268 273.243 265.503 266.585 262.953 256.128 255.24 258.286 256.297 237.226 144.326 115.254 110.122 110.883 123.18 158.774 173.903 183.947 219.793 242.406 248.094 249.095 251.067 252.584 71.4316 70.0526 72.8466 81.1289 85.6879 85.6829 84.9448 87.2039 89.5124 91.9409 97.578 103.254 102.829 110.716 121.789 113.914 103.552 100.114
152.121 253.051 241.856 232.4 234.549 235.154 230.222 222.301 211.471 196.955 185.692 181.256 176.38 167.409 149.086 122.46 113.626 113.694 123.766 259.575 273.869 275.794 284.058 333.208 9.43933 2.7317 323.531 299.434 288.777 271.566 258.766 258.808 261.234 257.957 228.92 139.284 119.81 115.764 118.03 131.616 156.936 169.957 181.912 231.07 254.839 258.114 256.324 256.8 259.262 278.176 61.2642 66.3323 73.0534 79.0698 82.5647 84.4861 84.6469 83.0058 82.6568 89.2068 101.361 104.908 107.358 121.803 123.589 109.522 103.66
246.57 253.215 231.736 227.03 231.828 227.367 220.273 216.572 208.016 197.17 189.393 182.139 178.122 174.33 165.719 148.426 131.227 132.01 166.34 268.932 274.886 274.173 272.754 284.59 353.868 12.7202 346.429 320.26 303.98 286.767 273.352 266.613 263.794 257.802 214.038 130.105 118.636 115.426 119.68 131.336 144.248 163.819 201.224 255.68 264.084 261.347 257.677 258.435 259.456 267.392 50.7556 62.3628 66.3378 69.4083 70.2252 76.5057 87.5715 86.254 83.864 87.8928 96.2253 102.579 103.248 112.304 124.385 114.898 110.007
