data/handson/vilo100/saz.asc
ncols 100
nrows 100
xllcorner 497392.38261041
yllcorner 4659615.6527613
cellsize 20.0
NODATA_value -9999
[rows 0 to 29 of 100, columns 0 to 66 of 100]
301.779 320.837 343.135 357.448 356.599 346.449 342.288 326.726 300.417 294.111 288.793 273.688 257.333 243.367 242.952 232.55 207.508 204.36 209.136 214.206 237.241 248.67 248.061 242.827 234.541 157.412 62.0547 358.849 340.097 7.93253 34.5186 48.1355 57.7826 65.4955 69.6105 72.419 68.1132 58.4787 54.9123 52.8325 56.8905 63.7474 69.2154 73.433 69.0473 62.3683 58.8059 55.9451 56.153 139.5 200.131 198.22 197.09 196.948 193.792 186.04 148.276 128.215 159.931 257.749 270.847 273.024 270.006 265.039 260.147 258.176 261.96
287.233 301.754 326.245 352.266 0.255092 356.18 358.905 2.1859 309.649 276.754 270.263 260.589 251.478 242.696 237.039 221.479 199.077 195.226 201.975 211.395 239.566 251.404 248.895 245.096 246.017 250.867 12.4661 325.242 311.266 354.885 45.5253 55.6762 57.1296 62.0108 62.9217 57.1544 49.3192 49.2275 53.8029 51.1303 52.131 61.0723 67.8478 70.9309 70.5572 71.629 74.2768 71.7894 61.061 59.2974 97.9433 181.303 193.947 204.431 211.24 208.241 147.255 114.022 179.048 266.882 271.682 269.994 262.578 255.205 250.391 249.137 253.426
276.792 285.578 301.827 330.234 356.031 8.0478 12.7773 34.4334 16.9961 255.455 228.632 225.548 230.957 229.998 220.115 199.435 189.186 194.061 203.329 219.561 245.584 254.722 252.639 250.088 251.01 253.28 280.365 284.13 276.294 301.946 57.0566 64.5213 62.8746 64.1487 62.0566 54.9853 52.4334 58.0113 61.0605 57.3377 58.2884 65.7149 70.0071 73.7903 81.3753 86.8006 90.7997 98.4725 105.067 85.9894 61.8888 56.7239 124.989 205.529 221.232 220.884 170.75 118.087 212.174 264.906 263.603 254.952 247.618 246.097 246.836 246.598 248.556
265.12 261.751 263.044 272.043 312.846 54.458 66.2014 80.9559 93.4031 204.48 207.617 212.743 215.319 202.013 188.838 180.615 183.677 194.149 205.669 226.774 246.507 252.951 250.869 244.622 242.162 242.857 250.356 269.695 263.063 257.033 74.6608 69.6151 65.5634 64.3134 62.1268 58.6978 61.2776 66.6412 67.9408 66.9079 69.6545 73.2487 73.0528 72.4944 74.0505 79.9115 87.8392 88.0467 67.8286 39.4962 43.3272 49.1571 59.8515 99.6808 222.824 226.23 196.302 128.061 216.039 256.581 252.331 243.115 240.058 243.903 247.067 248.654 249.132
252.667 244.679 239.968 231.442 205.156 153.552 140.693 136.357 136.496 174.207 204.373 212.313 200.84 184.263 180.123 182.47 189.162 197.646 211.762 238.724 251.623 250.209 242.657 235.931 237.211 240.698 245.176 259.917 261.489 248.798 152.465 71.082 63.4799 58.9068 57.6127 58.3723 65.1959 72.1873 75.4745 77.3535 80.7332 82.8804 80.0833 74.1377 67.3404 60.0761 56.8625 43.9173 21.7423 25.4016 45.8254 59.2567 69.0202 77.6758 187.93 234.669 215.439 132.853 223.088 252.78 245.268 240.335 241.36 244.658 246.861 249.173 247.808
244.56 242.174 236.567 226.886 205.639 164.681 146.593 150.159 154.397 170.888 197.014 202.386 188.997 175.464 179.198 191.177 200.757 209.528 227.49 249.54 251.94 244.166 234.768 232.629 238.512 241.221 242.64 250.589 263.103 258.764 236.08 81.6001 66.6568 56.8539 56.8237 62.2018 70.4936 77.2916 81.4777 84.9071 88.3163 88.8882 85.5266 79.2888 66.6313 40.6932 30.0475 30.14 33.7886 48.4286 62.8489 70.2961 77.1356 81.6938 98.2121 238.296 216.762 152.543 234.351 253.727 244.236 242.047 242.971 242.986 241.715 239.242 234.879
245.055 247.892 244.597 234.297 206.855 160.495 143.255 149.816 161.776 170.374 188.463 198.456 194.783 182.576 183.775 198.729 208.375 218.653 235.646 247.491 244.242 239.887 239.043 242.242 244.319 240.396 238.39 242.205 251.594 262.055 254.318 78.9885 60.9506 55.4665 62.6654 71.1236 79.3634 83.4327 82.8409 84.5591 90.2069 90.8785 86.8764 76.843 48.2185 18.826 21.5884 40.0108 57.1825 67.3229 73.2876 77.1128 80.2478 81.7736 88.7719 210.899 201.924 181.74 244.576 253.827 246.611 244.96 243.099 239.013 233.255 228.544 226.85
254.969 259.488 258.73 245.436 200.899 148.215 135.486 143.846 163.478 173.389 183.312 199.691 207.935 198.901 191.336 201.993 213.619 237.799 259.89 262.687 252.857 251.398 257.495 263.233 259.236 250.207 244.627 243.081 245.832 254.808 275.2 14.2957 39.1725 55.2416 70.7657 80.4784 88.2342 91.2035 87.0884 85.1636 88.9583 91.4423 85.8929 63.5394 22.2881 7.8179 24.6569 51.3871 66.9778 73.3501 75.1717 74.5293 73.7177 73.1307 77.2718 117.945 190.14 217.966 249.552 248.607 245.547 244.404 239.793 231.812 226.029 225.802 228.227
263.975 266.764 263.079 246.578 185.221 131.899 127.424 136.806 160.117 178.421 187.819 200.695 212.064 206.705 197.852 204.337 227.591 262.132 280.99 292.448 284.603 272.399 267.289 267.86 268.485 265.048 260.017 252.799 251.027 254.293 268.329 313.901 31.8719 68.383 80.8137 86.7887 90.5318 92.1686 93.0025 91.423 90.2987 88.6083 73.7795 30.5134 1.43508 3.92472 33.6075 61.7766 73.803 75.639 69.6594 65.266 64.5193 64.8313 69.1597 80.5284 151.5 235.394 242.57 240.51 240.88 240.336 235.615 228.822 227.96 231.786 233.301
262.164 263.94 258.71 237.388 170.108 126.144 125.456 135.317 157.16 183.831 192.063 199.91 208.976 206.717 204.377 214.614 249.196 269.323 276.203 289.162 297.746 291.201 280.574 271.893 266.584 265.523 265.52 263.919 257.636 253.209 261.303 296.37 26.7779 78.5969 87.7989 90.579 90.3294 89.9836 94.0633 94.5867 89.8955 77.8581 33.4159 0.598692 354.16 8.23491 45.1545 70.8379 79.342 76.7877 67.6323 63.6865 63.0526 65.367 71.0284 76.8871 89.3508 235.177 236.495 235.176 234.511 235.237 234.786 233.785 237.108 239.782 238.634
255.635 252.151 241.944 211.765 164.506 136.815 130.587 137.296 160.996 186.659 189.303 200.293 212.646 208.935 213.068 235.113 261.117 267.47 265.979 267.373 275.606 283.324 288.995 293.053 291.756 282.692 271.304 264.316 257.017 254.773 261.545 281.961 22.9369 79.719 88.5876 90.8099 90.05 90.4105 92.0097 88.3914 81.4817 56.1256 351.545 348.258 356.082 19.9742 53.9742 70.2058 73.3966 71.1374 68.4351 66.9597 65.9051 67.6848 69.6244 70.2015 72.4656 213.861 234.491 229.184 227.155 230.906 234.501 236.461 238.6 238.353 237.671
247.827 239.892 224.371 192.091 164.445 146.816 137.09 143.131 168.287 183.301 185.607 203.096 213.761 205.517 224.541 253.65 267.789 265.597 257.842 251.322 250.325 256.842 265.733 280.259 299.769 306.88 283.887 259.878 252.127 254.646 258.529 264.339 27.4843 85.4419 88.7952 88.9752 88.7782 89.8453 88.3697 83.4739 76.327 22.7918 330.054 340.547 3.97098 39.2789 61.8698 67.8456 66.8603 66.6017 67.1765 66.9109 68.44 68.9576 67.4102 65.3279 68.3555 85.2975 216.968 214.385 220.823 230.956 236.491 236.404 235.725 235.196 235.182
240.988 232.235 215.185 189.028 170.024 151.066 141.303 152.135 171.201 180.63 186.873 203.508 207.685 212.107 248.31 268.113 272.866 265.171 253.019 244.031 240.706 244.654 248.155 252.122 258.017 270.006 268.728 247.333 244.87 249.234 254.156 255.069 208.611 90.21 88.9462 88.1965 87.1858 86.3717 84.285 86.2459 78.2351 341.124 321.227 338.28 20.8425 57.7105 68.427 69.5256 68.6587 68.271 67.1146 65.7721 68.6702 71.7315 72.6363 71.0666 70.2887 70.9326 141.536 202.168 224.382 241.215 246.725 242.892 240.225 243.167 246.155
234.608 225.609 211.86 194.789 179.365 156.973 147.918 159.78 173.321 180.825 188.508 198.908 211.877 248.642 274.49 278.849 275.873 265.563 250.12 238.192 235.208 240.2 243.204 241.604 236.218 228.137 212.985 218.909 236.136 241.479 248.172 247.98 212.403 96.916 89.6613 88.6875 87.9514 86.9049 86.8547 87.337 60.9185 316.29 318.496 341.393 27.84 59.5527 70.1288 72.6362 73.2662 72.362 69.8471 67.6517 71.5714 77.5639 79.3338 78.6 73.0375 61.9836 52.7186 77.1727 239.28 251.169 253.694 249.414 248.926 255.894 266.012
228.793 220.588 212.933 200.733 184.841 164.109 155.629 164.713 175.146 178.328 182.873 199.237 234.006 265.148 272.478 266.678 255.513 243.936 235.174 230.71 232.549 237.628 239.439 236.887 232.279 223.713 207.043 210.882 231.915 239.494 245.01 240.425 211.581 113.4 92.4919 90.3701 90.8034 90.2772 89.5081 79.2651 6.88252 317.478 321.93 343.326 34.9978 65.2942 75.0971 78.7449 77.7864 74.2522 71.0446 70.4867 76.1379 82.5414 83.1879 81.5598 75.0642 61.2103 51.5376 63.3864 223.555 246.629 246.185 245.753 251.066 257.518 262.322
226.914 220.012 212.095 198.157 186.62 171.704 161.012 165.619 172.215 174.118 184.8 218.474 252.123 261.344 253.274 239.577 230.844 224.64 224.661 230.381 235.92 240.996 241.21 237.683 234.141 226.993 213.48 216.393 234.809 243.588 244.22 235.163 212.925 141.343 96.462 91.5348 90.3341 85.6184 78.0408 51.3065 343.221 323.691 328.128 352.606 52.7609 75.9117 82.1616 83.3993 77.3238 69.0295 65.9849 68.3932 74.6144 80.4038 84.6307 86.6324 84.8545 79.8151 77.2783 85.8547 126.941 240.593 241.882 243.427 248.132 249.439 243.506
224.089 218.864 210.535 194.947 185.631 171.237 161.552 164.793 170.478 178.348 208.167 248.318 259.713 254.412 240.473 230.744 227.569 227.228 231.526 238.188 244.366 249.814 249.784 246.375 242.754 234.631 222.692 225.736 240.546 243.534 237.576 229.772 216.225 172.575 101.671 91.0381 86.9655 78.3721 64.4991 28.2927 333.578 321.313 328.547 12.7817 65.9744 79.5003 81.938 79.598 70.0673 59.3106 59.0812 64.5546 70.5994 76.4154 86.0425 94.2592 97.4509 97.0953 93.7922 89.6914 95.1078 243.121 245.315 245.623 244.18 238.254 228.199
220.746 215.513 207.28 194.12 178.825 161.206 159.112 166.047 178.052 210.394 253.075 262.377 258.385 248.494 237.575 232.72 233.228 237.124 241.652 243.77 247.03 253.036 255.641 255.093 250.796 242.289 236.919 241.691 248.639 243.689 231.138 226.016 219.348 193.07 108.917 86.6702 79.534 71.9606 57.7507 22.7978 331.214 310.998 315.317 22.4188 65.2566 73.4298 67.5347 48.3319 38.9688 44.134 54.623 62.571 67.2404 73.3039 83.6404 92.1585 94.4992 88.9281 85.2124 81.3453 78.262 240.363 244.555 241.388 235.171 229.219 223.067
217.839 206.577 196.953 189.02 174.146 156.887 155.198 172.654 234.041 274.587 279.617 270.478 259.544 250.316 244.278 243.024 246.255 249.213 248.398 244.156 244.951 251.884 256.024 256.831 256.599 259.74 266.202 265.14 252.915 239.194 228.931 226.744 223.92 205.941 122.383 83.015 72.3706 65.8712 56.4101 25.3897 340.605 313.586 309.794 10.5449 58.6828 63.8892 52.9197 30.4306 27.7943 40.4416 52.3473 61.358 66.4177 71.7725 79.1865 82.7034 80.5005 79.077 84.1712 86.3563 84.56 121.295 227.953 227.384 227.084 228.351 223.309
202.878 192.26 188.095 185.812 173.399 160.257 157.124 292.186 302.838 309.859 312.789 305.754 294.019 274.87 262.895 262.553 261.872 255.868 247.322 240.574 244.538 254.674 259.654 259.93 260.039 263.052 266.326 264.357 250.144 239.558 234.302 227.734 226.524 214.694 154.395 86.0898 70.8191 65.8286 56.8104 21.9327 346.926 328.692 319.011 359.682 52.8302 58.3514 50.8865 39.3556 37.2258 51.1207 59.309 65.0049 68.8669 71.9119 77.4834 79.299 75.9483 79.9985 87.1459 89.9833 86.7751 94.9682 181.891 215.438 227.656 232.532 227.637
196.882 195.41 197.216 197.065 191.726 215.408 302.163 308.178 311.363 318.602 321.641 323.148 330.787 328.592 294.835 275.999 270.907 262.327 252.505 247.21 253.244 261.298 263.724 261.217 255.118 249.147 244.06 235.427 229.165 233.884 234.009 227.882 225.956 215.418 185.522 116.791 79.5953 69.5093 51.7813 10.2487 342.897 331.341 325.848 354.519 46.9876 55.7345 53.5694 55.0568 65.6155 78.7003 78.3639 75.8367 73.745 74.7108 78.9841 80.9386 78.8347 80.4708 80.4104 77.2966 75.8367 85.9001 117.014 200.667 228.426 235.55 237.42
202.093 213.28 221.51 223.929 242.717 288.116 309.196 306.984 307.298 310.909 309.787 312.912 331.941 354.51 340.343 296.757 276.354 269.317 265.082 262.032 264.391 266.178 264.052 258.157 250.11 243.134 234.194 219.59 215 223.696 226.18 220.462 215.837 211.706 197.553 163.522 101.048 74.3595 50.0212 5.76671 333.384 321.93 321.699 350.486 48.8838 59.8775 59.7055 66.7096 82.0276 96.6621 94.8843 87.6698 80.5005 79.4599 81.4151 82.1312 81.7605 83.8218 81.3587 78.0784 79.6564 85.7919 94.6186 155.679 241.487 251.688 254.279
217.83 232.686 238.567 246.825 272.255 296.067 303.854 301.718 299.345 300.449 299.484 298.514 312.05 352.025 359.705 330.774 292.786 273.548 268.658 267.308 267.677 267.817 265.463 260.786 256.582 251.917 239.526 222.742 224.644 232.812 227.219 212.037 205.071 204.311 202.695 189.499 126.675 77.4947 50.7187 7.89752 324.308 306.38 303.866 339.007 61.6027 68.8705 68.5559 75.0625 85.2382 96.345 98.3377 95.4647 90.0042 85.9158 84.0254 82.5907 82.5313 85.8229 87.582 89.2337 94.272 97.3268 96.1363 92.813 274.419 270.807 265.451
254.243 269.805 268.265 273.191 286.011 295.086 298.584 296.762 293.342 292.485 291.198 290.981 297.311 327.294 355.449 350.511 315.739 282.831 274.144 277.685 278.392 274.103 270.697 269.927 271.174 269.885 258.996 241.335 243.98 248.523 237.643 210.966 204.433 203.162 211.034 211.542 182.33 70.9588 33.5175 8.38469 335.888 301.41 278.459 259.822 80.1058 76.9154 77.9629 82.6342 86.3346 91.5187 95.2275 97.1245 95.8679 89.4055 84.5283 82.69 83.2119 84.625 86.2646 88.7606 92.7824 97.5305 98.293 61.443 277.7 268.243 259.562
272.912 287.847 284.173 284.242 283.83 282.423 286.886 294.049 293.301 287.095 284.26 287.369 294.762 310.828 335.565 2.52043 336.608 296.485 295 300.519 299.469 290.959 284.282 282.074 281.187 279.917 271.985 252.698 256.296 259.192 245.088 210.714 204.944 206.631 219.056 218.079 212.149 256.088 350.361 9.33748 359.66 319.948 251.959 198.619 121.575 93.1344 87.0482 86.4197 86.5347 90.4743 94.5378 94.5335 91.6536 86.2089 83.4217 85.2732 90.3287 88.9198 82.7981 81.5999 79.7691 81.1377 86.2847 298.86 274.002 265.24 257.368
264.921 276.748 279.174 279.998 275.683 268.174 271.894 288.853 306.496 304.547 292.858 289.125 286.691 281.591 297.234 15.6646 338.904 300.588 304.029 310.175 312.043 307.524 301.267 298.889 294.488 288.307 290.333 293.784 279.047 272.709 242.972 201.244 197.974 202.921 211.964 215.581 220.814 246.575 279.569 13.2062 36.5756 66.3489 168.76 176.456 142.72 106.188 93.3174 89.8097 88.6741 91.6867 94.4229 90.3905 84.4323 82.3474 82.5252 83.8127 83.6438 77.9914 78.8382 81.6737 77.0269 76.1412 80.5271 277.461 269.896 267.053 259.084
271.891 269.91 273.141 274.004 272.793 265.44 263.839 271.763 294.965 315.429 309.494 291.318 251.081 235.466 233.721 211.034 299.687 292.237 293.511 300.082 306.561 307.348 303.402 304.792 307.927 299.419 301.86 320.897 297.066 286.036 272.348 192.797 187.962 196.605 204.699 214.59 225.86 243.293 248.821 210.89 95.8534 114.086 141.573 164.919 155.745 123.69 105.379 97.6666 90.5235 87.0355 85.3663 81.4125 78.4828 78.3704 78.8269 78.7122 76.1017 75.3808 83.1548 86.0515 83.2349 83.8698 85.8032 291.934 268.97 263.05 251.864
311.277 293.755 277.211 270.305 270.833 267.812 260.292 258.32 268.048 294.626 322.414 335.257 180.592 205.207 222.211 239.915 283.058 284.354 279.834 280.529 282.588 278.228 271.81 270.756 275.781 285.676 294.29 313.877 301.967 298.284 6.25727 115.026 155.131 180.277 195.361 211.339 225.534 239.483 240.502 215.471 127.127 114.941 123.801 145.142 152.836 138.804 121.168 109.115 94.8599 81.3673 73.6608 72.1487 73.9731 74.72 75.464 76.7378 77.9148 83.82 90.6514 90.893 88.5562 89.6192 91.6668 182.182 257.665 254.952 242.974
349.65 340.4 328.377 304.58 285.728 273.816 261.383 255.377 255.756 260.932 263.169 116.91 152.407 203.938 236.574 262.804 288.925 293.17 282.151 270.609 258.599 246.705 242.398 239.692 242.111 263.58 280.496 295.396 294.38 300.555 92.7341 124.71 144.551 168.379 191.68 211.545 221.651 233.569 237.678 224.23 151.277 113.028 111.786 121.231 133.017 134.702 129.093 121.9 106.942 84.6791 72.8783 72.7507 75.3996 76.0378 77.3453 78.1809 76.853 81.6163 91.2684 93.0301 90.3465 84.54 84.3896 122.152 243.663 249.177 240.539
3.25097 350.45 343.289 328.604 301.423 283.062 268.57 257.015 248.811 239.223 198.269 139.091 148.339 210.449 241.448 254.65 273.574 288.399 283.628 265.362 248.988 241.964 240.793 241.102 245.015 255.681 261.104 254.888 253.233 233.391 119.527 114.53 123.59 145.103 193.197 219.963 224.056 231.569 239.118 234.019 177.191 121.233 121.195 126.075 132.952 137.566 138.462 138.644 130.773 109.863 84.2766 78.971 82.4693 86.5294 86.7464 85.2161 82.8214 84.8302 91.1478 94.2751 92.4836 81.0119 77.0596 85.3019 233.783 237.628 232.956
