data/handson/vilo100/slope.asc
ncols 100
nrows 100
xllcorner 497392.38261041
yllcorner 4659615.6527613
cellsize 20.0
NODATA_value -9999
[rows 60 to 89 of 100, columns 0 to 66 of 100]
4.16577 4.60931 4.61406 2.5217 5.10027 8.55292 8.68334 7.29915 5.60161 4.55051 3.12287 2.76448 3.4228 3.32635 3.49342 5.65322 6.97333 6.07662 4.04084 2.65144 4.32309 6.20502 6.19183 5.2846 5.36026 2.7066 4.04297 4.71167 4.36149 4.81463 5.72357 7.92529 9.10448 8.58992 10.1515 12.2776 11.2153 8.92083 9.97429 13.2023 12.8768 7.27863 5.13327 11.5243 15.8133 15.49 13.5125 13.6974 13.0232 10.5517 9.36092 10.9263 13.0352 13.2311 11.3034 9.35191 7.27103 7.04052 7.12565 4.50644 3.53518 3.21617 3.42133 3.55065 3.24214 3.06889 2.82385
4.0855 5.02527 3.48724 2.84219 6.33044 9.09672 9.28942 7.23311 4.19543 4.25077 3.80365 3.17394 3.26925 2.83169 2.64215 3.27638 4.22794 4.75396 3.47444 1.87928 4.2425 6.60612 6.91145 5.28038 4.68646 1.79612 3.83723 5.32267 4.82629 4.36154 5.40754 7.16996 7.96129 7.88675 9.16752 11.0863 10.9853 8.72542 7.85554 11.9668 15.6985 12.1892 4.59018 5.05359 11.1776 14.5831 14.4739 13.6144 12.4203 10.9228 11.1321 13.2984 14.0799 12.6567 11.0965 9.19846 6.68691 6.38003 6.84841 6.03507 4.80572 3.86305 3.73312 3.62093 3.5895 3.12576 2.12625
4.32656 4.43634 2.98877 5.25646 6.32759 8.59206 8.8762 7.2188 4.46627 0.969353 2.62866 2.79793 2.83448 2.53823 2.30469 2.40061 2.99865 3.98253 3.04106 2.76471 5.05685 7.18423 6.81155 4.81234 4.03818 1.4115 3.96447 5.99581 5.2745 3.66107 4.53586 6.39623 7.60955 7.86657 9.20798 10.3367 9.63894 8.78566 7.16767 9.98385 16.2235 14.507 7.25691 2.30183 7.07611 11.7187 14.7797 14.8903 13.0389 11.7014 13.0825 15.523 14.3099 11.1649 10.6961 9.10759 6.69066 6.09861 5.69837 5.92833 5.31401 4.74447 5.08977 5.15708 3.64974 2.35962 1.83836
4.15005 2.68833 5.36452 6.55086 5.67312 7.83704 7.9447 6.30125 5.335 2.73535 0.511101 1.5486 1.87404 1.90697 1.7918 1.97198 2.51758 3.03773 2.16322 3.74032 5.42925 6.92142 6.08612 4.74009 3.7776 1.94103 4.06419 6.46209 6.06696 3.51299 3.61191 5.26904 6.9593 8.12281 9.985 10.4992 8.56401 8.31762 7.71318 10.1264 16.2149 15.1045 8.72091 2.79799 4.11557 8.78982 12.9645 15.0372 14.2008 13.1504 14.9601 17.1804 14.4904 9.97429 9.29007 9.13301 7.21643 5.75704 5.12188 5.13708 4.83695 5.06604 6.32934 6.74869 3.93977 1.51001 1.29147
2.7266 3.57648 7.50131 6.16921 5.11212 6.82679 6.86641 5.44931 4.77267 3.92552 1.80363 0.818698 1.51632 1.79428 1.48345 1.58346 2.14443 1.98945 1.94994 4.37559 5.76533 6.5154 5.5977 5.10957 3.64225 2.50148 3.8816 6.216 7.46141 5.68051 4.06935 4.38441 5.82516 7.71994 10.5745 11.2842 8.57858 7.78975 8.174 11.2828 15.9127 14.7243 9.42252 4.15236 1.53011 6.44788 10.847 15.032 15.7067 14.9411 16.3167 17.7373 14.7522 9.89665 7.50326 8.89968 8.18764 5.03322 4.51197 4.51179 4.58852 5.14609 6.97457 7.47937 3.84496 0.799782 1.25049
1.23652 5.75454 7.83024 5.57991 4.87553 5.75924 5.86313 5.1617 4.83496 4.26764 2.0527 1.22421 2.30751 2.44107 1.50712 1.12368 1.61224 1.29877 2.08554 4.7084 5.80465 5.74867 5.14295 5.52581 3.37358 2.87733 3.20382 4.32062 6.54118 7.47433 6.13924 4.73649 5.19199 6.63891 10.2369 12.1468 9.54861 8.10903 8.25711 11.3256 15.1623 14.503 10.1483 5.26902 2.06386 5.46695 10.3674 16.3053 17.5411 16.7992 17.1119 17.0343 14.3684 9.61908 5.95171 8.16156 8.6451 4.63488 3.98566 3.99014 4.27732 5.00344 6.77593 6.84098 4.53081 3.32213 2.30039
1.87155 6.27489 7.54353 5.83703 4.78915 4.77815 5.00892 5.07921 5.21342 4.37518 2.32056 1.6171 3.1217 3.01903 1.16223 0.422127 0.926817 1.09987 2.2853 5.26481 5.93167 5.1032 4.9626 5.45844 2.24588 3.20635 2.84676 2.83914 4.01504 6.02501 6.86315 5.97802 5.38803 5.47901 9.12375 12.1611 10.7972 9.38813 8.32121 9.95851 13.6521 14.7342 11.4994 6.30921 2.63633 5.58834 11.6373 17.8367 18.5858 17.2416 16.8075 15.8777 13.2556 9.08399 5.48671 7.1118 8.36417 5.1019 3.94462 3.7732 4.00192 4.75298 6.0483 5.57462 3.73758 3.80419 3.6545
3.84516 5.80059 6.76158 5.96645 4.84769 4.23462 4.35892 4.90437 5.01733 4.26441 2.97256 2.44877 3.43273 3.06773 0.955451 0.562247 0.845615 1.32084 2.75249 5.98406 6.43467 5.11802 5.42692 5.02521 1.61387 3.18596 2.86338 3.00607 3.40261 4.50894 5.89037 6.63937 6.52846 5.54584 7.86379 11.5424 11.8972 10.9677 8.93541 8.56497 11.2616 13.8747 12.6983 8.40479 4.98281 7.01704 13.5396 18.4384 18.3579 16.4099 15.9261 14.9693 11.7797 8.81952 6.21234 6.50742 7.46059 5.47791 4.05527 3.86594 3.95791 4.42884 5.34458 4.94046 3.70917 3.7601 3.4369
5.14856 5.09324 5.64776 5.35221 4.7612 4.27039 4.2145 4.70136 4.42521 3.56318 3.09224 2.77559 3.06917 2.8832 1.95599 1.9268 1.95767 2.33868 3.54277 6.41708 6.55081 4.83571 5.70862 4.05864 2.08482 2.76086 2.85365 3.44442 3.56352 3.96934 4.77829 5.51645 7.09935 6.96888 6.82743 10.4835 12.7025 12.5925 10.2735 8.15597 9.31326 11.2387 12.1445 10.9807 8.58412 8.87452 14.2851 17.1505 16.751 15.5079 14.6499 13.8314 10.5234 9.36317 7.63861 6.17225 6.63736 5.33948 4.26848 4.19176 4.22201 4.50828 5.14337 4.39055 3.53727 3.92138 3.27935
4.94519 4.14703 5.10294 5.21272 4.927 4.93724 5.07618 5.42088 4.97995 3.87526 3.16962 2.19097 2.15579 2.37766 2.35351 2.74529 3.00874 3.30008 3.85017 6.06906 6.38725 5.01206 5.92643 3.00973 2.47213 2.24476 2.8703 3.98946 3.98544 3.84884 3.98866 3.96662 5.64904 7.47277 6.43373 8.663 12.2187 13.7083 11.809 8.34441 8.44148 8.74503 9.54126 10.4425 9.42009 8.37904 11.7298 13.6339 14.7424 15.4314 14.1682 13.6405 10.9365 10.5159 9.16382 6.50914 6.57619 5.263 4.44991 4.32947 4.629 4.9243 4.72249 3.60149 3.18324 3.89162 3.55358
4.77623 4.5557 5.73326 6.07356 6.02688 6.4075 6.34874 6.01938 5.04356 3.54875 2.22434 0.985829 1.35869 1.86845 2.23905 2.52986 3.31158 4.27187 4.36118 5.24594 6.35532 5.61147 5.84471 2.86347 3.27478 2.64112 3.38475 4.76411 4.48793 3.79587 3.50085 3.49048 4.37929 6.44813 6.58716 7.5705 10.8971 13.8794 12.9722 8.79319 7.54944 7.52902 7.80938 8.75339 8.25885 5.65663 6.43836 10.0162 14.6779 17.2303 16.0441 14.8944 12.686 11.6229 9.89927 7.36836 6.87432 5.78682 4.73215 4.30613 4.91005 4.86142 4.01476 3.2423 2.92019 3.76595 3.80879
4.74304 5.40046 6.68963 7.20798 7.16645 6.86902 5.60729 4.62256 3.68404 2.31444 0.884849 0.0872146 0.874402 1.81254 3.23937 4.25453 5.28778 5.56976 4.83874 4.12608 6.02797 6.05753 5.30496 2.97272 3.92506 4.0062 4.68421 5.76485 4.71272 3.48248 3.35284 3.51667 3.98295 5.01244 5.91014 7.19966 10.0366 13.5963 13.8398 9.44932 6.10639 7.32646 9.55205 10.3274 9.55822 6.5399 1.8519 5.42884 12.8989 17.8641 17.1358 15.4507 14.5107 12.2596 10.1385 8.59244 6.99673 6.21369 4.9981 4.25341 4.97305 4.87401 4.39145 3.89889 3.11462 3.53357 3.79194
4.67327 5.8366 7.23494 8.10276 7.31057 5.26668 3.41076 3.05765 2.77339 1.62751 0.00304551 0.920735 1.7566 3.35938 4.83638 5.48163 5.54163 4.53697 3.81864 3.2289 5.42385 6.58611 4.96579 3.15366 3.2237 5.09033 6.01817 6.53756 4.95221 3.51763 3.69435 3.75306 3.64665 4.01537 4.54774 6.06232 9.01029 12.9281 14.4731 10.2658 5.13198 7.40939 10.0877 11.3253 11.101 9.82812 6.75041 1.39895 8.22558 17.3397 18.1427 15.9425 15.6564 12.9229 10.8095 9.30719 7.30832 6.53391 5.01471 4.38783 5.17592 4.75995 4.77154 4.41728 2.91637 3.00633 3.41076
4.46268 5.83561 7.26583 8.3912 7.98533 6.36782 4.1896 3.0199 2.62606 1.71329 0.53419 2.19931 3.95049 5.13362 5.34546 4.78574 4.10848 3.36345 3.19179 3.14967 5.0144 6.90036 4.74727 2.8041 2.0045 5.16066 6.44268 6.9587 5.98739 4.56237 4.35744 3.87222 3.21938 3.50687 3.8194 4.89477 7.55755 11.6181 13.9845 10.8496 5.04782 6.7792 7.7107 9.94965 10.1771 9.90633 9.93601 6.33288 3.62627 15.4283 19.0309 17.2267 15.915 13.654 12.3209 9.57631 7.70047 6.86339 4.8843 4.78191 5.76338 4.61189 4.58656 4.54179 2.93669 2.95371 3.00271
4.03051 5.64621 7.06306 7.89227 7.56416 6.81615 5.35624 3.55384 2.67317 1.7653 0.578305 3.20354 5.16525 4.93808 4.70481 4.25233 3.86396 3.58548 3.27866 3.08769 4.74014 6.82573 4.65701 2.27873 1.78962 4.56814 6.01316 6.55806 6.42003 5.83421 5.58314 4.11159 3.05903 3.57587 3.72418 4.08248 6.32937 10.0727 12.1722 10.7709 6.75061 7.61203 7.32363 9.66832 10.4117 9.33239 10.344 9.00695 1.709 11.6777 18.9085 18.8935 16.3989 13.7721 12.6488 9.82198 8.14256 7.14179 5.00161 5.39307 6.29832 4.31574 4.50768 4.67849 3.01091 3.11972 2.77609
3.29247 5.21513 6.97317 7.69432 7.43108 6.87985 6.05122 4.54643 3.35304 2.15059 1.2119 3.82755 5.88978 4.77917 3.92813 3.55238 3.39985 3.38405 3.26652 3.08996 4.6807 6.67378 4.76585 2.22089 2.55029 4.00147 5.52965 6.26139 6.4633 6.76229 6.91861 5.30169 4.20749 4.15316 3.85864 3.49545 4.95355 8.23602 9.91014 9.59916 7.89678 8.6167 8.47613 9.93257 12.1414 10.6073 10.039 9.76198 5.5397 7.85291 17.3098 20.216 17.8413 13.8647 11.1478 10.1438 9.06134 7.01778 5.92212 6.49229 6.09868 3.58923 4.86204 5.06192 2.73148 2.88047 2.8443
2.61301 4.44757 6.75203 7.80183 7.55698 6.87529 6.48519 5.84466 5.10244 4.24619 3.55682 4.41286 6.01255 5.06815 3.62652 3.10579 3.21699 3.29414 3.4397 3.29747 4.67444 6.70382 4.34664 1.65651 3.14914 3.53929 5.13973 6.44262 7.0572 7.57837 8.07421 7.11916 5.53134 4.76107 4.16507 3.27737 3.12013 5.8319 7.9284 8.08384 7.33072 8.27656 7.89682 8.4768 13.0446 12.7606 10.2152 9.27123 7.76123 7.71434 15.0828 20.5455 18.9546 13.592 9.37859 10.4397 9.99401 6.66261 7.08511 6.863 5.11657 3.16344 5.37902 5.18666 2.15313 2.55358 3.04722
2.41626 3.5358 6.05194 7.74003 7.62745 6.81008 6.27079 5.96982 5.72795 4.89234 3.73183 3.42409 5.33017 4.89016 3.86519 3.4507 3.39352 3.38188 3.73886 3.63683 4.6941 6.96836 3.47141 2.64094 3.22015 3.30468 4.70753 6.50409 7.69164 7.74464 8.72471 8.69134 6.05171 6.58128 6.64559 4.39092 1.58478 2.88382 6.73894 8.4751 8.51982 8.23126 6.71407 6.80504 12.2855 14.3551 11.5229 8.73586 7.59621 7.37659 12.1791 19.4932 19.2543 13.3596 9.11549 10.6773 10.2039 7.28569 7.41132 6.08644 4.68558 3.92469 5.90719 4.70485 1.84214 2.35229 3.23695
2.75467 3.05871 5.15649 7.28622 7.54573 7.04994 6.22529 5.33725 5.09535 4.18366 2.58003 1.66509 4.88356 5.03184 4.48805 3.8531 3.29612 3.46738 3.80739 4.12436 5.61376 7.02931 2.73041 3.82822 3.40153 3.6066 4.58076 5.80642 7.68308 7.80264 8.51764 10.3754 8.99134 8.10479 7.57753 6.80066 3.86858 2.40485 5.32266 8.22622 9.31754 8.17142 5.73717 5.50786 9.97655 13.9047 13.2409 9.48551 7.65916 7.55626 10.5982 18.0349 18.7088 13.0895 9.68528 10.5259 10.1586 8.15954 6.59556 5.34992 4.54967 5.0269 6.07218 3.50645 1.72768 2.34558 3.32489
2.89372 3.01382 4.42666 6.42526 7.01119 7.11961 6.69116 5.53354 5.20129 4.76341 3.00077 1.47818 5.1163 5.90328 5.06164 3.99086 3.22236 3.47398 3.37395 4.10345 6.53909 6.04641 2.80169 4.06377 3.70362 4.44502 5.14188 4.71711 6.55329 7.80448 7.72398 10.888 11.9646 10.3621 6.03136 7.84629 8.26859 5.85318 4.85411 6.78547 8.36409 8.50371 6.65369 5.75931 7.63222 11.6067 13.105 10.2505 9.05201 10.2967 12.3638 16.7584 16.8639 12.2105 10.1224 10.353 10.1242 8.39946 6.00361 5.33532 4.10959 5.45615 6.00001 2.54867 1.89785 2.51501 3.1728
2.49746 2.86754 3.85493 5.38772 6.23137 6.92747 6.93707 5.93976 5.41873 4.94086 2.99031 1.90691 5.5569 6.72211 5.22494 3.8986 3.23291 3.13071 2.9334 4.36536 6.46622 3.76841 3.61204 4.23911 4.27875 5.45537 5.40168 3.77854 4.90192 7.44037 7.38421 10.37 13.2309 12.6291 7.73444 5.77263 11.61 9.37394 6.08417 5.94013 6.65015 7.44429 8.8441 9.31829 8.46521 9.69692 11.1543 9.35656 9.83102 12.2202 13.5082 14.816 14.0103 11.1607 10.4546 10.0433 9.56444 8.0576 6.40059 5.50429 3.22903 5.50625 6.00181 2.3641 2.16888 2.6942 3.02595
2.02692 2.66459 3.49058 4.34736 5.08419 6.23198 6.5933 6.55532 6.27819 4.64488 2.29602 2.1088 5.71514 6.97268 5.05615 3.45661 2.96699 2.95895 2.96059 4.43866 4.7665 1.55189 4.62325 5.17592 5.20512 5.5379 4.8233 3.32205 3.64158 6.61444 7.67094 9.91687 13.389 13.2663 9.33401 3.31355 12.8256 11.6475 8.05076 5.63656 5.14012 5.27117 7.12027 10.2286 11.2558 10.4497 10.073 7.98504 8.27805 9.85594 10.7716 11.5912 11.5555 11.1225 10.5017 8.83723 8.40055 7.60392 7.4505 5.65739 2.53276 5.54995 5.8233 2.41844 2.29844 2.87824 3.04643
1.66979 2.31704 3.24764 3.82033 4.44353 5.85655 6.1359 7.06079 6.94025 4.11414 1.74915 2.53981 6.08998 7.03242 4.81839 3.12543 2.96439 3.25961 3.35818 4.20444 2.64691 2.1509 5.17572 6.28783 5.74039 4.92363 4.10917 3.3542 3.47652 5.79372 7.89487 9.64125 12.806 12.9541 9.79113 2.643 12.7377 12.5185 10.1194 6.50896 5.09431 5.24816 5.35773 7.6804 10.7095 10.7359 9.68703 7.06773 4.84522 6.04455 7.85673 8.84911 10.224 11.0602 9.23332 6.7371 7.04227 7.53766 8.24888 5.71137 2.84802 5.50955 5.05406 2.47853 2.33389 3.04117 3.04319
1.41339 1.8977 2.78937 3.76164 5.13826 6.61886 6.05912 6.85235 6.94267 3.80507 2.01803 3.84266 6.50496 6.50281 4.36998 3.32558 3.48298 3.7252 3.6534 3.76703 1.44132 2.72944 5.38754 7.46858 6.06863 4.1928 3.60043 3.51199 3.88331 5.30237 7.54101 8.85317 11.7717 12.6119 9.70114 3.2145 12.2536 12.6721 11.5772 7.72897 4.92091 4.85557 5.16246 7.22943 9.23929 8.78085 8.2316 5.93772 0.869989 5.2576 7.88788 8.20612 9.64761 10.1863 7.75688 5.41572 6.01066 7.70552 8.53288 5.45493 3.62803 5.16041 3.86567 2.55036 2.43065 3.11923 2.95851
1.09082 1.64139 2.18372 3.40676 5.60433 7.31795 6.63335 6.58678 7.04512 4.64639 3.77653 5.43436 6.29014 5.33918 4.03298 3.90689 4.08815 4.00414 3.85145 3.08712 1.20327 2.6522 5.23315 8.13301 6.83143 4.28485 3.52005 3.57411 4.07907 5.05905 6.95439 7.98161 10.7036 12.0775 9.0434 3.85394 11.7321 12.6937 12.5011 8.80959 4.72935 4.03658 4.7913 8.42429 9.62179 7.88666 8.01044 7.52072 1.66727 6.13987 8.54781 8.51607 9.63293 9.77529 7.57818 5.11498 5.68789 7.8292 8.10453 4.93418 4.06755 4.83689 3.15186 2.59607 2.61786 3.21588 2.86972
0.798321 1.63658 2.10871 2.87253 4.88412 7.38447 7.6856 6.61899 6.94748 6.15693 5.94482 6.00448 5.21209 3.90734 3.73571 4.4772 4.20197 3.36181 3.11039 1.73003 1.82812 3.40063 4.47185 6.08316 7.34538 5.90777 4.37622 4.06875 4.41542 5.34664 6.71514 7.62556 10.1279 11.3129 8.16389 4.47491 11.2997 12.8193 13.1882 9.34823 4.59472 3.65231 4.374 8.7063 10.4021 8.72294 8.60263 8.93544 4.23008 6.10245 8.98757 8.5126 9.65853 9.92333 7.75618 4.79137 5.64091 7.70031 7.34612 4.6361 4.078 4.5553 2.97063 2.59275 2.75226 3.36339 2.91221
1.17069 1.79709 2.47265 2.7325 3.75257 6.32059 7.91714 6.67186 6.05958 5.89109 5.7046 4.74242 3.43852 2.65517 3.65965 4.91346 4.01755 2.92 2.60423 0.757423 3.63238 7.10337 7.64648 5.25153 4.23103 5.59947 5.23524 4.93851 5.0504 5.756 6.60719 7.57238 9.99798 10.6451 7.32431 5.13274 10.7947 12.9709 13.6789 9.10446 4.08281 3.40213 4.22275 8.29524 11.1431 9.91024 8.80364 8.92998 5.85101 3.99038 8.74814 8.88487 9.84168 10.0158 7.65336 4.72061 5.99001 7.81098 6.89257 4.38976 3.97415 4.47316 3.09192 2.54329 2.70781 3.46163 2.96605
1.22185 1.24784 2.17155 2.69581 3.2921 5.09322 7.19334 6.96535 5.9031 5.17619 4.61947 3.91699 3.28102 3.07466 3.79438 4.68877 3.61419 3.15431 2.49223 1.31873 5.42447 9.75563 8.11374 7.10604 5.77591 3.66402 3.82563 4.48318 4.98507 5.31736 5.99015 7.38272 9.79819 9.94214 6.08835 5.23737 10.4643 13.5834 14.2798 9.12935 5.33808 5.67481 6.74091 9.35025 12.5838 10.7585 8.72106 8.47813 6.52076 0.836476 7.92673 10.2953 10.957 10.1738 7.63462 4.92334 6.30381 8.1737 6.78209 4.48412 4.08846 4.51849 3.43358 2.50733 2.61871 3.42081 2.77567
0.419065 0.536045 1.25583 2.11808 3.06094 4.24203 6.00257 6.99475 6.44135 5.5259 5.05962 4.84323 4.72372 4.4924 4.06576 4.02204 3.57919 3.48518 1.82128 1.80134 6.75101 10.9252 8.47856 5.15041 6.61492 5.42081 4.19903 4.86714 4.5912 4.19644 5.11089 7.22705 9.58149 9.18291 4.83691 6.11847 11.2431 15.2393 14.7289 9.47687 7.35368 7.95353 7.74184 9.53667 13.7957 11.1685 8.62333 8.47858 7.46366 2.01206 5.95621 11.0417 13.0019 11.2502 8.04398 5.24117 6.07282 8.27831 7.17977 5.3017 4.51443 4.42139 3.68351 2.57698 2.56512 3.13169 2.37418
0.109819 0.380263 0.662053 1.39792 2.57668 3.46284 4.59417 6.09099 6.6666 6.35062 5.70733 5.30843 5.21718 4.95437 4.5018 4.02786 4.36544 3.68967 1.22045 2.37335 7.62898 10.8245 8.89193 5.24346 3.63522 5.40407 5.27432 4.7601 3.58284 3.30342 4.24307 6.82418 9.15954 8.33076 3.61938 6.97789 12.3891 16.39 13.6296 8.46277 6.71348 5.90831 4.86247 9.98052 14.4097 11.1578 8.60062 8.61567 8.07364 4.34685 3.41723 9.81715 14.3748 13.698 9.42767 6.66242 6.01805 7.59083 7.58816 6.29675 5.21419 4.21282 3.65543 2.87278 2.45364 2.68843 2.01316
