data/handson/vilo100/slope.asc
ncols 100
nrows 100
xllcorner 497392.38261041
yllcorner 4659615.6527613
cellsize 20.0
NODATA_value -9999
[rows 30 to 59 of 100, columns 0 to 66 of 100]
4.99599 2.94693 1.76882 1.80167 2.66806 3.66029 4.08766 6.23227 8.05246 8.69498 7.18064 6.1249 4.29607 4.23984 7.26284 8.3427 8.20406 6.01171 3.66251 3.36995 3.14981 3.44946 3.86546 4.70168 5.60224 6.04264 5.17865 4.34938 4.55029 3.94566 2.01682 2.62445 2.37037 2.0893 1.96426 2.94044 3.86389 5.20761 7.2707 6.58373 2.76257 4.95991 8.53497 12.1188 13.4565 12.6634 11.0953 9.37613 8.04516 6.4664 6.38701 10.9494 12.4457 10.7079 11.5817 12.1043 9.77742 7.84607 5.46722 3.64315 3.36406 3.48649 6.12085 6.1012 1.43821 5.90414 5.53817
4.74523 3.93876 2.34963 1.85907 2.54774 3.56949 3.59575 4.82151 5.42959 5.30344 5.11775 4.19866 3.29418 3.58223 6.40877 9.19334 10.6693 9.12964 5.41857 3.85317 3.60341 3.85895 4.47044 5.22955 6.17137 6.95839 6.83476 6.14746 5.70359 5.50819 3.41513 2.27269 3.10436 3.51024 3.27437 4.03107 4.80307 5.73942 7.84652 8.06952 3.68322 6.44503 11.1297 12.8398 11.8737 10.4259 9.87245 9.61511 9.06008 7.81337 5.95988 8.5082 12.5037 11.2393 10.8969 11.7269 9.66521 7.67635 6.32714 4.46617 3.67711 3.29627 4.4549 6.8376 2.9009 4.30582 5.62313
3.5816 4.63335 3.43398 2.24426 2.23279 3.30193 3.31654 3.68268 3.90396 3.43408 3.08577 2.54564 2.3679 2.35654 3.91708 7.27983 10.8063 11.0939 7.83912 5.84107 5.185 4.84164 5.05182 5.638 6.27823 6.75936 6.75081 6.66001 6.74224 7.23458 6.45306 4.16662 3.37883 4.1038 2.95452 3.18283 3.69019 4.61535 7.44979 9.23179 4.73832 6.65804 10.8694 11.3435 10.15 9.1276 9.4811 9.15138 8.59343 7.85645 6.22927 5.89932 11.0733 11.2643 10.2785 11.0267 10.2764 7.5016 6.62284 5.91578 4.19767 3.55861 3.48464 6.27684 4.87755 2.77441 5.73105
1.51715 3.7182 3.23432 2.15844 1.90864 2.89161 3.13647 2.77196 2.6251 2.65156 2.56738 2.19354 1.83636 1.55607 2.15332 4.65167 9.26636 11.5149 9.13327 7.07834 6.41252 5.96615 5.76555 5.95871 6.1916 6.39075 6.56196 6.74443 7.19082 7.97753 7.90158 6.25352 3.29599 3.94723 2.91163 2.29121 2.88563 3.77322 6.37769 9.58651 5.99036 5.29814 9.80664 11.3896 11.8014 10.2742 9.23642 7.45002 6.78791 6.83153 6.95245 5.3289 9.00638 10.4031 9.38834 9.88969 10.8845 8.41242 6.55443 6.74692 5.18242 3.9373 3.40261 5.28384 5.70549 1.28717 4.8323
1.91545 2.08266 2.76675 2.05949 1.87247 2.199 2.64783 2.36406 1.77759 1.7709 1.95151 1.99381 1.86508 1.77089 1.95852 2.8639 6.40315 10.0206 9.78677 8.22368 7.31897 6.92249 6.54534 6.12035 6.08732 6.11623 6.33578 6.71662 7.00901 7.49716 7.55546 7.1765 4.8692 3.38224 3.59547 2.77568 3.20979 3.62881 5.39952 9.16038 7.67175 3.31478 8.98574 11.4179 13.4978 11.6828 8.60205 6.35945 5.7691 5.44352 6.4542 5.70194 6.72867 8.68921 8.26623 8.7012 10.514 9.91487 6.92463 6.80997 6.1326 4.24712 3.93048 4.71581 5.18694 2.65562 2.63984
3.66093 0.56357 1.81028 1.33915 0.545523 0.991306 2.37894 2.77429 1.89561 1.44746 1.58429 1.7757 1.97955 2.15095 2.25047 2.57993 4.34487 6.88003 7.98574 7.7512 6.99066 6.41022 6.07014 5.43018 5.35593 5.41784 5.7192 6.40427 6.74575 7.23423 7.42913 7.20791 5.63 0.607441 4.46278 3.13659 3.01581 3.15699 4.69197 8.48162 9.0309 2.30344 8.44138 11.1404 14.0453 12.8273 9.01211 7.07394 6.17191 4.83886 5.29924 5.54244 4.56031 6.43075 7.14773 7.95759 9.71466 10.8533 7.91021 7.10558 6.39349 4.13697 4.40106 4.70318 4.60272 3.4785 1.2511
4.62746 0.88519 1.2256 1.41691 1.8854 2.50515 3.43792 4.15084 3.40965 2.17329 1.89743 2.12214 2.2588 2.36946 2.56593 3.17445 4.39157 5.4848 6.03603 6.10526 4.79651 3.64398 3.9009 3.24445 3.69663 4.58248 5.22522 5.71376 5.95659 6.50461 7.16197 7.8786 8.222 2.43825 5.78494 4.12476 2.54007 2.61064 3.86209 7.69334 9.72442 3.11649 7.81643 10.8433 13.6598 13.215 10.2546 8.6272 6.50829 4.44896 4.56071 5.51628 4.46766 4.06528 5.74942 7.51056 9.35375 11.1635 8.82265 7.3881 6.41088 4.16549 4.4538 4.83822 4.36931 3.78662 1.49656
5.74027 1.82392 1.5209 2.84448 3.41213 3.28656 4.05305 5.21306 5.44748 3.74249 2.81431 3.1395 3.33573 3.5202 3.83931 4.39356 5.43182 6.12184 6.25174 7.26929 6.76983 5.00927 3.50395 0.919573 2.47681 4.43564 5.42227 5.73326 6.08066 6.43119 6.73107 8.08339 10.005 6.94243 5.91541 4.61724 2.06542 2.12828 3.02993 6.54117 9.92651 4.87005 6.53106 10.2149 13.2845 13.5014 11.6935 9.89208 6.45673 4.43533 4.59042 5.48306 5.65823 3.78614 4.25368 7.0335 9.3181 10.9773 9.28011 6.78334 6.44203 5.18847 4.5172 4.75375 3.97679 3.83105 2.64249
6.93909 2.74287 2.06042 4.50028 4.55748 3.65928 4.27752 5.45142 6.74805 5.84273 4.38311 4.442 4.63377 4.8727 5.13466 5.29291 5.83711 6.39669 6.81607 9.13402 8.90597 4.93871 1.35343 1.69304 3.2176 4.16449 4.72243 4.9154 5.56826 6.47996 6.57877 7.3915 8.91422 7.02065 3.90741 3.75032 1.78737 2.19483 2.85346 5.21241 9.3424 6.47979 4.9947 9.1133 13.0877 14.3191 12.7012 10.4596 6.99742 5.0827 4.81609 5.00352 5.42736 4.80023 3.69627 6.13422 8.78442 10.4499 9.76934 6.03572 5.82186 6.51585 5.03871 4.4696 3.59907 3.55132 3.3774
7.54696 3.89865 2.1702 5.93932 5.45795 3.8386 4.38449 5.38729 7.0302 7.30573 5.71317 5.12881 5.03497 5.08381 4.98738 4.95759 5.82398 6.96008 7.36282 9.22314 10.1791 6.54412 1.90659 3.55581 4.38248 4.27377 4.10907 4.00433 4.55604 5.84359 6.12927 6.96727 8.41116 6.83563 3.01862 2.97086 2.37925 2.41862 3.1142 4.51075 8.30387 7.57638 3.70887 7.72438 12.6745 15.021 13.1179 10.7917 7.83153 5.19714 3.7499 3.59524 4.30762 4.9762 3.8175 4.25121 7.52647 9.79502 10.0611 6.67942 5.40999 7.1994 6.092 4.18861 3.60058 3.75436 3.55515
7.47799 4.84208 1.60273 6.81394 6.5808 4.14215 3.71536 3.90584 5.49064 6.82497 6.01563 5.2805 4.88798 4.38518 3.59076 3.38405 5.10625 7.57943 7.76394 7.94924 9.78761 7.56033 2.42751 4.57905 5.24183 4.44953 4.09564 4.0147 4.48913 5.62506 5.96868 6.71162 8.45007 7.57496 3.90919 3.02762 3.41773 2.79508 3.10489 4.00972 7.13301 7.94212 3.50529 6.50581 11.8983 14.5448 13.3229 11.5739 8.86764 5.29095 2.86264 3.29988 4.27147 5.04259 4.41181 2.301 5.58544 9.03703 9.78593 8.04801 5.89973 7.22604 7.11929 4.33566 3.85616 4.38386 3.68854
7.22334 5.15605 1.44151 7.24217 7.54237 4.68621 3.02087 2.34144 3.23723 4.97803 5.38832 5.16113 4.58996 3.46331 2.23018 2.02471 4.29421 7.96715 8.49372 7.40493 8.33882 6.9322 2.79745 5.20408 5.42165 4.06357 3.77915 3.95842 4.74574 6.05055 6.75071 7.17531 8.50742 8.37159 4.78859 2.82789 3.67061 2.60183 2.60723 3.21855 5.95302 7.79964 4.55121 5.82031 10.4046 12.9207 13.3572 12.4428 9.89118 6.21673 3.95227 4.38234 4.246 4.57173 4.7487 3.24378 3.08213 7.70857 9.04268 8.91043 7.05853 6.83023 7.62969 5.38034 4.10291 4.59194 3.79578
7.16002 5.09571 2.03118 7.59659 7.74486 4.89073 2.79367 1.92072 2.22955 3.4865 4.52767 4.91062 4.59597 3.74568 2.35253 2.00215 4.10734 7.91435 9.0171 7.88512 7.09192 5.2126 2.55403 4.79485 5.13185 3.45587 3.00289 3.27121 4.06884 5.33994 6.50383 7.16602 8.34576 9.00056 6.04248 2.1747 3.48621 1.88983 1.93339 2.36201 4.50208 7.31318 6.39401 5.17624 8.15845 10.941 13.1102 12.9082 10.6453 7.99791 5.95582 4.48636 3.42178 3.82512 4.55963 4.55046 1.76967 5.85478 8.10616 9.29968 8.69712 6.5453 7.44474 6.87186 4.42944 4.42657 4.00574
7.05522 5.0252 2.5329 7.45776 8.0569 5.17007 3.00812 2.55763 2.86646 3.52475 4.1569 4.29406 4.4626 4.88651 3.54193 2.5969 4.34191 7.36914 8.63481 8.20713 6.77939 4.08499 1.51623 3.75961 4.71406 3.30205 2.39293 2.78667 3.11714 3.802 5.20383 6.41432 7.86309 9.07493 7.36312 2.14724 3.32042 1.70134 1.53299 1.93369 3.38852 6.24789 7.29135 4.61353 6.22719 9.46822 12.4978 12.5651 10.7291 9.74617 7.69553 4.03142 2.50622 2.89112 3.85393 4.91634 1.59568 4.1535 7.29953 9.17002 9.95676 7.59804 7.2295 7.7996 5.45715 4.39396 4.13715
6.94714 5.34767 3.45708 7.28669 8.86284 5.73938 3.76907 3.70923 3.80505 4.01329 4.02867 3.68233 4.25 5.89736 5.77094 4.04089 4.62429 6.55572 7.70715 7.9041 7.17701 4.00659 1.55828 3.47402 4.06342 4.01536 2.74385 2.76434 2.75931 3.60913 5.01626 6.14055 7.52965 8.71379 8.01265 3.1302 2.70757 2.23142 2.135 3.5696 4.45831 5.09485 6.53559 5.20418 5.72189 9.11099 12.1638 11.8244 10.3249 10.4604 8.61349 4.02683 1.57324 1.79252 3.05545 5.64438 3.44485 2.96505 6.96896 9.20448 10.184 9.28342 7.99082 8.12206 6.52989 4.67854 4.15283
6.76612 4.88969 4.0123 7.01198 8.67376 5.84689 4.10416 4.22279 4.27151 4.31718 4.30403 4.23372 4.48971 5.72312 7.16759 6.23818 5.21223 6.02021 6.89112 7.33277 7.23411 3.81967 2.72783 4.36293 4.11298 4.5693 3.63284 2.55423 2.43109 3.35208 4.72794 5.97431 7.5074 8.57062 8.30459 4.70576 2.11403 3.65407 3.59779 4.55564 4.53658 4.47574 5.81293 5.82667 6.02538 9.21323 11.8292 10.9103 9.89223 10.1857 8.65714 4.45186 1.61973 1.93128 2.96989 6.44119 5.84465 0.784611 5.95352 9.3711 9.97116 9.89103 8.95796 8.39055 7.05023 5.31031 4.39913
6.39308 3.34105 3.61162 6.47227 7.57803 6.09609 4.87095 4.40943 4.04446 3.72757 3.57378 3.73954 4.23962 5.34409 7.35862 7.30011 5.75683 5.71948 6.49029 7.10575 6.77223 2.75485 3.60988 5.20785 4.76324 4.75167 3.62845 2.19904 2.0471 2.77425 3.96357 5.35592 7.32615 8.8045 8.79921 5.97328 1.74327 4.73744 4.12915 3.59011 3.33867 4.35765 5.98087 6.46718 6.56705 9.60538 11.4622 10.1876 9.51738 9.52399 8.51927 5.39605 3.65464 3.98423 4.28471 6.89568 7.95936 3.1881 4.51598 9.73048 10.1417 10.0386 9.27245 8.58841 7.58934 6.01301 4.83652
6.50786 2.41328 4.16918 6.56372 6.83483 6.20696 5.30269 3.73104 2.86137 2.23292 1.71947 3.52032 5.74034 7.0978 8.131 7.38966 5.84963 5.57795 6.40664 7.03083 6.02239 1.43426 4.75898 5.89138 4.89716 4.56143 4.49862 4.5739 4.62778 4.82466 5.51122 6.6918 8.3349 9.65532 9.73719 6.86408 1.16775 5.25043 5.18466 4.1732 4.27243 6.1329 7.47598 8.10104 8.26353 10.0557 10.6407 9.55955 9.22867 9.0713 8.56882 6.34095 4.89131 4.52689 5.0409 7.02011 9.13964 6.6485 3.88564 9.94333 9.96024 10.1372 9.90461 8.96897 7.84894 6.31977 5.00191
7.01963 2.20072 5.27269 6.82069 6.15242 5.14469 4.36667 2.86358 1.40772 0.73856 2.16168 5.13152 7.3123 8.14254 8.43475 7.24152 6.24315 6.60719 7.07457 6.41913 4.43127 1.4622 6.3277 6.7788 5.19512 4.73464 5.23392 5.20521 4.9894 5.05529 5.12274 6.35654 9.07554 10.9427 11.3034 7.90163 2.40635 6.07068 7.56606 6.14568 5.55983 6.65694 7.22721 8.26101 8.65305 9.4101 9.60635 9.35619 9.36931 9.0227 8.24903 6.17565 4.4898 2.94685 3.73203 5.94772 8.93669 9.46733 7.42137 10.1272 10.1791 10.7509 10.6434 9.0509 7.21263 5.93999 4.6168
7.8326 2.61548 6.42999 7.38202 6.01263 4.35379 3.45034 2.58321 0.983765 1.12441 3.82641 6.84476 8.28796 8.81658 8.94253 7.97769 7.91599 8.55358 7.33911 4.54397 1.85367 3.11382 7.57453 7.17007 5.27455 4.83451 4.48208 3.13518 2.48483 3.22103 3.35264 4.86822 8.98176 11.9543 12.5592 8.95385 3.44494 6.21758 9.97958 9.70634 7.46777 4.80515 3.71744 5.34598 6.92098 7.84066 8.52825 9.17054 9.54842 8.99856 7.58607 5.44984 3.97922 2.51388 2.45772 4.33653 7.1733 9.26973 9.16005 9.59342 10.2844 10.5258 9.30871 8.29817 6.71445 5.3793 4.07845
8.49416 3.9069 7.46811 7.72686 5.36115 3.82691 3.35851 2.26528 0.383497 2.02808 5.38068 7.88694 8.34339 8.87757 9.18305 8.66523 8.70031 8.42607 6.17332 3.49664 1.34768 4.73536 8.08239 7.00299 5.16514 4.87694 4.21884 3.10272 2.58905 3.43984 4.02026 5.14109 9.05222 11.8445 12.5799 10.6698 5.40229 4.94441 10.7852 12.5898 9.44054 4.98247 3.54614 3.5876 5.11824 7.16186 8.61698 9.42135 9.53367 8.11159 5.98125 4.32295 3.39502 2.95481 2.8181 3.71687 4.96128 6.2596 6.264 6.68093 8.69849 8.91416 7.39936 7.90847 7.03432 4.84909 3.76285
8.39851 4.3243 7.38146 7.03399 4.42478 3.13029 2.77349 1.57511 1.25137 2.85183 5.88756 7.71656 7.81657 8.44855 8.91352 8.29524 7.64224 7.20081 5.83407 5.00542 5.19735 7.04409 8.61042 7.23097 5.82456 5.43112 4.61465 3.65691 3.02197 3.58789 4.44882 5.9026 9.52698 11.0388 11.4968 11.9917 8.059 2.64602 10.1575 12.6165 10.6541 7.7311 6.46198 6.28145 5.82712 6.66901 7.95753 8.17611 7.19195 4.91199 3.564 3.81281 3.45858 3.71463 3.60872 4.13256 4.41687 4.972 5.29109 5.19544 7.31191 7.91607 6.51726 7.54899 7.14095 4.32126 3.76078
7.8025 4.22761 6.48733 6.31933 4.36336 3.30531 2.43492 1.774 2.11762 3.35314 6.02502 7.70388 7.93457 8.53298 9.01442 8.29482 7.69654 7.84702 5.59464 4.02923 7.93146 9.98868 9.92767 7.9808 6.40551 5.33178 4.30224 3.80098 3.65225 3.86128 4.88736 6.79627 9.92201 10.3487 10.6026 12.2011 9.76754 1.08173 8.87073 10.7072 9.2985 8.39813 8.20552 8.53459 8.54258 8.06809 7.9453 6.81313 4.87652 5.46807 7.41974 8.60927 8.26677 7.25609 4.77348 3.4745 5.48206 5.65156 5.41183 5.50653 6.33754 7.30135 6.27482 6.94975 6.762 4.1358 3.65945
7.24359 4.46202 6.16525 6.22051 4.53184 3.34189 2.6537 3.017 3.71481 4.62589 6.51963 8.13364 8.621 9.03291 9.3904 8.48516 8.13546 8.84212 4.59165 3.94629 9.71207 11.9426 11.1662 8.22757 5.81469 4.23777 3.23421 3.44976 4.16116 4.43859 5.63588 7.7218 10.0246 9.88066 10.5775 12.3423 10.193 1.62736 6.99801 8.657 8.56961 9.49909 10.0483 9.87125 10.3433 10.2941 10.4274 8.94685 6.02867 7.28238 8.78723 9.84486 10.8608 10.9016 8.80541 4.20147 4.15262 5.71284 6.00731 5.69123 5.03267 6.49248 6.48524 6.22471 6.03609 4.16215 3.16365
7.01764 5.11192 6.37223 5.90332 4.32836 3.29312 2.77558 3.02829 3.7409 5.2106 6.42495 8.06067 9.65162 10.2196 10.2199 8.86591 8.25309 8.90995 4.3022 7.39408 11.1883 12.2275 11.3343 7.96149 4.85763 3.49043 2.65512 3.18194 4.15444 4.35187 5.84112 9.09389 11.0597 9.84581 10.7161 12.4304 9.85414 3.0522 3.92742 6.3621 8.10296 9.95411 11.0103 9.92784 9.70276 9.59824 10.2155 9.78629 6.87451 6.47148 6.27995 7.63717 10.7112 11.9778 11.42 8.0571 3.80437 3.60973 4.79093 4.41974 3.94835 6.06614 6.80354 5.47861 5.05004 3.97677 2.89669
6.6925 5.56175 5.96002 4.93762 3.82195 3.31694 2.79859 2.34929 2.83357 5.04012 5.30848 6.36241 9.40399 11.5356 11.6082 9.66339 8.19511 8.34024 5.40018 8.9903 11.6559 11.5676 10.64 7.66542 4.47508 3.28894 2.55996 3.34013 3.87925 3.61294 4.64937 9.54628 12.9383 10.4959 10.4029 12.0186 9.22293 3.81299 2.03607 5.3963 7.59194 9.83372 11.8094 10.8078 9.68185 9.13186 9.18707 9.22024 7.28867 5.57195 4.26062 5.42335 9.79082 12.3398 12.138 10.585 6.31208 2.82234 2.86455 3.96307 4.44067 5.79908 6.18444 4.52443 3.91348 3.58935 3.19036
5.59154 5.15894 4.89816 4.16378 3.93444 3.66211 2.8937 2.55687 3.75386 5.20106 4.31005 4.41406 7.39365 11.4103 13.0525 11.0762 8.50973 7.74434 6.61457 9.26066 11.3256 10.4821 9.34843 6.82245 4.22885 2.98883 2.52482 3.56725 3.46924 3.10654 3.34666 9.38456 13.9901 10.8517 10.2412 11.8059 9.2562 5.47656 3.87596 4.96629 6.66469 9.45947 12.9885 12.6811 10.5255 9.69969 9.2046 8.61919 6.64507 4.47712 3.59317 4.59904 8.88093 12.7438 11.8616 11.1901 8.91092 3.68539 2.50818 3.19851 3.9612 4.39767 4.74134 3.85265 3.18197 3.3492 3.60225
4.37297 5.05356 5.33806 5.07233 4.3539 2.25124 1.10464 2.69723 4.87554 4.85013 3.36754 3.34988 5.06557 9.02885 13.0324 12.6742 9.58073 8.01118 7.83096 9.13986 10.5719 9.60454 7.92282 5.57093 3.83394 2.27093 2.98913 3.75912 3.39643 3.15198 3.46239 10.2369 13.728 10.222 10.681 11.7554 9.52489 6.6604 4.98258 5.00041 6.07104 8.70675 13.2818 14.8283 12.2469 11.7663 11.6605 10.3667 8.22097 5.37368 4.20001 5.19763 9.10543 13.0634 11.4534 10.0393 10.1473 5.76224 3.30003 3.08698 2.66804 2.70939 3.7965 3.7769 2.93388 3.24875 3.63389
3.93495 4.36227 5.30123 5.73239 4.2771 3.0422 3.73838 5.03635 5.41929 3.81435 2.45918 2.88878 3.86213 5.82541 10.1917 12.705 10.8148 8.99954 8.69242 8.40546 8.77299 8.21826 6.47783 4.6697 4.29543 2.95677 4.04762 4.31489 4.01788 4.04761 4.29811 10.2153 12.5603 9.85114 11.413 12.0493 10.0642 8.39099 7.50376 6.56389 5.69166 8.32639 13.2001 17.0238 15.1941 13.7472 14.0802 13.0023 10.9051 7.79513 5.51946 6.43008 10.1368 12.987 11.2888 9.38868 9.47631 7.00143 4.77514 3.55289 2.7048 2.50921 3.33432 3.70057 2.84513 3.12889 3.33016
4.17559 4.04831 4.74225 4.45743 4.23112 6.31725 6.38598 6.55543 5.4875 3.32764 2.03392 2.54041 3.56964 4.02917 6.07239 9.75194 10.0891 8.36433 7.04951 5.85495 6.11027 6.76356 5.75341 4.72495 5.26459 3.62374 4.55709 4.60158 4.32617 4.84095 5.23646 9.05469 10.9713 9.59081 11.4123 12.6732 10.7699 9.45927 10.2139 10.4312 7.34139 5.74574 11.2348 16.9042 17.4264 14.6877 14.0957 14.3955 12.7147 9.44928 7.28571 8.54324 11.4963 13.0722 11.3939 9.44195 8.36866 7.41132 6.20113 3.61463 3.11755 3.02321 3.57754 3.49912 2.83975 3.05839 3.12714
