data/handson/vilo100/slope.asc
ncols 100
nrows 100
xllcorner 497392.38261041
yllcorner 4659615.6527613
cellsize 20.0
NODATA_value -9999
[rows 0 to 29 of 100, columns 0 to 66 of 100]
8.47725 8.01698 8.07667 8.12716 7.32624 6.51112 5.4775 4.18921 4.29133 3.79035 2.86423 2.65324 2.48976 2.57959 4.83638 5.26694 3.62927 3.3397 3.57148 3.90439 6.19584 9.02979 8.91988 7.73525 4.99368 1.21519 3.70875 5.21278 8.62291 10.0758 11.5353 10.4006 9.3725 10.8834 12.0962 12.5273 11.6993 10.8608 10.4918 8.80636 8.57489 9.10035 7.69958 6.03963 4.95843 5.58166 6.8496 6.7837 4.72233 1.11321 5.9229 9.15886 9.76369 8.4254 6.28415 4.59487 4.3556 5.73667 3.22577 6.13183 8.63946 7.09414 7.07741 7.98803 8.27885 7.78285 6.11832
9.14919 7.87503 6.96506 7.6529 8.58095 8.14321 6.74552 4.47921 2.75967 3.03273 2.18883 2.0953 2.08303 2.08716 3.37986 4.59885 4.90994 5.1009 5.08375 4.82548 6.47923 8.96681 8.51339 7.60327 5.98876 1.8418 1.69529 3.89118 6.30164 6.00119 10.4996 12.0084 10.4536 11.2101 12.5247 13.1731 12.9471 12.3229 11.5721 9.82575 9.50009 10.5095 9.59458 6.85055 4.80651 4.61281 5.61607 5.83011 5.15821 4.45183 2.17419 4.09628 7.50521 9.12391 7.6282 4.50887 2.99341 4.97494 1.50785 7.70979 9.02698 6.67591 6.35626 7.26163 8.0081 8.31932 7.70962
10.0073 8.22561 6.40897 5.70682 6.22113 5.8379 4.76107 4.25813 1.50038 2.24582 2.29919 2.61386 2.62114 2.23523 2.50772 3.58697 4.91837 5.54635 5.69087 5.66876 7.30586 8.83665 8.02436 7.38158 6.85573 3.84793 1.30889 2.58693 5.41906 3.50383 7.50051 11.819 10.5861 10.8465 11.5301 11.5246 11.9997 12.6034 11.6914 9.5068 9.17508 10.9096 10.9732 8.20364 5.3138 4.3618 5.68258 5.79986 3.95529 3.49151 3.92913 3.06332 1.74822 5.24175 8.49768 6.69978 3.21702 4.82597 1.80297 8.57492 8.70405 6.33732 5.89175 6.88793 7.7885 8.32251 8.9302
10.0925 8.54294 6.5556 4.29672 1.50044 2.10587 1.92007 3.15953 2.4567 1.76361 2.82806 3.23685 3.62248 3.7029 4.28044 4.85875 4.99617 5.16379 5.61861 6.60668 8.57595 9.12039 7.91897 7.20806 7.60554 6.02834 2.89193 2.42729 4.89263 4.46467 3.62724 10.4278 10.7606 10.4448 10.6592 10.2082 10.947 12.5483 11.8371 9.36108 8.70875 10.3873 11.2467 9.70034 6.6934 4.79175 6.24357 5.98416 3.03237 3.10344 4.07483 4.51032 4.53922 1.5394 5.63546 8.21869 4.46203 4.9514 3.15509 9.07133 8.17194 6.55169 5.92428 6.73847 7.69999 8.07853 8.83614
9.2615 9.06774 8.09675 6.24549 3.95882 3.31596 3.76791 4.50605 4.41863 3.43746 3.70614 3.39973 3.61641 4.75302 5.61545 5.45274 4.76327 4.38438 4.71266 6.76841 9.08158 9.03866 8.04884 7.24025 7.83194 7.7413 5.1967 3.07822 3.70971 4.3907 0.733049 7.58085 10.4865 10.5188 10.7213 10.5485 11.2159 12.6285 12.1921 9.73587 8.75592 9.77796 10.3313 9.72086 7.70912 5.86064 6.78475 7.25706 6.18507 5.24114 4.72569 4.46819 4.99178 4.28789 1.52169 6.80972 5.0346 4.45212 3.36434 8.99349 7.78089 6.85556 6.20496 6.53383 7.61303 8.26219 8.27744
8.7013 8.74277 8.22478 6.88777 4.92403 4.47217 5.92387 6.41314 5.69322 4.82763 5.40658 5.69067 4.97377 4.80589 4.72261 4.43103 4.05816 3.64839 3.79273 6.61684 8.84624 8.43904 7.97753 7.75981 7.94752 8.21371 7.29026 4.9038 3.31622 3.26014 1.54047 4.2629 8.18993 9.68726 10.7888 11.1793 11.9584 13.1381 12.9012 10.4774 9.07784 9.54846 9.27898 8.69964 7.0451 6.08756 7.75538 8.77305 7.2107 5.34515 4.92439 4.77314 5.1025 5.18512 2.38104 4.38069 4.93569 4.06884 3.65024 7.93013 7.26768 7.03375 6.62024 6.42108 7.31099 8.60141 8.7514
9.11867 8.31135 7.20444 5.96913 4.52934 5.0452 6.66294 6.24198 5.21218 4.55536 4.98356 6.19934 5.90485 4.53034 3.71137 3.65033 3.79041 3.83571 4.17524 6.23374 8.09281 8.27717 7.43161 7.42999 7.78556 7.72794 8.26666 7.47428 4.75173 2.87237 1.46432 2.11132 5.48609 8.24171 10.6858 11.808 12.8236 13.4533 13.1699 11.6725 9.65797 9.147 8.53966 7.38829 5.92212 6.42404 7.50365 8.24391 7.98796 6.17515 5.1076 5.08261 5.29652 5.44365 3.8831 2.34247 4.48393 3.80057 4.69214 6.66662 6.61464 6.90764 6.74486 6.37556 6.73586 8.16097 9.32712
9.74193 8.40852 6.3994 4.49699 3.2012 4.609 5.88438 5.23605 4.44686 4.09775 3.85833 4.19923 4.57584 3.78471 3.08397 3.13509 3.48251 3.99352 4.507 4.94301 6.12719 7.7225 7.56099 6.81586 6.6108 6.2977 7.10945 8.27484 7.15947 3.94858 1.63284 1.34724 3.96586 7.27915 11.1183 12.8941 14.1234 13.3502 12.1403 12.6964 10.6014 8.70977 7.63347 5.57119 5.26239 6.40691 7.08716 8.66752 9.60865 7.43871 5.31618 5.20227 5.46868 5.61863 5.19708 2.03373 2.9918 3.25781 5.20441 5.97117 6.29049 6.68066 6.59002 6.32013 6.4046 7.05426 8.35911
10.5423 8.79287 5.88175 3.52 2.10425 4.14339 5.32805 5.02195 4.52136 4.37003 3.95899 3.8168 4.1284 3.83025 3.2519 3.01976 3.26696 5.19924 5.94419 4.65386 4.90494 6.8388 8.04025 7.0671 5.88306 5.36608 5.66969 6.81058 8.05861 5.8648 2.48232 1.51738 2.33244 6.27521 11.6695 14.2237 15.1642 13.3391 11.3698 12.7127 11.1516 8.30044 6.03595 4.80693 6.14059 6.90155 7.31108 9.42172 10.7871 8.4092 5.42662 5.21889 5.67031 5.89755 6.27197 4.62745 1.36083 3.41488 5.00991 5.82331 6.36306 6.60211 6.34904 5.96987 6.00319 6.23748 6.86265
11.4597 9.14741 5.33682 3.03987 2.22059 4.59655 5.82884 5.62677 4.50077 3.8729 3.76758 4.00984 4.42445 4.25762 3.72878 3.19442 3.88861 6.70395 6.98139 4.98042 5.16456 6.41708 7.38955 6.82989 5.67599 5.20404 5.2383 5.68415 7.12361 7.12061 4.27792 2.46133 1.86764 6.40507 12.2767 15.0767 15.1242 13.632 11.9943 11.9732 10.7237 7.16645 5.15191 7.15968 8.57003 8.18868 8.64467 10.8963 11.4191 8.58672 5.4023 4.92216 5.48325 6.02093 6.69285 6.43862 2.32522 2.66988 4.48792 5.52478 6.46151 6.90405 6.40344 5.62059 5.53443 5.76457 5.88373
11.6867 10.0284 5.75395 3.51145 3.97185 5.93042 6.83605 5.81293 3.83313 3.30899 3.59496 3.91685 4.14224 3.95928 3.91095 3.7815 5.03346 7.12572 7.18119 5.6073 5.23317 6.40348 7.38804 6.74852 5.50839 4.80322 4.78088 5.29879 5.79664 7.25305 6.47471 3.50954 1.69864 7.22692 13.1433 15.3296 14.6133 14.1451 12.6107 10.6784 9.98878 5.68378 6.5442 9.58376 9.84889 8.77667 10.3838 12.9074 12.1636 9.10097 5.86028 4.56541 4.98403 5.99297 6.89244 7.22408 4.52572 0.917378 3.74928 4.76859 6.15882 7.39841 7.21568 6.0994 5.66125 5.70426 5.78432
10.4723 10.9495 7.80125 5.70333 6.2187 7.03303 7.06668 5.22607 3.58683 3.51785 3.67103 3.892 4.2034 3.99956 4.32888 5.15051 5.74005 6.5569 6.79054 6.15835 6.0292 7.27586 8.11978 7.35007 5.83301 4.25457 3.5143 4.45826 5.19967 7.06934 7.96978 4.82281 0.535163 7.67178 13.8409 15.174 14.5416 14.5644 12.2135 9.67348 9.02595 4.82985 8.20092 8.73897 7.58273 7.79204 10.7752 13.6246 13.0868 10.5773 7.13301 4.73196 4.62898 5.60886 6.62335 7.26797 6.64125 2.04001 2.86497 4.52074 5.82925 7.36903 7.93775 6.88291 6.05204 5.78374 5.88645
8.49945 10.2239 9.37874 7.80221 6.89904 6.57472 6.30675 4.62347 3.66373 3.61638 3.59187 3.87098 4.40773 4.20721 5.08512 6.54065 5.87434 5.4025 5.87565 6.01111 6.37494 8.01383 9.52096 9.45099 6.54399 3.0748 1.98932 3.23665 5.1021 7.00132 8.76862 6.26735 0.778718 7.47611 14.0291 14.8101 14.6467 14.5662 11.7581 9.92811 6.86091 4.90772 8.46868 6.74705 5.48269 7.36357 10.0703 12.7355 13.2754 11.6745 8.54628 5.51034 4.66849 5.20623 5.99462 6.53755 7.273 4.79338 1.2641 3.53355 5.38378 6.90341 7.51792 6.69199 6.03493 5.67011 5.32706
7.28798 8.25243 8.71201 7.71683 6.52623 6.17299 5.70808 4.40386 3.88213 3.7382 3.69746 4.01398 4.16269 4.59958 6.55649 7.02539 5.4755 4.19096 4.60683 5.33848 6.28901 7.98543 9.66351 10.459 9.14552 5.88137 3.29743 3.37165 5.17758 6.94911 9.42208 7.69744 2.2557 6.61221 13.793 14.5975 14.4325 14.324 11.8478 10.4647 4.3503 6.78952 8.23235 6.65759 6.6875 8.84421 9.87325 11.6626 13.075 11.9371 9.3385 6.45024 5.07604 5.15573 5.63825 6.01087 6.41201 5.92415 3.86949 0.83689 3.75917 7.10306 7.15728 6.16473 5.91965 6.04772 5.57022
7.18787 6.82297 6.96112 6.66721 6.22462 5.87186 5.33446 4.59189 4.32806 4.53294 5.09298 5.13133 4.94921 6.68464 7.21111 6.18302 4.97685 3.86643 3.94866 4.71622 5.89187 7.68554 9.32785 10.0569 9.81972 8.06264 5.64597 4.74983 5.54357 6.58686 9.26449 8.81609 4.38505 5.43193 12.9721 14.7293 14.2151 14.1416 11.9548 9.08967 4.89057 9.12487 8.82841 7.02229 7.2752 10.4686 10.505 10.9137 12.4583 11.7882 9.78057 7.38997 5.88721 5.38107 5.40232 5.78146 5.29544 4.94418 4.84288 3.92788 1.4612 7.31148 7.62565 6.49208 6.3574 6.77785 6.52966
6.85013 6.44988 6.06681 6.08349 6.14145 5.76201 5.67008 5.87068 6.64348 7.57306 7.29434 6.30025 6.85374 7.51798 6.77502 5.97407 5.67129 4.96344 4.38406 4.39981 5.14636 6.80687 8.2804 9.02589 9.23922 8.12423 6.1844 5.51222 6.18047 6.42899 7.93982 8.58577 6.13284 4.47925 11.5179 14.9237 13.8153 13.3918 11.5114 7.45329 7.83069 10.509 9.04015 6.10368 6.96177 11.4208 11.5258 10.4369 11.0846 11.3277 10.6868 8.86218 7.11337 5.88294 5.4485 5.63921 4.62936 3.65719 3.8045 5.31156 2.03611 6.39728 8.17803 7.41226 7.08184 7.2097 7.0502
5.99584 6.42158 5.94982 5.37943 5.5738 6.30858 7.67662 8.65486 8.97939 7.95922 6.13805 7.22146 7.91818 6.93687 6.08996 5.88175 5.77759 5.35766 4.7608 4.3707 4.61944 5.94574 7.01158 7.5285 7.92912 7.11685 5.72295 5.47105 6.66837 6.69464 6.74349 7.57889 6.64102 4.21815 9.53443 14.5416 12.9902 11.7434 10.6588 7.27515 8.13669 8.88374 6.92301 4.69379 7.65613 12.0982 12.3561 10.0092 9.33483 10.3795 11.9491 11.2018 8.73023 6.80481 6.25188 5.87243 4.48132 3.40163 3.56887 5.63286 3.22663 4.11691 7.73272 7.99777 7.40444 7.2534 7.14966
4.89017 5.75093 6.14002 5.75529 5.88166 7.81347 9.43615 8.80116 6.65087 4.44613 5.46649 7.74306 7.70852 6.19798 5.33572 5.3501 5.45166 5.32144 4.98773 4.53943 4.66629 5.77828 6.53276 6.68861 6.76099 6.0944 5.10025 4.94836 6.36801 6.33686 5.82616 6.59305 6.46586 4.56578 6.88963 12.8555 12.4977 10.1907 9.02572 6.51011 6.10583 5.79993 4.86511 4.322 8.8816 12.3674 12.4489 10.8147 11.5828 12.1739 13.2541 13.6875 10.9716 8.22771 7.67139 6.41456 4.12413 3.1659 3.37729 5.13301 4.11337 1.52518 6.56798 8.20254 7.7253 7.31192 6.92831
4.06242 4.67447 5.97888 7.04372 7.64773 7.99442 6.48055 3.91923 2.83389 4.60482 5.81381 6.82869 6.72675 5.65021 4.70118 4.60458 5.00005 5.15643 4.92387 4.53644 4.84964 6.03374 6.64839 6.53004 6.21024 5.66086 4.85406 4.20857 5.18886 5.61462 5.26889 5.55316 5.79345 4.38379 4.11519 9.69807 12.1304 10.031 7.68451 5.16288 4.40097 4.75319 5.71446 4.92866 10.0773 12.4536 11.7454 10.899 12.8329 15.0453 15.5749 15.722 13.6613 10.1133 9.00371 7.10458 3.86835 3.17425 3.4592 4.57938 4.36691 1.07456 4.71873 8.25267 8.88443 7.82989 6.61001
5.22394 5.3693 5.65369 5.84076 5.56202 4.12458 1.66767 1.76519 5.75259 7.45855 7.15055 6.73664 5.46569 4.44616 4.14097 4.18973 4.54945 4.71553 4.58544 4.43065 5.03884 6.43931 6.8266 6.41553 6.26503 6.24258 5.32322 3.68549 3.66104 4.55814 4.7263 4.67014 5.22254 4.30008 2.70707 5.78581 10.5015 10.4961 7.34058 4.69571 5.17475 6.50737 7.42626 5.85896 10.6395 12.6612 10.5758 7.91461 7.62538 12.1657 16.1505 16.8253 15.6048 12.2503 10.0831 7.70697 4.10952 3.43526 3.83387 4.43166 4.13927 2.57113 2.68146 6.96535 9.70805 8.96092 6.46453
5.89335 5.42061 4.29636 3.20969 2.00298 0.839972 1.60902 5.76123 9.1799 8.74716 8.10479 8.0416 6.61184 4.33859 3.45996 4.09233 4.12801 3.89498 3.86872 3.94004 5.06577 6.86407 6.93344 6.13963 6.04892 6.51052 6.09826 4.41479 3.61544 4.24716 4.57653 4.17774 4.59476 4.44079 3.13724 2.93982 7.49613 9.85274 7.3154 5.4751 6.50433 7.65813 7.86716 6.44318 10.48 13.2621 11.0902 8.25442 5.78986 8.20318 13.8514 16.1382 15.8446 14.0403 11.2656 8.07849 4.50452 3.66622 3.99769 4.32834 4.16929 3.85918 3.09995 4.1059 8.99317 10.4944 7.44514
3.92345 4.14038 3.56585 2.51914 1.87471 2.13219 4.88198 8.7425 8.89875 6.91274 6.81268 6.90372 5.77757 4.90356 3.64471 3.45056 3.62789 3.35824 3.31934 3.48904 5.10154 7.02105 6.75661 5.71533 5.37641 5.91199 6.17453 5.60313 5.20829 5.16204 5.02792 4.64075 4.67406 4.72552 3.91544 3.00548 4.56849 7.45746 6.24501 4.6693 5.37053 6.39602 6.55279 5.2141 8.6951 12.734 11.8389 10.1271 8.01929 8.26009 12.4003 14.2047 14.6869 14.977 12.4162 8.4038 4.96556 3.71774 3.69044 4.03864 4.36648 4.78221 4.22338 1.61416 6.02639 10.273 8.40043
2.20223 3.07692 3.52594 2.8937 2.9651 4.64225 7.37045 8.41853 6.88162 5.84151 6.10148 5.80586 4.11437 3.33876 3.54586 2.95678 2.83008 3.01133 3.1567 3.32945 5.14292 6.92343 6.36045 5.24061 4.70343 4.76706 4.60324 4.42656 4.85228 5.08977 4.57853 4.60174 5.22405 5.66939 5.18627 3.44849 2.4585 4.49598 4.67795 3.52986 3.98387 4.92034 4.57233 2.47178 6.12084 11.1334 11.8287 12.0735 10.6563 9.52406 12.0238 12.6077 13.1987 14.7465 12.9667 8.7081 5.49901 3.9078 3.43579 3.98018 4.73505 5.11404 4.44288 1.16934 4.83594 9.63796 8.40212
2.0431 2.25318 3.14398 3.52312 4.60935 6.93704 7.83066 6.76421 5.81143 5.5192 5.58162 5.14943 3.46112 1.97529 2.18785 2.26325 1.98443 2.52426 3.11338 3.57927 5.20142 6.5889 6.05583 5.04635 4.55234 4.06872 3.06245 2.68345 3.85025 4.68294 3.43965 2.88021 3.63465 4.50881 5.16709 4.16396 1.83207 1.706 3.58729 4.03988 3.62615 3.56607 2.96063 0.929893 4.01851 9.49724 11.796 13.1836 12.2942 10.7563 12.1566 12.322 12.1434 13.4841 12.861 9.11756 5.95029 4.19753 3.46476 4.1822 5.27582 5.30547 3.97082 0.491491 4.99621 8.37572 7.83629
3.10002 2.34171 3.2586 4.13786 5.45173 7.59627 7.37383 5.96705 5.26952 5.0224 5.44818 4.90249 3.03012 1.89627 1.84113 1.76379 1.41655 2.50261 3.87513 4.95437 5.771 6.19511 5.85866 5.0722 4.67028 3.7287 2.26505 1.85126 3.47187 4.48087 2.69596 1.78943 2.08533 2.57178 3.76931 4.47167 3.43658 1.59445 2.83629 4.20368 3.28401 1.88167 1.50799 1.79831 3.23561 7.75842 11.7287 13.4403 12.8925 12.0511 12.5181 12.2834 11.1566 12.0186 12.686 9.98549 6.30325 3.98251 3.48844 4.1836 5.39566 5.78989 3.9848 0.421026 4.7278 6.82973 7.28413
4.1444 2.42207 3.35723 4.36479 5.06301 7.28542 8.20043 6.90681 5.53528 5.01473 5.57873 4.49017 2.26902 1.71099 1.42106 0.927943 1.08236 3.46379 5.67398 6.48469 6.40244 6.19887 5.95064 5.28337 4.45128 3.29739 2.04513 1.51259 3.46182 3.98802 1.77161 1.68789 1.90696 2.17405 2.94236 3.92566 4.32961 4.8219 3.27981 2.19077 2.26109 0.823409 1.47753 2.67728 3.48735 6.41667 11.1802 13.0665 13.0322 13.4223 12.5657 11.3082 10.4439 11.2792 12.7229 11.0842 6.58026 3.67771 3.61733 4.03508 4.75058 6.22207 5.01869 0.540013 4.59943 5.75568 6.3619
4.3746 2.66294 3.50856 4.46229 4.54668 6.3506 9.20724 8.76032 6.15759 5.598 4.991 2.92787 1.42326 1.9105 1.97078 0.607356 1.23882 4.44994 6.36197 6.30044 5.81064 5.4992 5.67224 5.25204 3.76591 2.86237 2.56139 2.25396 3.60033 3.21792 0.614338 0.654337 1.28662 1.88278 2.39443 3.10497 4.11709 6.3373 5.63618 0.798599 2.11659 2.50673 3.03261 3.66148 4.20349 6.292 10.7335 12.1186 12.3784 13.9468 12.3425 10.2572 10.2016 11.1155 12.7522 11.9375 7.14569 4.00084 3.90979 3.97626 4.00534 6.1216 5.81115 0.366951 4.49923 5.07048 5.2925
3.91784 2.65043 3.31187 4.39722 4.5489 5.3381 8.5601 10.2803 8.35169 5.70223 3.28741 0.288048 2.14443 3.31969 3.304 2.03071 2.38315 4.72779 6.21335 5.90404 4.67514 3.94797 4.58055 4.2643 2.5533 2.53925 2.96685 2.45992 3.26582 2.58262 0.594081 0.890657 1.78851 2.54762 3.01106 3.26479 3.88484 6.25944 6.97396 3.14511 2.52775 3.41973 3.57288 3.85027 5.48946 8.06438 10.6677 10.5766 10.444 12.5422 12.4828 10.6889 10.287 11.0912 12.6136 12.7149 8.26424 4.68076 4.19188 3.86168 3.73316 6.20155 6.12857 0.543293 4.31945 4.65528 4.27323
5.96249 5.10585 4.49986 4.28712 4.37695 4.52965 6.79211 9.9822 10.725 7.32111 1.1899 2.86358 3.74943 4.26782 4.58634 3.67106 3.93704 4.81945 5.56886 5.3934 4.1273 3.6448 4.5637 4.9855 3.85775 3.44208 3.3027 2.34244 2.90948 1.95162 1.15294 2.50188 2.88526 3.03168 3.41243 3.82377 4.10318 5.74753 7.23738 4.62584 2.35912 3.46163 3.72316 4.46163 6.34509 8.82232 10.084 9.05715 8.1272 9.20491 11.625 11.7568 10.4426 10.7521 12.4026 13.045 9.62298 5.95891 4.46221 3.70573 3.56501 5.87026 6.64169 1.6065 4.53024 4.94214 3.45672
6.504 5.37616 4.63534 3.86132 3.58895 3.90176 5.12146 8.26174 10.6307 9.50955 4.84533 5.53312 4.59958 4.19921 6.19949 5.72703 5.43031 4.75435 4.27321 4.24494 3.62674 3.46378 3.88759 4.74784 4.93841 4.81087 3.65647 2.21724 2.72926 1.64121 2.26988 2.99963 2.43548 1.90303 1.9607 3.00635 3.74359 5.04432 6.89666 5.39695 2.26373 3.66931 4.82698 7.13788 9.51547 10.7015 10.4056 8.71271 7.12332 6.18173 9.01856 12.1323 11.2122 10.3177 12.079 12.5584 10.0195 7.26756 4.82545 3.6154 3.36601 4.65675 7.08195 3.85502 3.63045 5.8972 4.18617
