119708,119052,4,6.83
119708,120364,4,6.83
119708,119709,4,6.83
119708,119707,4,6.83
119708,119053,6,6.83
119708,119051,6,6.83
119708,120365,6,6.83
119708,120363,6,6.83
119707,119706,9,6.83
119709,119710,9,6.83
120364,121020,9,6.83
120363,121019,11,6.83
120363,120362,11,6.83
120365,121021,11,6.83
120365,120366,11,6.83
119051,118395,11,6.83
119051,119050,11,6.83
119707,119050,11,6.83
119707,120362,11,6.83
119709,119054,11,6.83
119709,120366,11,6.83
120364,121021,11,6.83
120364,121019,11,6.83
120363,121018,13,6.83
120365,121022,13,6.83
119051,118396,13,6.83
119051,118394,13,6.83
119706,119705,14,6.83
119710,119711,14,6.83
121020,121676,14,6.83
121019,121675,16,6.83
121021,121677,16,6.83
120362,120361,16,6.83
119050,119049,16,6.83
120366,120367,16,6.83
119706,119049,16,6.83
119706,120361,16,6.83
119710,119055,16,6.83
119710,120367,16,6.83
121020,121677,16,6.83
121020,121675,16,6.83
121018,121674,18,6.83
121018,121017,18,6.83
121022,121678,18,6.83
121022,121023,18,6.83
121019,121674,18,6.83
121021,121678,18,6.83
120362,121017,18,6.83
119050,118393,18,6.83
120366,121023,18,6.83
119705,119704,19,6.83
121676,122332,19,6.83
118394,117738,19,5.72
121018,121673,20,6.83
121022,121679,20,6.83
120361,120360,21,6.83
120367,120368,21,6.83
121675,122331,21,6.83
121677,122333,21,6.83
119705,119048,21,6.83
119705,120360,21,6.83
121676,122333,21,6.83
121676,122331,21,6.83
118394,117739,21,5.72
118394,117737,21,5.72
121674,122330,23,6.83
121678,122334,23,6.83
121017,121016,23,6.83
121023,121024,23,6.83
120361,121016,23,6.83
120367,119712,23,6.83
120367,121024,23,6.83
121675,122330,23,6.83
121677,122334,23,6.83
119704,119703,24,6.83
122332,122988,24,6.83
118393,118392,24,5.72
119049,118392,24,5.72
121673,122329,25,6.83
121673,121672,25,6.83
121679,122335,25,6.83
121679,121680,25,6.83
117738,117082,25,5.72
121674,122329,25,6.83
121678,122335,25,6.83
121017,121672,25,6.83
121023,121680,25,6.83
120360,120359,26,6.83
122331,122987,26,6.83
122333,122989,26,6.83
119704,119047,26,6.83
119704,120359,26,6.83
122332,122989,26,6.83
122332,122987,26,6.83
118393,117736,26,5.72
117737,117081,27,5.72
121673,122328,27,6.83
121679,122336,27,6.83
117738,117083,27,5.72
117738,117081,27,5.72
121016,121015,28,6.83
122330,122986,28,6.83
122334,122990,28,6.83
120360,121015,28,6.83
122331,122986,28,6.83
122333,122990,28,6.83
122988,123644,29,6.83
119048,118391,29,5.72
117737,117080,29,5.72
121680,121681,30,6.83
122329,122985,30,6.83
122335,122991,30,6.83
121672,121671,30,6.83
121016,121671,30,6.83
122330,122985,30,6.83
122334,122991,30,6.83
122987,123643,31,6.83
122989,123645,31,6.83
117082,116426,31,5.72
119703,119046,31,6.83
122988,123645,31,6.83
122988,123643,31,6.83
122328,122984,32,6.83
122328,122327,32,6.83
122336,122992,32,6.83
122336,122337,32,6.83
117736,117735,32,5.72
121680,121025,32,6.83
121680,122337,32,6.83
122329,122984,32,6.83
122335,122992,32,6.83
121672,122327,32,6.83
118392,117735,32,5.72
122986,123642,33,6.83
122990,123646,33,6.83
117081,116425,33,5.72
117083,116427,33,5.72
117083,117084,33,5.72
122987,123642,33,6.83
122989,123646,33,6.83
117082,116427,33,5.72
117082,116425,33,5.72
123644,124300,34,6.83
122328,122983,34,6.83
122336,122993,34,6.83
119047,118390,34,5.72
117736,117079,34,5.72
121681,121682,35,6.83
122985,123641,35,6.83
122991,123647,35,6.83
117080,116424,35,5.72
122986,123641,35,6.83
122990,123647,35,6.83
117081,116424,35,5.72
117083,116428,35,5.72
117083,117740,35,5.72
123643,124299,36,6.83
123645,124301,36,6.83
123644,124301,36,6.83
123644,124299,36,6.83
122984,123640,37,6.83
122992,123648,37,6.83
122327,122326,37,6.83
122337,122338,37,6.83
116426,115770,37,5.72
119046,119045,37,5.72
121681,121026,37,6.83
121681,122338,37,6.83
122985,123640,37,6.83
121671,122326,37,6.83
122991,123648,37,6.83
118391,117734,37,5.72
117080,116423,37,5.72
123646,124302,38,6.83
123642,124298,38,6.83
123643,124298,38,6.83
123645,124302,38,6.83
124300,124956,39,6.83
122983,123639,39,6.83
122983,122982,39,6.83
117084,117085,39,5.72
116425,115769,39,5.72
116427,115771,39,5.72
122984,123639,39,6.83
122992,123649,39,6.83
122327,122982,39,6.83
122337,122994,39,6.83
116426,115771,39,5.72
116426,115769,39,5.72
119046,118389,39,5.72
123641,124297,40,6.83
117079,117078,40,5.72
123646,124303,40,6.83
123642,124297,40,6.83
117735,117078,40,5.72
124299,124955,41,6.83
124301,124957,41,6.83
116428,115772,41,5.72
116428,116429,41,5.72
116424,115768,41,5.72
124300,124957,41,6.83
124300,124955,41,6.83
122983,123638,41,6.83
117084,116429,41,5.72
117084,117741,41,5.72
116425,115768,41,5.72
116427,115772,41,5.72
123640,124296,42,6.83
123641,124296,42,6.83
118390,117733,42,5.72
117079,116422,42,5.72
124298,124954,43,6.83
124302,124958,43,6.83
115770,115114,43,5.72
119045,119044,43,5.72
116423,115767,43,5.72
124299,124954,43,6.83
124301,124958,43,6.83
116428,115773,43,5.72
116424,115767,43,5.72
124956,125612,44,6.83
123639,124295,44,6.83
123640,124295,44,6.83
124297,124953,45,6.83
115769,115113,45,5.72
115771,115115,45,5.72
118389,118388,45,5.72
124298,124953,45,6.83
124302,124959,45,6.83
115770,115115,45,5.72
115770,115113,45,5.72
119045,118388,45,5.72
117734,117077,45,5.72
116423,115766,45,5.72
124955,125611,46,6.83
124957,125613,46,6.83
123638,124294,46,6.83
123638,123637,46,6.83
124956,125613,46,6.83
124956,125611,46,6.83
122982,123637,46,6.83
123639,124294,46,6.83
124296,124952,47,6.83
116429,116430,47,5.72
115768,115112,47,5.72
115772,115116,47,5.72
124297,124952,47,6.83
115769,115112,47,5.72
115771,115116,47,5.72
118389,117732,47,5.72
124954,125610,48,6.83
116422,116421,48,5.72
124955,125610,48,6.83
124957,125614,48,6.83
123638,124293,48,6.83
117078,116421,48,5.72
125612,126268,49,6.83
124295,124951,49,6.83
115114,114458,49,5.72
119044,119043,49,5.72
115767,115111,49,5.72
115773,115117,49,5.72
115773,115774,49,5.72
124296,124951,49,6.83
116429,115774,49,5.72
116429,117086,49,5.72
115768,115111,49,5.72
115772,115117,49,5.72
124953,125609,50,6.83
124954,125609,50,6.83
117733,117076,50,5.72
116422,115765,50,5.72
125611,126267,51,6.83
125613,126269,51,6.83
124294,124950,51,6.83
118388,118387,51,5.72
115113,114457,51,5.72
115115,114459,51,5.72
115766,115110,51,5.72
125612,126269,51,6.83
125612,126267,51,6.83
124295,124950,51,6.83
115114,114459,51,5.72
115114,114457,51,5.72
119044,118387,51,5.72
119044,119699,51,5.72
115767,115110,51,5.72
115773,115118,51,5.72
124952,125608,52,6.83
123637,123636,52,5.72
124953,125608,52,6.83
125610,126266,53,6.83
125614,126270,53,6.83
125614,125615,53,6.83
124293,124949,53,6.83
124293,124292,53,6.83
116430,116431,53,5.72
115112,114456,53,5.72
115116,114460,53,5.72
117732,117731,53,5.72
125611,126266,53,6.83
125613,126270,53,6.83
124294,124949,53,6.83
117077,116420,53,5.72
118388,117731,53,5.72
115113,114456,53,5.72
115115,114460,53,5.72
115766,115109,53,5.72
126268,126924,54,6.83
124951,125607,54,6.83
124952,125607,54,6.83
125609,126265,55,6.83
114458,113802,55,5.72
115111,114455,55,5.72
115774,115775,55,5.72
119043,119042,55,5.72
115117,114461,55,5.72
125610,126265,55,6.83
125614,126271,55,6.83
124293,124948,55,6.83
116430,115775,55,5.72
116430,117087,55,5.72
115112,114455,55,5.72
115116,114461,55,5.72
117732,117075,55,5.72
126267,126923,56,6.83
126269,126925,56,6.83
124950,125606,56,6.83
115765,115764,56,5.72
126268,126925,56,6.83
126268,126923,56,6.83
124951,125606,56,6.83
116421,115764,56,5.72
125608,126264,57,6.83
114457,113801,57,5.72
114459,113803,57,5.72
115110,114454,57,5.72
119699,120355,57,5.72
119699,119698,57,5.72
118387,118386,57,5.72
125609,126264,57,6.83
114458,113803,57,5.72
114458,113801,57,5.72
115111,114454,57,5.72
115774,115119,57,5.72
119043,118386,57,5.72
119043,119698,57,5.72
115117,114462,57,5.72
119053,118397,57,0.6
125615,125616,58,6.83
126270,126926,58,6.83
126266,126922,58,6.83
124949,125605,58,6.83
126267,126922,58,6.83
126269,126926,58,6.83
124950,125605,58,6.83
117076,116419,58,5.72
115765,115108,58,5.72
126924,127580,59,6.83
125607,126263,59,6.83
114460,113804,59,5.72
114456,113800,59,5.72
116431,116432,59,5.72
117731,117730,59,5.72
115109,114453,59,5.72
125608,126263,59,6.83
114457,113800,59,5.72
114459,113804,59,5.72
115110,114453,59,5.72
119699,120354,59,5.72
118387,117730,59,5.72
126271,126927,60,6.83
126271,126272,60,6.83
126265,126921,60,6.83
125615,124960,60,6.83
125615,126272,60,6.83
126270,126927,60,6.83
126266,126921,60,6.83
124949,125604,60,6.83
126923,127579,61,6.83
126925,127581,61,6.83
125606,126262,61,6.83
113802,113146,61,5.72
119042,119041,61,5.72
117075,117074,61,5.72
124948,124947,61,5.72
114455,113799,61,5.72
114461,113805,61,5.72
126924,127581,61,6.83
126924,127579,61,6.83
125607,126262,61,6.83
116420,115763,61,5.72
114460,113805,61,5.72
114456,113799,61,5.72
124292,124947,61,5.72
116431,115776,61,5.72
116431,117088,61,5.72
117731,117074,61,5.72
115109,114452,61,5.72
126264,126920,62,6.83
126271,126928,62,6.83
126265,126920,62,6.83
119054,118398,62,0.6
126922,127578,63,6.83
125616,125617,63,6.83
126926,127582,63,6.83
125605,126261,63,6.83
114462,113806,63,5.72
114462,114463,63,5.72
119698,119697,63,5.72
114454,113798,63,5.72
118386,118385,63,5.72
120355,121011,63,5.72
113803,113147,63,5.72
126923,127578,63,6.83
126925,127582,63,6.83
125606,126261,63,6.83
113802,113147,63,5.72
113802,113145,63,5.72
119042,118385,63,5.72
119042,119697,63,5.72
117075,116418,63,5.72
124948,125603,63,5.72
114455,113798,63,5.72
114461,113806,63,5.72
127580,128236,64,6.83
126263,126919,64,6.83
115108,115107,64,5.72
126264,126919,64,6.83
115764,115107,64,5.72
126921,127577,65,6.83
120354,121010,65,5.72
120354,120353,65,5.72
113800,113144,65,5.72
114453,113797,65,5.72
113804,113148,65,5.72
126927,127583,65,6.83
117730,117729,65,5.72
126922,127577,65,6.83
125616,124961,65,6.83
125616,126273,65,6.83
126926,127583,65,6.83
125605,126260,65,6.83
114462,113807,65,5.72
119698,120353,65,5.72
114454,113797,65,5.72
118386,117729,65,5.72
120355,121012,65,5.72
120355,121010,65,5.72
113803,113148,65,5.72
126272,126273,65,6.83
127581,128237,66,6.83
126262,126918,66,6.83
127579,128235,66,6.83
127580,128237,66,6.83
127580,128235,66,6.83
126263,126918,66,6.83
116419,115762,66,5.72
115108,114451,66,5.72
126928,127584,67,6.83
126928,126929,67,6.83
126920,127576,67,6.83
113805,113149,67,5.72
119041,119040,67,5.72
113799,113143,67,5.72
126921,127576,67,6.83
120354,121009,67,5.72
113800,113143,67,5.72
114453,113796,67,5.72
113804,113149,67,5.72
126927,127584,67,6.83
117730,117073,67,5.72
126272,126929,67,6.83
117074,117073,67,5.72
114452,113796,67,5.72
119055,118399,67,0.6
119055,119056,67,0.6
125617,125618,68,6.83
127578,128234,68,6.83
127582,128238,68,6.83
126261,126917,68,6.83
127581,128238,68,6.83
126262,126917,68,6.83
127579,128234,68,6.83
125604,126259,68,5.72
128236,128892,69,6.83
126919,127575,69,6.83
114463,114464,69,5.72
118385,118384,69,5.72
119697,119696,69,5.72
116418,116417,69,5.72
113806,113150,69,5.72
121011,121667,69,5.72
126928,127585,69,6.83
126920,127575,69,6.83
113805,113150,69,5.72
119041,118384,69,5.72
119041,119696,69,5.72
113799,113142,69,5.72
115763,115106,69,5.72
117074,116417,69,5.72
114452,113795,69,5.72
126273,126274,70,6.83
127577,128233,70,6.83
125617,124962,70,6.83
125617,126274,70,6.83
127578,128233,70,6.83
127582,128239,70,6.83
127583,128239,70,6.83
128235,128891,71,6.83
128237,128893,71,6.83
126918,127574,71,6.83
113807,113151,71,5.72
113807,113808,71,5.72
120353,120352,71,5.72
121010,121666,71,5.72
128236,128893,71,6.83
128236,128891,71,6.83
126919,127574,71,6.83
114463,113808,71,5.72
114463,115120,71,5.72
118385,117728,71,5.72
119697,120352,71,5.72
116418,115761,71,5.72
113806,113151,71,5.72
121011,121666,71,5.72
117729,117728,71,5.72
113797,113141,71,5.72
126929,126930,72,6.83
127576,128232,72,6.83
127584,128240,72,6.83
126273,126930,72,6.83
127577,128232,72,6.83
115107,114450,72,5.72
127583,128240,72,6.83
114451,114450,72,5.72
120368,120369,72,0.6
125618,125619,73,6.83
126917,127573,73,6.83
128234,128890,73,6.83
121009,121665,73,5.72
121009,121008,73,5.72
113149,112493,73,5.72
117073,117072,73,5.72
128235,128890,73,6.83
119040,119039,73,5.72
128237,128894,73,6.83
126918,127573,73,6.83
113807,113152,73,5.72
120353,121008,73,5.72
121010,121665,73,5.72
128238,128894,73,6.83
117729,117072,73,5.72
113797,113140,73,5.72
113796,113140,73,5.72
127585,128241,74,6.83
127585,127586,74,6.83
128892,129548,74,6.83
127575,128231,74,6.83
126929,127586,74,6.83
127576,128231,74,6.83
127584,128241,74,6.83
115762,115105,74,5.72
114451,113794,74,5.72
119712,119713,74,0.6
126274,126275,75,6.83
128233,128889,75,6.83
128239,128895,75,6.83
119696,119695,75,5.72
116417,116416,75,5.72
118384,118383,75,5.72
125618,124963,75,6.83
125618,126275,75,6.83
128234,128889,75,6.83
121009,121664,75,5.72
113149,112494,75,5.72
113149,112492,75,5.72
117073,116416,75,5.72
119040,118383,75,5.72
119040,119695,75,5.72
128238,128895,75,6.83
113796,113139,75,5.72
127574,128230,76,6.83
128891,129547,76,6.83
127585,128242,76,6.83
128893,129549,76,6.83
128892,129549,76,6.83
128892,129547,76,6.83
127575,128230,76,6.83
128232,128888,77,6.83
128240,128896,77,6.83
126930,126931,77,6.83
120352,120351,77,5.72
115761,115760,77,5.72
121666,122322,77,5.72
117728,117727,77,5.72
126274,126931,77,6.83
128233,128888,77,6.83
128239,128896,77,6.83
121667,122322,77,5.72
119696,120351,77,5.72
116417,115760,77,5.72
118384,117727,77,5.72
115106,114449,77,5.72
128894,129550,78,6.83
128890,129546,78,6.83
127573,128229,78,6.83
125619,125620,78,6.83
127574,128229,78,6.83
128891,129546,78,6.83
128893,129550,78,6.83
127586,127587,79,6.83
129548,130204,79,6.83
128231,128887,79,6.83
128241,128897,79,6.83
121008,121007,79,5.72
121665,122321,79,5.72
119039,119038,79,5.72
117072,117071,79,5.72
128232,128887,79,6.83
128240,128897,79,6.83
126930,127587,79,6.83
120352,121007,79,5.72
115761,115104,79,5.72
121666,122321,79,5.72
117728,117071,79,5.72
124963,124307,80,6.83
124963,124964,80,6.83
128889,129545,80,6.83
128895,129551,80,6.83
126275,126276,80,6.83
128894,129551,80,6.83
128890,129545,80,6.83
125619,124964,80,6.83
125619,126276,80,6.83
114450,113793,80,5.72
128242,128898,81,6.83
128242,128243,81,6.83
129547,130203,81,6.83
128230,128886,81,6.83
118383,118382,81,5.72
116416,116415,81,5.72
121664,122320,81,5.72
121664,121663,81,5.72
127586,128243,81,6.83
129548,130205,81,6.83
129548,130203,81,6.83
128231,128886,81,6.83
128241,128898,81,6.83
121008,121663,81,5.72
121665,122320,81,5.72
119039,118382,81,5.72
119039,119694,81,5.72
117072,116415,81,5.72
129549,130205,81,6.83
119695,119694,81,5.72
128896,129552,82,6.83
128888,129544,82,6.83
126931,126932,82,6.83
124963,124308,82,6.83
124963,124306,82,6.83
128889,129544,82,6.83
128895,129552,82,6.83
126275,126932,82,6.83
115105,114448,82,5.72
128229,128885,83,6.83
125620,125621,83,6.83
129546,130202,83,6.83
129550,130206,83,6.83
115760,115759,83,5.72
117727,117726,83,5.72
128242,128899,83,6.83
129547,130202,83,6.83
128230,128885,83,6.83
118383,117726,83,5.72
116416,115759,83,5.72
121664,122319,83,5.72
120351,120350,83,5.72
129549,130206,83,6.83
119695,120350,83,5.72
128897,129553,84,6.83
130204,130860,84,6.83
128887,129543,84,6.83
127587,127588,84,6.83
128896,129553,84,6.83
128888,129543,84,6.83
126931,127588,84,6.83
124964,124965,85,6.83
126276,126277,85,6.83
129551,130207,85,6.83
129545,130201,85,6.83
119038,119037,85,5.72
115104,115103,85,5.72
121007,121006,85,5.72
122321,122977,85,5.72
117071,117070,85,5.72
125620,124965,85,6.83
125620,126277,85,6.83
129546,130201,85,6.83
129550,130207,85,6.83
115760,115103,85,5.72
122322,122977,85,5.72
117727,117070,85,5.72
120351,121006,85,5.72
128886,129542,86,6.83
130203,130859,86,6.83
128243,128244,86,6.83
128898,129554,86,6.83
128897,129554,86,6.83
130204,130861,86,6.83
130204,130859,86,6.83
128887,129542,86,6.83
127587,128244,86,6.83
130205,130861,86,6.83
121682,121683,86,0.6
126932,126933,87,6.83
124308,123652,87,6.83
124308,124309,87,6.83
129544,130200,87,6.83
129552,130208,87,6.83
118382,118381,87,5.72
121663,121662,87,5.72
116415,116414,87,5.72
122320,122976,87,5.72
119694,119693,87,5.72
124964,124309,87,6.83
126276,126933,87,6.83
129551,130208,87,6.83
129545,130200,87,6.83
119038,118381,87,5.72
119038,119693,87,5.72
115104,114447,87,5.72
121007,121662,87,5.72
122321,122976,87,5.72
117071,116414,87,5.72
130202,130858,88,6.83
125621,125622,88,6.83
130206,130862,88,6.83
130203,130858,88,6.83
128243,128900,88,6.83
128898,129555,88,6.83
130205,130862,88,6.83
123648,124304,88,0.6
121026,120370,88,0.6
121026,121027,88,0.6
122338,122339,88,0.6
119055,118400,88,0.6
129553,130209,89,6.83
129543,130199,89,6.83
127588,127589,89,6.83
115759,115758,89,5.72
122319,122975,89,5.72
122319,122318,89,5.72
117726,117725,89,5.72
126932,127589,89,6.83
124308,123653,89,6.83
124308,123651,89,6.83
129544,130199,89,6.83
129552,130209,89,6.83
118382,117725,89,5.72
121663,122318,89,5.72
116415,115758,89,5.72
122320,122975,89,5.72
119694,120349,89,5.72
120350,120349,89,5.72
124965,124966,90,6.83
130201,130857,90,6.83
130207,130863,90,6.83
126277,126278,90,6.83
130202,130857,90,6.83
125621,124966,90,6.83
125621,126278,90,6.83
130206,130863,90,6.83
122994,123650,90,0.6
122994,122995,90,0.6
123649,124305,90,0.6
123649,123650,90,0.6
129554,130210,91,6.83
129542,130198,91,6.83
130861,131517,91,6.83
119037,119036,91,5.72
117070,117069,91,5.72
129553,130210,91,6.83
129543,130198,91,6.83
127588,128245,91,6.83
115759,115102,91,5.72
122319,122974,91,5.72
117726,117069,91,5.72
121006,121005,91,5.72
120350,121005,91,5.72
130208,130864,92,6.83
130200,130856,92,6.83
126933,126934,92,6.83
124309,124310,92,6.83
124965,124310,92,6.83
130201,130856,92,6.83
130207,130864,92,6.83
126277,126934,92,6.83
117741,117742,92,0.6
130862,131518,93,6.83
125622,125623,93,6.83
116414,116413,93,5.72
122976,123632,93,5.72
119693,119692,93,5.72
118381,118380,93,5.72
129554,130211,93,6.83
121662,121661,93,5.72
130861,131518,93,6.83
130861,131516,93,6.83
119037,118380,93,5.72
119037,119692,93,5.72
122977,123632,93,5.72
117070,116413,93,5.72
121006,121661,93,5.72
127589,127590,94,6.83
123653,122997,94,6.83
123653,123654,94,6.83
130199,130855,94,6.83
130209,130865,94,6.83
130208,130865,94,6.83
130200,130855,94,6.83
126933,127590,94,6.83
124309,123654,94,6.83
130857,131513,95,6.83
126278,126279,95,6.83
124966,124967,95,6.83
130863,131519,95,6.83
115758,115757,95,5.72
117725,117724,95,5.72
122318,122317,95,5.72
122975,123631,95,5.72
120349,120348,95,5.72
130862,131519,95,6.83
125622,124967,95,6.83
125622,126279,95,6.83
116414,115757,95,5.72
122976,123631,95,5.72
119693,120348,95,5.72
118381,117724,95,5.72
121662,122317,95,5.72
119712,119057,95,0.6
130198,130854,96,6.83
128245,128901,96,6.83
128245,128246,96,6.83
127589,128246,96,6.83
123653,122998,96,6.83
123653,122996,96,6.83
130199,130854,96,6.83
130209,130866,96,6.83
124310,124311,97,6.83
130856,131512,97,6.83
130864,131520,97,6.83
126934,126935,97,6.83
119036,119035,97,5.72
117069,117068,97,5.72
122974,123630,97,5.72
122974,122973,97,5.72
121005,121004,97,5.72
130857,131514,97,6.83
130857,131512,97,6.83
126278,126935,97,6.83
124966,124311,97,6.83
130863,131520,97,6.83
115758,115101,97,5.72
117725,117068,97,5.72
122318,122973,97,5.72
122975,123630,97,5.72
120349,121004,97,5.72
125623,125624,98,6.83
128245,128902,98,6.83
127590,127591,99,6.83
130855,131511,99,6.83
123654,123655,99,6.83
119692,119691,99,5.72
118380,118379,99,5.72
123632,124288,99,5.72
116413,116412,99,5.72
124310,123655,99,6.83
130856,131511,99,6.83
130864,131521,99,6.83
126934,127591,99,6.83
119036,118379,99,5.72
119036,119691,99,5.72
117069,116412,99,5.72
122974,123629,99,5.72
121005,121660,99,5.72
121661,121660,99,5.72
124967,124968,100,6.83
126279,126280,100,6.83
125623,124968,100,6.83
125623,126280,100,6.83
128901,129557,101,6.83
128246,128247,101,6.83
130854,131510,101,6.83
123631,124287,101,5.72
115757,115756,101,5.72
131513,132169,101,5.72
120348,120347,101,5.72
117724,117723,101,5.72
122317,122316,101,5.72
127590,128247,101,6.83
130855,131510,101,6.83
123654,122999,101,6.83
119692,120347,101,5.72
118380,117723,101,5.72
123632,124289,101,5.72
123632,124287,101,5.72
116413,115756,101,5.72
121661,122316,101,5.72
124311,124312,102,6.83
131512,132168,102,6.83
126935,126936,102,6.83
124967,124312,102,6.83
126279,126936,102,6.83
125624,125625,103,6.83
128902,129558,103,6.83
128902,128903,103,6.83
119035,119034,103,5.72
117068,117067,103,5.72
122973,122972,103,5.72
123630,124286,103,5.72
121004,121003,103,5.72
128901,129558,103,6.83
128901,129556,103,6.83
128246,128903,103,6.83
123631,124286,103,5.72
115757,115100,103,5.72
131513,132170,103,5.72
120348,121003,103,5.72
117724,117067,103,5.72
131514,132170,103,5.72
131514,131515,103,5.72
122317,122972,103,5.72
127591,127592,104,6.83
123655,123656,104,6.83
124311,123656,104,6.83
126935,127592,104,6.83
126280,126281,105,6.83
124968,124969,105,6.83
124288,124944,105,5.72
116412,116411,105,5.72
119691,119690,105,5.72
118379,118378,105,5.72
123629,124285,105,5.72
121660,121659,105,5.72
125624,124969,105,6.83
125624,126281,105,6.83
128902,129559,105,6.83
119035,118378,105,5.72
119035,119690,105,5.72
117068,116411,105,5.72
123630,124285,105,5.72
121004,121659,105,5.72
131514,132171,105,5.72
122999,122343,106,6.83
122999,123000,106,6.83
128247,128248,106,6.83
127591,128248,106,6.83
123655,123000,106,6.83
117087,117743,106,0.6
124312,124313,107,6.83
126936,126937,107,6.83
132169,132825,107,5.72
115756,115755,107,5.72
120347,120346,107,5.72
117723,117722,107,5.72
124287,124943,107,5.72
124289,124945,107,5.72
126280,126937,107,6.83
124968,124313,107,6.83
124288,124945,107,5.72
124288,124943,107,5.72
116412,115755,107,5.72
119691,120346,107,5.72
118379,117722,107,5.72
121660,122315,107,5.72
122316,122315,107,5.72
125625,125626,108,6.83
128903,128904,108,6.83
129558,130214,108,6.83
132168,132824,108,5.72
122999,122344,108,6.83
122999,122342,108,6.83
128247,128904,108,6.83
123656,123657,109,6.83
127592,127593,109,6.83
117067,117066,109,5.72
124286,124942,109,5.72
119034,119033,109,5.72
121003,121002,109,5.72
124312,123657,109,6.83
126936,127593,109,6.83
122972,122971,109,5.72
132169,132826,109,5.72
115756,115099,109,5.72
120347,121002,109,5.72
117723,117066,109,5.72
124287,124942,109,5.72
132170,132826,109,5.72
122316,122971,109,5.72
121026,120371,109,0.6
129559,130215,110,6.83
129559,129560,110,6.83
126281,126282,110,6.83
124969,124970,110,6.83
125625,124970,110,6.83
125625,126282,110,6.83
128903,129560,110,6.83
129558,130215,110,6.83
129558,130213,110,6.83
116432,116433,110,0.6
128248,128249,111,6.83
123000,123001,111,6.83
116411,116410,111,5.72
119690,119689,111,5.72
124285,124941,111,5.72
121659,121658,111,5.72
118378,118377,111,5.72
132171,132827,111,5.72
132171,132172,111,5.72
123656,123001,111,6.83
127592,128249,111,6.83
117067,116410,111,5.72
124286,124941,111,5.72
119034,118377,111,5.72
119034,119689,111,5.72
131515,132172,111,5.72
121003,121658,111,5.72
132170,132827,111,5.72
126937,126938,112,6.83
124313,124314,112,6.83
129559,130216,112,6.83
126281,126938,112,6.83
124969,124314,112,6.83
113146,112490,112,0.6
117088,117744,112,0.6
117088,117089,112,0.6
115776,115777,112,0.6
125626,125627,113,6.83
128904,128905,113,6.83
124945,125601,113,5.72
132825,133481,113,5.72
115755,115754,113,5.72
120346,120345,113,5.72
117722,117721,113,5.72
122315,122314,113,5.72
128248,128905,113,6.83
123000,122345,113,6.83
116411,115754,113,5.72
124944,125601,113,5.72
119690,120345,113,5.72
124285,124940,113,5.72
121659,122314,113,5.72
118378,117721,113,5.72
132171,132828,113,5.72
127593,127594,114,6.83
123657,123658,114,6.83
132824,133480,114,5.72
126937,127594,114,6.83
124313,123658,114,6.83
113147,112491,114,0.6
113145,112489,114,0.6
130215,130871,115,6.83
126282,126283,115,6.83
124970,124971,115,6.83
129560,129561,115,6.83
132826,133482,115,5.72
119033,119032,115,5.72
121002,121001,115,5.72
117066,117065,115,5.72
122971,122970,115,5.72
125626,124971,115,6.83
125626,126283,115,6.83
128904,129561,115,6.83
132825,133482,115,5.72
115755,115098,115,5.72
120346,121001,115,5.72
117722,117065,115,5.72
122315,122970,115,5.72
123001,123002,116,6.83
128249,128250,116,6.83
127593,128250,116,6.83
123657,123002,116,6.83
132824,133479,116,5.72
113144,112488,116,0.6
126938,126939,117,6.83
124314,124315,117,6.83
118377,118376,117,5.72
132172,132173,117,5.72
124941,125597,117,5.72
119689,119688,117,5.72
116410,116409,117,5.72
121658,121657,117,5.72
132827,133483,117,5.72
130215,130872,117,6.83
130215,130870,117,6.83
126282,126939,117,6.83
124970,124315,117,6.83
129560,130217,117,6.83
132826,133483,117,5.72
119033,118376,117,5.72
119033,119688,117,5.72
121002,121657,117,5.72
117066,116409,117,5.72
124942,125597,117,5.72
122971,123626,117,5.72
125627,125628,118,6.83
128905,128906,118,6.83
123001,122346,118,6.83
128249,128906,118,6.83
113143,112487,118,0.6
122345,121689,118,6.83
122345,122346,118,6.83
127594,127595,119,6.83
123658,123659,119,6.83
120345,120344,119,5.72
115754,115753,119,5.72
125601,126257,119,5.72
133481,134137,119,5.72
124940,125596,119,5.72
122314,122313,119,5.72
117721,117720,119,5.72
132828,133484,119,5.72
132828,132829,119,5.72
126938,127595,119,6.83
124314,123659,119,6.83
118377,117720,119,5.72
132172,132829,119,5.72
124941,125596,119,5.72
119689,120344,119,5.72
116410,115753,119,5.72
121658,122313,119,5.72
132827,133484,119,5.72
126283,126284,120,6.83
124971,124972,120,6.83
133480,134136,120,5.72
125627,124972,120,6.83
125627,126284,120,6.83
128905,129562,120,6.83
113142,112486,120,0.6
114464,114465,120,0.6
122345,121690,120,6.83
122345,121688,120,6.83
123002,123003,121,6.83
119032,119031,121,5.72
133482,134138,121,5.72
117065,117064,121,5.72
122970,122969,121,5.72
121001,121000,121,5.72
127594,128251,121,6.83
123658,123003,121,6.83
120345,121000,121,5.72
115754,115097,121,5.72
133481,134138,121,5.72
122314,122969,121,5.72
117721,117064,121,5.72
132828,133485,121,5.72
126939,126940,122,6.83
124315,124316,122,6.83
126283,126940,122,6.83
124971,124316,122,6.83
115120,115121,122,0.6
113808,113809,122,0.6
113151,112495,122,0.6
113141,112485,122,0.6
122346,122347,123,6.83
125628,125629,123,6.83
119688,119687,123,5.72
118376,118375,123,5.72
133483,134139,123,5.72
116409,116408,123,5.72
123626,123625,123,5.72
123002,122347,123,6.83
119032,118375,123,5.72
119032,119687,123,5.72
133482,134139,123,5.72
117065,116408,123,5.72
122970,123625,123,5.72
121001,121656,123,5.72
123659,123660,124,6.83
126939,127596,124,6.83
124315,123660,124,6.83
112493,111837,124,0.6
113152,112496,124,0.6
113152,113153,124,0.6
113140,112484,124,0.6
126284,126285,125,6.83
124972,124973,125,6.83
117720,117719,125,5.72
120344,120343,125,5.72
115753,115752,125,5.72
133484,134140,125,5.72
122346,121691,125,6.83
125628,124973,125,6.83
125628,126285,125,6.83
119688,120343,125,5.72
118376,117719,125,5.72
133483,134140,125,5.72
116409,115752,125,5.72
123626,124281,125,5.72
115098,114442,125,3.12
134137,134793,125,5.72
113794,113138,125,0.6
119713,119714,125,0.6
123003,123004,126,6.83
134136,134792,126,5.72
123659,123004,126,6.83
112492,111836,126,0.6
112494,111838,126,0.6
113139,112483,126,0.6
124316,124317,127,6.83
117064,117063,127,5.72
134138,134794,127,5.72
133485,134141,127,5.72
133485,133486,127,5.72
126284,126941,127,6.83
124972,124317,127,6.83
117720,117063,127,5.72
120344,120999,127,5.72
115753,115096,127,5.72
133484,134141,127,5.72
134137,134794,127,5.72
122347,122348,128,6.83
125629,125630,128,6.83
123003,122348,128,6.83
123660,123661,129,6.83
134139,134795,129,5.72
116408,116407,129,5.72
124316,123661,129,6.83
117064,116407,129,5.72
134138,134795,129,5.72
133485,132830,129,5.72
133485,134142,129,5.72
115098,114443,129,3.12
115098,114441,129,3.12
124973,124974,130,6.83
122347,121692,130,6.83
125629,124974,130,6.83
125629,126286,130,6.83
121691,121035,130,6.83
121691,121692,130,6.83
126285,126286,130,6.83
123004,123005,131,6.83
124281,124280,131,5.72
134140,134796,131,5.72
115752,115751,131,5.72
123660,123005,131,6.83
134793,135449,131,5.72
134139,134796,131,5.72
116408,115751,131,5.72
113793,113137,131,0.6
113793,113792,131,0.6
124317,124318,132,6.83
124973,124318,132,6.83
121691,121036,132,6.83
121691,121034,132,6.83
126285,126942,132,6.83
122348,122349,133,6.83
120999,121655,133,5.72
120999,120998,133,5.72
134794,135450,133,5.72
134141,134797,133,5.72
123004,122349,133,6.83
124281,123624,133,5.72
124281,124936,133,5.72
134140,134797,133,5.72
115752,115095,133,5.72
134793,135450,133,5.72
125630,125631,133,6.83
117088,117745,133,0.6
123661,123662,134,6.83
124317,123662,134,6.83
134795,135451,135,5.72
122348,121693,135,6.83
120999,120342,135,5.72
120999,121654,135,5.72
134794,135451,135,5.72
134141,134798,135,5.72
121692,121693,135,6.83
115097,114440,135,3.12
126286,126287,135,6.83
124974,124975,135,6.83
125630,124975,135,6.83
125630,126287,135,6.83
123005,123006,136,6.83
123661,123006,136,6.83
134795,135452,137,5.72
135449,136105,137,5.72
124318,124319,137,6.83
121692,121037,137,6.83
126286,126943,137,6.83
124974,124319,137,6.83
121683,121684,137,0.6
125631,125632,138,6.83
123005,122350,138,6.83
114447,113791,138,0.6
114447,114446,138,0.6
122349,122350,138,6.83
135450,136106,139,5.72
114441,113785,139,3.12
135449,136106,139,5.72
135449,136104,139,5.72
124318,123663,139,6.83
123662,123663,139,6.83
121027,121028,139,0.6
118400,118401,139,0.6
122339,122340,139,0.6
119056,118401,139,0.6
124975,124976,140,6.83
125631,124976,140,6.83
125631,126288,140,6.83
121693,121694,140,6.83
122349,121694,140,6.83
135450,136107,141,5.72
115751,115750,141,3.12
115096,114439,141,3.12
123006,123007,141,6.83
123662,123007,141,6.83
124319,124320,142,6.83
124975,124320,142,6.83
121693,121038,142,6.83
125632,125633,143,6.83
115095,115094,143,3.12
114441,113786,143,3.12
114441,113784,143,3.12
123006,122351,143,6.83
136105,136761,143,5.72
123663,123664,144,6.83
124319,123664,144,6.83
131518,132174,144,0.6
130211,130867,144,0.6
130211,130212,144,0.6
124976,124977,145,6.83
136104,136760,145,5.72
125632,124977,145,6.83
125632,126289,145,6.83
115751,116406,145,3.12
136105,136762,145,5.72
136105,136760,145,5.72
122997,122341,145,0.6
113152,112497,145,0.6
123663,123008,146,6.83
131519,132175,146,0.6
119057,119058,146,0.6
119713,119058,146,0.6
124320,124321,147,6.83
124976,124321,147,6.83
136104,136759,147,5.72
121037,120381,147,3.12
115095,114438,147,3.12
130866,131522,147,0.6
112492,111835,147,0.6
112494,111839,147,0.6
113139,112482,147,0.6
125633,125634,148,6.83
115101,114445,148,0.6
131520,132176,148,0.6
124320,123665,149,6.83
113785,113129,149,3.12
114440,113783,149,3.12
124977,124978,150,6.83
125633,124978,150,6.83
125633,126290,150,6.83
121694,121695,150,3.12
131521,132177,150,0.6
136760,137416,151,5.72
115750,115749,151,3.12
121037,120382,151,3.12
121037,120380,151,3.12
124321,124322,152,6.83
124977,124322,152,6.83
121038,121039,152,3.12
113793,113136,152,0.6
136759,137415,153,5.72
136759,136758,153,5.72
136760,137417,153,5.72
136760,137415,153,5.72
115094,115093,153,3.12
122351,122352,153,3.12
113784,113128,153,3.12
113785,113130,153,3.12
113785,113128,153,3.12
124321,123666,154,6.83
115100,114444,154,0.6
124978,124979,155,6.83
136759,136102,155,5.72
136759,137414,155,5.72
115750,116405,155,3.12
114439,113782,155,3.12
121038,120383,156,3.12
123008,123009,156,3.12
124978,124323,157,6.83
124978,125635,157,6.83
114438,114437,157,3.12
120381,119725,157,3.12
115094,114437,157,3.12
122351,121696,157,3.12
113784,113127,157,3.12
122343,121687,157,0.6
137415,138071,159,5.72
113129,112473,159,3.12
114447,113790,159,0.6
122342,121686,159,0.6
123008,122353,160,3.12
120371,119715,160,0.6
120371,120372,160,0.6
121027,120372,160,0.6
120370,119715,160,0.6
137414,138070,161,5.72
137415,138072,161,5.72
137415,138070,161,5.72
115749,115748,161,3.12
120382,119726,161,3.12
114438,113781,161,3.12
120381,119726,161,3.12
120381,119724,161,3.12
130213,130869,161,0.6
116433,116434,161,0.6
121039,121040,162,3.12
137414,138069,163,5.72
115093,115092,163,3.12
123665,123010,163,3.12
113783,113126,163,3.12
113129,112474,163,3.12
113129,112472,163,3.12
113128,112472,163,3.12
112490,111834,163,0.6
117089,117090,163,0.6
115777,115778,163,0.6
123666,123667,164,3.12
115749,116404,165,3.12
120382,119727,165,3.12
112489,111833,165,0.6
130211,130868,165,0.6
120383,120384,166,3.12
121039,120384,166,3.12
130871,131527,166,0.6
138070,138726,167,5.72
119725,119069,167,3.12
114437,114436,167,3.12
121696,121697,167,3.12
122352,121697,167,3.12
115093,114436,167,3.12
113128,112471,167,3.12
112488,111832,167,0.6
113127,112471,167,3.12
119057,118402,167,0.6
123666,123011,168,3.12
130872,131528,168,0.6
130872,130873,168,0.6
130870,131526,168,0.6
130217,130873,168,0.6
130217,130218,168,0.6
130866,131523,168,0.6
138069,138725,169,5.72
138069,138068,169,5.72
138070,138727,169,5.72
138070,138725,169,5.72
113782,113125,169,3.12
128906,128907,169,0.6
112487,111831,169,0.6
121689,121033,169,0.6
120383,119728,170,3.12
123009,122354,170,3.12
122353,122354,170,3.12
122313,122312,170,0.6
138069,138724,171,5.72
119726,119070,171,3.12
119725,119070,171,3.12
119725,119068,171,3.12
114437,113780,171,3.12
121696,121041,171,3.12
113781,113780,171,3.12
115748,115747,171,3.12
129562,129563,171,0.6
114465,114466,171,0.6
121688,121032,171,0.6
113127,112470,171,3.12
131521,132178,171,0.6
112486,111830,171,0.6
128251,128252,172,0.6
122969,122968,172,0.6
119031,119030,172,0.6
115092,115091,173,3.12
112485,111829,173,0.6
113809,113810,173,0.6
115121,115122,173,0.6
122353,121698,174,3.12
119687,119686,174,0.6
118375,118374,174,0.6
138725,139381,175,5.72
119727,119071,175,3.12
119726,119071,175,3.12
113781,113124,175,3.12
116404,117060,175,3.12
116404,116403,175,3.12
115748,116403,175,3.12
111837,111181,175,0.6
127596,127597,175,0.6
113153,113154,175,0.6
112484,111828,175,0.6
112496,111840,175,0.6
120384,120385,176,3.12
121040,120385,176,3.12
117719,117718,176,0.6
138724,138723,177,5.72
138068,138723,177,5.72
138725,139382,177,5.72
119069,118413,177,3.12
123010,122355,177,3.12
113126,112469,177,3.12
114436,114435,177,3.12
115092,114435,177,3.12
111836,111180,177,0.6
112483,111827,177,0.6
111838,111182,177,0.6
123011,123012,178,3.12
133486,133487,178,0.6
117063,117062,178,0.6
138724,139379,179,5.72
119727,119072,179,3.12
116404,117061,179,3.12
116404,117059,179,3.12
119728,119729,180,3.12
120384,119729,180,3.12
134142,134143,180,0.6
132830,132831,180,0.6
114443,113787,180,0.6
122342,121685,180,0.6
139381,140037,181,5.72
115747,115746,181,3.12
119070,118414,181,3.12
121041,121042,181,3.12
119068,118412,181,3.12
119068,119067,181,3.12
119069,118414,181,3.12
119069,118412,181,3.12
121697,121042,181,3.12
113780,113779,181,3.12
114436,113779,181,3.12
121035,120379,181,0.6
120371,119716,181,0.6
123011,122356,182,3.12
123011,123668,182,3.12
113137,112481,182,0.6
124280,124279,182,0.6
138723,138722,183,5.72
139381,140038,183,5.72
115091,115090,183,3.12
113125,112468,183,3.12
126942,127598,183,0.6
121034,120378,183,0.6
121698,121699,184,3.12
119728,119073,184,3.12
121655,122311,184,0.6
120998,120997,184,0.6
123624,123623,184,0.6
122354,121699,184,3.12
134797,135453,184,0.6
117745,117746,184,0.6
117089,117746,184,0.6
124936,124935,184,0.6
139379,139378,185,5.72
138723,138066,185,5.72
138723,139378,185,5.72
119071,118415,185,3.12
113124,113123,185,3.12
115747,116402,185,3.12
119070,118415,185,3.12
121041,120386,185,3.12
119068,118411,185,3.12
119068,119723,185,3.12
113780,113123,185,3.12
116403,116402,185,3.12
120342,120341,186,0.6
134798,135454,186,0.6
134798,134799,186,0.6
121654,122310,186,0.6
121654,121653,186,0.6
118413,117757,187,3.12
114435,114434,187,3.12
115091,114434,187,3.12
121698,121043,188,3.12
135452,136108,188,0.6
126943,127599,188,0.6
126943,126944,188,0.6
138722,138721,189,5.72
140037,140694,189,5.72
119072,118416,189,3.12
119071,118416,189,3.12
113124,112467,189,3.12
113791,113135,189,0.6
116403,117058,189,3.12
130872,131529,189,0.6
130870,131525,189,0.6
130217,130874,189,0.6
119729,119730,190,3.12
120385,119730,190,3.12
121028,121029,190,0.6
118414,117758,191,3.12
113779,113778,191,3.12
118413,117758,191,3.12
118413,117756,191,3.12
114435,113778,191,3.12
115746,115745,191,3.12
122355,121700,191,3.12
122356,122357,192,3.12
136107,136763,192,0.6
129562,130219,192,0.6
121688,121031,192,0.6
119072,118417,193,3.12
115090,115089,193,3.12
128251,128908,193,0.6
119073,119074,194,3.12
119729,119074,194,3.12
118415,117759,195,3.12
116402,116401,195,3.12
118414,117759,195,3.12
113779,113122,195,3.12
120386,120387,195,3.12
121042,120387,195,3.12
115746,116401,195,3.12
122356,121701,196,3.12
122356,123013,196,3.12
126289,126945,196,0.6
136762,137418,196,0.6
112497,111841,196,0.6
112497,112498,196,0.6
127596,128253,196,0.6
113153,112498,196,0.6
112496,111841,196,0.6
114434,114433,197,3.12
115090,114433,197,3.12
119058,119059,197,0.6
119714,119059,197,0.6
121043,121044,198,3.12
119073,118418,198,3.12
111835,111179,198,0.6
112482,111826,198,0.6
111839,111183,198,0.6
121699,121044,198,3.12
111836,111179,198,0.6
112483,111826,198,0.6
111838,111183,198,0.6
118416,117760,199,3.12
118415,117760,199,3.12
116402,117057,199,3.12
120386,119731,199,3.12
114445,113789,199,0.6
132176,132832,199,0.6
117758,117102,201,3.12
115745,115744,201,3.12
114434,113777,201,3.12
126290,126946,201,0.6
126290,126291,201,0.6
132177,132833,201,0.6
114443,113788,201,0.6
121043,120388,202,3.12
118417,117761,203,3.12
115089,115088,203,3.12
118416,117761,203,3.12
113136,112480,203,0.6
113137,112480,203,0.6
119074,119075,204,3.12
119730,119075,204,3.12
113130,113131,204,0.6
121034,120377,204,0.6
137417,138073,204,0.6
117759,117103,205,3.12
116401,116400,205,3.12
117758,117103,205,3.12
117758,117101,205,3.12
115745,116400,205,3.12
121700,121045,205,3.12
123624,122967,205,0.6
124936,125591,205,0.6
121701,121702,206,3.12
124979,124980,206,0.6
114433,114432,207,3.12
118417,117762,207,3.12
115089,114432,207,3.12
120342,119685,207,0.6
134798,135455,207,0.6
121654,122309,207,0.6
118418,118419,208,3.12
119074,118419,208,3.12
124323,124324,208,0.6
125635,125636,208,0.6
117760,117104,209,3.12
119731,119732,209,3.12
117759,117104,209,3.12
120387,119732,209,3.12
116401,117056,209,3.12
135452,136109,209,0.6
126943,127600,209,0.6
121701,121046,210,3.12
121701,122358,210,3.12
113790,113134,210,0.6
112473,111817,210,0.6
113791,113134,210,0.6
121686,121030,210,0.6
114433,113776,211,3.12
115744,115743,211,3.12
120372,120373,211,0.6
121028,120373,211,0.6
118418,117763,212,3.12
120388,120389,212,3.12
121044,120389,212,3.12
138072,138728,212,0.6
116434,116435,212,0.6
115088,115087,213,3.12
117761,117105,213,3.12
117760,117105,213,3.12
119731,119076,213,3.12
136107,136764,213,0.6
112474,111818,214,0.6
112474,112475,214,0.6
111834,111178,214,0.6
115778,115779,214,0.6
117090,117091,214,0.6
112472,111816,214,0.6
117102,116445,215,3.12
115744,116399,215,3.12
116400,116399,215,3.12
120388,119733,216,3.12
111833,111177,216,0.6
130868,131524,216,0.6
130867,131524,216,0.6
114432,114431,217,3.12
117762,117106,217,3.12
115088,114431,217,3.12
117761,117106,217,3.12
131527,132183,217,0.6
136762,137419,217,0.6
112497,111842,217,0.6
125591,124934,218,3.53
119075,118420,218,3.12
118402,118403,218,0.6
111832,111176,218,0.6
112471,111815,218,0.6
119058,118403,218,0.6
116400,117055,219,3.12
131528,132184,219,0.6
131526,132182,219,0.6
131523,132179,219,0.6
131522,132179,219,0.6
112482,111825,219,0.6
111839,111184,219,0.6
138727,139383,220,0.6
111831,111175,220,0.6
113776,113120,221,3.12
113776,113775,221,3.12
114432,113775,221,3.12
117762,117107,221,3.12
115743,115742,221,3.12
117763,117764,222,3.12
120389,120390,222,3.12
129563,129564,222,0.6
132178,132834,222,0.6
112470,111814,222,0.6
111830,111174,222,0.6
126290,126947,222,0.6
132177,132834,222,0.6
121032,120376,222,0.6
114466,114467,222,0.6
117105,116449,223,3.12
117104,116449,223,3.12
119732,119077,223,3.12
115087,115086,223,3.12
119030,119029,223,0.6
111829,111173,224,0.6
113810,113811,224,0.6
113136,112479,224,0.6
115122,115123,224,0.6
116399,116398,225,3.12
113776,113121,225,3.12
113776,113119,225,3.12
118374,118373,225,0.6
115743,116398,225,3.12
137417,138074,225,0.6
119733,119734,226,3.12
117763,117108,226,3.12
120389,119734,226,3.12
113154,113155,226,0.6
111828,111172,226,0.6
117060,117716,226,0.6
111181,110525,226,0.6
114431,114430,227,3.12
117106,116450,227,3.12
117105,116450,227,3.12
115087,114430,227,3.12
117718,117717,227,0.6
111180,110524,228,0.6
111827,111171,228,0.6
112469,111813,228,0.6
111182,110526,228,0.6
117055,117711,229,3.12
117055,117054,229,3.12
116399,117054,229,3.12
133487,133488,229,0.6
125635,126292,229,0.6
119733,119078,230,3.12
117059,117715,230,0.6
117107,116451,231,3.12
115742,115741,231,3.12
114431,113774,231,3.12
117106,116451,231,3.12
134143,134144,231,0.6
113790,113133,231,0.6
119067,119066,232,0.6
119716,119060,232,0.6
119716,119717,232,0.6
120372,119717,232,0.6
119715,119060,232,0.6
116449,115793,233,3.12
119077,118421,233,3.12
117055,117712,233,3.12
117055,117710,233,3.12
123668,123669,233,0.6
115086,115085,233,3.12
138072,138729,233,0.6
124279,124278,233,0.6
140038,140039,234,0.6
112468,111812,234,0.6
127598,128254,234,0.6
120378,119722,234,0.6
116398,116397,235,3.12
117107,116452,235,3.12
115742,116397,235,3.12
120997,120996,235,0.6
123623,123622,235,0.6
112474,111819,235,0.6
117746,117747,235,0.6
117090,117747,235,0.6
119734,119735,236,3.12
118411,117755,236,0.6
118411,118410,236,0.6
116450,115794,237,3.12
116449,115794,237,3.12
119077,118422,237,3.12
120341,120340,237,0.6
121653,121652,237,0.6
122310,122966,237,0.6
134799,134800,237,0.6
115086,114429,237,3.12
135454,136110,237,0.6
116398,117053,239,3.12
127599,128255,239,0.6
119078,119079,240,3.12
119734,119079,240,3.12
119734,120391,240,3.12
131525,132181,240,0.6
112467,111811,240,0.6
112467,112466,240,0.6
131529,132185,240,0.6
131529,131530,240,0.6
130874,131530,240,0.6
130874,130875,240,0.6
131528,132185,240,0.6
131526,132181,240,0.6
130218,130875,240,0.6
130873,131530,240,0.6
131523,132180,240,0.6
117058,117714,240,0.6
140694,141350,240,0.6
140694,140695,240,0.6
115741,115740,241,3.12
116451,115795,241,3.12
116450,115795,241,3.12
138727,139384,241,0.6
117756,117100,242,0.6
115085,115084,243,3.12
130219,130220,243,0.6
129563,130220,243,0.6
132178,132835,243,0.6
121031,120375,243,0.6
121032,120375,243,0.6
119078,118423,244,3.12
128908,128909,244,0.6
128252,128909,244,0.6
116452,115796,245,3.12
116452,116453,245,3.12
116397,116396,245,3.12
115741,116396,245,3.12
116451,115796,245,3.12
115794,115138,247,3.12
115793,115138,247,3.12
115085,114428,247,3.12
126945,127601,247,0.6
111841,111185,247,0.6
112498,112499,247,0.6
123013,123014,247,0.6
113154,112499,247,0.6
111840,111185,247,0.6
116452,115797,249,3.12
116452,117109,249,3.12
116397,117052,249,3.12
111179,110523,249,0.6
111826,111170,249,0.6
111183,110527,249,0.6
111180,110523,249,0.6
111827,111170,249,0.6
111182,110527,249,0.6
119079,119080,250,3.12
117057,117713,250,0.6
115740,115739,251,3.12
115795,115139,251,3.12
115794,115139,251,3.12
113788,113132,252,0.6
132833,133489,252,0.6
126946,127602,252,0.6
113787,113132,252,0.6
119716,119061,253,0.6
119079,118424,254,3.12
119079,119736,254,3.12
112480,111824,254,0.6
112481,111824,254,0.6
123668,124325,254,0.6
116453,116454,255,3.12
115796,115140,255,3.12
115740,115083,255,3.12
115740,116395,255,3.12
115795,115140,255,3.12
120377,119721,255,0.6
120378,119721,255,0.6
121702,121703,257,0.6
124980,124981,257,0.6
118411,117754,257,0.6
122309,122965,258,0.6
122309,122308,258,0.6
119685,119684,258,0.6
120341,119684,258,0.6
121653,122308,258,0.6
122310,122965,258,0.6
134799,135456,258,0.6
135455,136111,258,0.6
135455,135456,258,0.6
135454,136111,258,0.6
116453,115798,259,3.12
116453,117110,259,3.12
115796,115141,259,3.12
125636,125637,259,0.6
136109,136765,260,0.6
127600,128256,260,0.6
136108,136765,260,0.6
127599,128256,260,0.6
122358,122359,261,0.6
121046,121047,261,0.6
111817,111161,261,0.6
112467,111810,261,0.6
131529,132186,261,0.6
113135,112478,261,0.6
130874,131531,261,0.6
113134,112478,261,0.6
121030,120374,261,0.6
140694,141351,261,0.6
140694,141349,261,0.6
116435,116436,263,0.6
117756,117099,263,0.6
136764,137420,264,0.6
136763,137420,264,0.6
130219,130876,264,0.6
111818,111162,265,0.6
111178,110522,265,0.6
115779,115780,265,0.6
117091,117092,265,0.6
111816,111160,265,0.6
128908,129565,265,0.6
112475,112476,265,0.6
116445,115789,266,0.6
116445,116444,266,0.6
122359,123015,267,5.72
122359,122360,267,5.72
111177,110521,267,0.6
113122,112465,267,0.6
137419,138075,268,0.6
111842,111186,268,0.6
111842,111843,268,0.6
132183,132839,268,0.6
111841,111186,268,0.6
128253,128910,268,0.6
112498,111843,268,0.6
123013,123670,268,0.6
137418,138075,268,0.6
122359,121704,269,5.72
122359,123016,269,5.72
115140,114485,269,3.12
124934,124933,269,0.6
111815,111159,269,0.6
111176,110520,269,0.6
118403,118404,269,0.6
119059,118404,269,0.6
111184,110528,270,0.6
132182,132838,270,0.6
111826,111169,270,0.6
111183,110528,270,0.6
111825,111169,270,0.6
132184,132840,270,0.6
111175,110519,271,0.6
113120,112464,272,0.6
122360,122361,273,5.72
117764,117765,273,0.6
111814,111158,273,0.6
111174,110518,273,0.6
132834,133490,273,0.6
126947,127603,273,0.6
126947,126948,273,0.6
114467,114468,273,0.6
132833,133490,273,0.6
126291,126948,273,0.6
126946,127603,273,0.6
120376,119720,273,0.6
119029,119028,274,0.6
123016,123672,275,5.72
123016,123017,275,5.72
121704,121048,275,5.72
121704,121705,275,5.72
124933,124277,275,5.72
124933,125589,275,5.72
124933,124932,275,5.72
122360,121705,275,5.72
122360,123017,275,5.72
111173,110517,275,0.6
113811,113812,275,0.6
115123,115124,275,0.6
112480,111823,275,0.6
112479,111823,275,0.6
113119,112463,276,0.6
113119,113118,276,0.6
138074,138730,276,0.6
118373,118372,276,0.6
138073,138730,276,0.6
123016,123673,277,5.72
123016,123671,277,5.72
121704,121049,277,5.72
124933,124276,277,5.72
124933,125588,277,5.72
113155,113156,277,0.6
111172,110516,277,0.6
110525,109869,277,0.6
111171,110515,279,0.6
111813,111157,279,0.6
122309,122964,279,0.6
110524,109868,279,0.6
110526,109870,279,0.6
135455,136112,279,0.6
117711,118367,280,0.6
125636,126293,280,0.6
126292,126293,280,0.6
124932,124931,281,5.72
123017,123018,281,5.72
125589,126245,281,5.72
117715,118371,281,0.6
136109,136766,281,0.6
127600,128257,281,0.6
113774,113773,282,0.6
134144,134145,282,0.6
113133,112477,282,0.6
113134,112477,282,0.6
124932,124275,283,5.72
124932,125587,283,5.72
123017,122362,283,5.72
123017,123674,283,5.72
125589,126244,283,5.72
119066,119065,283,0.6
119717,119718,283,0.6
120373,119718,283,0.6
117710,118366,284,0.6
117710,117709,284,0.6
117712,118368,284,0.6
138729,139385,284,0.6
138728,139385,284,0.6
140039,140040,285,0.6
111812,111156,285,0.6
136764,137421,285,0.6
111819,111163,286,0.6
111819,111820,286,0.6
120996,120995,286,0.6
111818,111163,286,0.6
117091,117748,286,0.6
123622,123621,286,0.6
117747,117748,286,0.6
112475,111820,286,0.6
126245,126901,287,5.72
118410,118409,287,0.6
116445,115788,287,0.6
118422,117766,288,0.6
121652,121651,288,0.6
120340,120339,288,0.6
134800,134801,288,0.6
122362,121706,289,5.72
122362,122363,289,5.72
126245,126900,289,5.72
137419,138076,289,0.6
111842,111187,289,0.6
128255,128911,290,0.6
137421,138077,291,5.72
137421,137422,291,5.72
122362,121707,291,5.72
122362,123019,291,5.72
125588,126243,291,3.12
111811,111155,291,0.6
141350,142006,291,0.6
132185,132841,291,0.6
132180,132836,291,0.6
120391,120392,291,0.6
132179,132836,291,0.6
111184,110529,291,0.6
132182,132837,291,0.6
111825,111168,291,0.6
117714,118370,291,0.6
132181,132837,291,0.6
140695,140696,291,0.6
132184,132841,291,0.6
137421,138078,293,5.72
125587,125586,293,3.12
132835,133491,294,0.6
129564,130221,294,0.6
132834,133491,294,0.6
126947,127604,294,0.6
120375,119719,294,0.6
120376,119719,294,0.6
130220,130221,294,0.6
138076,138732,295,5.72
118423,117767,295,0.6
112479,111822,296,0.6
126901,127557,297,3.12
125587,124930,297,3.12
125587,126242,297,3.12
126244,126899,297,3.12
137422,137423,297,5.72
138076,138731,297,5.72
113119,112462,297,0.6
138074,138731,297,0.6
112499,112500,298,0.6
113155,112500,298,0.6
114428,113772,298,0.6
114428,114427,298,0.6
126900,127556,299,3.12
137422,136767,299,5.72
137422,138079,299,5.72
138078,138079,299,5.72
117052,117708,300,0.6
117052,117051,300,0.6
110527,109871,300,0.6
110523,109867,300,0.6
111171,110514,300,0.6
111170,110514,300,0.6
110524,109867,300,0.6
110526,109871,300,0.6
119080,119081,301,0.6
117713,118369,301,0.6
126292,126949,301,0.6
115739,115738,302,0.6
137423,137424,303,5.72
126900,127555,303,3.12
138732,139387,303,5.72
127602,128258,303,0.6
113774,113117,303,0.6
119061,118405,304,0.6
119061,119062,304,0.6
119717,119062,304,0.6
119060,118405,304,0.6
138079,138080,305,5.72
137423,136768,305,5.72
137423,138080,305,5.72
126243,126898,305,3.12
118424,117768,305,0.6
118424,118425,305,0.6
124325,124326,305,0.6
117710,118365,305,0.6
123669,124326,305,0.6
138729,139386,305,0.6
119736,119737,305,0.6
116454,116455,306,0.6
116395,116394,306,0.6
115083,115082,306,0.6
127557,128213,307,3.12
126242,126241,307,3.12
111819,111164,307,0.6
124981,124982,308,0.6
117754,117098,308,0.6
117754,117753,308,0.6
118410,117753,308,0.6
117755,117098,308,0.6
127556,128212,309,3.12
119684,119683,309,0.6
122308,122307,309,0.6
137424,137425,309,5.72
121652,122307,309,0.6
120340,119683,309,0.6
134800,135457,309,0.6
135456,135457,309,0.6
117110,117111,310,0.6
115798,115142,310,0.6
115798,115799,310,0.6
115141,115142,310,0.6
125637,125638,310,0.6
126899,127554,311,3.12
126242,125585,311,3.12
126242,126897,311,3.12
138080,138081,311,5.72
137424,136769,311,5.72
137424,138081,311,5.72
128255,128912,311,0.6
128256,128912,311,0.6
111161,110505,312,0.6
131531,132187,312,0.6
131531,131532,312,0.6
111810,111154,312,0.6
111810,111809,312,0.6
141349,142005,312,0.6
141349,141348,312,0.6
132186,132842,312,0.6
132186,132187,312,0.6
112466,111809,312,0.6
111811,111154,312,0.6
141350,142007,312,0.6
141350,142005,312,0.6
132185,132842,312,0.6
131530,132187,312,0.6
141351,142007,312,0.6
141351,141352,312,0.6
130875,131532,312,0.6
140695,141352,312,0.6
127555,128211,313,3.12
127556,128211,313,3.12
138080,138737,313,5.72
139384,140041,313,0.6
116436,116437,314,0.6
117099,116443,314,0.6
117100,116443,314,0.6
137425,137426,315,5.72
130876,130877,315,0.6
132835,133492,315,0.6
130220,130877,315,0.6
111162,110506,316,0.6
117092,117093,316,0.6
111160,110504,316,0.6
115780,115781,316,0.6
110522,109866,316,0.6
128909,129566,316,0.6
129565,129566,316,0.6
138081,138082,317,5.72
137425,136770,317,5.72
137425,138082,317,5.72
128213,128869,317,3.12
126241,126240,317,3.12
127555,128210,317,3.12
110521,109865,318,0.6
138737,139393,319,5.72
138737,138738,319,5.72
138081,138738,319,5.72
128212,128868,319,3.12
126898,127553,319,3.12
111843,111844,319,0.6
132839,133495,319,0.6
111186,110530,319,0.6
112499,111844,319,0.6
111185,110530,319,0.6
114428,113771,319,0.6
114485,113829,320,0.6
114485,114486,320,0.6
111159,110503,320,0.6
110520,109864,320,0.6
138737,139394,321,5.72
126897,126896,321,3.12
126241,125584,321,3.12
126241,126896,321,3.12
132838,133494,321,0.6
132840,133496,321,0.6
111169,110513,321,0.6
117052,117707,321,0.6
110527,109872,321,0.6
110528,109872,321,0.6
111170,110513,321,0.6
110519,109863,322,0.6
128211,128867,323,3.12
128212,128867,323,3.12
112464,111808,323,0.6
110518,109862,324,0.6
133490,134146,324,0.6
127602,128259,324,0.6
111158,110502,324,0.6
127603,128259,324,0.6
119720,119064,324,0.6
133489,134146,324,0.6
114468,114469,324,0.6
137426,137427,325,3.12
127554,128209,325,3.12
126897,127552,325,3.12
139393,140049,325,5.72
119028,119027,325,0.6
119061,118406,325,0.6
123672,124328,326,0.6
110517,109861,326,0.6
111823,111167,326,0.6
113812,113813,326,0.6
118424,117769,326,0.6
111824,111167,326,0.6
119736,120393,326,0.6
115124,115125,326,0.6
138082,138083,327,3.12
128869,129525,327,3.12
126240,126239,327,3.12
128210,128866,327,3.12
128211,128866,327,3.12
139393,140050,327,5.72
139393,140048,327,5.72
112463,111807,327,0.6
116395,117050,327,0.6
115083,114426,327,0.6
123671,124327,328,0.6
124276,123620,328,0.6
123673,124329,328,0.6
113156,113157,328,0.6
121049,121050,328,0.6
110516,109860,328,0.6
109869,109213,328,0.6
128868,129524,329,3.12
137426,136771,329,3.12
138738,138739,329,3.12
117754,117097,329,0.6
111157,110501,330,0.6
109870,109214,330,0.6
109868,109212,330,0.6
122964,122963,330,0.6
122308,122963,330,0.6
110515,109859,330,0.6
136112,136113,330,0.6
135456,136113,330,0.6
126896,126895,331,3.12
128869,129526,331,3.12
126240,125583,331,3.12
126240,126895,331,3.12
128210,128865,331,3.12
140049,140705,331,5.72
118367,119023,331,0.6
126293,126294,331,0.6
115798,115143,331,0.6
125637,126294,331,0.6
139394,139395,331,3.12
128257,128913,332,0.6
128256,128913,332,0.6
140048,140704,333,5.72
140048,140047,333,5.72
128867,129523,333,3.12
128868,129523,333,3.12
127553,128208,333,3.12
140049,140706,333,5.72
140049,140704,333,5.72
112477,111821,333,0.6
131531,132188,333,0.6
111810,111153,333,0.6
141349,142004,333,0.6
132186,132843,333,0.6
112478,111821,333,0.6
141351,142008,333,0.6
129524,130180,334,6.83
124275,123619,334,0.6
124275,124274,334,0.6
123674,124330,334,0.6
123674,123675,334,0.6
140048,140703,335,5.72
137427,137428,335,3.12
127552,127551,335,3.12
126896,127551,335,3.12
118366,119022,335,0.6
118368,119024,335,0.6
117099,116442,335,0.6
139394,140051,335,3.12
129526,130182,336,6.83
129526,129527,336,6.83
129524,130181,336,6.83
129524,130179,336,6.83
111156,110500,336,0.6
130876,131533,336,0.6
126239,126238,337,3.12
128866,129522,337,3.12
128867,129522,337,3.12
138083,138084,337,3.12
111163,110507,337,0.6
120995,120994,337,0.6
117748,117749,337,0.6
111162,110507,337,0.6
117092,117749,337,0.6
129565,130222,337,0.6
129526,130183,338,6.83
118409,118408,338,0.6
115788,115132,338,0.6
115788,115787,338,0.6
116444,115787,338,0.6
115789,115132,338,0.6
130180,130836,339,6.83
136771,136115,339,3.12
136771,136772,339,3.12
137427,136772,339,3.12
128209,128864,339,3.12
127552,128207,339,3.12
140047,140046,339,5.72
120339,120338,339,0.6
134801,134802,339,0.6
138739,138740,339,3.12
121651,121650,339,0.6
122363,122364,340,0.6
111187,110531,340,0.6
111187,111188,340,0.6
111843,111188,340,0.6
111186,110531,340,0.6
128910,129567,340,0.6
129527,129528,341,6.83
130181,130837,341,6.83
130182,130838,341,6.83
130180,130837,341,6.83
130180,130835,341,6.83
126895,126894,341,3.12
128865,129521,341,3.12
139395,139396,341,3.12
126239,125582,341,3.12
126239,126894,341,3.12
128866,129521,341,3.12
140050,140707,341,3.12
140703,141359,341,5.72
140703,140702,341,5.72
140047,140702,341,5.72
140705,141361,341,3.12
114485,113830,341,0.6
114485,113828,341,0.6
123019,123020,342,0.6
121707,121051,342,0.6
121707,121708,342,0.6
140696,140697,342,0.6
132837,133493,342,0.6
110529,109873,342,0.6
132841,133497,342,0.6
111155,110499,342,0.6
111168,110512,342,0.6
132838,133493,342,0.6
132840,133497,342,0.6
142006,142662,342,0.6
111169,110512,342,0.6
110528,109873,342,0.6
118370,119026,342,0.6
130183,130839,343,6.83
130183,130184,343,6.83
129527,128872,343,6.83
129527,130184,343,6.83
130182,130839,343,6.83
136771,136116,343,3.12
136771,136114,343,3.12
140703,141360,343,5.72
140703,141358,343,5.72
140704,141360,343,3.12
130836,131492,344,6.83
130183,130840,345,6.83
127551,127550,345,3.12
126895,127550,345,3.12
128865,129520,345,3.12
139395,140052,345,3.12
140051,140052,345,3.12
127604,128260,345,0.6
127604,127605,345,0.6
137428,137429,345,3.12
140705,141362,345,3.12
133491,134147,345,0.6
126948,127605,345,0.6
133490,134147,345,0.6
119719,119063,345,0.6
140046,140045,345,5.72
127603,128260,345,0.6
119720,119063,345,0.6
130838,131494,346,6.83
130835,131491,346,6.83
130835,130834,346,6.83
130837,131493,346,6.83
129528,129529,346,6.83
130836,131493,346,6.83
130836,131491,346,6.83
130179,130178,346,3.12
126238,126237,347,3.12
128208,128863,347,3.12
111822,111166,347,0.6
111823,111166,347,0.6
138084,138085,347,3.12
140702,140701,347,5.72
141359,142015,347,5.72
140046,140701,347,5.72
128872,128873,348,6.83
130838,131495,348,6.83
130835,131490,348,6.83
129528,128873,348,6.83
129528,130185,348,6.83
124930,124929,348,0.6
112462,111806,348,0.6
112462,112461,348,0.6
113118,112461,348,0.6
112463,111806,348,0.6
131492,132148,349,6.83
138740,138741,349,3.12
128207,128206,349,3.12
127551,128206,349,3.12
140051,140708,349,3.12
136772,136773,349,3.12
112500,112501,349,0.6
137428,136773,349,3.12
113156,112501,349,0.6
121049,120394,349,0.6
140702,141357,349,5.72
141359,142016,349,5.72
141359,142014,349,5.72
113772,113116,349,0.6
131493,132149,351,6.83
131491,132147,351,6.83
131492,132149,351,6.83
131492,132147,351,6.83
139396,139397,351,3.12
126894,126893,351,3.12
129521,130177,351,3.12
129522,130177,351,3.12
126238,125581,351,3.12
126238,126893,351,3.12
125582,124926,351,3.12
125582,125581,351,3.12
117708,118364,351,0.6
109871,109215,351,0.6
109867,109211,351,0.6
109870,109215,351,0.6
109868,109211,351,0.6
140045,140044,351,5.72
110515,109858,351,0.6
110514,109858,351,0.6
119081,119082,352,0.6
118369,119025,352,0.6
126949,126950,352,0.6
126293,126950,352,0.6
131490,132146,353,6.83
131490,131489,353,6.83
128873,128874,353,6.83
131493,132150,353,6.83
131491,132146,353,6.83
128864,129519,353,3.12
128207,128862,353,3.12
136772,136117,353,3.12
115738,115737,353,0.6
140701,140700,353,5.72
140045,140700,353,5.72
128257,128914,353,0.6
132148,132804,354,6.83
139387,140043,354,0.6
131490,130833,355,6.83
131490,132145,355,6.83
128873,129530,355,6.83
137429,137430,355,3.12
129520,130176,355,3.12
127550,127549,355,3.12
139396,140053,355,3.12
126894,127549,355,3.12
129521,130176,355,3.12
125582,124927,355,3.12
125582,124925,355,3.12
124275,123618,355,0.6
123674,124331,355,0.6
140701,141356,355,5.72
132148,132805,356,6.83
132148,132803,356,6.83
132147,132803,356,6.83
119737,119738,356,0.6
118425,118426,356,0.6
117768,117112,356,0.6
139386,140042,356,0.6
118365,119021,356,0.6
118366,119021,356,0.6
139385,140042,356,0.6
138085,138086,357,3.12
126237,126236,357,3.12
116455,116456,357,0.6
116394,116393,357,0.6
115082,115081,357,0.6
128874,128875,358,6.83
132147,132802,358,6.83
132146,132802,358,6.83
111164,110508,358,0.6
111164,111165,358,0.6
111163,110508,358,0.6
111820,111165,358,0.6
138741,138742,359,3.12
128206,128205,359,3.12
137429,136774,359,3.12
129520,130175,359,3.12
127550,128205,359,3.12
140044,140699,359,5.72
136773,136774,359,3.12
124982,124983,359,0.6
117753,117752,359,0.6
132804,133460,359,6.83
118409,117752,359,0.6
115788,115131,359,0.6
140700,140699,359,5.72
