408632,407976,50,0.6
408632,409288,50,0.6
408632,408633,50,0.6
408632,408631,50,0.6
408632,407977,71,0.6
408632,407975,71,0.6
408632,409289,71,0.6
408632,409287,71,0.6
408631,408630,101,0.6
408633,408634,101,0.6
409288,409944,101,0.6
407976,407320,101,0.6
408634,407978,107,5.72
408634,409290,107,5.72
408634,408635,107,5.72
408634,409290,108,5.72
408634,407979,109,5.72
408634,409290,109,5.72
408634,409291,109,5.72
408634,409290,110,5.72
408634,409290,111,5.72
408634,409290,112,5.72
407978,407322,113,5.72
408634,409290,113,5.72
408634,409290,114,5.72
409291,409947,115,5.72
409291,409290,115,5.72
407979,407323,115,5.72
408635,409290,115,5.72
407978,407323,115,5.72
407978,407321,115,5.72
408634,409290,115,5.72
409291,409290,116,5.72
408635,409290,116,5.72
407978,407321,116,5.72
408634,409290,116,5.72
409291,409948,117,5.72
409291,409946,117,5.72
409291,409290,117,5.72
408635,409290,117,5.72
407978,407321,117,5.72
408634,409290,117,5.72
409291,409946,118,5.72
409291,409290,118,5.72
408635,409290,118,5.72
407978,407321,118,5.72
408634,409290,118,5.72
407322,406666,119,5.72
407322,407321,119,5.72
409291,409946,119,5.72
409291,409290,119,5.72
408635,409290,119,5.72
407978,407321,119,5.72
408634,409290,119,5.72
407322,407321,120,5.72
409291,409946,120,5.72
409291,409290,120,5.72
408635,409290,120,5.72
407978,407321,120,5.72
408634,409290,120,5.72
409947,410603,121,5.72
409947,409946,121,5.72
407322,406665,121,5.72
407322,407321,121,5.72
409291,409946,121,5.72
409291,409290,121,5.72
408635,409290,121,5.72
407978,407321,121,5.72
408634,409290,121,5.72
409947,410603,122,5.72
409947,409946,122,5.72
407322,406665,122,5.72
407322,407321,122,5.72
409291,409946,122,5.72
409291,409290,122,5.72
408635,409290,122,5.72
407978,407321,122,5.72
408634,409290,122,5.72
409287,409943,122,0.6
409287,409286,122,0.6
409289,409945,122,0.6
409289,409290,122,0.6
407975,407319,122,0.6
407975,407974,122,0.6
407977,407321,122,0.6
408631,407974,122,0.6
408631,409286,122,0.6
408633,409290,122,0.6
409288,409945,122,0.6
409288,409943,122,0.6
407976,407321,122,0.6
407976,407319,122,0.6
409948,410604,123,5.72
409947,409290,123,5.72
409947,410603,123,5.72
409947,410604,123,5.72
409947,410602,123,5.72
409947,409946,123,5.72
407322,406665,123,5.72
407322,407321,123,5.72
409291,409946,123,5.72
409291,409290,123,5.72
408635,409290,123,5.72
407978,407321,123,5.72
408634,409290,123,5.72
409289,409290,123,0.6
407977,407321,123,0.6
408633,409290,123,0.6
407976,407321,123,0.6
409947,409290,124,5.72
409947,410603,124,5.72
409947,409946,124,5.72
407322,406665,124,5.72
407322,407321,124,5.72
409291,409946,124,5.72
409291,409290,124,5.72
408635,409290,124,5.72
407978,407321,124,5.72
408634,409290,124,5.72
409289,409290,124,0.6
407977,407321,124,0.6
408633,409290,124,0.6
407976,407321,124,0.6
406666,406010,125,5.72
406666,406665,125,5.72
409948,409293,125,5.72
409948,410603,125,5.72
409947,409290,125,5.72
409947,410603,125,5.72
409947,409946,125,5.72
407322,406665,125,5.72
407322,407321,125,5.72
409291,409946,125,5.72
409291,409290,125,5.72
408635,409290,125,5.72
407978,407321,125,5.72
408634,409290,125,5.72
409289,409290,125,0.6
407977,407321,125,0.6
408633,409290,125,0.6
407976,407321,125,0.6
406666,406665,126,5.72
409948,410603,126,5.72
409947,409290,126,5.72
409947,410603,126,5.72
409947,409946,126,5.72
407322,406665,126,5.72
407322,407321,126,5.72
409291,409946,126,5.72
409291,409290,126,5.72
408635,409290,126,5.72
407978,407321,126,5.72
408634,409290,126,5.72
409289,409290,126,0.6
407977,407321,126,0.6
408633,409290,126,0.6
407976,407321,126,0.6
406666,406009,127,5.72
406666,407321,127,5.72
406666,406665,127,5.72
409948,410603,127,5.72
409947,409290,127,5.72
409947,410603,127,5.72
409947,409946,127,5.72
407322,406665,127,5.72
407322,407321,127,5.72
409291,409946,127,5.72
409291,409290,127,5.72
408635,409290,127,5.72
407978,407321,127,5.72
408634,409290,127,5.72
409289,409290,127,0.6
407977,407321,127,0.6
408633,409290,127,0.6
407976,407321,127,0.6
406666,406009,128,5.72
406666,407321,128,5.72
406666,406665,128,5.72
409948,410603,128,5.72
409947,409290,128,5.72
409947,410603,128,5.72
409947,409946,128,5.72
407322,406665,128,5.72
407322,407321,128,5.72
409291,409946,128,5.72
409291,409290,128,5.72
408635,409290,128,5.72
407978,407321,128,5.72
408634,409290,128,5.72
409289,409290,128,0.6
407977,407321,128,0.6
408633,409290,128,0.6
407976,407321,128,0.6
410604,411260,129,5.72
410604,410603,129,5.72
406666,406009,129,5.72
406666,407321,129,5.72
406666,406665,129,5.72
409948,410603,129,5.72
409947,409290,129,5.72
409947,410603,129,5.72
409947,409946,129,5.72
407322,406665,129,5.72
407322,407321,129,5.72
409291,409946,129,5.72
409291,409290,129,5.72
408635,409290,129,5.72
407978,407321,129,5.72
408634,409290,129,5.72
409289,409290,129,0.6
407977,407321,129,0.6
408633,409290,129,0.6
407976,407321,129,0.6
410604,410603,130,5.72
406666,406009,130,5.72
406666,407321,130,5.72
406666,406665,130,5.72
409948,410603,130,5.72
409947,409290,130,5.72
409947,410603,130,5.72
409947,409946,130,5.72
407322,406665,130,5.72
407322,407321,130,5.72
409291,409946,130,5.72
409291,409290,130,5.72
408635,409290,130,5.72
407978,407321,130,5.72
408634,409290,130,5.72
409289,409290,130,0.6
407977,407321,130,0.6
408633,409290,130,0.6
407976,407321,130,0.6
406010,405354,131,5.72
406010,406009,131,5.72
410604,411261,131,5.72
410604,411259,131,5.72
410604,410603,131,5.72
406666,406009,131,5.72
406666,407321,131,5.72
406666,406665,131,5.72
409948,410603,131,5.72
409947,409290,131,5.72
409947,410603,131,5.72
409947,409946,131,5.72
407322,406665,131,5.72
407322,407321,131,5.72
409291,409946,131,5.72
409291,409290,131,5.72
408635,409290,131,5.72
407978,407321,131,5.72
408634,409290,131,5.72
409289,409290,131,0.6
407977,407321,131,0.6
408633,409290,131,0.6
407976,407321,131,0.6
406010,406009,132,5.72
410604,411259,132,5.72
410604,410603,132,5.72
406666,406009,132,5.72
406666,407321,132,5.72
406666,406665,132,5.72
409948,410603,132,5.72
409947,409290,132,5.72
409947,410603,132,5.72
409947,409946,132,5.72
407322,406665,132,5.72
407322,407321,132,5.72
409291,409946,132,5.72
409291,409290,132,5.72
408635,409290,132,5.72
407978,407321,132,5.72
408634,409290,132,5.72
409289,409290,132,0.6
407977,407321,132,0.6
408633,409290,132,0.6
407976,407321,132,0.6
406010,405353,133,5.72
406010,406665,133,5.72
406010,406009,133,5.72
410604,411259,133,5.72
410604,410603,133,5.72
406666,406009,133,5.72
406666,407321,133,5.72
406666,406665,133,5.72
409948,410603,133,5.72
409947,409290,133,5.72
409947,410603,133,5.72
409947,409946,133,5.72
407322,406665,133,5.72
407322,407321,133,5.72
409291,409946,133,5.72
409291,409290,133,5.72
408635,409290,133,5.72
407978,407321,133,5.72
408634,409290,133,5.72
409289,409290,133,0.6
407977,407321,133,0.6
408633,409290,133,0.6
407976,407321,133,0.6
406010,405353,134,5.72
406010,406665,134,5.72
406010,406009,134,5.72
410604,411259,134,5.72
410604,410603,134,5.72
406666,406009,134,5.72
406666,407321,134,5.72
406666,406665,134,5.72
409948,410603,134,5.72
409947,409290,134,5.72
409947,410603,134,5.72
409947,409946,134,5.72
407322,406665,134,5.72
407322,407321,134,5.72
409291,409946,134,5.72
409291,409290,134,5.72
408635,409290,134,5.72
407978,407321,134,5.72
408634,409290,134,5.72
409289,409290,134,0.6
407977,407321,134,0.6
408633,409290,134,0.6
407976,407321,134,0.6
411260,411916,135,5.72
411260,411259,135,5.72
406010,405353,135,5.72
406010,406665,135,5.72
406010,406009,135,5.72
410604,411259,135,5.72
410604,410603,135,5.72
406666,406009,135,5.72
406666,407321,135,5.72
406666,406665,135,5.72
409948,410603,135,5.72
409947,409290,135,5.72
409947,410603,135,5.72
409947,409946,135,5.72
407322,406665,135,5.72
407322,407321,135,5.72
409291,409946,135,5.72
409291,409290,135,5.72
408635,409290,135,5.72
407978,407321,135,5.72
408634,409290,135,5.72
409289,409290,135,0.6
407977,407321,135,0.6
408633,409290,135,0.6
407976,407321,135,0.6
411260,411916,136,5.72
411260,411259,136,5.72
406010,405353,136,5.72
406010,406665,136,5.72
406010,406009,136,5.72
410604,411259,136,5.72
410604,410603,136,5.72
406666,406009,136,5.72
406666,407321,136,5.72
406666,406665,136,5.72
409948,410603,136,5.72
409947,409290,136,5.72
409947,410603,136,5.72
409947,409946,136,5.72
407322,406665,136,5.72
407322,407321,136,5.72
409291,409946,136,5.72
409291,409290,136,5.72
408635,409290,136,5.72
407978,407321,136,5.72
408634,409290,136,5.72
409289,409290,136,0.6
407977,407321,136,0.6
408633,409290,136,0.6
407976,407321,136,0.6
411261,411917,137,5.72
411261,411262,137,5.72
405354,404698,137,5.72
405354,405353,137,5.72
411260,410603,137,5.72
411260,411916,137,5.72
411260,411917,137,5.72
411260,411915,137,5.72
411260,411259,137,5.72
406010,405353,137,5.72
406010,406665,137,5.72
406010,406009,137,5.72
410604,411259,137,5.72
410604,410603,137,5.72
406666,406009,137,5.72
406666,407321,137,5.72
406666,406665,137,5.72
409948,410603,137,5.72
409947,409290,137,5.72
409947,410603,137,5.72
409947,409946,137,5.72
407322,406665,137,5.72
407322,407321,137,5.72
409291,409946,137,5.72
409291,409290,137,5.72
408635,409290,137,5.72
407978,407321,137,5.72
408634,409290,137,5.72
409289,409290,137,0.6
407977,407321,137,0.6
408633,409290,137,0.6
407976,407321,137,0.6
405354,405353,138,5.72
411260,410603,138,5.72
411260,411916,138,5.72
411260,411259,138,5.72
406010,405353,138,5.72
406010,406665,138,5.72
406010,406009,138,5.72
410604,411259,138,5.72
410604,410603,138,5.72
406666,406009,138,5.72
406666,407321,138,5.72
406666,406665,138,5.72
409948,410603,138,5.72
409947,409290,138,5.72
409947,410603,138,5.72
409947,409946,138,5.72
407322,406665,138,5.72
407322,407321,138,5.72
409291,409946,138,5.72
409291,409290,138,5.72
408635,409290,138,5.72
407978,407321,138,5.72
408634,409290,138,5.72
409289,409290,138,0.6
407977,407321,138,0.6
408633,409290,138,0.6
407976,407321,138,0.6
411261,410606,139,5.72
411261,411916,139,5.72
405354,404699,139,5.72
405354,404697,139,5.72
405354,406009,139,5.72
405354,405353,139,5.72
411260,410603,139,5.72
411260,411916,139,5.72
411260,411259,139,5.72
406010,405353,139,5.72
406010,406665,139,5.72
406010,406009,139,5.72
410604,411259,139,5.72
410604,410603,139,5.72
406666,406009,139,5.72
406666,407321,139,5.72
406666,406665,139,5.72
409948,410603,139,5.72
409947,409290,139,5.72
409947,410603,139,5.72
409947,409946,139,5.72
407322,406665,139,5.72
407322,407321,139,5.72
409291,409946,139,5.72
409291,409290,139,5.72
408635,409290,139,5.72
407978,407321,139,5.72
408634,409290,139,5.72
409289,409290,139,0.6
407977,407321,139,0.6
408633,409290,139,0.6
407976,407321,139,0.6
411261,411916,140,5.72
405354,404697,140,5.72
405354,406009,140,5.72
405354,405353,140,5.72
411260,410603,140,5.72
411260,411916,140,5.72
411260,411259,140,5.72
406010,405353,140,5.72
406010,406665,140,5.72
406010,406009,140,5.72
410604,411259,140,5.72
410604,410603,140,5.72
406666,406009,140,5.72
406666,407321,140,5.72
406666,406665,140,5.72
409948,410603,140,5.72
409947,409290,140,5.72
409947,410603,140,5.72
409947,409946,140,5.72
407322,406665,140,5.72
407322,407321,140,5.72
409291,409946,140,5.72
409291,409290,140,5.72
408635,409290,140,5.72
407978,407321,140,5.72
408634,409290,140,5.72
409289,409290,140,0.6
407977,407321,140,0.6
408633,409290,140,0.6
407976,407321,140,0.6
411261,411916,141,5.72
405354,404697,141,5.72
405354,406009,141,5.72
405354,405353,141,5.72
411260,410603,141,5.72
411260,411916,141,5.72
411260,411259,141,5.72
406010,405353,141,5.72
406010,406665,141,5.72
406010,406009,141,5.72
410604,411259,141,5.72
410604,410603,141,5.72
406666,406009,141,5.72
406666,407321,141,5.72
406666,406665,141,5.72
409948,410603,141,5.72
409947,409290,141,5.72
409947,410603,141,5.72
409947,409946,141,5.72
407322,406665,141,5.72
407322,407321,141,5.72
409291,409946,141,5.72
409291,409290,141,5.72
408635,409290,141,5.72
407978,407321,141,5.72
408634,409290,141,5.72
409289,409290,141,0.6
407977,407321,141,0.6
408633,409290,141,0.6
407976,407321,141,0.6
411261,411916,142,5.72
405354,404697,142,5.72
405354,406009,142,5.72
405354,405353,142,5.72
411260,410603,142,5.72
411260,411916,142,5.72
411260,411259,142,5.72
406010,405353,142,5.72
406010,406665,142,5.72
406010,406009,142,5.72
410604,411259,142,5.72
410604,410603,142,5.72
406666,406009,142,5.72
406666,407321,142,5.72
406666,406665,142,5.72
409948,410603,142,5.72
409947,409290,142,5.72
409947,410603,142,5.72
409947,409946,142,5.72
407322,406665,142,5.72
407322,407321,142,5.72
409291,409946,142,5.72
409291,409290,142,5.72
408635,409290,142,5.72
407978,407321,142,5.72
408634,409290,142,5.72
409289,409290,142,0.6
407977,407321,142,0.6
408633,409290,142,0.6
407976,407321,142,0.6
404698,404042,143,5.72
404698,404697,143,5.72
411917,412573,143,5.72
411917,411916,143,5.72
411261,411916,143,5.72
405354,404697,143,5.72
405354,406009,143,5.72
405354,405353,143,5.72
411260,410603,143,5.72
411260,411916,143,5.72
411260,411259,143,5.72
406010,405353,143,5.72
406010,406665,143,5.72
406010,406009,143,5.72
410604,411259,143,5.72
410604,410603,143,5.72
406666,406009,143,5.72
406666,407321,143,5.72
406666,406665,143,5.72
409948,410603,143,5.72
409947,409290,143,5.72
409947,410603,143,5.72
409947,409946,143,5.72
407322,406665,143,5.72
407322,407321,143,5.72
409291,409946,143,5.72
409291,409290,143,5.72
408635,409290,143,5.72
407978,407321,143,5.72
408634,409290,143,5.72
409287,409942,143,0.6
409289,409946,143,0.6
409289,409290,143,0.6
407975,407318,143,0.6
407977,407321,143,0.6
408633,409290,143,0.6
407976,407321,143,0.6
404698,404042,144,5.72
404698,404697,144,5.72
411917,411916,144,5.72
411261,411916,144,5.72
405354,404697,144,5.72
405354,406009,144,5.72
405354,405353,144,5.72
411260,410603,144,5.72
411260,411916,144,5.72
411260,411259,144,5.72
406010,405353,144,5.72
406010,406665,144,5.72
406010,406009,144,5.72
410604,411259,144,5.72
410604,410603,144,5.72
406666,406009,144,5.72
406666,407321,144,5.72
406666,406665,144,5.72
409948,410603,144,5.72
409947,409290,144,5.72
409947,410603,144,5.72
409947,409946,144,5.72
407322,406665,144,5.72
407322,407321,144,5.72
409291,409946,144,5.72
409291,409290,144,5.72
408635,409290,144,5.72
407978,407321,144,5.72
408634,409290,144,5.72
409289,409946,144,0.6
409289,409290,144,0.6
407977,407321,144,0.6
408633,409290,144,0.6
407976,407321,144,0.6
404699,404043,145,5.72
404698,404042,145,5.72
404698,404043,145,5.72
404698,404041,145,5.72
404698,405353,145,5.72
404698,404697,145,5.72
411917,412574,145,5.72
411917,412572,145,5.72
411917,411916,145,5.72
411261,411916,145,5.72
405354,404697,145,5.72
405354,406009,145,5.72
405354,405353,145,5.72
411260,410603,145,5.72
411260,411916,145,5.72
411260,411259,145,5.72
406010,405353,145,5.72
406010,406665,145,5.72
406010,406009,145,5.72
410604,411259,145,5.72
410604,410603,145,5.72
406666,406009,145,5.72
406666,407321,145,5.72
406666,406665,145,5.72
409948,410603,145,5.72
409947,409290,145,5.72
409947,410603,145,5.72
409947,409946,145,5.72
407322,406665,145,5.72
407322,407321,145,5.72
409291,409946,145,5.72
409291,409290,145,5.72
408635,409290,145,5.72
407978,407321,145,5.72
408634,409290,145,5.72
409289,409946,145,0.6
409289,409290,145,0.6
407977,407321,145,0.6
408633,409290,145,0.6
407976,407321,145,0.6
404698,404042,146,5.72
404698,405353,146,5.72
404698,404697,146,5.72
411917,412572,146,5.72
411917,411916,146,5.72
411261,411916,146,5.72
405354,404697,146,5.72
405354,406009,146,5.72
405354,405353,146,5.72
411260,410603,146,5.72
411260,411916,146,5.72
411260,411259,146,5.72
406010,405353,146,5.72
406010,406665,146,5.72
406010,406009,146,5.72
410604,411259,146,5.72
410604,410603,146,5.72
406666,406009,146,5.72
406666,407321,146,5.72
406666,406665,146,5.72
409948,410603,146,5.72
409947,409290,146,5.72
409947,410603,146,5.72
409947,409946,146,5.72
407322,406665,146,5.72
407322,407321,146,5.72
409291,409946,146,5.72
409291,409290,146,5.72
408635,409290,146,5.72
407978,407321,146,5.72
408634,409290,146,5.72
409289,409946,146,0.6
409289,409290,146,0.6
407977,407321,146,0.6
408633,409290,146,0.6
407976,407321,146,0.6
404699,404042,147,5.72
404698,404042,147,5.72
404698,405353,147,5.72
404698,404697,147,5.72
411917,412572,147,5.72
411917,411916,147,5.72
411261,411916,147,5.72
405354,404697,147,5.72
405354,406009,147,5.72
405354,405353,147,5.72
411260,410603,147,5.72
411260,411916,147,5.72
411260,411259,147,5.72
406010,405353,147,5.72
406010,406665,147,5.72
406010,406009,147,5.72
410604,411259,147,5.72
410604,410603,147,5.72
406666,406009,147,5.72
406666,407321,147,5.72
406666,406665,147,5.72
409948,410603,147,5.72
409947,409290,147,5.72
409947,410603,147,5.72
409947,409946,147,5.72
407322,406665,147,5.72
407322,407321,147,5.72
409291,409946,147,5.72
409291,409290,147,5.72
408635,409290,147,5.72
407978,407321,147,5.72
408634,409290,147,5.72
409289,409946,147,0.6
409289,409290,147,0.6
407977,407321,147,0.6
408633,409290,147,0.6
407976,407321,147,0.6
404699,404042,148,5.72
404698,404042,148,5.72
404698,405353,148,5.72
404698,404697,148,5.72
411917,412572,148,5.72
411917,411916,148,5.72
411261,411916,148,5.72
405354,404697,148,5.72
405354,406009,148,5.72
405354,405353,148,5.72
411260,410603,148,5.72
411260,411916,148,5.72
411260,411259,148,5.72
406010,405353,148,5.72
406010,406665,148,5.72
406010,406009,148,5.72
410604,411259,148,5.72
410604,410603,148,5.72
406666,406009,148,5.72
406666,407321,148,5.72
406666,406665,148,5.72
409948,410603,148,5.72
409947,409290,148,5.72
409947,410603,148,5.72
409947,409946,148,5.72
407322,406665,148,5.72
407322,407321,148,5.72
409291,409946,148,5.72
409291,409290,148,5.72
408635,409290,148,5.72
407978,407321,148,5.72
408634,409290,148,5.72
409289,409946,148,0.6
409289,409290,148,0.6
407977,407321,148,0.6
408633,409290,148,0.6
407976,407321,148,0.6
412573,413229,149,5.72
412573,412572,149,5.72
404699,404042,149,5.72
404698,404042,149,5.72
404698,405353,149,5.72
404698,404697,149,5.72
411917,412572,149,5.72
411917,411916,149,5.72
411261,411916,149,5.72
405354,404697,149,5.72
405354,406009,149,5.72
405354,405353,149,5.72
411260,410603,149,5.72
411260,411916,149,5.72
411260,411259,149,5.72
406010,405353,149,5.72
406010,406665,149,5.72
406010,406009,149,5.72
410604,411259,149,5.72
410604,410603,149,5.72
406666,406009,149,5.72
406666,407321,149,5.72
406666,406665,149,5.72
409948,410603,149,5.72
409947,409290,149,5.72
409947,410603,149,5.72
409947,409946,149,5.72
407322,406665,149,5.72
407322,407321,149,5.72
409291,409946,149,5.72
409291,409290,149,5.72
408635,409290,149,5.72
407978,407321,149,5.72
408634,409290,149,5.72
409289,409946,149,0.6
409289,409290,149,0.6
407977,407321,149,0.6
408633,409290,149,0.6
407976,407321,149,0.6
412573,413229,150,5.72
412573,412572,150,5.72
404699,404042,150,5.72
404698,404042,150,5.72
404698,405353,150,5.72
404698,404697,150,5.72
411917,412572,150,5.72
411917,411916,150,5.72
411261,411916,150,5.72
405354,404697,150,5.72
405354,406009,150,5.72
405354,405353,150,5.72
411260,410603,150,5.72
411260,411916,150,5.72
411260,411259,150,5.72
406010,405353,150,5.72
406010,406665,150,5.72
406010,406009,150,5.72
410604,411259,150,5.72
410604,410603,150,5.72
406666,406009,150,5.72
406666,407321,150,5.72
406666,406665,150,5.72
409948,410603,150,5.72
409947,409290,150,5.72
409947,410603,150,5.72
409947,409946,150,5.72
407322,406665,150,5.72
407322,407321,150,5.72
409291,409946,150,5.72
409291,409290,150,5.72
408635,409290,150,5.72
407978,407321,150,5.72
408634,409290,150,5.72
409289,409946,150,0.6
409289,409290,150,0.6
407977,407321,150,0.6
408633,409290,150,0.6
407976,407321,150,0.6
404043,403387,151,5.72
404043,404042,151,5.72
412574,413230,151,5.72
412573,411916,151,5.72
412573,413229,151,5.72
412573,413230,151,5.72
412573,413228,151,5.72
412573,412572,151,5.72
404699,404042,151,5.72
404698,404042,151,5.72
404698,405353,151,5.72
404698,404697,151,5.72
411917,412572,151,5.72
411917,411916,151,5.72
411261,411916,151,5.72
405354,404697,151,5.72
405354,406009,151,5.72
405354,405353,151,5.72
411260,410603,151,5.72
411260,411916,151,5.72
411260,411259,151,5.72
406010,405353,151,5.72
406010,406665,151,5.72
406010,406009,151,5.72
410604,411259,151,5.72
410604,410603,151,5.72
406666,406009,151,5.72
406666,407321,151,5.72
406666,406665,151,5.72
409948,410603,151,5.72
409947,409290,151,5.72
409947,410603,151,5.72
409947,409946,151,5.72
407322,406665,151,5.72
407322,407321,151,5.72
409291,409946,151,5.72
409291,409290,151,5.72
408635,409290,151,5.72
407978,407321,151,5.72
408634,409290,151,5.72
409289,409946,151,0.6
409289,409290,151,0.6
407977,407321,151,0.6
408633,409290,151,0.6
407976,407321,151,0.6
404043,403387,152,5.72
404043,404042,152,5.72
412573,411916,152,5.72
412573,413229,152,5.72
412573,412572,152,5.72
404699,404042,152,5.72
404698,404042,152,5.72
404698,405353,152,5.72
404698,404697,152,5.72
411917,412572,152,5.72
411917,411916,152,5.72
411261,411916,152,5.72
405354,404697,152,5.72
405354,406009,152,5.72
405354,405353,152,5.72
411260,410603,152,5.72
411260,411916,152,5.72
411260,411259,152,5.72
406010,405353,152,5.72
406010,406665,152,5.72
406010,406009,152,5.72
410604,411259,152,5.72
410604,410603,152,5.72
406666,406009,152,5.72
406666,407321,152,5.72
406666,406665,152,5.72
409948,410603,152,5.72
409947,409290,152,5.72
409947,410603,152,5.72
409947,409946,152,5.72
407322,406665,152,5.72
407322,407321,152,5.72
409291,409946,152,5.72
409291,409290,152,5.72
408635,409290,152,5.72
407978,407321,152,5.72
408630,408629,152,0.6
408634,409290,152,5.72
409944,410600,152,0.6
407320,406664,152,0.6
407320,407321,152,0.6
409289,409946,152,0.6
409289,409290,152,0.6
407977,407321,152,0.6
408633,409290,152,0.6
407976,407321,152,0.6
404043,403387,153,5.72
404043,403388,153,5.72
404043,403386,153,5.72
404043,404042,153,5.72
412574,411919,153,5.72
412574,413229,153,5.72
412573,411916,153,5.72
412573,413229,153,5.72
412573,412572,153,5.72
404699,404042,153,5.72
404698,404042,153,5.72
404698,405353,153,5.72
404698,404697,153,5.72
411917,412572,153,5.72
411917,411916,153,5.72
411261,411916,153,5.72
405354,404697,153,5.72
405354,406009,153,5.72
405354,405353,153,5.72
411260,410603,153,5.72
411260,411916,153,5.72
411260,411259,153,5.72
406010,405353,153,5.72
406010,406665,153,5.72
406010,406009,153,5.72
410604,411259,153,5.72
410604,410603,153,5.72
406666,406009,153,5.72
406666,407321,153,5.72
406666,406665,153,5.72
409948,410603,153,5.72
409947,409290,153,5.72
409947,410603,153,5.72
409947,409946,153,5.72
407322,406665,153,5.72
407322,407321,153,5.72
409291,409946,153,5.72
409291,409290,153,5.72
408635,409290,153,5.72
407978,407321,153,5.72
408634,409290,153,5.72
407320,407321,153,0.6
409289,409946,153,0.6
409289,409290,153,0.6
407977,407321,153,0.6
408633,409290,153,0.6
407976,407321,153,0.6
404043,403387,154,5.72
404043,404042,154,5.72
412574,413229,154,5.72
412573,411916,154,5.72
412573,413229,154,5.72
412573,412572,154,5.72
404699,404042,154,5.72
404698,404042,154,5.72
404698,405353,154,5.72
404698,404697,154,5.72
411917,412572,154,5.72
411917,411916,154,5.72
411261,411916,154,5.72
405354,404697,154,5.72
405354,406009,154,5.72
405354,405353,154,5.72
411260,410603,154,5.72
411260,411916,154,5.72
411260,411259,154,5.72
406010,405353,154,5.72
406010,406665,154,5.72
406010,406009,154,5.72
410604,411259,154,5.72
410604,410603,154,5.72
406666,406009,154,5.72
406666,407321,154,5.72
406666,406665,154,5.72
409948,410603,154,5.72
409947,409290,154,5.72
409947,410603,154,5.72
409947,409946,154,5.72
407322,406665,154,5.72
407322,407321,154,5.72
409291,409946,154,5.72
409291,409290,154,5.72
408635,409290,154,5.72
407978,407321,154,5.72
408634,409290,154,5.72
407320,407321,154,0.6
409289,409946,154,0.6
409289,409290,154,0.6
407977,407321,154,0.6
408633,409290,154,0.6
407976,407321,154,0.6
404043,403387,155,5.72
404043,404042,155,5.72
412574,413229,155,5.72
412573,411916,155,5.72
412573,413229,155,5.72
412573,412572,155,5.72
404699,404042,155,5.72
404698,404042,155,5.72
404698,405353,155,5.72
404698,404697,155,5.72
411917,412572,155,5.72
411917,411916,155,5.72
411261,411916,155,5.72
405354,404697,155,5.72
405354,406009,155,5.72
405354,405353,155,5.72
411260,410603,155,5.72
411260,411916,155,5.72
411260,411259,155,5.72
406010,405353,155,5.72
406010,406665,155,5.72
406010,406009,155,5.72
410604,411259,155,5.72
410604,410603,155,5.72
406666,406009,155,5.72
406666,407321,155,5.72
406666,406665,155,5.72
409948,410603,155,5.72
409947,409290,155,5.72
409947,410603,155,5.72
409947,409946,155,5.72
407322,406665,155,5.72
407322,407321,155,5.72
409291,409946,155,5.72
409291,409290,155,5.72
408635,409290,155,5.72
407978,407321,155,5.72
408634,409290,155,5.72
407320,407321,155,0.6
409289,409946,155,0.6
409289,409290,155,0.6
407977,407321,155,0.6
408633,409290,155,0.6
407976,407321,155,0.6
404043,403387,156,5.72
404043,404042,156,5.72
412574,413229,156,5.72
412573,411916,156,5.72
412573,413229,156,5.72
412573,412572,156,5.72
404699,404042,156,5.72
404698,404042,156,5.72
404698,405353,156,5.72
404698,404697,156,5.72
411917,412572,156,5.72
411917,411916,156,5.72
411261,411916,156,5.72
405354,404697,156,5.72
405354,406009,156,5.72
405354,405353,156,5.72
411260,410603,156,5.72
411260,411916,156,5.72
411260,411259,156,5.72
406010,405353,156,5.72
406010,406665,156,5.72
406010,406009,156,5.72
410604,411259,156,5.72
410604,410603,156,5.72
406666,406009,156,5.72
406666,407321,156,5.72
406666,406665,156,5.72
409948,410603,156,5.72
409947,409290,156,5.72
409947,410603,156,5.72
409947,409946,156,5.72
407322,406665,156,5.72
407322,407321,156,5.72
409291,409946,156,5.72
409291,409290,156,5.72
408635,409290,156,5.72
407978,407321,156,5.72
408634,409290,156,5.72
407320,407321,156,0.6
409289,409946,156,0.6
409289,409290,156,0.6
407977,407321,156,0.6
408633,409290,156,0.6
407976,407321,156,0.6
413230,413886,157,5.72
413230,413229,157,5.72
404043,403387,157,5.72
404043,404042,157,5.72
412574,413229,157,5.72
412573,411916,157,5.72
412573,413229,157,5.72
412573,412572,157,5.72
404699,404042,157,5.72
404698,404042,157,5.72
404698,405353,157,5.72
404698,404697,157,5.72
411917,412572,157,5.72
411917,411916,157,5.72
411261,411916,157,5.72
405354,404697,157,5.72
405354,406009,157,5.72
405354,405353,157,5.72
411260,410603,157,5.72
411260,411916,157,5.72
411260,411259,157,5.72
406010,405353,157,5.72
406010,406665,157,5.72
406010,406009,157,5.72
410604,411259,157,5.72
410604,410603,157,5.72
406666,406009,157,5.72
406666,407321,157,5.72
406666,406665,157,5.72
409948,410603,157,5.72
409947,409290,157,5.72
409947,410603,157,5.72
409947,409946,157,5.72
407322,406665,157,5.72
407322,407321,157,5.72
409291,409946,157,5.72
409291,409290,157,5.72
408635,409290,157,5.72
407978,407321,157,5.72
408634,409290,157,5.72
407320,407321,157,0.6
409289,409946,157,0.6
409289,409290,157,0.6
407977,407321,157,0.6
408633,409290,157,0.6
407976,407321,157,0.6
413230,413886,158,5.72
413230,413229,158,5.72
404043,403387,158,5.72
404043,404042,158,5.72
412574,413229,158,5.72
412573,411916,158,5.72
412573,413229,158,5.72
412573,412572,158,5.72
404699,404042,158,5.72
404698,404042,158,5.72
404698,405353,158,5.72
404698,404697,158,5.72
411917,412572,158,5.72
411917,411916,158,5.72
411261,411916,158,5.72
405354,404697,158,5.72
405354,406009,158,5.72
405354,405353,158,5.72
411260,410603,158,5.72
411260,411916,158,5.72
411260,411259,158,5.72
406010,405353,158,5.72
406010,406665,158,5.72
406010,406009,158,5.72
410604,411259,158,5.72
410604,410603,158,5.72
406666,406009,158,5.72
406666,407321,158,5.72
406666,406665,158,5.72
409948,410603,158,5.72
409947,409290,158,5.72
409947,410603,158,5.72
409947,409946,158,5.72
407322,406665,158,5.72
407322,407321,158,5.72
409291,409946,158,5.72
409291,409290,158,5.72
408635,409290,158,5.72
407978,407321,158,5.72
408634,409290,158,5.72
407320,407321,158,0.6
409289,409946,158,0.6
409289,409290,158,0.6
407977,407321,158,0.6
408633,409290,158,0.6
407976,407321,158,0.6
403388,402732,159,5.72
403388,403389,159,5.72
403388,403387,159,5.72
413230,413886,159,5.72
413230,413887,159,5.72
413230,413885,159,5.72
413230,413229,159,5.72
404043,403387,159,5.72
404043,404042,159,5.72
412574,413229,159,5.72
412573,411916,159,5.72
412573,413229,159,5.72
412573,412572,159,5.72
404699,404042,159,5.72
404698,404042,159,5.72
404698,405353,159,5.72
404698,404697,159,5.72
411917,412572,159,5.72
411917,411916,159,5.72
411261,411916,159,5.72
405354,404697,159,5.72
405354,406009,159,5.72
405354,405353,159,5.72
411260,410603,159,5.72
411260,411916,159,5.72
411260,411259,159,5.72
406010,405353,159,5.72
406010,406665,159,5.72
406010,406009,159,5.72
410604,411259,159,5.72
410604,410603,159,5.72
406666,406009,159,5.72
406666,407321,159,5.72
406666,406665,159,5.72
409948,410603,159,5.72
409947,409290,159,5.72
409947,410603,159,5.72
409947,409946,159,5.72
407322,406665,159,5.72
407322,407321,159,5.72
409291,409946,159,5.72
409291,409290,159,5.72
408635,409290,159,5.72
407978,407321,159,5.72
408634,409290,159,5.72
407320,407321,159,0.6
409289,409946,159,0.6
409289,409290,159,0.6
407977,407321,159,0.6
408633,409290,159,0.6
407976,407321,159,0.6
403388,402732,160,5.72
403388,403387,160,5.72
413230,413886,160,5.72
413230,413229,160,5.72
404043,403387,160,5.72
404043,404042,160,5.72
412574,413229,160,5.72
412573,411916,160,5.72
412573,413229,160,5.72
412573,412572,160,5.72
404699,404042,160,5.72
404698,404042,160,5.72
404698,405353,160,5.72
404698,404697,160,5.72
411917,412572,160,5.72
411917,411916,160,5.72
411261,411916,160,5.72
405354,404697,160,5.72
405354,406009,160,5.72
405354,405353,160,5.72
411260,410603,160,5.72
411260,411916,160,5.72
411260,411259,160,5.72
406010,405353,160,5.72
406010,406665,160,5.72
406010,406009,160,5.72
410604,411259,160,5.72
410604,410603,160,5.72
406666,406009,160,5.72
406666,407321,160,5.72
406666,406665,160,5.72
409948,410603,160,5.72
409947,409290,160,5.72
409947,410603,160,5.72
409947,409946,160,5.72
407322,406665,160,5.72
407322,407321,160,5.72
409291,409946,160,5.72
409291,409290,160,5.72
408635,409290,160,5.72
407978,407321,160,5.72
408634,409290,160,5.72
407320,407321,160,0.6
409289,409946,160,0.6
409289,409290,160,0.6
407977,407321,160,0.6
408633,409290,160,0.6
407976,407321,160,0.6
403388,402732,161,5.72
403388,402733,161,5.72
403388,402731,161,5.72
403388,403387,161,5.72
413230,413886,161,5.72
413230,413229,161,5.72
404043,403387,161,5.72
404043,404042,161,5.72
412574,413229,161,5.72
412573,411916,161,5.72
412573,413229,161,5.72
412573,412572,161,5.72
404699,404042,161,5.72
404698,404042,161,5.72
404698,405353,161,5.72
404698,404697,161,5.72
411917,412572,161,5.72
411917,411916,161,5.72
411261,411916,161,5.72
405354,404697,161,5.72
405354,406009,161,5.72
405354,405353,161,5.72
411260,410603,161,5.72
411260,411916,161,5.72
411260,411259,161,5.72
406010,405353,161,5.72
406010,406665,161,5.72
406010,406009,161,5.72
410604,411259,161,5.72
410604,410603,161,5.72
406666,406009,161,5.72
406666,407321,161,5.72
406666,406665,161,5.72
409948,410603,161,5.72
409947,409290,161,5.72
409947,410603,161,5.72
409947,409946,161,5.72
407322,406665,161,5.72
407322,407321,161,5.72
409291,409946,161,5.72
409291,409290,161,5.72
408635,409290,161,5.72
407978,407321,161,5.72
408634,409290,161,5.72
407320,407321,161,0.6
409289,409946,161,0.6
409289,409290,161,0.6
407977,407321,161,0.6
408633,409290,161,0.6
407976,407321,161,0.6
403388,402732,162,5.72
403388,402733,162,5.72
403388,403387,162,5.72
413230,413886,162,5.72
413230,413229,162,5.72
404043,403387,162,5.72
404043,404042,162,5.72
412574,413229,162,5.72
412573,411916,162,5.72
412573,413229,162,5.72
412573,412572,162,5.72
404699,404042,162,5.72
404698,404042,162,5.72
404698,405353,162,5.72
404698,404697,162,5.72
411917,412572,162,5.72
411917,411916,162,5.72
411261,411916,162,5.72
405354,404697,162,5.72
405354,406009,162,5.72
405354,405353,162,5.72
411260,410603,162,5.72
411260,411916,162,5.72
411260,411259,162,5.72
406010,405353,162,5.72
406010,406665,162,5.72
406010,406009,162,5.72
410604,411259,162,5.72
410604,410603,162,5.72
406666,406009,162,5.72
406666,407321,162,5.72
406666,406665,162,5.72
409948,410603,162,5.72
409947,409290,162,5.72
409947,410603,162,5.72
409947,409946,162,5.72
407322,406665,162,5.72
407322,407321,162,5.72
409291,409946,162,5.72
409291,409290,162,5.72
408635,409290,162,5.72
407978,407321,162,5.72
408634,409290,162,5.72
407320,407321,162,0.6
409289,409946,162,0.6
409289,409290,162,0.6
407977,407321,162,0.6
408633,409290,162,0.6
407976,407321,162,0.6
403388,402732,163,5.72
403388,402733,163,5.72
403388,403387,163,5.72
413230,413886,163,5.72
413230,413229,163,5.72
404043,403387,163,5.72
404043,404042,163,5.72
412574,413229,163,5.72
412573,411916,163,5.72
412573,413229,163,5.72
412573,412572,163,5.72
404699,404042,163,5.72
404698,404042,163,5.72
404698,405353,163,5.72
404698,404697,163,5.72
411917,412572,163,5.72
411917,411916,163,5.72
411261,411916,163,5.72
405354,404697,163,5.72
405354,406009,163,5.72
405354,405353,163,5.72
411260,410603,163,5.72
411260,411916,163,5.72
411260,411259,163,5.72
406010,405353,163,5.72
406010,406665,163,5.72
406010,406009,163,5.72
410604,411259,163,5.72
410604,410603,163,5.72
406666,406009,163,5.72
406666,407321,163,5.72
406666,406665,163,5.72
409948,410603,163,5.72
409947,409290,163,5.72
409947,410603,163,5.72
409947,409946,163,5.72
407322,406665,163,5.72
407322,407321,163,5.72
409291,409946,163,5.72
409291,409290,163,5.72
408635,409290,163,5.72
407978,407321,163,5.72
408634,409290,163,5.72
407320,407321,163,0.6
409289,409946,163,0.6
409289,409290,163,0.6
407977,407321,163,0.6
408633,409290,163,0.6
407976,407321,163,0.6
403388,402732,164,5.72
403388,402733,164,5.72
403388,403387,164,5.72
413230,413886,164,5.72
413230,413229,164,5.72
404043,403387,164,5.72
404043,404042,164,5.72
412574,413229,164,5.72
412573,411916,164,5.72
412573,413229,164,5.72
412573,412572,164,5.72
404699,404042,164,5.72
404698,404042,164,5.72
404698,405353,164,5.72
404698,404697,164,5.72
411917,412572,164,5.72
411917,411916,164,5.72
411261,411916,164,5.72
405354,404697,164,5.72
405354,406009,164,5.72
405354,405353,164,5.72
411260,410603,164,5.72
411260,411916,164,5.72
411260,411259,164,5.72
406010,405353,164,5.72
406010,406665,164,5.72
406010,406009,164,5.72
410604,411259,164,5.72
410604,410603,164,5.72
406666,406009,164,5.72
406666,407321,164,5.72
406666,406665,164,5.72
409948,410603,164,5.72
409947,409290,164,5.72
409947,410603,164,5.72
409947,409946,164,5.72
407322,406665,164,5.72
407322,407321,164,5.72
409291,409946,164,5.72
409291,409290,164,5.72
408635,409290,164,5.72
407978,407321,164,5.72
408634,409290,164,5.72
407320,407321,164,0.6
409289,409946,164,0.6
409289,409290,164,0.6
407977,407321,164,0.6
408633,409290,164,0.6
407976,407321,164,0.6
403389,402733,165,5.72
403389,403390,165,5.72
413887,414543,165,5.72
413887,413886,165,5.72
403388,402732,165,5.72
403388,402733,165,5.72
403388,403387,165,5.72
413230,413886,165,5.72
413230,413229,165,5.72
404043,403387,165,5.72
404043,404042,165,5.72
412574,413229,165,5.72
412573,411916,165,5.72
412573,413229,165,5.72
412573,412572,165,5.72
404699,404042,165,5.72
404698,404042,165,5.72
404698,405353,165,5.72
404698,404697,165,5.72
411917,412572,165,5.72
411917,411916,165,5.72
411261,411916,165,5.72
405354,404697,165,5.72
405354,406009,165,5.72
405354,405353,165,5.72
411260,410603,165,5.72
411260,411916,165,5.72
411260,411259,165,5.72
406010,405353,165,5.72
406010,406665,165,5.72
406010,406009,165,5.72
410604,411259,165,5.72
410604,410603,165,5.72
406666,406009,165,5.72
406666,407321,165,5.72
406666,406665,165,5.72
409948,410603,165,5.72
409947,409290,165,5.72
409947,410603,165,5.72
409947,409946,165,5.72
407322,406665,165,5.72
407322,407321,165,5.72
409291,409946,165,5.72
409291,409290,165,5.72
408635,409290,165,5.72
407978,407321,165,5.72
408634,409290,165,5.72
407320,407321,165,0.6
409289,409946,165,0.6
409289,409290,165,0.6
407977,407321,165,0.6
408633,409290,165,0.6
407976,407321,165,0.6
403389,402733,166,5.72
413887,413886,166,5.72
403388,402732,166,5.72
403388,402733,166,5.72
403388,403387,166,5.72
413230,413886,166,5.72
413230,413229,166,5.72
404043,403387,166,5.72
404043,404042,166,5.72
412574,413229,166,5.72
412573,411916,166,5.72
412573,413229,166,5.72
412573,412572,166,5.72
404699,404042,166,5.72
404698,404042,166,5.72
404698,405353,166,5.72
404698,404697,166,5.72
411917,412572,166,5.72
411917,411916,166,5.72
411261,411916,166,5.72
405354,404697,166,5.72
405354,406009,166,5.72
405354,405353,166,5.72
411260,410603,166,5.72
411260,411916,166,5.72
411260,411259,166,5.72
406010,405353,166,5.72
406010,406665,166,5.72
406010,406009,166,5.72
410604,411259,166,5.72
410604,410603,166,5.72
406666,406009,166,5.72
406666,407321,166,5.72
406666,406665,166,5.72
409948,410603,166,5.72
409947,409290,166,5.72
409947,410603,166,5.72
409947,409946,166,5.72
407322,406665,166,5.72
407322,407321,166,5.72
409291,409946,166,5.72
409291,409290,166,5.72
408635,409290,166,5.72
407978,407321,166,5.72
408634,409290,166,5.72
407320,407321,166,0.6
409289,409946,166,0.6
409289,409290,166,0.6
407977,407321,166,0.6
408633,409290,166,0.6
407976,407321,166,0.6
403389,402733,167,5.72
403389,402734,167,5.72
403389,402732,167,5.72
413887,414544,167,5.72
413887,414542,167,5.72
413887,413886,167,5.72
403388,402732,167,5.72
403388,402733,167,5.72
403388,403387,167,5.72
413230,413886,167,5.72
413230,413229,167,5.72
404043,403387,167,5.72
404043,404042,167,5.72
412574,413229,167,5.72
412573,411916,167,5.72
412573,413229,167,5.72
412573,412572,167,5.72
404699,404042,167,5.72
404698,404042,167,5.72
404698,405353,167,5.72
404698,404697,167,5.72
411917,412572,167,5.72
411917,411916,167,5.72
411261,411916,167,5.72
405354,404697,167,5.72
405354,406009,167,5.72
405354,405353,167,5.72
411260,410603,167,5.72
411260,411916,167,5.72
411260,411259,167,5.72
406010,405353,167,5.72
406010,406665,167,5.72
406010,406009,167,5.72
410604,411259,167,5.72
410604,410603,167,5.72
406666,406009,167,5.72
406666,407321,167,5.72
406666,406665,167,5.72
409948,410603,167,5.72
409947,409290,167,5.72
409947,410603,167,5.72
409947,409946,167,5.72
407322,406665,167,5.72
407322,407321,167,5.72
409291,409946,167,5.72
409291,409290,167,5.72
408635,409290,167,5.72
407978,407321,167,5.72
408634,409290,167,5.72
407320,407321,167,0.6
409289,409946,167,0.6
409289,409290,167,0.6
407977,407321,167,0.6
408633,409290,167,0.6
407976,407321,167,0.6
403389,402733,168,5.72
403389,402734,168,5.72
403389,402732,168,5.72
413887,414542,168,5.72
413887,413886,168,5.72
403388,402732,168,5.72
403388,402733,168,5.72
403388,403387,168,5.72
413230,413886,168,5.72
413230,413229,168,5.72
404043,403387,168,5.72
404043,404042,168,5.72
412574,413229,168,5.72
412573,411916,168,5.72
412573,413229,168,5.72
412573,412572,168,5.72
404699,404042,168,5.72
404698,404042,168,5.72
404698,405353,168,5.72
404698,404697,168,5.72
411917,412572,168,5.72
411917,411916,168,5.72
411261,411916,168,5.72
405354,404697,168,5.72
405354,406009,168,5.72
405354,405353,168,5.72
411260,410603,168,5.72
411260,411916,168,5.72
411260,411259,168,5.72
406010,405353,168,5.72
406010,406665,168,5.72
406010,406009,168,5.72
410604,411259,168,5.72
410604,410603,168,5.72
406666,406009,168,5.72
406666,407321,168,5.72
406666,406665,168,5.72
409948,410603,168,5.72
409947,409290,168,5.72
409947,410603,168,5.72
409947,409946,168,5.72
407322,406665,168,5.72
407322,407321,168,5.72
409291,409946,168,5.72
409291,409290,168,5.72
408635,409290,168,5.72
407978,407321,168,5.72
408634,409290,168,5.72
407320,407321,168,0.6
409289,409946,168,0.6
409289,409290,168,0.6
407977,407321,168,0.6
408633,409290,168,0.6
407976,407321,168,0.6
403389,402733,169,5.72
403389,402734,169,5.72
403389,402732,169,5.72
413887,414542,169,5.72
413887,413886,169,5.72
403388,402732,169,5.72
403388,402733,169,5.72
403388,403387,169,5.72
413230,413886,169,5.72
413230,413229,169,5.72
404043,403387,169,5.72
404043,404042,169,5.72
412574,413229,169,5.72
412573,411916,169,5.72
412573,413229,169,5.72
412573,412572,169,5.72
404699,404042,169,5.72
404698,404042,169,5.72
404698,405353,169,5.72
404698,404697,169,5.72
411917,412572,169,5.72
411917,411916,169,5.72
411261,411916,169,5.72
405354,404697,169,5.72
405354,406009,169,5.72
405354,405353,169,5.72
411260,410603,169,5.72
411260,411916,169,5.72
411260,411259,169,5.72
406010,405353,169,5.72
406010,406665,169,5.72
406010,406009,169,5.72
410604,411259,169,5.72
410604,410603,169,5.72
406666,406009,169,5.72
406666,407321,169,5.72
406666,406665,169,5.72
409948,410603,169,5.72
409947,409290,169,5.72
409947,410603,169,5.72
409947,409946,169,5.72
407322,406665,169,5.72
407322,407321,169,5.72
409291,409946,169,5.72
409291,409290,169,5.72
408635,409290,169,5.72
407978,407321,169,5.72
408634,409290,169,5.72
407320,407321,169,0.6
409289,409946,169,0.6
409289,409290,169,0.6
407977,407321,169,0.6
408633,409290,169,0.6
407976,407321,169,0.6
403389,402733,170,5.72
403389,402734,170,5.72
403389,402732,170,5.72
413887,414542,170,5.72
413887,413886,170,5.72
403388,402732,170,5.72
403388,402733,170,5.72
403388,403387,170,5.72
413230,413886,170,5.72
413230,413229,170,5.72
404043,403387,170,5.72
404043,404042,170,5.72
412574,413229,170,5.72
412573,411916,170,5.72
412573,413229,170,5.72
412573,412572,170,5.72
404699,404042,170,5.72
404698,404042,170,5.72
404698,405353,170,5.72
404698,404697,170,5.72
411917,412572,170,5.72
411917,411916,170,5.72
411261,411916,170,5.72
405354,404697,170,5.72
405354,406009,170,5.72
405354,405353,170,5.72
411260,410603,170,5.72
411260,411916,170,5.72
411260,411259,170,5.72
406010,405353,170,5.72
406010,406665,170,5.72
406010,406009,170,5.72
410604,411259,170,5.72
410604,410603,170,5.72
406666,406009,170,5.72
406666,407321,170,5.72
406666,406665,170,5.72
409948,410603,170,5.72
409947,409290,170,5.72
409947,410603,170,5.72
409947,409946,170,5.72
407322,406665,170,5.72
407322,407321,170,5.72
409291,409946,170,5.72
409291,409290,170,5.72
408635,409290,170,5.72
407978,407321,170,5.72
408634,409290,170,5.72
407320,407321,170,0.6
409289,409946,170,0.6
409289,409290,170,0.6
407977,407321,170,0.6
408633,409290,170,0.6
407976,407321,170,0.6
414543,415199,171,5.72
414543,414542,171,5.72
403390,402734,171,5.72
403389,402733,171,5.72
403389,402734,171,5.72
403389,402732,171,5.72
413887,414542,171,5.72
413887,413886,171,5.72
403388,402732,171,5.72
403388,402733,171,5.72
403388,403387,171,5.72
413230,413886,171,5.72
413230,413229,171,5.72
404043,403387,171,5.72
404043,404042,171,5.72
412574,413229,171,5.72
412573,411916,171,5.72
412573,413229,171,5.72
412573,412572,171,5.72
404699,404042,171,5.72
404698,404042,171,5.72
404698,405353,171,5.72
404698,404697,171,5.72
411917,412572,171,5.72
411917,411916,171,5.72
411261,411916,171,5.72
405354,404697,171,5.72
405354,406009,171,5.72
405354,405353,171,5.72
411260,410603,171,5.72
411260,411916,171,5.72
411260,411259,171,5.72
406010,405353,171,5.72
406010,406665,171,5.72
406010,406009,171,5.72
410604,411259,171,5.72
410604,410603,171,5.72
406666,406009,171,5.72
406666,407321,171,5.72
406666,406665,171,5.72
409948,410603,171,5.72
409947,409290,171,5.72
409947,410603,171,5.72
409947,409946,171,5.72
407322,406665,171,5.72
407322,407321,171,5.72
409291,409946,171,5.72
409291,409290,171,5.72
408635,409290,171,5.72
407978,407321,171,5.72
408634,409290,171,5.72
407320,407321,171,0.6
409289,409946,171,0.6
409289,409290,171,0.6
407977,407321,171,0.6
408633,409290,171,0.6
407976,407321,171,0.6
414543,415199,172,5.72
414543,414542,172,5.72
403390,402734,172,5.72
403389,402733,172,5.72
403389,402734,172,5.72
403389,402732,172,5.72
413887,414542,172,5.72
413887,413886,172,5.72
403388,402732,172,5.72
403388,402733,172,5.72
403388,403387,172,5.72
413230,413886,172,5.72
413230,413229,172,5.72
404043,403387,172,5.72
404043,404042,172,5.72
412574,413229,172,5.72
412573,411916,172,5.72
412573,413229,172,5.72
412573,412572,172,5.72
404699,404042,172,5.72
404698,404042,172,5.72
404698,405353,172,5.72
404698,404697,172,5.72
411917,412572,172,5.72
411917,411916,172,5.72
411261,411916,172,5.72
405354,404697,172,5.72
405354,406009,172,5.72
405354,405353,172,5.72
411260,410603,172,5.72
411260,411916,172,5.72
411260,411259,172,5.72
406010,405353,172,5.72
406010,406665,172,5.72
406010,406009,172,5.72
410604,411259,172,5.72
410604,410603,172,5.72
406666,406009,172,5.72
406666,407321,172,5.72
406666,406665,172,5.72
409948,410603,172,5.72
409947,409290,172,5.72
409947,410603,172,5.72
409947,409946,172,5.72
407322,406665,172,5.72
407322,407321,172,5.72
409291,409946,172,5.72
409291,409290,172,5.72
408635,409290,172,5.72
407978,407321,172,5.72
408634,409290,172,5.72
407320,407321,172,0.6
409289,409946,172,0.6
409289,409290,172,0.6
407977,407321,172,0.6
408633,409290,172,0.6
407976,407321,172,0.6
414544,415200,173,5.72
414543,413886,173,5.72
414543,415199,173,5.72
414543,415200,173,5.72
414543,415198,173,5.72
414543,414542,173,5.72
403390,402734,173,5.72
403390,402735,173,5.72
403390,402733,173,5.72
403390,404047,173,5.72
403389,402733,173,5.72
403389,402734,173,5.72
403389,402732,173,5.72
413887,414542,173,5.72
413887,413886,173,5.72
403388,402732,173,5.72
403388,402733,173,5.72
403388,403387,173,5.72
413230,413886,173,5.72
413230,413229,173,5.72
404043,403387,173,5.72
404043,404042,173,5.72
412574,413229,173,5.72
412573,411916,173,5.72
412573,413229,173,5.72
412573,412572,173,5.72
404699,404042,173,5.72
404698,404042,173,5.72
404698,405353,173,5.72
404698,404697,173,5.72
411917,412572,173,5.72
411917,411916,173,5.72
411261,411916,173,5.72
405354,404697,173,5.72
405354,406009,173,5.72
405354,405353,173,5.72
411260,410603,173,5.72
411260,411916,173,5.72
411260,411259,173,5.72
406010,405353,173,5.72
406010,406665,173,5.72
406010,406009,173,5.72
410604,411259,173,5.72
410604,410603,173,5.72
407974,407973,173,0.6
409286,409285,173,0.6
409943,410599,173,0.6
409945,410601,173,0.6
409945,409946,173,0.6
407319,406663,173,0.6
406666,406009,173,5.72
406666,407321,173,5.72
406666,406665,173,5.72
409948,410603,173,5.72
409947,409290,173,5.72
409947,410603,173,5.72
409947,409946,173,5.72
407322,406665,173,5.72
407322,407321,173,5.72
409291,409946,173,5.72
409291,409290,173,5.72
408635,409290,173,5.72
407978,407321,173,5.72
408630,407973,173,0.6
408630,409285,173,0.6
408634,409290,173,5.72
409944,410601,173,0.6
409944,410599,173,0.6
407320,406665,173,0.6
407320,406663,173,0.6
407320,407321,173,0.6
409289,409946,173,0.6
409289,409290,173,0.6
407977,407321,173,0.6
408633,409290,173,0.6
407976,407321,173,0.6
414543,413886,174,5.72
414543,415199,174,5.72
414543,414542,174,5.72
403390,402734,174,5.72
403390,402735,174,5.72
403390,402733,174,5.72
403389,402733,174,5.72
403389,402734,174,5.72
403389,402732,174,5.72
413887,414542,174,5.72
413887,413886,174,5.72
403388,402732,174,5.72
403388,402733,174,5.72
403388,403387,174,5.72
413230,413886,174,5.72
413230,413229,174,5.72
404043,403387,174,5.72
404043,404042,174,5.72
412574,413229,174,5.72
412573,411916,174,5.72
412573,413229,174,5.72
412573,412572,174,5.72
404699,404042,174,5.72
404698,404042,174,5.72
404698,405353,174,5.72
404698,404697,174,5.72
411917,412572,174,5.72
411917,411916,174,5.72
411261,411916,174,5.72
405354,404697,174,5.72
405354,406009,174,5.72
405354,405353,174,5.72
411260,410603,174,5.72
411260,411916,174,5.72
411260,411259,174,5.72
406010,405353,174,5.72
406010,406665,174,5.72
406010,406009,174,5.72
410602,409946,174,0.6
410602,411258,174,0.6
410602,410603,174,0.6
410604,411259,174,5.72
410604,410603,174,5.72
409945,409946,174,0.6
406666,406009,174,5.72
406666,407321,174,5.72
406666,406665,174,5.72
409948,410603,174,5.72
409947,409290,174,5.72
409947,410603,174,5.72
409947,409946,174,5.72
407322,406665,174,5.72
407322,407321,174,5.72
409291,409946,174,5.72
409291,409290,174,5.72
408635,409290,174,5.72
407978,407321,174,5.72
408634,409290,174,5.72
407320,406665,174,0.6
407320,407321,174,0.6
409289,409946,174,0.6
409289,409290,174,0.6
407977,407321,174,0.6
408633,409290,174,0.6
407976,407321,174,0.6
414544,415201,175,5.72
414544,415199,175,5.72
414543,413886,175,5.72
414543,415199,175,5.72
414543,414542,175,5.72
403390,402734,175,5.72
403390,402735,175,5.72
403390,402733,175,5.72
403389,402733,175,5.72
403389,402734,175,5.72
403389,402732,175,5.72
413887,414542,175,5.72
413887,413886,175,5.72
403388,402732,175,5.72
403388,402733,175,5.72
403388,403387,175,5.72
413230,413886,175,5.72
413230,413229,175,5.72
404043,403387,175,5.72
404043,404042,175,5.72
412574,413229,175,5.72
412573,411916,175,5.72
412573,413229,175,5.72
412573,412572,175,5.72
404699,404042,175,5.72
404698,404042,175,5.72
404698,405353,175,5.72
404698,404697,175,5.72
411917,412572,175,5.72
411917,411916,175,5.72
411261,411916,175,5.72
405354,404697,175,5.72
405354,406009,175,5.72
405354,405353,175,5.72
411260,410603,175,5.72
411260,411916,175,5.72
411260,411259,175,5.72
406010,405353,175,5.72
406010,406665,175,5.72
406010,406009,175,5.72
410602,409946,175,0.6
410602,410603,175,0.6
410604,411259,175,5.72
410604,410603,175,5.72
409945,409946,175,0.6
406666,406009,175,5.72
406666,407321,175,5.72
406666,406665,175,5.72
409948,410603,175,5.72
409947,409290,175,5.72
409947,410603,175,5.72
409947,409946,175,5.72
407322,406665,175,5.72
407322,407321,175,5.72
409291,409946,175,5.72
409291,409290,175,5.72
408635,409290,175,5.72
407978,407321,175,5.72
408634,409290,175,5.72
407320,406665,175,0.6
407320,407321,175,0.6
409289,409946,175,0.6
409289,409290,175,0.6
407977,407321,175,0.6
408633,409290,175,0.6
407976,407321,175,0.6
414544,415199,176,5.72
414543,413886,176,5.72
414543,415199,176,5.72
414543,414542,176,5.72
403390,402734,176,5.72
403390,402735,176,5.72
403390,402733,176,5.72
403389,402733,176,5.72
403389,402734,176,5.72
403389,402732,176,5.72
413887,414542,176,5.72
413887,413886,176,5.72
403388,402732,176,5.72
403388,402733,176,5.72
403388,403387,176,5.72
413230,413886,176,5.72
413230,413229,176,5.72
404043,403387,176,5.72
404043,404042,176,5.72
412574,413229,176,5.72
412573,411916,176,5.72
412573,413229,176,5.72
412573,412572,176,5.72
404699,404042,176,5.72
404698,404042,176,5.72
404698,405353,176,5.72
404698,404697,176,5.72
411917,412572,176,5.72
411917,411916,176,5.72
411261,411916,176,5.72
405354,404697,176,5.72
405354,406009,176,5.72
405354,405353,176,5.72
411260,410603,176,5.72
411260,411916,176,5.72
411260,411259,176,5.72
406010,405353,176,5.72
406010,406665,176,5.72
406010,406009,176,5.72
409293,408637,176,0.6
409293,409294,176,0.6
410602,409946,176,0.6
410602,410603,176,0.6
410604,411259,176,5.72
410604,410603,176,5.72
409945,409946,176,0.6
406666,406009,176,5.72
406666,407321,176,5.72
406666,406665,176,5.72
409948,410603,176,5.72
409947,409290,176,5.72
409947,410603,176,5.72
409947,409946,176,5.72
407322,406665,176,5.72
407322,407321,176,5.72
409291,409946,176,5.72
409291,409290,176,5.72
408635,409290,176,5.72
407978,407321,176,5.72
408634,409290,176,5.72
407320,406665,176,0.6
407320,407321,176,0.6
409289,409946,176,0.6
409289,409290,176,0.6
407977,407321,176,0.6
408633,409290,176,0.6
407976,407321,176,0.6
414544,415199,177,5.72
414543,413886,177,5.72
414543,415199,177,5.72
414543,414542,177,5.72
403390,402734,177,5.72
403390,402735,177,5.72
403390,402733,177,5.72
403389,402733,177,5.72
403389,402734,177,5.72
403389,402732,177,5.72
413887,414542,177,5.72
413887,413886,177,5.72
403388,402732,177,5.72
403388,402733,177,5.72
403388,403387,177,5.72
413230,413886,177,5.72
413230,413229,177,5.72
404043,403387,177,5.72
404043,404042,177,5.72
412574,413229,177,5.72
412573,411916,177,5.72
412573,413229,177,5.72
412573,412572,177,5.72
404699,404042,177,5.72
404698,404042,177,5.72
404698,405353,177,5.72
404698,404697,177,5.72
411917,412572,177,5.72
411917,411916,177,5.72
411261,411916,177,5.72
405354,404697,177,5.72
405354,406009,177,5.72
405354,405353,177,5.72
411260,410603,177,5.72
411260,411916,177,5.72
411260,411259,177,5.72
406010,405353,177,5.72
406010,406665,177,5.72
406010,406009,177,5.72
410602,409946,177,0.6
410602,410603,177,0.6
410604,411259,177,5.72
410604,410603,177,5.72
409945,409946,177,0.6
406666,406009,177,5.72
406666,407321,177,5.72
406666,406665,177,5.72
409948,410603,177,5.72
409947,409290,177,5.72
409947,410603,177,5.72
409947,409946,177,5.72
407322,406665,177,5.72
407322,407321,177,5.72
409291,409946,177,5.72
409291,409290,177,5.72
408635,409290,177,5.72
407978,407321,177,5.72
408634,409290,177,5.72
407320,406665,177,0.6
407320,407321,177,0.6
409289,409946,177,0.6
409289,409290,177,0.6
407977,407321,177,0.6
408633,409290,177,0.6
407976,407321,177,0.6
414544,415199,178,5.72
414543,413886,178,5.72
414543,415199,178,5.72
414543,414542,178,5.72
403390,402734,178,5.72
403390,402735,178,5.72
403390,402733,178,5.72
403389,402733,178,5.72
403389,402734,178,5.72
403389,402732,178,5.72
413887,414542,178,5.72
413887,413886,178,5.72
403388,402732,178,5.72
403388,402733,178,5.72
403388,403387,178,5.72
413230,413886,178,5.72
413230,413229,178,5.72
404043,403387,178,5.72
404043,404042,178,5.72
412574,413229,178,5.72
412573,411916,178,5.72
412573,413229,178,5.72
412573,412572,178,5.72
404699,404042,178,5.72
404698,404042,178,5.72
404698,405353,178,5.72
404698,404697,178,5.72
411917,412572,178,5.72
411917,411916,178,5.72
411261,411916,178,5.72
405354,404697,178,5.72
405354,406009,178,5.72
405354,405353,178,5.72
411260,410603,178,5.72
411260,411916,178,5.72
411260,411259,178,5.72
406010,405353,178,5.72
406010,406665,178,5.72
406010,406009,178,5.72
410602,409946,178,0.6
410602,410603,178,0.6
410604,411259,178,5.72
410604,410603,178,5.72
409945,409946,178,0.6
406666,406009,178,5.72
406666,407321,178,5.72
406666,406665,178,5.72
409948,410603,178,5.72
409947,409290,178,5.72
409947,410603,178,5.72
409947,409946,178,5.72
407322,406665,178,5.72
407322,407321,178,5.72
409291,409946,178,5.72
409291,409290,178,5.72
408635,409290,178,5.72
407978,407321,178,5.72
408634,409290,178,5.72
407320,406665,178,0.6
407320,407321,178,0.6
409289,409946,178,0.6
409289,409290,178,0.6
407977,407321,178,0.6
408633,409290,178,0.6
407976,407321,178,0.6
415200,415856,179,5.72
415200,415199,179,5.72
414544,415199,179,5.72
414543,413886,179,5.72
414543,415199,179,5.72
414543,414542,179,5.72
403390,402734,179,5.72
403390,402735,179,5.72
403390,402733,179,5.72
403389,402733,179,5.72
403389,402734,179,5.72
403389,402732,179,5.72
413887,414542,179,5.72
413887,413886,179,5.72
403388,402732,179,5.72
403388,402733,179,5.72
403388,403387,179,5.72
413230,413886,179,5.72
413230,413229,179,5.72
404043,403387,179,5.72
404043,404042,179,5.72
412574,413229,179,5.72
412573,411916,179,5.72
412573,413229,179,5.72
412573,412572,179,5.72
404699,404042,179,5.72
404698,404042,179,5.72
404698,405353,179,5.72
404698,404697,179,5.72
411917,412572,179,5.72
411917,411916,179,5.72
411261,411916,179,5.72
405354,404697,179,5.72
405354,406009,179,5.72
405354,405353,179,5.72
411260,410603,179,5.72
411260,411916,179,5.72
411260,411259,179,5.72
406010,405353,179,5.72
406010,406665,179,5.72
406010,406009,179,5.72
410602,409946,179,0.6
410602,410603,179,0.6
410604,411259,179,5.72
410604,410603,179,5.72
409945,409946,179,0.6
406666,406009,179,5.72
406666,407321,179,5.72
406666,406665,179,5.72
409948,410603,179,5.72
409947,409290,179,5.72
409947,410603,179,5.72
409947,409946,179,5.72
407322,406665,179,5.72
407322,407321,179,5.72
409291,409946,179,5.72
409291,409290,179,5.72
408635,409290,179,5.72
407978,407321,179,5.72
408634,409290,179,5.72
407320,406665,179,0.6
407320,407321,179,0.6
409289,409946,179,0.6
409289,409290,179,0.6
407977,407321,179,0.6
408633,409290,179,0.6
407976,407321,179,0.6
415200,415856,180,5.72
415200,415199,180,5.72
414544,415199,180,5.72
414543,413886,180,5.72
414543,415199,180,5.72
414543,414542,180,5.72
403390,402734,180,5.72
403390,402735,180,5.72
403390,402733,180,5.72
403389,402733,180,5.72
403389,402734,180,5.72
403389,402732,180,5.72
413887,414542,180,5.72
413887,413886,180,5.72
403388,402732,180,5.72
403388,402733,180,5.72
403388,403387,180,5.72
413230,413886,180,5.72
413230,413229,180,5.72
404043,403387,180,5.72
404043,404042,180,5.72
412574,413229,180,5.72
412573,411916,180,5.72
412573,413229,180,5.72
412573,412572,180,5.72
404699,404042,180,5.72
404698,404042,180,5.72
404698,405353,180,5.72
404698,404697,180,5.72
411917,412572,180,5.72
411917,411916,180,5.72
411261,411916,180,5.72
405354,404697,180,5.72
405354,406009,180,5.72
405354,405353,180,5.72
411260,410603,180,5.72
411260,411916,180,5.72
411260,411259,180,5.72
406010,405353,180,5.72
406010,406665,180,5.72
406010,406009,180,5.72
410602,409946,180,0.6
410602,410603,180,0.6
410604,411259,180,5.72
410604,410603,180,5.72
409945,409946,180,0.6
406666,406009,180,5.72
406666,407321,180,5.72
406666,406665,180,5.72
409948,410603,180,5.72
409947,409290,180,5.72
409947,410603,180,5.72
409947,409946,180,5.72
407322,406665,180,5.72
407322,407321,180,5.72
409291,409946,180,5.72
409291,409290,180,5.72
408635,409290,180,5.72
407978,407321,180,5.72
408634,409290,180,5.72
407320,406665,180,0.6
407320,407321,180,0.6
409289,409946,180,0.6
409289,409290,180,0.6
407977,407321,180,0.6
408633,409290,180,0.6
407976,407321,180,0.6
415201,415857,181,5.72
415200,415856,181,5.72
415200,415857,181,5.72
415200,415855,181,5.72
415200,415199,181,5.72
414544,415199,181,5.72
414543,413886,181,5.72
414543,415199,181,5.72
414543,414542,181,5.72
403390,402734,181,5.72
403390,402735,181,5.72
403390,402733,181,5.72
403389,402733,181,5.72
403389,402734,181,5.72
403389,402732,181,5.72
413887,414542,181,5.72
413887,413886,181,5.72
403388,402732,181,5.72
403388,402733,181,5.72
403388,403387,181,5.72
413230,413886,181,5.72
413230,413229,181,5.72
404043,403387,181,5.72
404043,404042,181,5.72
412574,413229,181,5.72
412573,411916,181,5.72
412573,413229,181,5.72
412573,412572,181,5.72
404699,404042,181,5.72
404698,404042,181,5.72
404698,405353,181,5.72
404698,404697,181,5.72
411917,412572,181,5.72
411917,411916,181,5.72
411261,411916,181,5.72
405354,404697,181,5.72
405354,406009,181,5.72
405354,405353,181,5.72
411260,410603,181,5.72
411260,411916,181,5.72
411260,411259,181,5.72
406010,405353,181,5.72
406010,406665,181,5.72
406010,406009,181,5.72
410602,409946,181,0.6
410602,410603,181,0.6
410604,411259,181,5.72
410604,410603,181,5.72
409945,409946,181,0.6
406666,406009,181,5.72
406666,407321,181,5.72
406666,406665,181,5.72
409948,410603,181,5.72
409947,409290,181,5.72
409947,410603,181,5.72
409947,409946,181,5.72
407322,406665,181,5.72
407322,407321,181,5.72
409291,409946,181,5.72
409291,409290,181,5.72
408635,409290,181,5.72
407978,407321,181,5.72
408634,409290,181,5.72
407320,406665,181,0.6
407320,407321,181,0.6
409289,409946,181,0.6
409289,409290,181,0.6
407977,407321,181,0.6
408633,409290,181,0.6
407976,407321,181,0.6
415200,415856,182,5.72
415200,415855,182,5.72
415200,415199,182,5.72
414544,415199,182,5.72
414543,413886,182,5.72
414543,415199,182,5.72
414543,414542,182,5.72
403390,402734,182,5.72
403390,402735,182,5.72
403390,402733,182,5.72
403389,402733,182,5.72
403389,402734,182,5.72
403389,402732,182,5.72
413887,414542,182,5.72
413887,413886,182,5.72
403388,402732,182,5.72
403388,402733,182,5.72
403388,403387,182,5.72
413230,413886,182,5.72
413230,413229,182,5.72
404043,403387,182,5.72
404043,404042,182,5.72
412574,413229,182,5.72
412573,411916,182,5.72
412573,413229,182,5.72
412573,412572,182,5.72
404699,404042,182,5.72
404698,404042,182,5.72
404698,405353,182,5.72
404698,404697,182,5.72
411917,412572,182,5.72
411917,411916,182,5.72
411261,411916,182,5.72
405354,404697,182,5.72
405354,406009,182,5.72
405354,405353,182,5.72
411260,410603,182,5.72
411260,411916,182,5.72
411260,411259,182,5.72
406010,405353,182,5.72
406010,406665,182,5.72
406010,406009,182,5.72
410602,409946,182,0.6
410602,410603,182,0.6
410604,411259,182,5.72
410604,410603,182,5.72
409945,409946,182,0.6
406666,406009,182,5.72
406666,407321,182,5.72
406666,406665,182,5.72
409948,410603,182,5.72
409947,409290,182,5.72
409947,410603,182,5.72
409947,409946,182,5.72
407322,406665,182,5.72
407322,407321,182,5.72
409291,409946,182,5.72
409291,409290,182,5.72
408635,409290,182,5.72
407978,407321,182,5.72
408634,409290,182,5.72
407320,406665,182,0.6
407320,407321,182,0.6
409289,409946,182,0.6
409289,409290,182,0.6
407977,407321,182,0.6
408633,409290,182,0.6
407976,407321,182,0.6
415201,414546,183,5.72
415201,415856,183,5.72
415200,415856,183,5.72
415200,415855,183,5.72
415200,415199,183,5.72
414544,415199,183,5.72
414543,413886,183,5.72
414543,415199,183,5.72
414543,414542,183,5.72
403390,402734,183,5.72
403390,402735,183,5.72
403390,402733,183,5.72
403389,402733,183,5.72
403389,402734,183,5.72
403389,402732,183,5.72
413887,414542,183,5.72
413887,413886,183,5.72
403388,402732,183,5.72
403388,402733,183,5.72
403388,403387,183,5.72
413230,413886,183,5.72
413230,413229,183,5.72
404043,403387,183,5.72
404043,404042,183,5.72
412574,413229,183,5.72
412573,411916,183,5.72
412573,413229,183,5.72
412573,412572,183,5.72
404699,404042,183,5.72
404698,404042,183,5.72
404698,405353,183,5.72
404698,404697,183,5.72
411917,412572,183,5.72
411917,411916,183,5.72
411261,411916,183,5.72
405354,404697,183,5.72
405354,406009,183,5.72
405354,405353,183,5.72
411260,410603,183,5.72
411260,411916,183,5.72
411260,411259,183,5.72
406010,405353,183,5.72
406010,406665,183,5.72
406010,406009,183,5.72
410602,409946,183,0.6
410602,410603,183,0.6
410604,411259,183,5.72
410604,410603,183,5.72
409945,409946,183,0.6
406666,406009,183,5.72
406666,407321,183,5.72
406666,406665,183,5.72
409948,410603,183,5.72
409947,409290,183,5.72
409947,410603,183,5.72
409947,409946,183,5.72
407322,406665,183,5.72
407322,407321,183,5.72
409291,409946,183,5.72
409291,409290,183,5.72
408635,409290,183,5.72
407978,407321,183,5.72
408634,409290,183,5.72
407320,406665,183,0.6
407320,407321,183,0.6
409289,409946,183,0.6
409289,409290,183,0.6
407977,407321,183,0.6
408633,409290,183,0.6
407976,407321,183,0.6
415201,415856,184,5.72
415200,415856,184,5.72
415200,415855,184,5.72
415200,415199,184,5.72
414544,415199,184,5.72
414543,413886,184,5.72
414543,415199,184,5.72
414543,414542,184,5.72
403390,402734,184,5.72
403390,402735,184,5.72
403390,402733,184,5.72
403389,402733,184,5.72
403389,402734,184,5.72
403389,402732,184,5.72
413887,414542,184,5.72
413887,413886,184,5.72
403388,402732,184,5.72
403388,402733,184,5.72
403388,403387,184,5.72
413230,413886,184,5.72
413230,413229,184,5.72
404043,403387,184,5.72
404043,404042,184,5.72
412574,413229,184,5.72
412573,411916,184,5.72
412573,413229,184,5.72
412573,412572,184,5.72
404699,404042,184,5.72
404698,404042,184,5.72
404698,405353,184,5.72
404698,404697,184,5.72
411917,412572,184,5.72
411917,411916,184,5.72
411261,411916,184,5.72
405354,404697,184,5.72
405354,406009,184,5.72
405354,405353,184,5.72
411260,410603,184,5.72
411260,411916,184,5.72
411260,411259,184,5.72
406010,405353,184,5.72
406010,406665,184,5.72
406010,406009,184,5.72
410602,409946,184,0.6
410602,410603,184,0.6
410604,411259,184,5.72
410604,410603,184,5.72
409945,409946,184,0.6
406666,406009,184,5.72
406666,407321,184,5.72
406666,406665,184,5.72
409948,410603,184,5.72
409947,409290,184,5.72
409947,410603,184,5.72
409947,409946,184,5.72
407322,406665,184,5.72
407322,407321,184,5.72
409291,409946,184,5.72
409291,409290,184,5.72
408635,409290,184,5.72
407978,407321,184,5.72
408634,409290,184,5.72
407320,406665,184,0.6
407320,407321,184,0.6
409289,409946,184,0.6
409289,409290,184,0.6
407977,407321,184,0.6
408633,409290,184,0.6
407976,407321,184,0.6
415201,415856,185,5.72
415200,415856,185,5.72
415200,415855,185,5.72
415200,415199,185,5.72
414544,415199,185,5.72
414543,413886,185,5.72
414543,415199,185,5.72
414543,414542,185,5.72
403390,402734,185,5.72
403390,402735,185,5.72
403390,402733,185,5.72
403389,402733,185,5.72
403389,402734,185,5.72
403389,402732,185,5.72
413887,414542,185,5.72
413887,413886,185,5.72
403388,402732,185,5.72
403388,402733,185,5.72
403388,403387,185,5.72
413230,413886,185,5.72
413230,413229,185,5.72
404043,403387,185,5.72
404043,404042,185,5.72
412574,413229,185,5.72
412573,411916,185,5.72
412573,413229,185,5.72
412573,412572,185,5.72
404699,404042,185,5.72
404698,404042,185,5.72
404698,405353,185,5.72
404698,404697,185,5.72
411917,412572,185,5.72
411917,411916,185,5.72
411261,411916,185,5.72
405354,404697,185,5.72
405354,406009,185,5.72
405354,405353,185,5.72
411260,410603,185,5.72
411260,411916,185,5.72
411260,411259,185,5.72
406010,405353,185,5.72
406010,406665,185,5.72
406010,406009,185,5.72
410602,409946,185,0.6
410602,410603,185,0.6
410604,411259,185,5.72
410604,410603,185,5.72
409945,409946,185,0.6
406666,406009,185,5.72
406666,407321,185,5.72
406666,406665,185,5.72
409948,410603,185,5.72
409947,409290,185,5.72
409947,410603,185,5.72
409947,409946,185,5.72
407322,406665,185,5.72
407322,407321,185,5.72
409291,409946,185,5.72
409291,409290,185,5.72
408635,409290,185,5.72
407978,407321,185,5.72
408634,409290,185,5.72
407320,406665,185,0.6
407320,407321,185,0.6
409289,409946,185,0.6
409289,409290,185,0.6
407977,407321,185,0.6
408633,409290,185,0.6
407976,407321,185,0.6
415201,415856,186,5.72
415200,415856,186,5.72
415200,415855,186,5.72
415200,415199,186,5.72
414544,415199,186,5.72
414543,413886,186,5.72
414543,415199,186,5.72
414543,414542,186,5.72
403390,402734,186,5.72
403390,402735,186,5.72
403390,402733,186,5.72
403389,402733,186,5.72
403389,402734,186,5.72
403389,402732,186,5.72
413887,414542,186,5.72
413887,413886,186,5.72
403388,402732,186,5.72
403388,402733,186,5.72
403388,403387,186,5.72
413230,413886,186,5.72
413230,413229,186,5.72
404043,403387,186,5.72
404043,404042,186,5.72
412574,413229,186,5.72
412573,411916,186,5.72
412573,413229,186,5.72
412573,412572,186,5.72
404699,404042,186,5.72
404698,404042,186,5.72
404698,405353,186,5.72
404698,404697,186,5.72
411917,412572,186,5.72
411917,411916,186,5.72
411261,411916,186,5.72
405354,404697,186,5.72
405354,406009,186,5.72
405354,405353,186,5.72
411260,410603,186,5.72
411260,411916,186,5.72
411260,411259,186,5.72
406010,405353,186,5.72
406010,406665,186,5.72
406010,406009,186,5.72
410602,409946,186,0.6
410602,410603,186,0.6
410604,411259,186,5.72
410604,410603,186,5.72
409945,409946,186,0.6
406666,406009,186,5.72
406666,407321,186,5.72
406666,406665,186,5.72
409948,410603,186,5.72
409947,409290,186,5.72
409947,410603,186,5.72
409947,409946,186,5.72
407322,406665,186,5.72
407322,407321,186,5.72
409291,409946,186,5.72
409291,409290,186,5.72
408635,409290,186,5.72
407978,407321,186,5.72
408634,409290,186,5.72
407320,406665,186,0.6
407320,407321,186,0.6
409289,409946,186,0.6
409289,409290,186,0.6
407977,407321,186,0.6
408633,409290,186,0.6
407976,407321,186,0.6
415857,416513,187,5.72
415857,415856,187,5.72
415201,415856,187,5.72
415200,415856,187,5.72
415200,415855,187,5.72
415200,415199,187,5.72
414544,415199,187,5.72
414543,413886,187,5.72
414543,415199,187,5.72
414543,414542,187,5.72
403390,402734,187,5.72
403390,402735,187,5.72
403390,402733,187,5.72
403389,402733,187,5.72
403389,402734,187,5.72
403389,402732,187,5.72
413887,414542,187,5.72
413887,413886,187,5.72
403388,402732,187,5.72
403388,402733,187,5.72
403388,403387,187,5.72
413230,413886,187,5.72
413230,413229,187,5.72
404043,403387,187,5.72
404043,404042,187,5.72
412574,413229,187,5.72
412573,411916,187,5.72
412573,413229,187,5.72
412573,412572,187,5.72
404699,404042,187,5.72
404698,404042,187,5.72
404698,405353,187,5.72
404698,404697,187,5.72
411917,412572,187,5.72
411917,411916,187,5.72
411261,411916,187,5.72
405354,404697,187,5.72
405354,406009,187,5.72
405354,405353,187,5.72
411260,410603,187,5.72
411260,411916,187,5.72
411260,411259,187,5.72
406010,405353,187,5.72
406010,406665,187,5.72
406010,406009,187,5.72
410602,409946,187,0.6
410602,410603,187,0.6
410604,411259,187,5.72
410604,410603,187,5.72
409945,409946,187,0.6
406666,406009,187,5.72
406666,407321,187,5.72
406666,406665,187,5.72
409948,410603,187,5.72
409947,409290,187,5.72
409947,410603,187,5.72
409947,409946,187,5.72
407322,406665,187,5.72
407322,407321,187,5.72
409291,409946,187,5.72
409291,409290,187,5.72
408635,409290,187,5.72
407978,407321,187,5.72
408634,409290,187,5.72
407320,406665,187,0.6
407320,407321,187,0.6
409289,409946,187,0.6
409289,409290,187,0.6
407977,407321,187,0.6
408633,409290,187,0.6
407976,407321,187,0.6
415857,416513,188,5.72
415857,415856,188,5.72
415201,415856,188,5.72
415200,415856,188,5.72
415200,415855,188,5.72
415200,415199,188,5.72
414544,415199,188,5.72
414543,413886,188,5.72
414543,415199,188,5.72
414543,414542,188,5.72
403390,402734,188,5.72
403390,402735,188,5.72
403390,402733,188,5.72
403389,402733,188,5.72
403389,402734,188,5.72
403389,402732,188,5.72
413887,414542,188,5.72
413887,413886,188,5.72
403388,402732,188,5.72
403388,402733,188,5.72
403388,403387,188,5.72
413230,413886,188,5.72
413230,413229,188,5.72
404043,403387,188,5.72
404043,404042,188,5.72
412574,413229,188,5.72
412573,411916,188,5.72
412573,413229,188,5.72
412573,412572,188,5.72
404699,404042,188,5.72
411915,411259,188,0.6
411915,412571,188,0.6
411915,411916,188,0.6
411915,411914,188,0.6
404698,404042,188,5.72
404698,405353,188,5.72
404698,404697,188,5.72
411262,411263,188,0.6
411917,412572,188,5.72
411917,411916,188,5.72
411261,411916,188,5.72
405354,404697,188,5.72
405354,406009,188,5.72
405354,405353,188,5.72
411260,410603,188,5.72
411260,411916,188,5.72
411260,411259,188,5.72
406010,405353,188,5.72
406010,406665,188,5.72
406010,406009,188,5.72
410602,409946,188,0.6
410602,410603,188,0.6
410604,411259,188,5.72
410604,410603,188,5.72
409945,409946,188,0.6
406666,406009,188,5.72
406666,407321,188,5.72
406666,406665,188,5.72
409948,410603,188,5.72
409947,409290,188,5.72
409947,410603,188,5.72
409947,409946,188,5.72
407322,406665,188,5.72
407322,407321,188,5.72
409291,409946,188,5.72
409291,409290,188,5.72
408635,409290,188,5.72
407978,407321,188,5.72
408634,409290,188,5.72
407320,406665,188,0.6
407320,407321,188,0.6
409289,409946,188,0.6
409289,409290,188,0.6
407977,407321,188,0.6
408633,409290,188,0.6
407976,407321,188,0.6
415857,416513,189,5.72
415857,416512,189,5.72
415857,415856,189,5.72
415201,415856,189,5.72
415200,415856,189,5.72
415200,415855,189,5.72
415200,415199,189,5.72
414544,415199,189,5.72
414543,413886,189,5.72
414543,415199,189,5.72
414543,414542,189,5.72
403390,402734,189,5.72
403390,402735,189,5.72
403390,402733,189,5.72
403389,402733,189,5.72
403389,402734,189,5.72
403389,402732,189,5.72
413887,414542,189,5.72
413887,413886,189,5.72
403388,402732,189,5.72
403388,402733,189,5.72
403388,403387,189,5.72
413230,413886,189,5.72
413230,413229,189,5.72
404043,403387,189,5.72
404043,404042,189,5.72
412574,413229,189,5.72
412573,411916,189,5.72
412573,413229,189,5.72
412573,412572,189,5.72
404699,404042,189,5.72
411915,411259,189,0.6
411915,411916,189,0.6
404698,404042,189,5.72
404698,405353,189,5.72
404698,404697,189,5.72
411917,412572,189,5.72
411917,411916,189,5.72
411261,411916,189,5.72
405354,404697,189,5.72
405354,406009,189,5.72
405354,405353,189,5.72
411260,410603,189,5.72
411260,411916,189,5.72
411260,411259,189,5.72
406010,405353,189,5.72
406010,406665,189,5.72
406010,406009,189,5.72
410602,409946,189,0.6
410602,410603,189,0.6
410604,411259,189,5.72
410604,410603,189,5.72
409945,409946,189,0.6
406666,406009,189,5.72
406666,407321,189,5.72
406666,406665,189,5.72
409948,410603,189,5.72
409947,409290,189,5.72
409947,410603,189,5.72
409947,409946,189,5.72
407322,406665,189,5.72
407322,407321,189,5.72
409291,409946,189,5.72
409291,409290,189,5.72
408635,409290,189,5.72
407978,407321,189,5.72
408634,409290,189,5.72
407320,406665,189,0.6
407320,407321,189,0.6
409289,409946,189,0.6
409289,409290,189,0.6
407977,407321,189,0.6
408633,409290,189,0.6
407976,407321,189,0.6
415857,416513,190,5.72
415857,416512,190,5.72
415857,415856,190,5.72
415201,415856,190,5.72
415200,415856,190,5.72
415200,415855,190,5.72
415200,415199,190,5.72
414544,415199,190,5.72
414543,413886,190,5.72
414543,415199,190,5.72
414543,414542,190,5.72
403390,402734,190,5.72
403390,402735,190,5.72
403390,402733,190,5.72
403389,402733,190,5.72
403389,402734,190,5.72
403389,402732,190,5.72
413887,414542,190,5.72
413887,413886,190,5.72
403388,402732,190,5.72
403388,402733,190,5.72
403388,403387,190,5.72
413230,413886,190,5.72
413230,413229,190,5.72
404043,403387,190,5.72
404043,404042,190,5.72
412574,413229,190,5.72
412573,411916,190,5.72
412573,413229,190,5.72
412573,412572,190,5.72
404699,404042,190,5.72
410606,409950,190,0.6
410606,410607,190,0.6
411915,411259,190,0.6
411915,411916,190,0.6
404698,404042,190,5.72
404698,405353,190,5.72
404698,404697,190,5.72
411917,412572,190,5.72
411917,411916,190,5.72
411261,411916,190,5.72
405354,404697,190,5.72
405354,406009,190,5.72
405354,405353,190,5.72
411260,410603,190,5.72
411260,411916,190,5.72
411260,411259,190,5.72
406010,405353,190,5.72
406010,406665,190,5.72
406010,406009,190,5.72
410602,409946,190,0.6
410602,410603,190,0.6
410604,411259,190,5.72
410604,410603,190,5.72
409945,409946,190,0.6
406666,406009,190,5.72
406666,407321,190,5.72
406666,406665,190,5.72
409948,410603,190,5.72
409947,409290,190,5.72
409947,410603,190,5.72
409947,409946,190,5.72
407322,406665,190,5.72
407322,407321,190,5.72
409291,409946,190,5.72
409291,409290,190,5.72
408635,409290,190,5.72
407978,407321,190,5.72
408634,409290,190,5.72
407320,406665,190,0.6
407320,407321,190,0.6
409289,409946,190,0.6
409289,409290,190,0.6
407977,407321,190,0.6
408633,409290,190,0.6
407976,407321,190,0.6
415857,416513,191,5.72
415857,416512,191,5.72
415857,415856,191,5.72
415201,415856,191,5.72
415200,415856,191,5.72
415200,415855,191,5.72
415200,415199,191,5.72
414544,415199,191,5.72
414543,413886,191,5.72
414543,415199,191,5.72
414543,414542,191,5.72
403390,402734,191,5.72
403390,402735,191,5.72
403390,402733,191,5.72
403389,402733,191,5.72
403389,402734,191,5.72
403389,402732,191,5.72
413887,414542,191,5.72
413887,413886,191,5.72
403388,402732,191,5.72
403388,402733,191,5.72
403388,403387,191,5.72
413230,413886,191,5.72
413230,413229,191,5.72
404043,403387,191,5.72
404043,404042,191,5.72
412574,413229,191,5.72
412573,411916,191,5.72
412573,413229,191,5.72
412573,412572,191,5.72
404699,404042,191,5.72
411915,411259,191,0.6
411915,411916,191,0.6
404698,404042,191,5.72
404698,405353,191,5.72
404698,404697,191,5.72
411917,412572,191,5.72
411917,411916,191,5.72
411261,411916,191,5.72
405354,404697,191,5.72
405354,406009,191,5.72
405354,405353,191,5.72
411260,410603,191,5.72
411260,411916,191,5.72
411260,411259,191,5.72
406010,405353,191,5.72
406010,406665,191,5.72
406010,406009,191,5.72
410602,409946,191,0.6
410602,410603,191,0.6
410604,411259,191,5.72
410604,410603,191,5.72
409945,409946,191,0.6
406666,406009,191,5.72
406666,407321,191,5.72
406666,406665,191,5.72
409948,410603,191,5.72
409947,409290,191,5.72
409947,410603,191,5.72
409947,409946,191,5.72
407322,406665,191,5.72
407322,407321,191,5.72
409291,409946,191,5.72
409291,409290,191,5.72
408635,409290,191,5.72
407978,407321,191,5.72
408634,409290,191,5.72
407320,406665,191,0.6
407320,407321,191,0.6
409289,409946,191,0.6
409289,409290,191,0.6
407977,407321,191,0.6
408633,409290,191,0.6
407976,407321,191,0.6
415857,416513,192,5.72
415857,416512,192,5.72
415857,415856,192,5.72
415201,415856,192,5.72
415200,415856,192,5.72
415200,415855,192,5.72
415200,415199,192,5.72
414544,415199,192,5.72
414543,413886,192,5.72
414543,415199,192,5.72
414543,414542,192,5.72
403390,402734,192,5.72
403390,402735,192,5.72
403390,402733,192,5.72
403389,402733,192,5.72
403389,402734,192,5.72
403389,402732,192,5.72
413887,414542,192,5.72
413887,413886,192,5.72
403388,402732,192,5.72
403388,402733,192,5.72
403388,403387,192,5.72
413230,413886,192,5.72
413230,413229,192,5.72
404043,403387,192,5.72
404043,404042,192,5.72
412574,413229,192,5.72
412573,411916,192,5.72
412573,413229,192,5.72
412573,412572,192,5.72
404699,404042,192,5.72
411915,411259,192,0.6
411915,411916,192,0.6
404698,404042,192,5.72
404698,405353,192,5.72
404698,404697,192,5.72
411917,412572,192,5.72
411917,411916,192,5.72
411261,411916,192,5.72
405354,404697,192,5.72
405354,406009,192,5.72
405354,405353,192,5.72
411260,410603,192,5.72
411260,411916,192,5.72
411260,411259,192,5.72
406010,405353,192,5.72
406010,406665,192,5.72
406010,406009,192,5.72
410602,409946,192,0.6
410602,410603,192,0.6
410604,411259,192,5.72
410604,410603,192,5.72
409945,409946,192,0.6
406666,406009,192,5.72
406666,407321,192,5.72
406666,406665,192,5.72
409948,410603,192,5.72
409947,409290,192,5.72
409947,410603,192,5.72
409947,409946,192,5.72
407322,406665,192,5.72
407322,407321,192,5.72
409291,409946,192,5.72
409291,409290,192,5.72
408635,409290,192,5.72
407978,407321,192,5.72
408634,409290,192,5.72
407320,406665,192,0.6
407320,407321,192,0.6
409289,409946,192,0.6
409289,409290,192,0.6
407977,407321,192,0.6
408633,409290,192,0.6
407976,407321,192,0.6
415857,416513,193,5.72
415857,416512,193,5.72
415857,415856,193,5.72
415201,415856,193,5.72
415200,415856,193,5.72
415200,415855,193,5.72
415200,415199,193,5.72
414544,415199,193,5.72
414543,413886,193,5.72
414543,415199,193,5.72
414543,414542,193,5.72
403390,402734,193,5.72
403390,402735,193,5.72
403390,402733,193,5.72
403389,402733,193,5.72
403389,402734,193,5.72
403389,402732,193,5.72
413887,414542,193,5.72
413887,413886,193,5.72
403388,402732,193,5.72
403388,402733,193,5.72
403388,403387,193,5.72
413230,413886,193,5.72
413230,413229,193,5.72
404043,403387,193,5.72
404043,404042,193,5.72
412574,413229,193,5.72
412573,411916,193,5.72
412573,413229,193,5.72
412573,412572,193,5.72
404699,404042,193,5.72
411915,411259,193,0.6
411915,411916,193,0.6
404698,404042,193,5.72
404698,405353,193,5.72
404698,404697,193,5.72
411917,412572,193,5.72
411917,411916,193,5.72
411261,411916,193,5.72
405354,404697,193,5.72
405354,406009,193,5.72
405354,405353,193,5.72
411260,410603,193,5.72
411260,411916,193,5.72
411260,411259,193,5.72
406010,405353,193,5.72
406010,406665,193,5.72
406010,406009,193,5.72
410602,409946,193,0.6
410602,410603,193,0.6
410604,411259,193,5.72
410604,410603,193,5.72
409945,409946,193,0.6
406666,406009,193,5.72
406666,407321,193,5.72
406666,406665,193,5.72
409948,410603,193,5.72
409947,409290,193,5.72
409947,410603,193,5.72
409947,409946,193,5.72
407322,406665,193,5.72
407322,407321,193,5.72
409291,409946,193,5.72
409291,409290,193,5.72
408635,409290,193,5.72
407978,407321,193,5.72
408634,409290,193,5.72
407320,406665,193,0.6
407320,407321,193,0.6
409289,409946,193,0.6
409289,409290,193,0.6
407977,407321,193,0.6
408633,409290,193,0.6
407976,407321,193,0.6
415857,416513,194,5.72
415857,416512,194,5.72
415857,415856,194,5.72
415201,415856,194,5.72
415200,415856,194,5.72
415200,415855,194,5.72
415200,415199,194,5.72
414544,415199,194,5.72
414543,413886,194,5.72
414543,415199,194,5.72
414543,414542,194,5.72
403390,402734,194,5.72
403390,402735,194,5.72
403390,402733,194,5.72
403389,402733,194,5.72
403389,402734,194,5.72
403389,402732,194,5.72
413887,414542,194,5.72
413887,413886,194,5.72
403388,402732,194,5.72
403388,402733,194,5.72
403388,403387,194,5.72
413230,413886,194,5.72
413230,413229,194,5.72
404043,403387,194,5.72
404043,404042,194,5.72
412574,413229,194,5.72
412573,411916,194,5.72
412573,413229,194,5.72
412573,412572,194,5.72
409942,410598,194,0.6
409942,409941,194,0.6
407318,406662,194,0.6
407318,407317,194,0.6
404699,404042,194,5.72
411915,411259,194,0.6
411915,411916,194,0.6
404698,404042,194,5.72
404698,405353,194,5.72
404698,404697,194,5.72
411917,412572,194,5.72
411917,411916,194,5.72
411261,411916,194,5.72
405354,404697,194,5.72
405354,406009,194,5.72
405354,405353,194,5.72
411260,410603,194,5.72
411260,411916,194,5.72
411260,411259,194,5.72
406010,405353,194,5.72
406010,406665,194,5.72
406010,406009,194,5.72
410602,409946,194,0.6
410602,410603,194,0.6
410604,411259,194,5.72
410604,410603,194,5.72
407974,407317,194,0.6
409286,409941,194,0.6
409943,410598,194,0.6
409945,409290,194,0.6
409945,409946,194,0.6
407319,406662,194,0.6
406666,406009,194,5.72
406666,407321,194,5.72
406666,406665,194,5.72
409948,410603,194,5.72
409947,409290,194,5.72
409947,410603,194,5.72
409947,409946,194,5.72
407322,406665,194,5.72
407322,407321,194,5.72
409291,409946,194,5.72
409291,409290,194,5.72
408635,409290,194,5.72
407978,407321,194,5.72
408634,409290,194,5.72
407320,406665,194,0.6
407320,407321,194,0.6
409289,409946,194,0.6
409289,409290,194,0.6
407977,407321,194,0.6
408633,409290,194,0.6
407976,407321,194,0.6
415857,416513,195,5.72
415857,416512,195,5.72
415857,415856,195,5.72
415201,415856,195,5.72
415200,415856,195,5.72
415200,415855,195,5.72
415200,415199,195,5.72
414544,415199,195,5.72
414543,413886,195,5.72
414543,415199,195,5.72
414543,414542,195,5.72
403390,402734,195,5.72
403390,402735,195,5.72
403390,402733,195,5.72
403389,402733,195,5.72
403389,402734,195,5.72
403389,402732,195,5.72
413887,414542,195,5.72
413887,413886,195,5.72
403388,402732,195,5.72
403388,402733,195,5.72
403388,403387,195,5.72
413230,413886,195,5.72
413230,413229,195,5.72
404043,403387,195,5.72
404043,404042,195,5.72
412574,413229,195,5.72
412573,411916,195,5.72
412573,413229,195,5.72
412573,412572,195,5.72
404699,404042,195,5.72
411915,411259,195,0.6
411915,411916,195,0.6
404698,404042,195,5.72
404698,405353,195,5.72
404698,404697,195,5.72
411917,412572,195,5.72
411917,411916,195,5.72
411261,411916,195,5.72
405354,404697,195,5.72
405354,406009,195,5.72
405354,405353,195,5.72
411260,410603,195,5.72
411260,411916,195,5.72
411260,411259,195,5.72
406010,405353,195,5.72
406010,406665,195,5.72
406010,406009,195,5.72
410602,409946,195,0.6
410602,411259,195,0.6
410602,411257,195,0.6
410602,410603,195,0.6
410604,411259,195,5.72
410604,410603,195,5.72
409945,409290,195,0.6
409945,409946,195,0.6
406666,406009,195,5.72
406666,407321,195,5.72
406666,406665,195,5.72
409948,410603,195,5.72
409947,409290,195,5.72
409947,410603,195,5.72
409947,409946,195,5.72
407322,406665,195,5.72
407322,407321,195,5.72
409291,409946,195,5.72
409291,409290,195,5.72
408635,409290,195,5.72
407978,407321,195,5.72
408634,409290,195,5.72
407320,406665,195,0.6
407320,407321,195,0.6
409289,409946,195,0.6
409289,409290,195,0.6
407977,407321,195,0.6
408633,409290,195,0.6
407976,407321,195,0.6
415857,416513,196,5.72
415857,416512,196,5.72
415857,415856,196,5.72
415201,415856,196,5.72
415200,415856,196,5.72
415200,415855,196,5.72
415200,415199,196,5.72
414544,415199,196,5.72
414543,413886,196,5.72
414543,415199,196,5.72
414543,414542,196,5.72
403390,402734,196,5.72
403390,402735,196,5.72
403390,402733,196,5.72
403389,402733,196,5.72
403389,402734,196,5.72
403389,402732,196,5.72
413887,414542,196,5.72
413887,413886,196,5.72
403388,402732,196,5.72
403388,402733,196,5.72
403388,403387,196,5.72
413230,413886,196,5.72
413230,413229,196,5.72
404041,403385,196,0.6
404041,404697,196,0.6
404041,404042,196,0.6
404041,404040,196,0.6
404043,403387,196,5.72
404043,404042,196,5.72
412574,413229,196,5.72
412573,411916,196,5.72
412573,413229,196,5.72
412573,412572,196,5.72
404699,404042,196,5.72
411915,411259,196,0.6
411915,411916,196,0.6
404698,404042,196,5.72
404698,405353,196,5.72
404698,404697,196,5.72
411917,412572,196,5.72
411917,411916,196,5.72
411261,411916,196,5.72
405354,404697,196,5.72
405354,406009,196,5.72
405354,405353,196,5.72
411260,410603,196,5.72
411260,411916,196,5.72
411260,411259,196,5.72
406010,405353,196,5.72
406010,406665,196,5.72
406010,406009,196,5.72
410602,409946,196,0.6
410602,411259,196,0.6
410602,410603,196,0.6
410604,411259,196,5.72
410604,410603,196,5.72
409945,409290,196,0.6
409945,409946,196,0.6
406666,406009,196,5.72
406666,407321,196,5.72
406666,406665,196,5.72
409948,410603,196,5.72
409947,409290,196,5.72
409947,410603,196,5.72
409947,409946,196,5.72
407322,406665,196,5.72
407322,407321,196,5.72
409291,409946,196,5.72
409291,409290,196,5.72
408635,409290,196,5.72
407978,407321,196,5.72
408634,409290,196,5.72
407320,406665,196,0.6
407320,407321,196,0.6
409289,409946,196,0.6
409289,409290,196,0.6
407977,407321,196,0.6
408633,409290,196,0.6
407976,407321,196,0.6
415857,416513,197,5.72
415857,416512,197,5.72
415857,415856,197,5.72
415201,415856,197,5.72
415200,415856,197,5.72
415200,415855,197,5.72
415200,415199,197,5.72
414544,415199,197,5.72
414543,413886,197,5.72
414543,415199,197,5.72
414543,414542,197,5.72
403390,402734,197,5.72
403390,402735,197,5.72
403390,402733,197,5.72
403389,402733,197,5.72
403389,402734,197,5.72
403389,402732,197,5.72
413887,414542,197,5.72
413887,413886,197,5.72
403388,402732,197,5.72
403388,402733,197,5.72
403388,403387,197,5.72
413230,413886,197,5.72
413230,413229,197,5.72
404041,404697,197,0.6
404041,404042,197,0.6
404043,403387,197,5.72
404043,404042,197,5.72
412574,413229,197,5.72
412573,411916,197,5.72
412573,413229,197,5.72
412573,412572,197,5.72
404699,404042,197,5.72
411915,411259,197,0.6
411915,411916,197,0.6
404698,404042,197,5.72
404698,405353,197,5.72
404698,404697,197,5.72
411917,412572,197,5.72
411917,411916,197,5.72
411261,411916,197,5.72
405354,404697,197,5.72
405354,406009,197,5.72
405354,405353,197,5.72
411260,410603,197,5.72
411260,411916,197,5.72
411260,411259,197,5.72
406010,405353,197,5.72
406010,406665,197,5.72
406010,406009,197,5.72
409293,408638,197,0.6
410602,409946,197,0.6
410602,411259,197,0.6
410602,410603,197,0.6
410604,411259,197,5.72
410604,410603,197,5.72
409945,409290,197,0.6
409945,409946,197,0.6
406666,406009,197,5.72
406666,407321,197,5.72
406666,406665,197,5.72
409948,410603,197,5.72
409947,409290,197,5.72
409947,410603,197,5.72
409947,409946,197,5.72
407322,406665,197,5.72
407322,407321,197,5.72
409291,409946,197,5.72
409291,409290,197,5.72
408635,409290,197,5.72
407978,407321,197,5.72
408634,409290,197,5.72
407320,406665,197,0.6
407320,407321,197,0.6
409289,409946,197,0.6
409289,409290,197,0.6
407977,407321,197,0.6
408633,409290,197,0.6
407976,407321,197,0.6
415857,416513,198,5.72
415857,416512,198,5.72
415857,415856,198,5.72
415201,415856,198,5.72
415200,415856,198,5.72
415200,415855,198,5.72
415200,415199,198,5.72
414544,415199,198,5.72
414543,413886,198,5.72
414543,415199,198,5.72
414543,414542,198,5.72
403390,402734,198,5.72
403390,402735,198,5.72
403390,402733,198,5.72
403389,402733,198,5.72
403389,402734,198,5.72
403389,402732,198,5.72
413887,414542,198,5.72
413887,413886,198,5.72
403388,402732,198,5.72
403388,402733,198,5.72
403388,403387,198,5.72
413230,413886,198,5.72
413230,413229,198,5.72
404041,404697,198,0.6
404041,404042,198,0.6
404043,403387,198,5.72
404043,404042,198,5.72
412574,413229,198,5.72
412573,411916,198,5.72
412573,413229,198,5.72
412573,412572,198,5.72
404699,404042,198,5.72
411915,411259,198,0.6
411915,411916,198,0.6
404698,404042,198,5.72
404698,405353,198,5.72
404698,404697,198,5.72
411917,412572,198,5.72
411917,411916,198,5.72
411261,411916,198,5.72
405354,404697,198,5.72
405354,406009,198,5.72
405354,405353,198,5.72
411260,410603,198,5.72
411260,411916,198,5.72
411260,411259,198,5.72
406010,405353,198,5.72
406010,406665,198,5.72
406010,406009,198,5.72
410602,409946,198,0.6
410602,411259,198,0.6
410602,410603,198,0.6
410604,411259,198,5.72
410604,410603,198,5.72
409945,409290,198,0.6
409945,409946,198,0.6
406666,406009,198,5.72
406666,407321,198,5.72
406666,406665,198,5.72
409948,410603,198,5.72
409947,409290,198,5.72
409947,410603,198,5.72
409947,409946,198,5.72
407322,406665,198,5.72
407322,407321,198,5.72
409291,409946,198,5.72
409291,409290,198,5.72
408635,409290,198,5.72
407978,407321,198,5.72
408634,409290,198,5.72
407320,406665,198,0.6
407320,407321,198,0.6
409289,409946,198,0.6
409289,409290,198,0.6
407977,407321,198,0.6
408633,409290,198,0.6
407976,407321,198,0.6
415857,416513,199,5.72
415857,416512,199,5.72
415857,415856,199,5.72
415201,415856,199,5.72
415200,415856,199,5.72
415200,415855,199,5.72
415200,415199,199,5.72
414544,415199,199,5.72
414543,413886,199,5.72
414543,415199,199,5.72
414543,414542,199,5.72
403390,402734,199,5.72
403390,402735,199,5.72
403390,402733,199,5.72
403389,402733,199,5.72
403389,402734,199,5.72
403389,402732,199,5.72
413887,414542,199,5.72
413887,413886,199,5.72
403388,402732,199,5.72
403388,402733,199,5.72
403388,403387,199,5.72
413230,413886,199,5.72
413230,413229,199,5.72
404041,404697,199,0.6
404041,404042,199,0.6
404043,403387,199,5.72
404043,404042,199,5.72
412574,413229,199,5.72
412573,411916,199,5.72
412573,413229,199,5.72
412573,412572,199,5.72
404699,404042,199,5.72
411915,411259,199,0.6
411915,411916,199,0.6
404698,404042,199,5.72
404698,405353,199,5.72
404698,404697,199,5.72
411917,412572,199,5.72
411917,411916,199,5.72
411261,411916,199,5.72
405354,404697,199,5.72
405354,406009,199,5.72
405354,405353,199,5.72
411260,410603,199,5.72
411260,411916,199,5.72
411260,411259,199,5.72
406010,405353,199,5.72
406010,406665,199,5.72
406010,406009,199,5.72
410602,409946,199,0.6
410602,411259,199,0.6
410602,410603,199,0.6
410604,411259,199,5.72
410604,410603,199,5.72
409945,409290,199,0.6
409945,409946,199,0.6
406666,406009,199,5.72
406666,407321,199,5.72
406666,406665,199,5.72
409948,410603,199,5.72
409947,409290,199,5.72
409947,410603,199,5.72
409947,409946,199,5.72
407322,406665,199,5.72
407322,407321,199,5.72
409291,409946,199,5.72
409291,409290,199,5.72
408635,409290,199,5.72
407978,407321,199,5.72
408634,409290,199,5.72
407320,406665,199,0.6
407320,407321,199,0.6
409289,409946,199,0.6
409289,409290,199,0.6
407977,407321,199,0.6
408633,409290,199,0.6
407976,407321,199,0.6
415857,416513,200,5.72
415857,416512,200,5.72
415857,415856,200,5.72
415201,415856,200,5.72
415200,415856,200,5.72
415200,415855,200,5.72
415200,415199,200,5.72
414544,415199,200,5.72
414543,413886,200,5.72
414543,415199,200,5.72
414543,414542,200,5.72
403390,402734,200,5.72
403390,402735,200,5.72
403390,402733,200,5.72
403389,402733,200,5.72
403389,402734,200,5.72
403389,402732,200,5.72
413887,414542,200,5.72
413887,413886,200,5.72
403388,402732,200,5.72
403388,402733,200,5.72
403388,403387,200,5.72
413230,413886,200,5.72
413230,413229,200,5.72
404041,404697,200,0.6
404041,404042,200,0.6
404043,403387,200,5.72
404043,404042,200,5.72
412574,413229,200,5.72
412573,411916,200,5.72
412573,413229,200,5.72
412573,412572,200,5.72
404699,404042,200,5.72
411915,411259,200,0.6
411915,411916,200,0.6
404698,404042,200,5.72
404698,405353,200,5.72
404698,404697,200,5.72
411917,412572,200,5.72
411917,411916,200,5.72
411261,411916,200,5.72
405354,404697,200,5.72
405354,406009,200,5.72
405354,405353,200,5.72
411260,410603,200,5.72
411260,411916,200,5.72
411260,411259,200,5.72
406010,405353,200,5.72
406010,406665,200,5.72
406010,406009,200,5.72
410602,409946,200,0.6
410602,411259,200,0.6
410602,410603,200,0.6
410604,411259,200,5.72
410604,410603,200,5.72
409945,409290,200,0.6
409945,409946,200,0.6
406666,406009,200,5.72
406666,407321,200,5.72
406666,406665,200,5.72
409948,410603,200,5.72
409947,409290,200,5.72
409947,410603,200,5.72
409947,409946,200,5.72
407322,406665,200,5.72
407322,407321,200,5.72
409291,409946,200,5.72
409291,409290,200,5.72
408635,409290,200,5.72
407978,407321,200,5.72
408634,409290,200,5.72
407320,406665,200,0.6
407320,407321,200,0.6
409289,409946,200,0.6
409289,409290,200,0.6
407977,407321,200,0.6
408633,409290,200,0.6
407976,407321,200,0.6
415857,416513,201,5.72
415857,416512,201,5.72
415857,415856,201,5.72
415201,415856,201,5.72
415200,415856,201,5.72
415200,415855,201,5.72
415200,415199,201,5.72
414544,415199,201,5.72
414543,413886,201,5.72
414543,415199,201,5.72
414543,414542,201,5.72
403390,402734,201,5.72
403390,402735,201,5.72
403390,402733,201,5.72
403389,402733,201,5.72
403389,402734,201,5.72
403389,402732,201,5.72
413887,414542,201,5.72
413887,413886,201,5.72
403388,402732,201,5.72
403388,402733,201,5.72
403388,403387,201,5.72
413230,413886,201,5.72
413230,413229,201,5.72
404041,404697,201,0.6
404041,404042,201,0.6
404043,403387,201,5.72
404043,404042,201,5.72
412574,413229,201,5.72
412573,411916,201,5.72
412573,413229,201,5.72
412573,412572,201,5.72
404699,404042,201,5.72
411915,411259,201,0.6
411915,411916,201,0.6
404698,404042,201,5.72
404698,405353,201,5.72
404698,404697,201,5.72
411917,412572,201,5.72
411917,411916,201,5.72
411261,411916,201,5.72
405354,404697,201,5.72
405354,406009,201,5.72
405354,405353,201,5.72
411260,410603,201,5.72
411260,411916,201,5.72
411260,411259,201,5.72
406010,405353,201,5.72
406010,406665,201,5.72
406010,406009,201,5.72
410602,409946,201,0.6
410602,411259,201,0.6
410602,410603,201,0.6
410604,411259,201,5.72
410604,410603,201,5.72
409945,409290,201,0.6
409945,409946,201,0.6
406666,406009,201,5.72
406666,407321,201,5.72
406666,406665,201,5.72
409948,410603,201,5.72
409947,409290,201,5.72
409947,410603,201,5.72
409947,409946,201,5.72
407322,406665,201,5.72
407322,407321,201,5.72
409291,409946,201,5.72
409291,409290,201,5.72
408635,409290,201,5.72
407978,407321,201,5.72
408634,409290,201,5.72
407320,406665,201,0.6
407320,407321,201,0.6
409289,409946,201,0.6
409289,409290,201,0.6
407977,407321,201,0.6
408633,409290,201,0.6
407976,407321,201,0.6
415857,416513,202,5.72
415857,416512,202,5.72
415857,415856,202,5.72
415201,415856,202,5.72
415200,415856,202,5.72
415200,415855,202,5.72
415200,415199,202,5.72
414544,415199,202,5.72
414543,413886,202,5.72
414543,415199,202,5.72
414543,414542,202,5.72
403390,402734,202,5.72
403390,402735,202,5.72
403390,402733,202,5.72
403389,402733,202,5.72
403389,402734,202,5.72
403389,402732,202,5.72
413887,414542,202,5.72
413887,413886,202,5.72
403388,402732,202,5.72
403388,402733,202,5.72
403388,403387,202,5.72
413230,413886,202,5.72
413230,413229,202,5.72
413228,412572,202,0.6
413228,413884,202,0.6
413228,413229,202,0.6
413228,413227,202,0.6
404041,404697,202,0.6
404041,404042,202,0.6
404043,403387,202,5.72
404043,404042,202,5.72
412574,413229,202,5.72
412573,411916,202,5.72
412573,413229,202,5.72
412573,412572,202,5.72
404699,404042,202,5.72
411915,411259,202,0.6
411915,411916,202,0.6
404698,404042,202,5.72
404698,405353,202,5.72
404698,404697,202,5.72
411917,412572,202,5.72
411917,411916,202,5.72
411261,411916,202,5.72
405354,404697,202,5.72
405354,406009,202,5.72
405354,405353,202,5.72
411260,410603,202,5.72
411260,411916,202,5.72
411260,411259,202,5.72
406010,405353,202,5.72
406010,406665,202,5.72
406010,406009,202,5.72
410602,409946,202,0.6
410602,411259,202,0.6
410602,410603,202,0.6
410604,411259,202,5.72
410604,410603,202,5.72
409945,409290,202,0.6
409945,409946,202,0.6
406666,406009,202,5.72
406666,407321,202,5.72
406666,406665,202,5.72
409948,410603,202,5.72
409947,409290,202,5.72
409947,410603,202,5.72
409947,409946,202,5.72
407322,406665,202,5.72
407322,407321,202,5.72
409291,409946,202,5.72
409291,409290,202,5.72
408635,409290,202,5.72
407978,407321,202,5.72
408634,409290,202,5.72
407320,406665,202,0.6
407320,407321,202,0.6
409289,409946,202,0.6
409289,409290,202,0.6
407977,407321,202,0.6
408633,409290,202,0.6
407976,407321,202,0.6
415857,416513,203,5.72
415857,416512,203,5.72
415857,415856,203,5.72
415201,415856,203,5.72
415200,415856,203,5.72
415200,415855,203,5.72
415200,415199,203,5.72
414544,415199,203,5.72
414543,413886,203,5.72
414543,415199,203,5.72
414543,414542,203,5.72
403390,402734,203,5.72
403390,402735,203,5.72
403390,402733,203,5.72
403389,402733,203,5.72
403389,402734,203,5.72
403389,402732,203,5.72
413887,414542,203,5.72
413887,413886,203,5.72
403388,402732,203,5.72
403388,402733,203,5.72
403388,403387,203,5.72
408629,408628,203,0.6
410600,411256,203,0.6
406664,406008,203,0.6
406664,406665,203,0.6
413230,413886,203,5.72
413230,413229,203,5.72
413228,412572,203,0.6
413228,413229,203,0.6
404041,404697,203,0.6
404041,404042,203,0.6
404043,403387,203,5.72
404043,404042,203,5.72
412574,413229,203,5.72
412573,411916,203,5.72
412573,413229,203,5.72
412573,412572,203,5.72
404699,404042,203,5.72
411915,411259,203,0.6
411915,411916,203,0.6
404698,404042,203,5.72
404698,405353,203,5.72
404698,404697,203,5.72
411917,412572,203,5.72
411917,411916,203,5.72
411261,411916,203,5.72
405354,404697,203,5.72
405354,406009,203,5.72
405354,405353,203,5.72
411260,410603,203,5.72
411260,411916,203,5.72
411260,411259,203,5.72
406010,405353,203,5.72
406010,406665,203,5.72
406010,406009,203,5.72
410602,409946,203,0.6
410602,411259,203,0.6
410602,410603,203,0.6
410604,411259,203,5.72
410604,410603,203,5.72
409945,409290,203,0.6
409945,409946,203,0.6
406666,406009,203,5.72
406666,407321,203,5.72
406666,406665,203,5.72
409948,410603,203,5.72
409947,409290,203,5.72
409947,410603,203,5.72
409947,409946,203,5.72
407322,406665,203,5.72
407322,407321,203,5.72
409291,409946,203,5.72
409291,409290,203,5.72
408635,409290,203,5.72
407978,407321,203,5.72
408634,409290,203,5.72
407320,406665,203,0.6
407320,407321,203,0.6
409289,409946,203,0.6
409289,409290,203,0.6
407977,407321,203,0.6
408633,409290,203,0.6
407976,407321,203,0.6
415857,416513,204,5.72
415857,416512,204,5.72
415857,415856,204,5.72
415201,415856,204,5.72
415200,415856,204,5.72
415200,415855,204,5.72
415200,415199,204,5.72
414544,415199,204,5.72
414543,413886,204,5.72
414543,415199,204,5.72
414543,414542,204,5.72
403390,402734,204,5.72
403390,402735,204,5.72
403390,402733,204,5.72
403389,402733,204,5.72
403389,402734,204,5.72
403389,402732,204,5.72
413887,414542,204,5.72
413887,413886,204,5.72
403388,402732,204,5.72
403388,402733,204,5.72
403388,403387,204,5.72
403386,402730,204,0.6
403386,404042,204,0.6
403386,403387,204,0.6
411919,411920,204,0.6
406664,406665,204,0.6
413230,413886,204,5.72
413230,413229,204,5.72
413228,412572,204,0.6
413228,413229,204,0.6
404041,404697,204,0.6
404041,404042,204,0.6
404043,403387,204,5.72
404043,404042,204,5.72
412574,413229,204,5.72
412573,411916,204,5.72
412573,413229,204,5.72
412573,412572,204,5.72
404699,404042,204,5.72
411915,411259,204,0.6
411915,411916,204,0.6
404698,404042,204,5.72
404698,405353,204,5.72
404698,404697,204,5.72
411917,412572,204,5.72
411917,411916,204,5.72
411261,411916,204,5.72
405354,404697,204,5.72
405354,406009,204,5.72
405354,405353,204,5.72
411260,410603,204,5.72
411260,411916,204,5.72
411260,411259,204,5.72
406010,405353,204,5.72
406010,406665,204,5.72
406010,406009,204,5.72
410602,409946,204,0.6
410602,411259,204,0.6
410602,410603,204,0.6
410604,411259,204,5.72
410604,410603,204,5.72
409945,409290,204,0.6
409945,409946,204,0.6
406666,406009,204,5.72
406666,407321,204,5.72
406666,406665,204,5.72
409948,410603,204,5.72
409947,409290,204,5.72
409947,410603,204,5.72
409947,409946,204,5.72
407322,406665,204,5.72
407322,407321,204,5.72
409291,409946,204,5.72
409291,409290,204,5.72
408635,409290,204,5.72
407978,407321,204,5.72
408634,409290,204,5.72
407320,406665,204,0.6
407320,407321,204,0.6
409289,409946,204,0.6
409289,409290,204,0.6
407977,407321,204,0.6
408633,409290,204,0.6
407976,407321,204,0.6
415857,416513,205,5.72
415857,416512,205,5.72
415857,415856,205,5.72
415201,415856,205,5.72
415200,415856,205,5.72
415200,415855,205,5.72
415200,415199,205,5.72
414544,415199,205,5.72
414543,413886,205,5.72
414543,415199,205,5.72
414543,414542,205,5.72
403390,402734,205,5.72
403390,402735,205,5.72
403390,402733,205,5.72
403389,402733,205,5.72
403389,402734,205,5.72
403389,402732,205,5.72
413887,414542,205,5.72
413887,413886,205,5.72
403388,402732,205,5.72
403388,402733,205,5.72
403388,403387,205,5.72
403386,404042,205,0.6
403386,403387,205,0.6
406664,406665,205,0.6
413230,413886,205,5.72
413230,413229,205,5.72
413228,412572,205,0.6
413228,413229,205,0.6
404041,404697,205,0.6
404041,404042,205,0.6
404043,403387,205,5.72
404043,404042,205,5.72
412574,413229,205,5.72
412573,411916,205,5.72
412573,413229,205,5.72
412573,412572,205,5.72
404699,404042,205,5.72
411915,411259,205,0.6
411915,411916,205,0.6
404698,404042,205,5.72
404698,405353,205,5.72
404698,404697,205,5.72
411917,412572,205,5.72
411917,411916,205,5.72
411261,411916,205,5.72
405354,404697,205,5.72
405354,406009,205,5.72
405354,405353,205,5.72
411260,410603,205,5.72
411260,411916,205,5.72
411260,411259,205,5.72
406010,405353,205,5.72
406010,406665,205,5.72
406010,406009,205,5.72
410602,409946,205,0.6
410602,411259,205,0.6
410602,410603,205,0.6
410604,411259,205,5.72
410604,410603,205,5.72
409945,409290,205,0.6
409945,409946,205,0.6
406666,406009,205,5.72
406666,407321,205,5.72
406666,406665,205,5.72
409948,410603,205,5.72
409947,409290,205,5.72
409947,410603,205,5.72
409947,409946,205,5.72
407322,406665,205,5.72
407322,407321,205,5.72
409291,409946,205,5.72
409291,409290,205,5.72
408635,409290,205,5.72
407978,407321,205,5.72
408634,409290,205,5.72
407320,406665,205,0.6
407320,407321,205,0.6
409289,409946,205,0.6
409289,409290,205,0.6
407977,407321,205,0.6
408633,409290,205,0.6
407976,407321,205,0.6
415857,416513,206,5.72
415857,416512,206,5.72
415857,415856,206,5.72
415201,415856,206,5.72
415200,415856,206,5.72
415200,415855,206,5.72
415200,415199,206,5.72
414544,415199,206,5.72
414543,413886,206,5.72
414543,415199,206,5.72
414543,414542,206,5.72
403390,402734,206,5.72
403390,402735,206,5.72
403390,402733,206,5.72
403389,402733,206,5.72
403389,402734,206,5.72
403389,402732,206,5.72
413887,414542,206,5.72
413887,413886,206,5.72
403388,402732,206,5.72
403388,402733,206,5.72
403388,403387,206,5.72
403386,404042,206,0.6
403386,403387,206,0.6
406664,406665,206,0.6
413230,413886,206,5.72
413230,413229,206,5.72
413228,412572,206,0.6
413228,413229,206,0.6
404041,404697,206,0.6
404041,404042,206,0.6
404043,403387,206,5.72
404043,404042,206,5.72
412574,413229,206,5.72
412573,411916,206,5.72
412573,413229,206,5.72
412573,412572,206,5.72
404699,404042,206,5.72
411915,411259,206,0.6
411915,411916,206,0.6
404698,404042,206,5.72
404698,405353,206,5.72
404698,404697,206,5.72
411917,412572,206,5.72
411917,411916,206,5.72
411261,411916,206,5.72
405354,404697,206,5.72
405354,406009,206,5.72
405354,405353,206,5.72
411260,410603,206,5.72
411260,411916,206,5.72
411260,411259,206,5.72
406010,405353,206,5.72
406010,406665,206,5.72
406010,406009,206,5.72
410602,409946,206,0.6
410602,411259,206,0.6
410602,410603,206,0.6
410604,411259,206,5.72
410604,410603,206,5.72
409945,409290,206,0.6
409945,409946,206,0.6
406666,406009,206,5.72
406666,407321,206,5.72
406666,406665,206,5.72
409948,410603,206,5.72
409947,409290,206,5.72
409947,410603,206,5.72
409947,409946,206,5.72
407322,406665,206,5.72
407322,407321,206,5.72
409291,409946,206,5.72
409291,409290,206,5.72
408635,409290,206,5.72
407978,407321,206,5.72
408634,409290,206,5.72
407320,406665,206,0.6
407320,407321,206,0.6
409289,409946,206,0.6
409289,409290,206,0.6
407977,407321,206,0.6
408633,409290,206,0.6
407976,407321,206,0.6
415857,416513,207,5.72
415857,416512,207,5.72
415857,415856,207,5.72
415201,415856,207,5.72
415200,415856,207,5.72
415200,415855,207,5.72
415200,415199,207,5.72
414544,415199,207,5.72
414543,413886,207,5.72
414543,415199,207,5.72
414543,414542,207,5.72
403390,402734,207,5.72
403390,402735,207,5.72
403390,402733,207,5.72
403389,402733,207,5.72
403389,402734,207,5.72
403389,402732,207,5.72
413887,414542,207,5.72
413887,413886,207,5.72
403388,402732,207,5.72
403388,402733,207,5.72
403388,403387,207,5.72
403386,404042,207,0.6
403386,403387,207,0.6
406664,406665,207,0.6
413230,413886,207,5.72
413230,413229,207,5.72
413228,412572,207,0.6
413228,413229,207,0.6
404041,404697,207,0.6
404041,404042,207,0.6
404043,403387,207,5.72
404043,404042,207,5.72
412574,413229,207,5.72
412573,411916,207,5.72
412573,413229,207,5.72
412573,412572,207,5.72
404699,404042,207,5.72
411915,411259,207,0.6
411915,411916,207,0.6
404698,404042,207,5.72
404698,405353,207,5.72
404698,404697,207,5.72
411917,412572,207,5.72
411917,411916,207,5.72
411261,411916,207,5.72
405354,404697,207,5.72
405354,406009,207,5.72
405354,405353,207,5.72
411260,410603,207,5.72
411260,411916,207,5.72
411260,411259,207,5.72
406010,405353,207,5.72
406010,406665,207,5.72
406010,406009,207,5.72
410602,409946,207,0.6
410602,411259,207,0.6
410602,410603,207,0.6
410604,411259,207,5.72
410604,410603,207,5.72
409945,409290,207,0.6
409945,409946,207,0.6
406666,406009,207,5.72
406666,407321,207,5.72
406666,406665,207,5.72
409948,410603,207,5.72
409947,409290,207,5.72
409947,410603,207,5.72
409947,409946,207,5.72
407322,406665,207,5.72
407322,407321,207,5.72
409291,409946,207,5.72
409291,409290,207,5.72
408635,409290,207,5.72
407978,407321,207,5.72
408634,409290,207,5.72
407320,406665,207,0.6
407320,407321,207,0.6
409289,409946,207,0.6
409289,409290,207,0.6
407977,407321,207,0.6
408633,409290,207,0.6
407976,407321,207,0.6
415857,416513,208,5.72
415857,416512,208,5.72
415857,415856,208,5.72
415201,415856,208,5.72
415200,415856,208,5.72
415200,415855,208,5.72
415200,415199,208,5.72
414544,415199,208,5.72
414543,413886,208,5.72
414543,415199,208,5.72
414543,414542,208,5.72
403390,402734,208,5.72
403390,402735,208,5.72
403390,402733,208,5.72
403389,402733,208,5.72
403389,402734,208,5.72
403389,402732,208,5.72
413887,414542,208,5.72
413887,413886,208,5.72
403388,402732,208,5.72
403388,402733,208,5.72
403388,403387,208,5.72
403386,404042,208,0.6
403386,403387,208,0.6
406664,406665,208,0.6
413230,413886,208,5.72
413230,413229,208,5.72
413228,412572,208,0.6
413228,413229,208,0.6
404041,404697,208,0.6
404041,404042,208,0.6
404043,403387,208,5.72
404043,404042,208,5.72
412574,413229,208,5.72
412573,411916,208,5.72
412573,413229,208,5.72
412573,412572,208,5.72
404699,404042,208,5.72
411915,411259,208,0.6
411915,411916,208,0.6
404698,404042,208,5.72
404698,405353,208,5.72
404698,404697,208,5.72
411917,412572,208,5.72
411917,411916,208,5.72
411261,411916,208,5.72
405354,404697,208,5.72
405354,406009,208,5.72
405354,405353,208,5.72
411260,410603,208,5.72
411260,411916,208,5.72
411260,411259,208,5.72
406010,405353,208,5.72
406010,406665,208,5.72
406010,406009,208,5.72
410602,409946,208,0.6
410602,411259,208,0.6
410602,410603,208,0.6
410604,411259,208,5.72
410604,410603,208,5.72
409945,409290,208,0.6
409945,409946,208,0.6
406666,406009,208,5.72
406666,407321,208,5.72
406666,406665,208,5.72
409948,410603,208,5.72
409947,409290,208,5.72
409947,410603,208,5.72
409947,409946,208,5.72
407322,406665,208,5.72
407322,407321,208,5.72
409291,409946,208,5.72
409291,409290,208,5.72
408635,409290,208,5.72
407978,407321,208,5.72
408634,409290,208,5.72
407320,406665,208,0.6
407320,407321,208,0.6
409289,409946,208,0.6
409289,409290,208,0.6
407977,407321,208,0.6
408633,409290,208,0.6
407976,407321,208,0.6
415857,416513,209,5.72
415857,416512,209,5.72
415857,415856,209,5.72
415201,415856,209,5.72
415200,415856,209,5.72
415200,415855,209,5.72
415200,415199,209,5.72
414544,415199,209,5.72
414543,413886,209,5.72
414543,415199,209,5.72
414543,414542,209,5.72
403390,402734,209,5.72
403390,402735,209,5.72
403390,402733,209,5.72
403389,402733,209,5.72
403389,402734,209,5.72
403389,402732,209,5.72
413887,414542,209,5.72
413887,413886,209,5.72
403388,402732,209,5.72
403388,402733,209,5.72
403388,403387,209,5.72
403386,404042,209,0.6
403386,403387,209,0.6
406664,406665,209,0.6
413230,413886,209,5.72
413230,413229,209,5.72
413228,412572,209,0.6
413228,413229,209,0.6
404041,404697,209,0.6
404041,404042,209,0.6
404043,403387,209,5.72
404043,404042,209,5.72
412574,413229,209,5.72
412573,411916,209,5.72
412573,413229,209,5.72
412573,412572,209,5.72
404699,404042,209,5.72
411915,411259,209,0.6
411915,412572,209,0.6
411915,412570,209,0.6
411915,411916,209,0.6
404698,404042,209,5.72
404698,405353,209,5.72
404698,404697,209,5.72
411917,412572,209,5.72
411917,411916,209,5.72
411261,411916,209,5.72
405354,404697,209,5.72
405354,406009,209,5.72
405354,405353,209,5.72
411260,410603,209,5.72
411260,411916,209,5.72
411260,411259,209,5.72
406010,405353,209,5.72
406010,406665,209,5.72
406010,406009,209,5.72
410602,409946,209,0.6
410602,411259,209,0.6
410602,410603,209,0.6
410604,411259,209,5.72
410604,410603,209,5.72
409945,409290,209,0.6
409945,409946,209,0.6
406666,406009,209,5.72
406666,407321,209,5.72
406666,406665,209,5.72
409948,410603,209,5.72
409947,409290,209,5.72
409947,410603,209,5.72
409947,409946,209,5.72
407322,406665,209,5.72
407322,407321,209,5.72
409291,409946,209,5.72
409291,409290,209,5.72
408635,409290,209,5.72
407978,407321,209,5.72
408634,409290,209,5.72
407320,406665,209,0.6
407320,407321,209,0.6
409289,409946,209,0.6
409289,409290,209,0.6
407977,407321,209,0.6
408633,409290,209,0.6
407976,407321,209,0.6
415857,416513,210,5.72
415857,416512,210,5.72
415857,415856,210,5.72
415201,415856,210,5.72
415200,415856,210,5.72
415200,415855,210,5.72
415200,415199,210,5.72
414544,415199,210,5.72
414543,413886,210,5.72
414543,415199,210,5.72
414543,414542,210,5.72
403390,402734,210,5.72
403390,402735,210,5.72
403390,402733,210,5.72
403389,402733,210,5.72
403389,402734,210,5.72
403389,402732,210,5.72
413887,414542,210,5.72
413887,413886,210,5.72
413885,413229,210,0.6
413885,414541,210,0.6
413885,413886,210,0.6
403388,402732,210,5.72
403388,402733,210,5.72
403388,403387,210,5.72
403386,404042,210,0.6
403386,403387,210,0.6
406664,406665,210,0.6
413230,413886,210,5.72
413230,413229,210,5.72
413228,412572,210,0.6
413228,413229,210,0.6
404041,404697,210,0.6
404041,404042,210,0.6
404043,403387,210,5.72
404043,404042,210,5.72
412574,413229,210,5.72
412573,411916,210,5.72
412573,413229,210,5.72
412573,412572,210,5.72
404699,404042,210,5.72
411915,411259,210,0.6
411915,412572,210,0.6
411915,411916,210,0.6
404698,404042,210,5.72
404698,405353,210,5.72
404698,404697,210,5.72
411917,412572,210,5.72
411917,411916,210,5.72
411261,411916,210,5.72
405354,404697,210,5.72
405354,406009,210,5.72
405354,405353,210,5.72
411260,410603,210,5.72
411260,411916,210,5.72
411260,411259,210,5.72
406010,405353,210,5.72
406010,406665,210,5.72
406010,406009,210,5.72
410602,409946,210,0.6
410602,411259,210,0.6
410602,410603,210,0.6
410604,411259,210,5.72
410604,410603,210,5.72
409945,409290,210,0.6
409945,409946,210,0.6
406666,406009,210,5.72
406666,407321,210,5.72
406666,406665,210,5.72
409948,410603,210,5.72
409947,409290,210,5.72
409947,410603,210,5.72
409947,409946,210,5.72
407322,406665,210,5.72
407322,407321,210,5.72
409291,409946,210,5.72
409291,409290,210,5.72
408635,409290,210,5.72
407978,407321,210,5.72
408634,409290,210,5.72
407320,406665,210,0.6
407320,407321,210,0.6
409289,409946,210,0.6
409289,409290,210,0.6
407977,407321,210,0.6
408633,409290,210,0.6
407976,407321,210,0.6
415857,416513,211,5.72
415857,416512,211,5.72
415857,415856,211,5.72
415201,415856,211,5.72
415200,415856,211,5.72
415200,415855,211,5.72
415200,415199,211,5.72
414544,415199,211,5.72
414543,413886,211,5.72
414543,415199,211,5.72
414543,414542,211,5.72
403390,402734,211,5.72
403390,402735,211,5.72
403390,402733,211,5.72
403389,402733,211,5.72
403389,402734,211,5.72
403389,402732,211,5.72
413887,414542,211,5.72
413887,413886,211,5.72
413885,413229,211,0.6
413885,413886,211,0.6
403388,402732,211,5.72
403388,402733,211,5.72
403388,403387,211,5.72
403386,404042,211,0.6
403386,403387,211,0.6
406664,406665,211,0.6
413230,413886,211,5.72
413230,413229,211,5.72
413228,412572,211,0.6
413228,413229,211,0.6
404041,404697,211,0.6
404041,404042,211,0.6
404043,403387,211,5.72
404043,404042,211,5.72
412574,413229,211,5.72
412573,411916,211,5.72
412573,413229,211,5.72
412573,412572,211,5.72
404699,404042,211,5.72
410606,409951,211,0.6
411915,411259,211,0.6
411915,412572,211,0.6
411915,411916,211,0.6
404698,404042,211,5.72
404698,405353,211,5.72
404698,404697,211,5.72
411917,412572,211,5.72
411917,411916,211,5.72
411261,411916,211,5.72
405354,404697,211,5.72
405354,406009,211,5.72
405354,405353,211,5.72
411260,410603,211,5.72
411260,411916,211,5.72
411260,411259,211,5.72
406010,405353,211,5.72
406010,406665,211,5.72
406010,406009,211,5.72
410602,409946,211,0.6
410602,411259,211,0.6
410602,410603,211,0.6
410604,411259,211,5.72
410604,410603,211,5.72
409945,409290,211,0.6
409945,409946,211,0.6
406666,406009,211,5.72
406666,407321,211,5.72
406666,406665,211,5.72
409948,410603,211,5.72
409947,409290,211,5.72
409947,410603,211,5.72
409947,409946,211,5.72
407322,406665,211,5.72
407322,407321,211,5.72
409291,409946,211,5.72
409291,409290,211,5.72
408635,409290,211,5.72
407978,407321,211,5.72
408634,409290,211,5.72
407320,406665,211,0.6
407320,407321,211,0.6
409289,409946,211,0.6
409289,409290,211,0.6
407977,407321,211,0.6
408633,409290,211,0.6
407976,407321,211,0.6
415857,416513,212,5.72
415857,416512,212,5.72
415857,415856,212,5.72
415201,415856,212,5.72
415200,415856,212,5.72
415200,415855,212,5.72
415200,415199,212,5.72
414544,415199,212,5.72
414543,413886,212,5.72
414543,415199,212,5.72
414543,414542,212,5.72
403390,402734,212,5.72
403390,402735,212,5.72
403390,402733,212,5.72
402731,402075,212,0.6
402731,403387,212,0.6
402731,402732,212,0.6
403389,402733,212,5.72
403389,402734,212,5.72
403389,402732,212,5.72
413887,414542,212,5.72
413887,413886,212,5.72
413885,413229,212,0.6
413885,413886,212,0.6
403388,402732,212,5.72
403388,402733,212,5.72
403388,403387,212,5.72
403386,404042,212,0.6
403386,403387,212,0.6
406664,406665,212,0.6
413230,413886,212,5.72
413230,413229,212,5.72
413228,412572,212,0.6
413228,413229,212,0.6
404041,404697,212,0.6
404041,404042,212,0.6
404043,403387,212,5.72
404043,404042,212,5.72
412574,413229,212,5.72
412573,411916,212,5.72
412573,413229,212,5.72
412573,412572,212,5.72
404699,404042,212,5.72
411915,411259,212,0.6
411915,412572,212,0.6
411915,411916,212,0.6
404698,404042,212,5.72
404698,405353,212,5.72
404698,404697,212,5.72
411917,412572,212,5.72
411917,411916,212,5.72
411261,411916,212,5.72
405354,404697,212,5.72
405354,406009,212,5.72
405354,405353,212,5.72
411260,410603,212,5.72
411260,411916,212,5.72
411260,411259,212,5.72
406010,405353,212,5.72
406010,406665,212,5.72
406010,406009,212,5.72
410602,409946,212,0.6
410602,411259,212,0.6
410602,410603,212,0.6
410604,411259,212,5.72
410604,410603,212,5.72
409945,409290,212,0.6
409945,409946,212,0.6
406666,406009,212,5.72
406666,407321,212,5.72
406666,406665,212,5.72
409948,410603,212,5.72
409947,409290,212,5.72
409947,410603,212,5.72
409947,409946,212,5.72
407322,406665,212,5.72
407322,407321,212,5.72
409291,409946,212,5.72
409291,409290,212,5.72
408635,409290,212,5.72
407978,407321,212,5.72
408634,409290,212,5.72
407320,406665,212,0.6
407320,407321,212,0.6
409289,409946,212,0.6
409289,409290,212,0.6
407977,407321,212,0.6
408633,409290,212,0.6
407976,407321,212,0.6
415857,416513,213,5.72
415857,416512,213,5.72
415857,415856,213,5.72
415201,415856,213,5.72
415200,415856,213,5.72
415200,415855,213,5.72
415200,415199,213,5.72
414544,415199,213,5.72
414543,413886,213,5.72
414543,415199,213,5.72
414543,414542,213,5.72
403390,402734,213,5.72
403390,402735,213,5.72
403390,402733,213,5.72
402731,403387,213,0.6
402731,402732,213,0.6
403389,402733,213,5.72
403389,402734,213,5.72
403389,402732,213,5.72
413887,414542,213,5.72
413887,413886,213,5.72
413885,413229,213,0.6
413885,413886,213,0.6
403388,402732,213,5.72
403388,402733,213,5.72
403388,403387,213,5.72
403386,404042,213,0.6
403386,403387,213,0.6
406664,406665,213,0.6
413230,413886,213,5.72
413230,413229,213,5.72
413228,412572,213,0.6
413228,413229,213,0.6
404041,404697,213,0.6
404041,404042,213,0.6
404043,403387,213,5.72
404043,404042,213,5.72
412574,413229,213,5.72
412573,411916,213,5.72
412573,413229,213,5.72
412573,412572,213,5.72
404699,404042,213,5.72
411915,411259,213,0.6
411915,412572,213,0.6
411915,411916,213,0.6
404698,404042,213,5.72
404698,405353,213,5.72
404698,404697,213,5.72
411917,412572,213,5.72
411917,411916,213,5.72
411261,411916,213,5.72
405354,404697,213,5.72
405354,406009,213,5.72
405354,405353,213,5.72
411260,410603,213,5.72
411260,411916,213,5.72
411260,411259,213,5.72
406010,405353,213,5.72
406010,406665,213,5.72
406010,406009,213,5.72
410602,409946,213,0.6
410602,411259,213,0.6
410602,410603,213,0.6
410604,411259,213,5.72
410604,410603,213,5.72
409945,409290,213,0.6
409945,409946,213,0.6
406666,406009,213,5.72
406666,407321,213,5.72
406666,406665,213,5.72
409948,410603,213,5.72
409947,409290,213,5.72
409947,410603,213,5.72
409947,409946,213,5.72
407322,406665,213,5.72
407322,407321,213,5.72
409291,409946,213,5.72
409291,409290,213,5.72
408635,409290,213,5.72
407978,407321,213,5.72
408634,409290,213,5.72
407320,406665,213,0.6
407320,407321,213,0.6
409289,409946,213,0.6
409289,409290,213,0.6
407977,407321,213,0.6
408633,409290,213,0.6
407976,407321,213,0.6
415857,416513,214,5.72
415857,416512,214,5.72
415857,415856,214,5.72
415201,415856,214,5.72
415200,415856,214,5.72
415200,415855,214,5.72
415200,415199,214,5.72
414544,415199,214,5.72
414543,413886,214,5.72
414543,415199,214,5.72
414543,414542,214,5.72
403390,402734,214,5.72
403390,402735,214,5.72
403390,402733,214,5.72
402731,403387,214,0.6
402731,402732,214,0.6
403389,402733,214,5.72
403389,402734,214,5.72
403389,402732,214,5.72
413887,414542,214,5.72
413887,413886,214,5.72
413885,413229,214,0.6
413885,413886,214,0.6
403388,402732,214,5.72
403388,402733,214,5.72
403388,403387,214,5.72
403386,404042,214,0.6
403386,403387,214,0.6
406664,406665,214,0.6
413230,413886,214,5.72
413230,413229,214,5.72
413228,412572,214,0.6
413228,413229,214,0.6
404041,404697,214,0.6
404041,404042,214,0.6
404043,403387,214,5.72
404043,404042,214,5.72
412574,413229,214,5.72
412573,411916,214,5.72
412573,413229,214,5.72
412573,412572,214,5.72
404699,404042,214,5.72
411915,411259,214,0.6
411915,412572,214,0.6
411915,411916,214,0.6
404698,404042,214,5.72
404698,405353,214,5.72
404698,404697,214,5.72
411917,412572,214,5.72
411917,411916,214,5.72
411261,411916,214,5.72
405354,404697,214,5.72
405354,406009,214,5.72
405354,405353,214,5.72
411260,410603,214,5.72
411260,411916,214,5.72
411260,411259,214,5.72
406010,405353,214,5.72
406010,406665,214,5.72
406010,406009,214,5.72
410602,409946,214,0.6
410602,411259,214,0.6
410602,410603,214,0.6
410604,411259,214,5.72
410604,410603,214,5.72
409945,409290,214,0.6
409945,409946,214,0.6
406666,406009,214,5.72
406666,407321,214,5.72
406666,406665,214,5.72
409948,410603,214,5.72
409947,409290,214,5.72
409947,410603,214,5.72
409947,409946,214,5.72
407322,406665,214,5.72
407322,407321,214,5.72
409291,409946,214,5.72
409291,409290,214,5.72
408635,409290,214,5.72
407978,407321,214,5.72
408634,409290,214,5.72
407320,406665,214,0.6
407320,407321,214,0.6
409289,409946,214,0.6
409289,409290,214,0.6
407977,407321,214,0.6
408633,409290,214,0.6
407976,407321,214,0.6
415857,416513,215,5.72
415857,416512,215,5.72
415857,415856,215,5.72
415201,415856,215,5.72
415200,415856,215,5.72
415200,415855,215,5.72
415200,415199,215,5.72
414544,415199,215,5.72
414543,413886,215,5.72
414543,415199,215,5.72
414543,414542,215,5.72
403390,402734,215,5.72
403390,402735,215,5.72
403390,402733,215,5.72
402731,403387,215,0.6
402731,402732,215,0.6
403389,402733,215,5.72
403389,402734,215,5.72
403389,402732,215,5.72
413887,414542,215,5.72
413887,413886,215,5.72
413885,413229,215,0.6
413885,413886,215,0.6
403388,402732,215,5.72
403388,402733,215,5.72
403388,403387,215,5.72
403386,404042,215,0.6
403386,403387,215,0.6
406664,406665,215,0.6
413230,413886,215,5.72
413230,413229,215,5.72
413228,412572,215,0.6
413228,413229,215,0.6
404041,404697,215,0.6
404041,404042,215,0.6
404043,403387,215,5.72
404043,404042,215,5.72
412574,413229,215,5.72
412573,411916,215,5.72
412573,413229,215,5.72
412573,412572,215,5.72
409942,410597,215,0.6
407318,406661,215,0.6
404699,404042,215,5.72
411915,411259,215,0.6
411915,412572,215,0.6
411915,411916,215,0.6
404698,404042,215,5.72
404698,405353,215,5.72
404698,404697,215,5.72
411917,412572,215,5.72
411917,411916,215,5.72
411261,411916,215,5.72
405354,404697,215,5.72
405354,406009,215,5.72
405354,405353,215,5.72
411260,410603,215,5.72
411260,411916,215,5.72
411260,411259,215,5.72
406010,405353,215,5.72
406010,406665,215,5.72
406010,406009,215,5.72
410602,409946,215,0.6
410602,411259,215,0.6
410602,410603,215,0.6
410604,411259,215,5.72
410604,410603,215,5.72
409945,409290,215,0.6
409945,409946,215,0.6
406666,406009,215,5.72
406666,407321,215,5.72
406666,406665,215,5.72
409948,410603,215,5.72
409947,409290,215,5.72
409947,410603,215,5.72
409947,409946,215,5.72
407322,406665,215,5.72
407322,407321,215,5.72
409291,409946,215,5.72
409291,409290,215,5.72
408635,409290,215,5.72
407978,407321,215,5.72
408634,409290,215,5.72
407320,406665,215,0.6
407320,407321,215,0.6
409289,409946,215,0.6
409289,409290,215,0.6
407977,407321,215,0.6
408633,409290,215,0.6
407976,407321,215,0.6
415857,416513,216,5.72
415857,416512,216,5.72
415857,415856,216,5.72
415201,415856,216,5.72
415200,415856,216,5.72
415200,415855,216,5.72
415200,415199,216,5.72
414544,415199,216,5.72
414543,413886,216,5.72
414543,415199,216,5.72
414543,414542,216,5.72
403390,402734,216,5.72
403390,402735,216,5.72
403390,402733,216,5.72
402731,403387,216,0.6
402731,402732,216,0.6
403389,402733,216,5.72
403389,402734,216,5.72
403389,402732,216,5.72
413887,414542,216,5.72
413887,413886,216,5.72
413885,413229,216,0.6
413885,413886,216,0.6
403388,402732,216,5.72
403388,402733,216,5.72
403388,403387,216,5.72
403386,404042,216,0.6
403386,403387,216,0.6
406664,406665,216,0.6
413230,413886,216,5.72
413230,413229,216,5.72
413228,412572,216,0.6
413228,413229,216,0.6
404041,404697,216,0.6
404041,404042,216,0.6
404043,403387,216,5.72
404043,404042,216,5.72
412574,413229,216,5.72
412573,411916,216,5.72
412573,413229,216,5.72
412573,412572,216,5.72
404699,404042,216,5.72
411915,411259,216,0.6
411915,412572,216,0.6
411915,411916,216,0.6
404698,404042,216,5.72
404698,405353,216,5.72
404698,404697,216,5.72
411917,412572,216,5.72
411917,411916,216,5.72
411261,411916,216,5.72
405354,404697,216,5.72
405354,406009,216,5.72
405354,405353,216,5.72
411260,410603,216,5.72
411260,411916,216,5.72
411260,411259,216,5.72
406010,405353,216,5.72
406010,406665,216,5.72
406010,406009,216,5.72
410602,409946,216,0.6
410602,411259,216,0.6
410602,410603,216,0.6
410604,411259,216,5.72
410604,410603,216,5.72
409945,409290,216,0.6
409945,409946,216,0.6
406666,406009,216,5.72
406666,407321,216,5.72
406666,406665,216,5.72
409948,410603,216,5.72
409947,409290,216,5.72
409947,410603,216,5.72
409947,409946,216,5.72
407322,406665,216,5.72
407322,407321,216,5.72
409291,409946,216,5.72
409291,409290,216,5.72
408635,409290,216,5.72
407978,407321,216,5.72
408634,409290,216,5.72
407320,406665,216,0.6
407320,407321,216,0.6
409289,409946,216,0.6
409289,409290,216,0.6
407977,407321,216,0.6
408633,409290,216,0.6
407976,407321,216,0.6
415857,416513,217,5.72
415857,416512,217,5.72
415857,415856,217,5.72
415201,415856,217,5.72
415200,415856,217,5.72
415200,415855,217,5.72
415200,415199,217,5.72
414544,415199,217,5.72
414543,413886,217,5.72
414543,415199,217,5.72
414543,414542,217,5.72
403390,402734,217,5.72
403390,402735,217,5.72
403390,402733,217,5.72
402731,403387,217,0.6
402731,402732,217,0.6
403389,402733,217,5.72
403389,402734,217,5.72
403389,402732,217,5.72
413887,414542,217,5.72
413887,413886,217,5.72
413885,413229,217,0.6
413885,413886,217,0.6
403388,402732,217,5.72
403388,402733,217,5.72
403388,403387,217,5.72
403386,404042,217,0.6
403386,403387,217,0.6
406664,406665,217,0.6
413230,413886,217,5.72
413230,413229,217,5.72
413228,412572,217,0.6
413228,413229,217,0.6
404041,403384,217,0.6
404041,404697,217,0.6
404041,404696,217,0.6
404041,404042,217,0.6
404043,403387,217,5.72
404043,404042,217,5.72
412574,413229,217,5.72
412573,411916,217,5.72
412573,413229,217,5.72
412573,412572,217,5.72
404699,404042,217,5.72
411915,411259,217,0.6
411915,412572,217,0.6
411915,411916,217,0.6
404698,404042,217,5.72
404698,405353,217,5.72
404698,404697,217,5.72
411917,412572,217,5.72
411917,411916,217,5.72
411261,411916,217,5.72
405354,404697,217,5.72
405354,406009,217,5.72
405354,405353,217,5.72
411260,410603,217,5.72
411260,411916,217,5.72
411260,411259,217,5.72
406010,405353,217,5.72
406010,406665,217,5.72
406010,406009,217,5.72
410602,409946,217,0.6
410602,411259,217,0.6
410602,410603,217,0.6
410604,411259,217,5.72
410604,410603,217,5.72
409945,409290,217,0.6
409945,409946,217,0.6
406666,406009,217,5.72
406666,407321,217,5.72
406666,406665,217,5.72
409948,410603,217,5.72
409947,409290,217,5.72
409947,410603,217,5.72
409947,409946,217,5.72
407322,406665,217,5.72
407322,407321,217,5.72
409291,409946,217,5.72
409291,409290,217,5.72
408635,409290,217,5.72
407978,407321,217,5.72
408634,409290,217,5.72
407320,406665,217,0.6
407320,407321,217,0.6
409289,409946,217,0.6
409289,409290,217,0.6
407977,407321,217,0.6
408633,409290,217,0.6
407976,407321,217,0.6
415857,416513,218,5.72
415857,416512,218,5.72
415857,415856,218,5.72
415201,415856,218,5.72
415200,415856,218,5.72
415200,415855,218,5.72
415200,415199,218,5.72
414544,415199,218,5.72
414543,413886,218,5.72
414543,415199,218,5.72
414543,414542,218,5.72
403390,402734,218,5.72
403390,402735,218,5.72
403390,402733,218,5.72
402731,403387,218,0.6
402731,402732,218,0.6
403389,402733,218,5.72
403389,402734,218,5.72
403389,402732,218,5.72
413887,414542,218,5.72
413887,413886,218,5.72
413885,413229,218,0.6
413885,413886,218,0.6
403388,402732,218,5.72
403388,402733,218,5.72
403388,403387,218,5.72
403386,404042,218,0.6
403386,403387,218,0.6
406664,406665,218,0.6
413230,413886,218,5.72
413230,413229,218,5.72
413228,412572,218,0.6
413228,413229,218,0.6
404041,404697,218,0.6
404041,404042,218,0.6
404043,403387,218,5.72
404043,404042,218,5.72
412574,413229,218,5.72
412573,411916,218,5.72
412573,413229,218,5.72
412573,412572,218,5.72
404699,404042,218,5.72
411915,411259,218,0.6
411915,412572,218,0.6
411915,411916,218,0.6
404698,404042,218,5.72
404698,405353,218,5.72
404698,404697,218,5.72
411917,412572,218,5.72
411917,411916,218,5.72
411261,411916,218,5.72
405354,404697,218,5.72
405354,406009,218,5.72
405354,405353,218,5.72
411260,410603,218,5.72
411260,411916,218,5.72
411260,411259,218,5.72
406010,405353,218,5.72
406010,406665,218,5.72
406010,406009,218,5.72
410602,409946,218,0.6
410602,411259,218,0.6
410602,410603,218,0.6
410604,411259,218,5.72
410604,410603,218,5.72
409945,409290,218,0.6
409945,409946,218,0.6
406666,406009,218,5.72
406666,407321,218,5.72
406666,406665,218,5.72
409948,410603,218,5.72
409947,409290,218,5.72
409947,410603,218,5.72
409947,409946,218,5.72
407322,406665,218,5.72
407322,407321,218,5.72
409291,409946,218,5.72
409291,409290,218,5.72
408635,409290,218,5.72
407978,407321,218,5.72
408634,409290,218,5.72
407320,406665,218,0.6
407320,407321,218,0.6
409289,409946,218,0.6
409289,409290,218,0.6
407977,407321,218,0.6
408633,409290,218,0.6
407976,407321,218,0.6
415857,416513,219,5.72
415857,416512,219,5.72
415857,415856,219,5.72
415201,415856,219,5.72
415200,415856,219,5.72
415200,415855,219,5.72
415200,415199,219,5.72
414544,415199,219,5.72
414543,413886,219,5.72
414543,415199,219,5.72
414543,414542,219,5.72
403390,402734,219,5.72
403390,402735,219,5.72
403390,402733,219,5.72
402731,403387,219,0.6
402731,402732,219,0.6
403389,402733,219,5.72
403389,402734,219,5.72
403389,402732,219,5.72
413887,414542,219,5.72
413887,413886,219,5.72
413885,413229,219,0.6
413885,413886,219,0.6
403388,402732,219,5.72
403388,402733,219,5.72
403388,403387,219,5.72
403386,404042,219,0.6
403386,403387,219,0.6
406664,406665,219,0.6
413230,413886,219,5.72
413230,413229,219,5.72
413228,412572,219,0.6
413228,413229,219,0.6
404041,404697,219,0.6
404041,404042,219,0.6
404043,403387,219,5.72
404043,404042,219,5.72
412574,413229,219,5.72
412573,411916,219,5.72
412573,413229,219,5.72
412573,412572,219,5.72
404699,404042,219,5.72
411915,411259,219,0.6
411915,412572,219,0.6
411915,411916,219,0.6
404698,404042,219,5.72
404698,405353,219,5.72
404698,404697,219,5.72
411917,412572,219,5.72
411917,411916,219,5.72
411261,411916,219,5.72
405354,404697,219,5.72
405354,406009,219,5.72
405354,405353,219,5.72
411260,410603,219,5.72
411260,411916,219,5.72
411260,411259,219,5.72
406010,405353,219,5.72
406010,406665,219,5.72
406010,406009,219,5.72
410602,409946,219,0.6
410602,411259,219,0.6
410602,410603,219,0.6
410604,411259,219,5.72
410604,410603,219,5.72
409945,409290,219,0.6
409945,409946,219,0.6
406666,406009,219,5.72
406666,407321,219,5.72
406666,406665,219,5.72
409948,410603,219,5.72
409947,409290,219,5.72
409947,410603,219,5.72
409947,409946,219,5.72
407322,406665,219,5.72
407322,407321,219,5.72
409291,409946,219,5.72
409291,409290,219,5.72
408635,409290,219,5.72
407978,407321,219,5.72
408634,409290,219,5.72
407320,406665,219,0.6
407320,407321,219,0.6
409289,409946,219,0.6
409289,409290,219,0.6
407977,407321,219,0.6
408633,409290,219,0.6
407976,407321,219,0.6
415857,416513,220,5.72
415857,416512,220,5.72
415857,415856,220,5.72
415201,415856,220,5.72
415200,415856,220,5.72
415200,415855,220,5.72
415200,415199,220,5.72
414544,415199,220,5.72
414543,413886,220,5.72
414543,415199,220,5.72
414543,414542,220,5.72
403390,402734,220,5.72
403390,402735,220,5.72
403390,402733,220,5.72
402731,403387,220,0.6
402731,402732,220,0.6
403389,402733,220,5.72
403389,402734,220,5.72
403389,402732,220,5.72
413887,414542,220,5.72
413887,413886,220,5.72
413885,413229,220,0.6
413885,413886,220,0.6
403388,402732,220,5.72
403388,402733,220,5.72
403388,403387,220,5.72
403386,404042,220,0.6
403386,403387,220,0.6
406664,406665,220,0.6
413230,413886,220,5.72
413230,413229,220,5.72
413228,412572,220,0.6
413228,413229,220,0.6
404041,404697,220,0.6
404041,404042,220,0.6
404043,403387,220,5.72
404043,404042,220,5.72
412574,413229,220,5.72
412573,411916,220,5.72
412573,413229,220,5.72
412573,412572,220,5.72
404699,404042,220,5.72
411915,411259,220,0.6
411915,412572,220,0.6
411915,411916,220,0.6
404698,404042,220,5.72
404698,405353,220,5.72
404698,404697,220,5.72
411917,412572,220,5.72
411917,411916,220,5.72
411261,411916,220,5.72
405354,404697,220,5.72
405354,406009,220,5.72
405354,405353,220,5.72
411260,410603,220,5.72
411260,411916,220,5.72
411260,411259,220,5.72
406010,405353,220,5.72
406010,406665,220,5.72
406010,406009,220,5.72
410602,409946,220,0.6
410602,411259,220,0.6
410602,410603,220,0.6
410604,411259,220,5.72
410604,410603,220,5.72
409945,409290,220,0.6
409945,409946,220,0.6
406666,406009,220,5.72
406666,407321,220,5.72
406666,406665,220,5.72
409948,410603,220,5.72
409947,409290,220,5.72
409947,410603,220,5.72
409947,409946,220,5.72
407322,406665,220,5.72
407322,407321,220,5.72
409291,409946,220,5.72
409291,409290,220,5.72
408635,409290,220,5.72
407978,407321,220,5.72
408634,409290,220,5.72
407320,406665,220,0.6
407320,407321,220,0.6
409289,409946,220,0.6
409289,409290,220,0.6
407977,407321,220,0.6
408633,409290,220,0.6
407976,407321,220,0.6
415857,416513,221,5.72
415857,416512,221,5.72
415857,415856,221,5.72
415201,415856,221,5.72
415200,415856,221,5.72
415200,415855,221,5.72
415200,415199,221,5.72
414544,415199,221,5.72
414543,413886,221,5.72
414543,415199,221,5.72
414543,414542,221,5.72
403390,402734,221,5.72
403390,402735,221,5.72
403390,402733,221,5.72
402731,403387,221,0.6
402731,402732,221,0.6
403389,402733,221,5.72
403389,402734,221,5.72
403389,402732,221,5.72
413887,414542,221,5.72
413887,413886,221,5.72
413885,413229,221,0.6
413885,413886,221,0.6
403388,402732,221,5.72
403388,402733,221,5.72
403388,403387,221,5.72
403386,404042,221,0.6
403386,403387,221,0.6
406664,406665,221,0.6
413230,413886,221,5.72
413230,413229,221,5.72
413228,412572,221,0.6
413228,413229,221,0.6
404041,404697,221,0.6
404041,404042,221,0.6
404043,403387,221,5.72
404043,404042,221,5.72
412574,413229,221,5.72
412573,411916,221,5.72
412573,413229,221,5.72
412573,412572,221,5.72
404699,404042,221,5.72
411915,411259,221,0.6
411915,412572,221,0.6
411915,411916,221,0.6
404698,404042,221,5.72
404698,405353,221,5.72
404698,404697,221,5.72
411917,412572,221,5.72
411917,411916,221,5.72
411261,411916,221,5.72
405354,404697,221,5.72
405354,406009,221,5.72
405354,405353,221,5.72
411260,410603,221,5.72
411260,411916,221,5.72
411260,411259,221,5.72
406010,405353,221,5.72
406010,406665,221,5.72
406010,406009,221,5.72
410602,409946,221,0.6
410602,411259,221,0.6
410602,410603,221,0.6
410604,411259,221,5.72
410604,410603,221,5.72
409945,409290,221,0.6
409945,409946,221,0.6
406666,406009,221,5.72
406666,407321,221,5.72
406666,406665,221,5.72
409948,410603,221,5.72
409947,409290,221,5.72
409947,410603,221,5.72
409947,409946,221,5.72
407322,406665,221,5.72
407322,407321,221,5.72
409291,409946,221,5.72
409291,409290,221,5.72
408635,409290,221,5.72
407978,407321,221,5.72
408634,409290,221,5.72
407320,406665,221,0.6
407320,407321,221,0.6
409289,409946,221,0.6
409289,409290,221,0.6
407977,407321,221,0.6
408633,409290,221,0.6
407976,407321,221,0.6
415857,416513,222,5.72
415857,416512,222,5.72
415857,415856,222,5.72
415201,415856,222,5.72
415200,415856,222,5.72
415200,415855,222,5.72
415200,415199,222,5.72
414544,415199,222,5.72
414543,413886,222,5.72
414543,415199,222,5.72
414543,414542,222,5.72
403390,402734,222,5.72
403390,402735,222,5.72
403390,402733,222,5.72
402731,403387,222,0.6
402731,402732,222,0.6
403389,402733,222,5.72
403389,402734,222,5.72
403389,402732,222,5.72
413887,414542,222,5.72
413887,413886,222,5.72
413885,413229,222,0.6
413885,413886,222,0.6
403388,402732,222,5.72
403388,402733,222,5.72
403388,403387,222,5.72
403386,404042,222,0.6
403386,403387,222,0.6
406664,406665,222,0.6
413230,413886,222,5.72
413230,413229,222,5.72
413228,412572,222,0.6
413228,413229,222,0.6
404041,404697,222,0.6
404041,404042,222,0.6
404043,403387,222,5.72
404043,404042,222,5.72
412574,413229,222,5.72
412573,411916,222,5.72
412573,413229,222,5.72
412573,412572,222,5.72
404699,404042,222,5.72
411915,411259,222,0.6
411915,412572,222,0.6
411915,411916,222,0.6
404698,404042,222,5.72
404698,405353,222,5.72
404698,404697,222,5.72
411917,412572,222,5.72
411917,411916,222,5.72
411261,411916,222,5.72
405354,404697,222,5.72
405354,406009,222,5.72
405354,405353,222,5.72
411260,410603,222,5.72
411260,411916,222,5.72
411260,411259,222,5.72
406010,405353,222,5.72
406010,406665,222,5.72
406010,406009,222,5.72
410602,409946,222,0.6
410602,411259,222,0.6
410602,410603,222,0.6
410604,411259,222,5.72
410604,410603,222,5.72
409945,409290,222,0.6
409945,409946,222,0.6
406666,406009,222,5.72
406666,407321,222,5.72
406666,406665,222,5.72
409948,410603,222,5.72
409947,409290,222,5.72
409947,410603,222,5.72
409947,409946,222,5.72
407322,406665,222,5.72
407322,407321,222,5.72
409291,409946,222,5.72
409291,409290,222,5.72
408635,409290,222,5.72
407978,407321,222,5.72
408634,409290,222,5.72
407320,406665,222,0.6
407320,407321,222,0.6
409289,409946,222,0.6
409289,409290,222,0.6
407977,407321,222,0.6
408633,409290,222,0.6
407976,407321,222,0.6
415857,416513,223,5.72
415857,416512,223,5.72
415857,415856,223,5.72
415201,415856,223,5.72
415200,415856,223,5.72
415200,415855,223,5.72
415200,415199,223,5.72
414544,415199,223,5.72
414543,413886,223,5.72
414543,415199,223,5.72
414543,414542,223,5.72
403390,402734,223,5.72
403390,402735,223,5.72
403390,402733,223,5.72
402731,403387,223,0.6
402731,402732,223,0.6
403389,402733,223,5.72
403389,402734,223,5.72
403389,402732,223,5.72
413887,414542,223,5.72
413887,413886,223,5.72
413885,413229,223,0.6
413885,413886,223,0.6
403388,402732,223,5.72
403388,402733,223,5.72
403388,403387,223,5.72
403386,404042,223,0.6
403386,403387,223,0.6
406664,406665,223,0.6
413230,413886,223,5.72
413230,413229,223,5.72
413228,412572,223,0.6
413228,413883,223,0.6
413228,413229,223,0.6
404041,404697,223,0.6
404041,404042,223,0.6
404043,403387,223,5.72
404043,404042,223,5.72
412574,413229,223,5.72
412573,411916,223,5.72
412573,413229,223,5.72
412573,412572,223,5.72
404699,404042,223,5.72
411915,411259,223,0.6
411915,412572,223,0.6
411915,411916,223,0.6
404698,404042,223,5.72
404698,405353,223,5.72
404698,404697,223,5.72
411917,412572,223,5.72
411917,411916,223,5.72
411261,411916,223,5.72
405354,404697,223,5.72
405354,406009,223,5.72
405354,405353,223,5.72
411260,410603,223,5.72
411260,411916,223,5.72
411260,411259,223,5.72
406010,405353,223,5.72
406010,406665,223,5.72
406010,406009,223,5.72
410602,409946,223,0.6
410602,411259,223,0.6
410602,410603,223,0.6
410604,411259,223,5.72
410604,410603,223,5.72
409945,409290,223,0.6
409945,409946,223,0.6
406666,406009,223,5.72
406666,407321,223,5.72
406666,406665,223,5.72
409948,410603,223,5.72
409947,409290,223,5.72
409947,410603,223,5.72
409947,409946,223,5.72
407322,406665,223,5.72
407322,407321,223,5.72
409291,409946,223,5.72
409291,409290,223,5.72
408635,409290,223,5.72
407978,407321,223,5.72
408634,409290,223,5.72
407320,406665,223,0.6
407320,407321,223,0.6
409289,409946,223,0.6
409289,409290,223,0.6
407977,407321,223,0.6
408633,409290,223,0.6
407976,407321,223,0.6
415857,416513,224,5.72
415857,416512,224,5.72
415857,415856,224,5.72
415201,415856,224,5.72
415198,414542,224,0.6
415198,415854,224,0.6
415198,415199,224,0.6
415198,415197,224,0.6
415200,415856,224,5.72
415200,415855,224,5.72
415200,415199,224,5.72
409285,409284,224,0.6
406663,406007,224,0.6
404047,404703,224,0.6
404047,404048,224,0.6
410599,411255,224,0.6
407973,407972,224,0.6
414544,415199,224,5.72
414543,413886,224,5.72
414543,415199,224,5.72
414543,414542,224,5.72
403390,402734,224,5.72
403390,402735,224,5.72
403390,402733,224,5.72
402731,403387,224,0.6
402731,402732,224,0.6
403389,402733,224,5.72
403389,402734,224,5.72
403389,402732,224,5.72
413887,414542,224,5.72
413887,413886,224,5.72
413885,413229,224,0.6
413885,413886,224,0.6
403388,402732,224,5.72
403388,402733,224,5.72
403388,403387,224,5.72
403386,404042,224,0.6
403386,403387,224,0.6
408629,407972,224,0.6
408629,409284,224,0.6
410600,411255,224,0.6
406664,406009,224,0.6
406664,406007,224,0.6
406664,407321,224,0.6
406664,406665,224,0.6
413230,413886,224,5.72
413230,413229,224,5.72
413228,412572,224,0.6
413228,413229,224,0.6
404041,404697,224,0.6
404041,404042,224,0.6
404043,403387,224,5.72
404043,404042,224,5.72
412574,413229,224,5.72
412573,411916,224,5.72
412573,413229,224,5.72
412573,412572,224,5.72
404699,404042,224,5.72
411915,411259,224,0.6
411915,412572,224,0.6
411915,411916,224,0.6
404698,404042,224,5.72
404698,405353,224,5.72
404698,404697,224,5.72
411917,412572,224,5.72
411917,411916,224,5.72
411261,411916,224,5.72
405354,404697,224,5.72
405354,406009,224,5.72
405354,405353,224,5.72
411260,410603,224,5.72
411260,411916,224,5.72
411260,411259,224,5.72
406010,405353,224,5.72
406010,406665,224,5.72
406010,406009,224,5.72
410602,409946,224,0.6
410602,411259,224,0.6
410602,410603,224,0.6
410604,411259,224,5.72
410604,410603,224,5.72
409945,409290,224,0.6
409945,409946,224,0.6
406666,406009,224,5.72
406666,407321,224,5.72
406666,406665,224,5.72
409948,410603,224,5.72
409947,409290,224,5.72
409947,410603,224,5.72
409947,409946,224,5.72
407322,406665,224,5.72
407322,407321,224,5.72
409291,409946,224,5.72
409291,409290,224,5.72
408635,409290,224,5.72
407978,407321,224,5.72
408634,409290,224,5.72
407320,406665,224,0.6
407320,407321,224,0.6
409289,409946,224,0.6
409289,409290,224,0.6
407977,407321,224,0.6
408633,409290,224,0.6
407976,407321,224,0.6
415857,416513,225,5.72
415857,416512,225,5.72
415857,415856,225,5.72
415201,415856,225,5.72
411258,411259,225,0.6
415198,414542,225,0.6
415198,415199,225,0.6
415200,415856,225,5.72
415200,415855,225,5.72
415200,415199,225,5.72
414544,415199,225,5.72
414543,413886,225,5.72
414543,415199,225,5.72
414543,414542,225,5.72
403390,402734,225,5.72
403390,402735,225,5.72
403390,402733,225,5.72
402731,403387,225,0.6
402731,402732,225,0.6
403389,402733,225,5.72
403389,402734,225,5.72
403389,402732,225,5.72
413887,414542,225,5.72
413887,413886,225,5.72
413885,413229,225,0.6
413885,413886,225,0.6
403388,402732,225,5.72
403388,402733,225,5.72
403388,403387,225,5.72
403386,402729,225,0.6
403386,404042,225,0.6
403386,403387,225,0.6
411919,411264,225,0.6
411919,412576,225,0.6
406664,406009,225,0.6
406664,407321,225,0.6
406664,406665,225,0.6
413230,413886,225,5.72
413230,413229,225,5.72
413228,412572,225,0.6
413228,413229,225,0.6
404041,404697,225,0.6
404041,404042,225,0.6
404043,403387,225,5.72
404043,404042,225,5.72
412574,413229,225,5.72
412573,411916,225,5.72
412573,413229,225,5.72
412573,412572,225,5.72
404699,404042,225,5.72
411915,411259,225,0.6
411915,412572,225,0.6
411915,411916,225,0.6
404698,404042,225,5.72
404698,405353,225,5.72
404698,404697,225,5.72
411917,412572,225,5.72
411917,411916,225,5.72
411261,411916,225,5.72
405354,404697,225,5.72
405354,406009,225,5.72
405354,405353,225,5.72
411260,410603,225,5.72
411260,411916,225,5.72
411260,411259,225,5.72
406010,405353,225,5.72
406010,406665,225,5.72
406010,406009,225,5.72
410602,409946,225,0.6
410602,411259,225,0.6
410602,410603,225,0.6
410604,411259,225,5.72
410604,410603,225,5.72
409945,409290,225,0.6
409945,409946,225,0.6
406666,406009,225,5.72
406666,407321,225,5.72
406666,406665,225,5.72
409948,410603,225,5.72
409947,409290,225,5.72
409947,410603,225,5.72
409947,409946,225,5.72
407322,406665,225,5.72
407322,407321,225,5.72
409291,409946,225,5.72
409291,409290,225,5.72
408635,409290,225,5.72
407978,407321,225,5.72
408634,409290,225,5.72
407320,406665,225,0.6
407320,407321,225,0.6
409289,409946,225,0.6
409289,409290,225,0.6
407977,407321,225,0.6
408633,409290,225,0.6
407976,407321,225,0.6
415857,416513,226,5.72
415857,416512,226,5.72
415857,415856,226,5.72
415201,415856,226,5.72
411258,411259,226,0.6
415198,414542,226,0.6
415198,415199,226,0.6
415200,415856,226,5.72
415200,415855,226,5.72
415200,415199,226,5.72
414544,415199,226,5.72
414543,413886,226,5.72
414543,415199,226,5.72
414543,414542,226,5.72
403390,402734,226,5.72
403390,402735,226,5.72
403390,402733,226,5.72
402731,403387,226,0.6
402731,402732,226,0.6
403389,402733,226,5.72
403389,402734,226,5.72
403389,402732,226,5.72
413887,414542,226,5.72
413887,413886,226,5.72
413885,413229,226,0.6
413885,413886,226,0.6
403388,402732,226,5.72
403388,402733,226,5.72
403388,403387,226,5.72
403386,404042,226,0.6
403386,403387,226,0.6
406664,406009,226,0.6
406664,407321,226,0.6
406664,406665,226,0.6
413230,413886,226,5.72
413230,413229,226,5.72
413228,412572,226,0.6
413228,413229,226,0.6
404041,404697,226,0.6
404041,404042,226,0.6
404043,403387,226,5.72
404043,404042,226,5.72
412574,413229,226,5.72
412573,411916,226,5.72
412573,413229,226,5.72
412573,412572,226,5.72
404699,404042,226,5.72
411915,411259,226,0.6
411915,412572,226,0.6
411915,411916,226,0.6
404698,404042,226,5.72
404698,405353,226,5.72
404698,404697,226,5.72
411917,412572,226,5.72
411917,411916,226,5.72
411261,411916,226,5.72
405354,404697,226,5.72
405354,406009,226,5.72
405354,405353,226,5.72
411260,410603,226,5.72
411260,411916,226,5.72
411260,411259,226,5.72
406010,405353,226,5.72
406010,406665,226,5.72
406010,406009,226,5.72
410602,409946,226,0.6
410602,411259,226,0.6
410602,410603,226,0.6
410604,411259,226,5.72
410604,410603,226,5.72
409945,409290,226,0.6
409945,409946,226,0.6
406666,406009,226,5.72
406666,407321,226,5.72
406666,406665,226,5.72
409948,410603,226,5.72
409947,409290,226,5.72
409947,410603,226,5.72
409947,409946,226,5.72
407322,406665,226,5.72
407322,407321,226,5.72
409291,409946,226,5.72
409291,409290,226,5.72
408635,409290,226,5.72
407978,407321,226,5.72
408634,409290,226,5.72
407320,406665,226,0.6
407320,407321,226,0.6
409289,409946,226,0.6
409289,409290,226,0.6
407977,407321,226,0.6
408633,409290,226,0.6
407976,407321,226,0.6
415857,416513,227,5.72
415857,416512,227,5.72
415857,415856,227,5.72
409294,409295,227,0.6
408637,407981,227,0.6
415201,415856,227,5.72
411258,411259,227,0.6
415198,414542,227,0.6
415198,415199,227,0.6
415200,415856,227,5.72
415200,415855,227,5.72
415200,415199,227,5.72
414544,415199,227,5.72
414543,413886,227,5.72
414543,415199,227,5.72
414543,414542,227,5.72
403390,402734,227,5.72
403390,402735,227,5.72
403390,402733,227,5.72
402731,403387,227,0.6
402731,402732,227,0.6
403389,402733,227,5.72
403389,402734,227,5.72
403389,402732,227,5.72
413887,414542,227,5.72
413887,413886,227,5.72
413885,413229,227,0.6
413885,413886,227,0.6
403388,402732,227,5.72
403388,402733,227,5.72
403388,403387,227,5.72
403386,404042,227,0.6
403386,403387,227,0.6
406664,406009,227,0.6
406664,407321,227,0.6
406664,406665,227,0.6
413230,413886,227,5.72
413230,413229,227,5.72
413228,412572,227,0.6
413228,413229,227,0.6
404041,404697,227,0.6
404041,404042,227,0.6
404043,403387,227,5.72
404043,404042,227,5.72
412574,413229,227,5.72
412573,411916,227,5.72
412573,413229,227,5.72
412573,412572,227,5.72
404699,404042,227,5.72
411915,411259,227,0.6
411915,412572,227,0.6
411915,411916,227,0.6
404698,404042,227,5.72
404698,405353,227,5.72
404698,404697,227,5.72
411917,412572,227,5.72
411917,411916,227,5.72
411261,411916,227,5.72
405354,404697,227,5.72
405354,406009,227,5.72
405354,405353,227,5.72
411260,410603,227,5.72
411260,411916,227,5.72
411260,411259,227,5.72
406010,405353,227,5.72
406010,406665,227,5.72
406010,406009,227,5.72
410602,409946,227,0.6
410602,411259,227,0.6
410602,410603,227,0.6
410604,411259,227,5.72
410604,410603,227,5.72
409945,409290,227,0.6
409945,409946,227,0.6
406666,406009,227,5.72
406666,407321,227,5.72
406666,406665,227,5.72
409948,410603,227,5.72
409947,409290,227,5.72
409947,410603,227,5.72
409947,409946,227,5.72
407322,406665,227,5.72
407322,407321,227,5.72
409291,409946,227,5.72
409291,409290,227,5.72
408635,409290,227,5.72
407978,407321,227,5.72
408634,409290,227,5.72
407320,406665,227,0.6
407320,407321,227,0.6
409289,409946,227,0.6
409289,409290,227,0.6
407977,407321,227,0.6
408633,409290,227,0.6
407976,407321,227,0.6
415857,416513,228,5.72
415857,416512,228,5.72
415857,415856,228,5.72
415201,415856,228,5.72
411258,411259,228,0.6
415198,414542,228,0.6
415198,415199,228,0.6
415200,415856,228,5.72
415200,415855,228,5.72
415200,415199,228,5.72
414544,415199,228,5.72
414543,413886,228,5.72
414543,415199,228,5.72
414543,414542,228,5.72
403390,402734,228,5.72
403390,402735,228,5.72
403390,402733,228,5.72
402731,403387,228,0.6
402731,402732,228,0.6
403389,402733,228,5.72
403389,402734,228,5.72
403389,402732,228,5.72
413887,414542,228,5.72
413887,413886,228,5.72
413885,413229,228,0.6
413885,413886,228,0.6
403388,402732,228,5.72
403388,402733,228,5.72
403388,403387,228,5.72
403386,404042,228,0.6
403386,403387,228,0.6
406664,406009,228,0.6
406664,407321,228,0.6
406664,406665,228,0.6
413230,413886,228,5.72
413230,413229,228,5.72
413228,412572,228,0.6
413228,413229,228,0.6
404041,404697,228,0.6
404041,404042,228,0.6
404043,403387,228,5.72
404043,404042,228,5.72
412574,413229,228,5.72
412573,411916,228,5.72
412573,413229,228,5.72
412573,412572,228,5.72
404699,404042,228,5.72
411915,411259,228,0.6
411915,412572,228,0.6
411915,411916,228,0.6
404698,404042,228,5.72
404698,405353,228,5.72
404698,404697,228,5.72
411917,412572,228,5.72
411917,411916,228,5.72
411261,411916,228,5.72
405354,404697,228,5.72
405354,406009,228,5.72
405354,405353,228,5.72
411260,410603,228,5.72
411260,411916,228,5.72
411260,411259,228,5.72
406010,405353,228,5.72
406010,406665,228,5.72
406010,406009,228,5.72
410602,409946,228,0.6
410602,411259,228,0.6
410602,410603,228,0.6
410604,411259,228,5.72
410604,410603,228,5.72
409945,409290,228,0.6
409945,409946,228,0.6
406666,406009,228,5.72
406666,407321,228,5.72
406666,406665,228,5.72
409948,410603,228,5.72
409947,409290,228,5.72
409947,410603,228,5.72
409947,409946,228,5.72
407322,406665,228,5.72
407322,407321,228,5.72
409291,409946,228,5.72
409291,409290,228,5.72
408635,409290,228,5.72
407978,407321,228,5.72
408634,409290,228,5.72
407320,406665,228,0.6
407320,407321,228,0.6
409289,409946,228,0.6
409289,409290,228,0.6
407977,407321,228,0.6
408633,409290,228,0.6
407976,407321,228,0.6
415857,416513,229,5.72
415857,416512,229,5.72
415857,415856,229,5.72
415201,415856,229,5.72
411258,411259,229,0.6
415198,414542,229,0.6
415198,415199,229,0.6
415200,415856,229,5.72
415200,415855,229,5.72
415200,415199,229,5.72
414544,415199,229,5.72
414543,413886,229,5.72
414543,415199,229,5.72
414543,414542,229,5.72
403390,402734,229,5.72
403390,402735,229,5.72
403390,402733,229,5.72
402731,403387,229,0.6
402731,402732,229,0.6
403389,402733,229,5.72
403389,402734,229,5.72
403389,402732,229,5.72
413887,414542,229,5.72
413887,413886,229,5.72
413885,413229,229,0.6
413885,413886,229,0.6
403388,402732,229,5.72
403388,402733,229,5.72
403388,403387,229,5.72
403386,404042,229,0.6
403386,403387,229,0.6
406664,406009,229,0.6
406664,407321,229,0.6
406664,406665,229,0.6
413230,413886,229,5.72
413230,413229,229,5.72
413228,412572,229,0.6
413228,413229,229,0.6
404041,404697,229,0.6
404041,404042,229,0.6
404043,403387,229,5.72
404043,404042,229,5.72
412574,413229,229,5.72
412573,411916,229,5.72
412573,413229,229,5.72
412573,412572,229,5.72
404699,404042,229,5.72
411915,411259,229,0.6
411915,412572,229,0.6
411915,411916,229,0.6
404698,404042,229,5.72
404698,405353,229,5.72
404698,404697,229,5.72
411917,412572,229,5.72
411917,411916,229,5.72
411261,411916,229,5.72
405354,404697,229,5.72
405354,406009,229,5.72
405354,405353,229,5.72
411260,410603,229,5.72
411260,411916,229,5.72
411260,411259,229,5.72
406010,405353,229,5.72
406010,406665,229,5.72
406010,406009,229,5.72
410602,409946,229,0.6
410602,411259,229,0.6
410602,410603,229,0.6
410604,411259,229,5.72
410604,410603,229,5.72
409945,409290,229,0.6
409945,409946,229,0.6
406666,406009,229,5.72
406666,407321,229,5.72
406666,406665,229,5.72
409948,410603,229,5.72
409947,409290,229,5.72
409947,410603,229,5.72
409947,409946,229,5.72
407322,406665,229,5.72
407322,407321,229,5.72
409291,409946,229,5.72
409291,409290,229,5.72
408635,409290,229,5.72
407978,407321,229,5.72
408634,409290,229,5.72
407320,406665,229,0.6
407320,407321,229,0.6
409289,409946,229,0.6
409289,409290,229,0.6
407977,407321,229,0.6
408633,409290,229,0.6
407976,407321,229,0.6
415857,416513,230,5.72
415857,416512,230,5.72
415857,415856,230,5.72
415201,415856,230,5.72
411258,411259,230,0.6
415198,414542,230,0.6
415198,415199,230,0.6
415200,415856,230,5.72
415200,415855,230,5.72
415200,415199,230,5.72
414544,415199,230,5.72
414543,413886,230,5.72
414543,415199,230,5.72
414543,414542,230,5.72
403390,402734,230,5.72
403390,402735,230,5.72
403390,402733,230,5.72
402731,403387,230,0.6
402731,402732,230,0.6
403389,402733,230,5.72
403389,402734,230,5.72
403389,402732,230,5.72
413887,414542,230,5.72
413887,413886,230,5.72
413885,413229,230,0.6
413885,413886,230,0.6
403388,402732,230,5.72
403388,402733,230,5.72
403388,403387,230,5.72
403386,404042,230,0.6
403386,403387,230,0.6
406664,406009,230,0.6
406664,407321,230,0.6
406664,406665,230,0.6
413230,413886,230,5.72
413230,413229,230,5.72
413228,412572,230,0.6
413228,413229,230,0.6
404041,404697,230,0.6
404041,404042,230,0.6
404043,403387,230,5.72
404043,404042,230,5.72
412574,413229,230,5.72
412573,411916,230,5.72
412573,413229,230,5.72
412573,412572,230,5.72
404699,404042,230,5.72
411915,411259,230,0.6
411915,412572,230,0.6
411915,411916,230,0.6
404698,404042,230,5.72
404698,405353,230,5.72
404698,404697,230,5.72
411917,412572,230,5.72
411917,411916,230,5.72
411261,411916,230,5.72
405354,404697,230,5.72
405354,406009,230,5.72
405354,405353,230,5.72
411260,410603,230,5.72
411260,411916,230,5.72
411260,411259,230,5.72
406010,405353,230,5.72
406010,406665,230,5.72
406010,406009,230,5.72
410602,409946,230,0.6
410602,411259,230,0.6
410602,410603,230,0.6
410604,411259,230,5.72
410604,410603,230,5.72
409945,409290,230,0.6
409945,409946,230,0.6
406666,406009,230,5.72
406666,407321,230,5.72
406666,406665,230,5.72
409948,410603,230,5.72
409947,409290,230,5.72
409947,410603,230,5.72
409947,409946,230,5.72
407322,406665,230,5.72
407322,407321,230,5.72
409291,409946,230,5.72
409291,409290,230,5.72
408635,409290,230,5.72
407978,407321,230,5.72
408634,409290,230,5.72
407320,406665,230,0.6
407320,407321,230,0.6
409289,409946,230,0.6
409289,409290,230,0.6
407977,407321,230,0.6
408633,409290,230,0.6
407976,407321,230,0.6
415857,416513,231,5.72
415857,416512,231,5.72
415857,415856,231,5.72
415201,415856,231,5.72
411258,411259,231,0.6
415198,414542,231,0.6
415198,415199,231,0.6
415200,415856,231,5.72
415200,415855,231,5.72
415200,415199,231,5.72
414544,415199,231,5.72
414543,413886,231,5.72
414543,415199,231,5.72
414543,414542,231,5.72
403390,402734,231,5.72
403390,402735,231,5.72
403390,402733,231,5.72
402731,403387,231,0.6
402731,402732,231,0.6
403389,402733,231,5.72
403389,402734,231,5.72
403389,402732,231,5.72
413887,414542,231,5.72
413887,413886,231,5.72
413885,413229,231,0.6
413885,414542,231,0.6
413885,414540,231,0.6
413885,413886,231,0.6
403388,402732,231,5.72
403388,402733,231,5.72
403388,403387,231,5.72
403386,404042,231,0.6
403386,403387,231,0.6
406664,406009,231,0.6
406664,407321,231,0.6
406664,406665,231,0.6
413230,413886,231,5.72
413230,413229,231,5.72
413228,412572,231,0.6
413228,413229,231,0.6
404041,404697,231,0.6
404041,404042,231,0.6
404043,403387,231,5.72
404043,404042,231,5.72
412574,413229,231,5.72
412573,411916,231,5.72
412573,413229,231,5.72
412573,412572,231,5.72
404699,404042,231,5.72
411915,411259,231,0.6
411915,412572,231,0.6
411915,411916,231,0.6
404698,404042,231,5.72
404698,405353,231,5.72
404698,404697,231,5.72
411917,412572,231,5.72
411917,411916,231,5.72
411261,411916,231,5.72
405354,404697,231,5.72
405354,406009,231,5.72
405354,405353,231,5.72
411260,410603,231,5.72
411260,411916,231,5.72
411260,411259,231,5.72
406010,405353,231,5.72
406010,406665,231,5.72
406010,406009,231,5.72
410602,409946,231,0.6
410602,411259,231,0.6
410602,410603,231,0.6
410604,411259,231,5.72
410604,410603,231,5.72
409945,409290,231,0.6
409945,409946,231,0.6
406666,406009,231,5.72
406666,407321,231,5.72
406666,406665,231,5.72
409948,410603,231,5.72
409947,409290,231,5.72
409947,410603,231,5.72
409947,409946,231,5.72
407322,406665,231,5.72
407322,407321,231,5.72
409291,409946,231,5.72
409291,409290,231,5.72
408635,409290,231,5.72
407978,407321,231,5.72
408634,409290,231,5.72
407320,406665,231,0.6
407320,407321,231,0.6
409289,409946,231,0.6
409289,409290,231,0.6
407977,407321,231,0.6
408633,409290,231,0.6
407976,407321,231,0.6
415857,416513,232,5.72
415857,416512,232,5.72
415857,415856,232,5.72
415201,415856,232,5.72
411258,411259,232,0.6
415198,414542,232,0.6
415198,415199,232,0.6
415200,415856,232,5.72
415200,415855,232,5.72
415200,415199,232,5.72
414544,415199,232,5.72
414543,413886,232,5.72
414543,415199,232,5.72
414543,414542,232,5.72
403390,402734,232,5.72
403390,402735,232,5.72
403390,402733,232,5.72
402731,403387,232,0.6
402731,402732,232,0.6
403389,402733,232,5.72
403389,402734,232,5.72
403389,402732,232,5.72
413887,414542,232,5.72
413887,413886,232,5.72
413885,413229,232,0.6
413885,414542,232,0.6
413885,413886,232,0.6
403388,402732,232,5.72
403388,402733,232,5.72
403388,403387,232,5.72
403386,404042,232,0.6
403386,403387,232,0.6
406664,406009,232,0.6
406664,407321,232,0.6
406664,406665,232,0.6
413230,413886,232,5.72
413230,413229,232,5.72
413228,412572,232,0.6
413228,413229,232,0.6
404041,404697,232,0.6
404041,404042,232,0.6
404043,403387,232,5.72
404043,404042,232,5.72
412574,413229,232,5.72
412573,411916,232,5.72
412573,413229,232,5.72
412573,412572,232,5.72
404699,404042,232,5.72
411915,411259,232,0.6
411915,412572,232,0.6
411915,411916,232,0.6
404698,404042,232,5.72
404698,405353,232,5.72
404698,404697,232,5.72
411917,412572,232,5.72
411917,411916,232,5.72
411261,411916,232,5.72
405354,404697,232,5.72
405354,406009,232,5.72
405354,405353,232,5.72
411260,410603,232,5.72
411260,411916,232,5.72
411260,411259,232,5.72
406010,405353,232,5.72
406010,406665,232,5.72
406010,406009,232,5.72
410602,409946,232,0.6
410602,411259,232,0.6
410602,410603,232,0.6
410604,411259,232,5.72
410604,410603,232,5.72
409945,409290,232,0.6
409945,409946,232,0.6
406666,406009,232,5.72
406666,407321,232,5.72
406666,406665,232,5.72
409948,410603,232,5.72
409947,409290,232,5.72
409947,410603,232,5.72
409947,409946,232,5.72
407322,406665,232,5.72
407322,407321,232,5.72
409291,409946,232,5.72
409291,409290,232,5.72
408635,409290,232,5.72
407978,407321,232,5.72
408634,409290,232,5.72
407320,406665,232,0.6
407320,407321,232,0.6
409289,409946,232,0.6
409289,409290,232,0.6
407977,407321,232,0.6
408633,409290,232,0.6
407976,407321,232,0.6
415857,416513,233,5.72
415857,416512,233,5.72
415857,415856,233,5.72
415201,415856,233,5.72
411258,411259,233,0.6
415198,414542,233,0.6
415198,415199,233,0.6
415200,415856,233,5.72
415200,415855,233,5.72
415200,415199,233,5.72
414544,415199,233,5.72
414543,413886,233,5.72
414543,415199,233,5.72
414543,414542,233,5.72
403390,402734,233,5.72
403390,402735,233,5.72
403390,402733,233,5.72
402731,402076,233,0.6
402731,402074,233,0.6
402731,403387,233,0.6
402731,402732,233,0.6
403389,402733,233,5.72
403389,402734,233,5.72
403389,402732,233,5.72
413887,414542,233,5.72
413887,413886,233,5.72
413885,413229,233,0.6
413885,414542,233,0.6
413885,413886,233,0.6
403388,402732,233,5.72
403388,402733,233,5.72
403388,403387,233,5.72
403386,404042,233,0.6
403386,403387,233,0.6
406664,406009,233,0.6
406664,407321,233,0.6
406664,406665,233,0.6
413230,413886,233,5.72
413230,413229,233,5.72
413228,412572,233,0.6
413228,413229,233,0.6
404041,404697,233,0.6
404041,404042,233,0.6
404043,403387,233,5.72
404043,404042,233,5.72
412574,413229,233,5.72
412573,411916,233,5.72
412573,413229,233,5.72
412573,412572,233,5.72
404699,404042,233,5.72
411915,411259,233,0.6
411915,412572,233,0.6
411915,411916,233,0.6
404698,404042,233,5.72
404698,405353,233,5.72
404698,404697,233,5.72
411917,412572,233,5.72
411917,411916,233,5.72
411261,411916,233,5.72
405354,404697,233,5.72
405354,406009,233,5.72
405354,405353,233,5.72
411260,410603,233,5.72
411260,411916,233,5.72
411260,411259,233,5.72
406010,405353,233,5.72
406010,406665,233,5.72
406010,406009,233,5.72
410602,409946,233,0.6
410602,411259,233,0.6
410602,410603,233,0.6
410604,411259,233,5.72
410604,410603,233,5.72
409945,409290,233,0.6
409945,409946,233,0.6
406666,406009,233,5.72
406666,407321,233,5.72
406666,406665,233,5.72
409948,410603,233,5.72
409947,409290,233,5.72
409947,410603,233,5.72
409947,409946,233,5.72
407322,406665,233,5.72
407322,407321,233,5.72
409291,409946,233,5.72
409291,409290,233,5.72
408635,409290,233,5.72
407978,407321,233,5.72
408634,409290,233,5.72
407320,406665,233,0.6
407320,407321,233,0.6
409289,409946,233,0.6
409289,409290,233,0.6
407977,407321,233,0.6
408633,409290,233,0.6
407976,407321,233,0.6
414546,413890,234,0.6
414546,414547,234,0.6
415857,416513,234,5.72
415857,416512,234,5.72
415857,415856,234,5.72
415201,415856,234,5.72
411258,411259,234,0.6
415198,414542,234,0.6
415198,415199,234,0.6
415200,415856,234,5.72
415200,415855,234,5.72
415200,415199,234,5.72
414544,415199,234,5.72
414543,413886,234,5.72
414543,415199,234,5.72
414543,414542,234,5.72
403390,402734,234,5.72
403390,402735,234,5.72
403390,402733,234,5.72
402731,403387,234,0.6
402731,402732,234,0.6
403389,402733,234,5.72
403389,402734,234,5.72
403389,402732,234,5.72
413887,414542,234,5.72
413887,413886,234,5.72
413885,413229,234,0.6
413885,414542,234,0.6
413885,413886,234,0.6
403388,402732,234,5.72
403388,402733,234,5.72
403388,403387,234,5.72
403386,404042,234,0.6
403386,403387,234,0.6
406664,406009,234,0.6
406664,407321,234,0.6
406664,406665,234,0.6
413230,413886,234,5.72
413230,413229,234,5.72
413228,412572,234,0.6
413228,413229,234,0.6
404041,404697,234,0.6
404041,404042,234,0.6
404043,403387,234,5.72
404043,404042,234,5.72
412574,413229,234,5.72
412573,411916,234,5.72
412573,413229,234,5.72
412573,412572,234,5.72
404699,404042,234,5.72
411915,411259,234,0.6
411915,412572,234,0.6
411915,411916,234,0.6
404698,404042,234,5.72
404698,405353,234,5.72
404698,404697,234,5.72
411917,412572,234,5.72
411917,411916,234,5.72
411261,411916,234,5.72
405354,404697,234,5.72
405354,406009,234,5.72
405354,405353,234,5.72
411260,410603,234,5.72
411260,411916,234,5.72
411260,411259,234,5.72
406010,405353,234,5.72
406010,406665,234,5.72
406010,406009,234,5.72
410602,409946,234,0.6
410602,411259,234,0.6
410602,410603,234,0.6
410604,411259,234,5.72
410604,410603,234,5.72
409945,409290,234,0.6
409945,409946,234,0.6
406666,406009,234,5.72
406666,407321,234,5.72
406666,406665,234,5.72
409948,410603,234,5.72
409947,409290,234,5.72
409947,410603,234,5.72
409947,409946,234,5.72
407322,406665,234,5.72
407322,407321,234,5.72
409291,409946,234,5.72
409291,409290,234,5.72
408635,409290,234,5.72
407978,407321,234,5.72
408634,409290,234,5.72
407320,406665,234,0.6
407320,407321,234,0.6
409289,409946,234,0.6
409289,409290,234,0.6
407977,407321,234,0.6
408633,409290,234,0.6
407976,407321,234,0.6
415857,416513,235,5.72
415857,416512,235,5.72
415857,415856,235,5.72
415201,415856,235,5.72
411258,411259,235,0.6
415198,414542,235,0.6
415198,415199,235,0.6
415200,415856,235,5.72
415200,415855,235,5.72
415200,415199,235,5.72
414544,415199,235,5.72
414543,413886,235,5.72
414543,415199,235,5.72
414543,414542,235,5.72
403390,402734,235,5.72
403390,402735,235,5.72
403390,402733,235,5.72
402731,403387,235,0.6
402731,402732,235,0.6
403389,402733,235,5.72
403389,402734,235,5.72
403389,402732,235,5.72
413887,414542,235,5.72
413887,413886,235,5.72
413885,413229,235,0.6
413885,414542,235,0.6
413885,413886,235,0.6
403388,402732,235,5.72
403388,402733,235,5.72
403388,403387,235,5.72
403386,404042,235,0.6
403386,403387,235,0.6
406664,406009,235,0.6
406664,407321,235,0.6
406664,406665,235,0.6
413230,413886,235,5.72
413230,413229,235,5.72
413228,412572,235,0.6
413228,413229,235,0.6
404041,404697,235,0.6
404041,404042,235,0.6
404043,403387,235,5.72
404043,404042,235,5.72
412574,413229,235,5.72
412573,411916,235,5.72
412573,413229,235,5.72
412573,412572,235,5.72
404699,404042,235,5.72
411915,411259,235,0.6
411915,412572,235,0.6
411915,411916,235,0.6
404698,404042,235,5.72
404698,405353,235,5.72
404698,404697,235,5.72
411917,412572,235,5.72
411917,411916,235,5.72
411261,411916,235,5.72
405354,404697,235,5.72
405354,406009,235,5.72
405354,405353,235,5.72
411260,410603,235,5.72
411260,411916,235,5.72
411260,411259,235,5.72
406010,405353,235,5.72
406010,406665,235,5.72
406010,406009,235,5.72
410602,409946,235,0.6
410602,411259,235,0.6
410602,410603,235,0.6
410604,411259,235,5.72
410604,410603,235,5.72
409945,409290,235,0.6
409945,409946,235,0.6
406666,406009,235,5.72
406666,407321,235,5.72
406666,406665,235,5.72
409948,410603,235,5.72
409947,409290,235,5.72
409947,410603,235,5.72
409947,409946,235,5.72
407322,406665,235,5.72
407322,407321,235,5.72
409291,409946,235,5.72
409291,409290,235,5.72
408635,409290,235,5.72
407978,407321,235,5.72
408634,409290,235,5.72
407320,406665,235,0.6
407320,407321,235,0.6
409289,409946,235,0.6
409289,409290,235,0.6
407977,407321,235,0.6
408633,409290,235,0.6
407976,407321,235,0.6
415857,416513,236,5.72
415857,416512,236,5.72
415857,415856,236,5.72
415201,415856,236,5.72
411258,411259,236,0.6
415198,414542,236,0.6
415198,415199,236,0.6
415200,415856,236,5.72
415200,415855,236,5.72
415200,415199,236,5.72
414544,415199,236,5.72
414543,413886,236,5.72
414543,415199,236,5.72
414543,414542,236,5.72
403390,402734,236,5.72
403390,402735,236,5.72
403390,402733,236,5.72
402731,403387,236,0.6
402731,402732,236,0.6
403389,402733,236,5.72
403389,402734,236,5.72
403389,402732,236,5.72
413887,414542,236,5.72
413887,413886,236,5.72
413885,413229,236,0.6
413885,414542,236,0.6
413885,413886,236,0.6
403388,402732,236,5.72
403388,402733,236,5.72
403388,403387,236,5.72
403386,404042,236,0.6
403386,403387,236,0.6
406664,406009,236,0.6
406664,407321,236,0.6
406664,406665,236,0.6
413230,413886,236,5.72
413230,413229,236,5.72
413228,412572,236,0.6
413228,413229,236,0.6
404041,404697,236,0.6
404041,404042,236,0.6
404043,403387,236,5.72
404043,404042,236,5.72
412574,413229,236,5.72
412573,411916,236,5.72
412573,413229,236,5.72
412573,412572,236,5.72
404699,404042,236,5.72
411915,411259,236,0.6
411915,412572,236,0.6
411915,411916,236,0.6
404698,404042,236,5.72
404698,405353,236,5.72
404698,404697,236,5.72
411917,412572,236,5.72
411917,411916,236,5.72
411261,411916,236,5.72
405354,404697,236,5.72
405354,406009,236,5.72
405354,405353,236,5.72
411260,410603,236,5.72
411260,411916,236,5.72
411260,411259,236,5.72
406010,405353,236,5.72
406010,406665,236,5.72
406010,406009,236,5.72
410602,409946,236,0.6
410602,411259,236,0.6
410602,410603,236,0.6
410604,411259,236,5.72
410604,410603,236,5.72
409945,409290,236,0.6
409945,409946,236,0.6
406666,406009,236,5.72
406666,407321,236,5.72
406666,406665,236,5.72
409948,410603,236,5.72
409947,409290,236,5.72
409947,410603,236,5.72
409947,409946,236,5.72
407322,406665,236,5.72
407322,407321,236,5.72
409291,409946,236,5.72
409291,409290,236,5.72
408635,409290,236,5.72
407978,407321,236,5.72
408634,409290,236,5.72
407320,406665,236,0.6
407320,407321,236,0.6
409289,409946,236,0.6
409289,409290,236,0.6
407977,407321,236,0.6
408633,409290,236,0.6
407976,407321,236,0.6
415857,416513,237,5.72
415857,416512,237,5.72
415857,415856,237,5.72
415201,415856,237,5.72
411258,411259,237,0.6
415198,414542,237,0.6
415198,415199,237,0.6
415200,415856,237,5.72
415200,415855,237,5.72
415200,415199,237,5.72
414544,415199,237,5.72
414543,413886,237,5.72
414543,415199,237,5.72
414543,414542,237,5.72
403390,402734,237,5.72
403390,402735,237,5.72
403390,402733,237,5.72
402731,403387,237,0.6
402731,402732,237,0.6
403389,402733,237,5.72
403389,402734,237,5.72
403389,402732,237,5.72
413887,414542,237,5.72
413887,413886,237,5.72
413885,413229,237,0.6
413885,414542,237,0.6
413885,413886,237,0.6
403388,402732,237,5.72
403388,402733,237,5.72
403388,403387,237,5.72
403386,404042,237,0.6
403386,403387,237,0.6
406664,406009,237,0.6
406664,407321,237,0.6
406664,406665,237,0.6
413230,413886,237,5.72
413230,413229,237,5.72
413228,412572,237,0.6
413228,413229,237,0.6
404041,404697,237,0.6
404041,404042,237,0.6
404043,403387,237,5.72
404043,404042,237,5.72
412574,413229,237,5.72
412573,411916,237,5.72
412573,413229,237,5.72
412573,412572,237,5.72
404699,404042,237,5.72
411915,411259,237,0.6
411915,412572,237,0.6
411915,411916,237,0.6
404698,404042,237,5.72
404698,405353,237,5.72
404698,404697,237,5.72
411917,412572,237,5.72
411917,411916,237,5.72
411261,411916,237,5.72
405354,404697,237,5.72
405354,406009,237,5.72
405354,405353,237,5.72
411260,410603,237,5.72
411260,411916,237,5.72
411260,411259,237,5.72
406010,405353,237,5.72
406010,406665,237,5.72
406010,406009,237,5.72
410602,409946,237,0.6
410602,411259,237,0.6
410602,410603,237,0.6
410604,411259,237,5.72
410604,410603,237,5.72
409945,409290,237,0.6
409945,409946,237,0.6
406666,406009,237,5.72
406666,407321,237,5.72
406666,406665,237,5.72
409948,410603,237,5.72
409947,409290,237,5.72
409947,410603,237,5.72
409947,409946,237,5.72
407322,406665,237,5.72
407322,407321,237,5.72
409291,409946,237,5.72
409291,409290,237,5.72
408635,409290,237,5.72
407978,407321,237,5.72
408634,409290,237,5.72
407320,406665,237,0.6
407320,407321,237,0.6
409289,409946,237,0.6
409289,409290,237,0.6
407977,407321,237,0.6
408633,409290,237,0.6
407976,407321,237,0.6
415857,416513,238,5.72
415857,416512,238,5.72
415857,415856,238,5.72
415201,415856,238,5.72
411258,411259,238,0.6
415198,414542,238,0.6
415198,415199,238,0.6
415200,415856,238,5.72
415200,415855,238,5.72
415200,415199,238,5.72
414544,415199,238,5.72
414543,413886,238,5.72
414543,415199,238,5.72
414543,414542,238,5.72
403390,402734,238,5.72
403390,402735,238,5.72
403390,402733,238,5.72
402731,403387,238,0.6
402731,402732,238,0.6
403389,402733,238,5.72
403389,402734,238,5.72
403389,402732,238,5.72
413887,414542,238,5.72
413887,413886,238,5.72
413885,413229,238,0.6
413885,414542,238,0.6
413885,413886,238,0.6
403388,402732,238,5.72
403388,402733,238,5.72
403388,403387,238,5.72
403386,404042,238,0.6
403386,403387,238,0.6
406664,406009,238,0.6
406664,407321,238,0.6
406664,406665,238,0.6
413230,413886,238,5.72
413230,413229,238,5.72
413228,412572,238,0.6
413228,413229,238,0.6
404041,404697,238,0.6
404041,404042,238,0.6
404043,403387,238,5.72
404043,404042,238,5.72
412574,413229,238,5.72
412573,411916,238,5.72
412573,413229,238,5.72
412573,412572,238,5.72
404699,404042,238,5.72
411915,411259,238,0.6
411915,412572,238,0.6
411915,411916,238,0.6
404698,404042,238,5.72
404698,405353,238,5.72
404698,404697,238,5.72
411917,412572,238,5.72
411917,411916,238,5.72
411261,411916,238,5.72
405354,404697,238,5.72
405354,406009,238,5.72
405354,405353,238,5.72
411260,410603,238,5.72
411260,411916,238,5.72
411260,411259,238,5.72
406010,405353,238,5.72
406010,406665,238,5.72
406010,406009,238,5.72
410602,409946,238,0.6
410602,411259,238,0.6
410602,410603,238,0.6
410604,411259,238,5.72
410604,410603,238,5.72
409945,409290,238,0.6
409945,409946,238,0.6
406666,406009,238,5.72
406666,407321,238,5.72
406666,406665,238,5.72
409948,410603,238,5.72
409947,409290,238,5.72
409947,410603,238,5.72
409947,409946,238,5.72
407322,406665,238,5.72
407322,407321,238,5.72
409291,409946,238,5.72
409291,409290,238,5.72
408635,409290,238,5.72
407978,407321,238,5.72
408634,409290,238,5.72
407320,406665,238,0.6
407320,407321,238,0.6
409289,409946,238,0.6
409289,409290,238,0.6
407977,407321,238,0.6
408633,409290,238,0.6
407976,407321,238,0.6
412571,412572,239,0.6
411914,411913,239,0.6
415857,416513,239,5.72
415857,416512,239,5.72
415857,415856,239,5.72
415201,415856,239,5.72
411258,411259,239,0.6
415198,414542,239,0.6
415198,415199,239,0.6
415200,415856,239,5.72
415200,415855,239,5.72
415200,415199,239,5.72
414544,415199,239,5.72
414543,413886,239,5.72
414543,415199,239,5.72
414543,414542,239,5.72
403390,402734,239,5.72
403390,402735,239,5.72
403390,402733,239,5.72
402731,403387,239,0.6
402731,402732,239,0.6
403389,402733,239,5.72
403389,402734,239,5.72
403389,402732,239,5.72
413887,414542,239,5.72
413887,413886,239,5.72
413885,413229,239,0.6
413885,414542,239,0.6
413885,413886,239,0.6
403388,402732,239,5.72
403388,402733,239,5.72
403388,403387,239,5.72
403386,404042,239,0.6
403386,403387,239,0.6
406664,406009,239,0.6
406664,407321,239,0.6
406664,406665,239,0.6
413230,413886,239,5.72
413230,413229,239,5.72
413228,412572,239,0.6
413228,413229,239,0.6
404041,404697,239,0.6
404041,404042,239,0.6
404043,403387,239,5.72
404043,404042,239,5.72
412574,413229,239,5.72
412573,411916,239,5.72
412573,413229,239,5.72
412573,412572,239,5.72
404699,404042,239,5.72
411915,411259,239,0.6
411915,412572,239,0.6
411915,411916,239,0.6
404698,404042,239,5.72
404698,405353,239,5.72
404698,404697,239,5.72
411917,412572,239,5.72
411917,411916,239,5.72
411261,411916,239,5.72
405354,404697,239,5.72
405354,406009,239,5.72
405354,405353,239,5.72
411260,410603,239,5.72
411260,411916,239,5.72
411260,411259,239,5.72
406010,405353,239,5.72
406010,406665,239,5.72
406010,406009,239,5.72
410602,409946,239,0.6
410602,411259,239,0.6
410602,410603,239,0.6
410604,411259,239,5.72
410604,410603,239,5.72
409945,409290,239,0.6
409945,409946,239,0.6
406666,406009,239,5.72
406666,407321,239,5.72
406666,406665,239,5.72
409948,410603,239,5.72
409947,409290,239,5.72
409947,410603,239,5.72
409947,409946,239,5.72
407322,406665,239,5.72
407322,407321,239,5.72
409291,409946,239,5.72
409291,409290,239,5.72
408635,409290,239,5.72
407978,407321,239,5.72
408634,409290,239,5.72
407320,406665,239,0.6
407320,407321,239,0.6
409289,409946,239,0.6
409289,409290,239,0.6
407977,407321,239,0.6
408633,409290,239,0.6
407976,407321,239,0.6
412571,412572,240,0.6
415857,416513,240,5.72
415857,416512,240,5.72
415857,415856,240,5.72
415201,415856,240,5.72
411258,411259,240,0.6
415198,414542,240,0.6
415198,415199,240,0.6
415200,415856,240,5.72
415200,415855,240,5.72
415200,415199,240,5.72
414544,415199,240,5.72
414543,413886,240,5.72
414543,415199,240,5.72
414543,414542,240,5.72
403390,402734,240,5.72
403390,402735,240,5.72
403390,402733,240,5.72
402731,403387,240,0.6
402731,402732,240,0.6
403389,402733,240,5.72
403389,402734,240,5.72
403389,402732,240,5.72
413887,414542,240,5.72
413887,413886,240,5.72
413885,413229,240,0.6
413885,414542,240,0.6
413885,413886,240,0.6
403388,402732,240,5.72
403388,402733,240,5.72
403388,403387,240,5.72
403386,404042,240,0.6
403386,403387,240,0.6
406664,406009,240,0.6
406664,407321,240,0.6
406664,406665,240,0.6
413230,413886,240,5.72
413230,413229,240,5.72
413228,412572,240,0.6
413228,413229,240,0.6
404041,404697,240,0.6
404041,404042,240,0.6
404043,403387,240,5.72
404043,404042,240,5.72
412574,413229,240,5.72
412573,411916,240,5.72
412573,413229,240,5.72
412573,412572,240,5.72
404699,404042,240,5.72
411915,411259,240,0.6
411915,412572,240,0.6
411915,411916,240,0.6
404698,404042,240,5.72
404698,405353,240,5.72
404698,404697,240,5.72
411917,412572,240,5.72
411917,411916,240,5.72
411261,411916,240,5.72
405354,404697,240,5.72
405354,406009,240,5.72
405354,405353,240,5.72
411260,410603,240,5.72
411260,411916,240,5.72
411260,411259,240,5.72
406010,405353,240,5.72
406010,406665,240,5.72
406010,406009,240,5.72
410602,409946,240,0.6
410602,411259,240,0.6
410602,410603,240,0.6
410604,411259,240,5.72
410604,410603,240,5.72
409945,409290,240,0.6
409945,409946,240,0.6
406666,406009,240,5.72
406666,407321,240,5.72
406666,406665,240,5.72
409948,410603,240,5.72
409947,409290,240,5.72
409947,410603,240,5.72
409947,409946,240,5.72
407322,406665,240,5.72
407322,407321,240,5.72
409291,409946,240,5.72
409291,409290,240,5.72
408635,409290,240,5.72
407978,407321,240,5.72
408634,409290,240,5.72
407320,406665,240,0.6
407320,407321,240,0.6
409289,409946,240,0.6
409289,409290,240,0.6
407977,407321,240,0.6
408633,409290,240,0.6
407976,407321,240,0.6
410607,410608,241,0.6
412571,412572,241,0.6
415857,416513,241,5.72
415857,416512,241,5.72
415857,415856,241,5.72
415201,415856,241,5.72
411258,411259,241,0.6
415198,414542,241,0.6
415198,415199,241,0.6
415200,415856,241,5.72
415200,415855,241,5.72
415200,415199,241,5.72
414544,415199,241,5.72
414543,413886,241,5.72
414543,415199,241,5.72
414543,414542,241,5.72
403390,402734,241,5.72
403390,402735,241,5.72
403390,402733,241,5.72
402731,403387,241,0.6
402731,402732,241,0.6
403389,402733,241,5.72
403389,402734,241,5.72
403389,402732,241,5.72
413887,414542,241,5.72
413887,413886,241,5.72
413885,413229,241,0.6
413885,414542,241,0.6
413885,413886,241,0.6
403388,402732,241,5.72
403388,402733,241,5.72
403388,403387,241,5.72
403386,404042,241,0.6
403386,403387,241,0.6
406664,406009,241,0.6
406664,407321,241,0.6
406664,406665,241,0.6
413230,413886,241,5.72
413230,413229,241,5.72
413228,412572,241,0.6
413228,413229,241,0.6
404041,404697,241,0.6
404041,404042,241,0.6
404043,403387,241,5.72
404043,404042,241,5.72
412574,413229,241,5.72
412573,411916,241,5.72
412573,413229,241,5.72
412573,412572,241,5.72
404699,404042,241,5.72
411915,411259,241,0.6
411915,412572,241,0.6
411915,411916,241,0.6
404698,404042,241,5.72
404698,405353,241,5.72
404698,404697,241,5.72
411917,412572,241,5.72
411917,411916,241,5.72
411261,411916,241,5.72
405354,404697,241,5.72
405354,406009,241,5.72
405354,405353,241,5.72
411260,410603,241,5.72
411260,411916,241,5.72
411260,411259,241,5.72
406010,405353,241,5.72
406010,406665,241,5.72
406010,406009,241,5.72
410602,409946,241,0.6
410602,411259,241,0.6
410602,410603,241,0.6
410604,411259,241,5.72
410604,410603,241,5.72
409945,409290,241,0.6
409945,409946,241,0.6
406666,406009,241,5.72
406666,407321,241,5.72
406666,406665,241,5.72
409948,410603,241,5.72
409947,409290,241,5.72
409947,410603,241,5.72
409947,409946,241,5.72
407322,406665,241,5.72
407322,407321,241,5.72
409291,409946,241,5.72
409291,409290,241,5.72
408635,409290,241,5.72
407978,407321,241,5.72
408634,409290,241,5.72
407320,406665,241,0.6
407320,407321,241,0.6
409289,409946,241,0.6
409289,409290,241,0.6
407977,407321,241,0.6
408633,409290,241,0.6
407976,407321,241,0.6
412571,412572,242,0.6
415857,416513,242,5.72
415857,416512,242,5.72
415857,415856,242,5.72
415201,415856,242,5.72
411258,411259,242,0.6
415198,414542,242,0.6
415198,415199,242,0.6
415200,415856,242,5.72
415200,415855,242,5.72
415200,415199,242,5.72
414544,415199,242,5.72
414543,413886,242,5.72
414543,415199,242,5.72
414543,414542,242,5.72
403390,402734,242,5.72
403390,402735,242,5.72
403390,402733,242,5.72
402731,403387,242,0.6
402731,402732,242,0.6
403389,402733,242,5.72
403389,402734,242,5.72
403389,402732,242,5.72
413887,414542,242,5.72
413887,413886,242,5.72
413885,413229,242,0.6
413885,414542,242,0.6
413885,413886,242,0.6
403388,402732,242,5.72
403388,402733,242,5.72
403388,403387,242,5.72
403386,404042,242,0.6
403386,403387,242,0.6
406664,406009,242,0.6
406664,407321,242,0.6
406664,406665,242,0.6
413230,413886,242,5.72
413230,413229,242,5.72
413228,412572,242,0.6
413228,413229,242,0.6
404041,404697,242,0.6
404041,404042,242,0.6
404043,403387,242,5.72
404043,404042,242,5.72
412574,413229,242,5.72
412573,411916,242,5.72
412573,413229,242,5.72
412573,412572,242,5.72
404699,404042,242,5.72
411915,411259,242,0.6
411915,412572,242,0.6
411915,411916,242,0.6
404698,404042,242,5.72
404698,405353,242,5.72
404698,404697,242,5.72
411917,412572,242,5.72
411917,411916,242,5.72
411261,411916,242,5.72
405354,404697,242,5.72
405354,406009,242,5.72
405354,405353,242,5.72
411260,410603,242,5.72
411260,411916,242,5.72
411260,411259,242,5.72
406010,405353,242,5.72
406010,406665,242,5.72
406010,406009,242,5.72
410602,409946,242,0.6
410602,411259,242,0.6
410602,410603,242,0.6
410604,411259,242,5.72
410604,410603,242,5.72
409945,409290,242,0.6
409945,409946,242,0.6
406666,406009,242,5.72
406666,407321,242,5.72
406666,406665,242,5.72
409948,410603,242,5.72
409947,409290,242,5.72
409947,410603,242,5.72
409947,409946,242,5.72
407322,406665,242,5.72
407322,407321,242,5.72
409291,409946,242,5.72
409291,409290,242,5.72
408635,409290,242,5.72
407978,407321,242,5.72
408634,409290,242,5.72
407320,406665,242,0.6
407320,407321,242,0.6
409289,409946,242,0.6
409289,409290,242,0.6
407977,407321,242,0.6
408633,409290,242,0.6
407976,407321,242,0.6
412571,412572,243,0.6
415857,416513,243,5.72
415857,416512,243,5.72
415857,415856,243,5.72
415201,415856,243,5.72
411258,411259,243,0.6
415198,414542,243,0.6
415198,415199,243,0.6
415200,415856,243,5.72
415200,415855,243,5.72
415200,415199,243,5.72
414544,415199,243,5.72
414543,413886,243,5.72
414543,415199,243,5.72
414543,414542,243,5.72
403390,402734,243,5.72
403390,402735,243,5.72
403390,402733,243,5.72
402731,403387,243,0.6
402731,402732,243,0.6
403389,402733,243,5.72
403389,402734,243,5.72
403389,402732,243,5.72
413887,414542,243,5.72
413887,413886,243,5.72
413885,413229,243,0.6
413885,414542,243,0.6
413885,413886,243,0.6
403388,402732,243,5.72
403388,402733,243,5.72
403388,403387,243,5.72
403386,404042,243,0.6
403386,403387,243,0.6
406664,406009,243,0.6
406664,407321,243,0.6
406664,406665,243,0.6
413230,413886,243,5.72
413230,413229,243,5.72
413228,412572,243,0.6
413228,413229,243,0.6
404041,404697,243,0.6
404041,404042,243,0.6
404043,403387,243,5.72
404043,404042,243,5.72
412574,413229,243,5.72
412573,411916,243,5.72
412573,413229,243,5.72
412573,412572,243,5.72
404699,404042,243,5.72
411915,411259,243,0.6
411915,412572,243,0.6
411915,411916,243,0.6
404698,404042,243,5.72
404698,405353,243,5.72
404698,404697,243,5.72
411917,412572,243,5.72
411917,411916,243,5.72
411261,411916,243,5.72
405354,404697,243,5.72
405354,406009,243,5.72
405354,405353,243,5.72
411260,410603,243,5.72
411260,411916,243,5.72
411260,411259,243,5.72
406010,405353,243,5.72
406010,406665,243,5.72
406010,406009,243,5.72
410602,409946,243,0.6
410602,411259,243,0.6
410602,410603,243,0.6
410604,411259,243,5.72
410604,410603,243,5.72
409945,409290,243,0.6
409945,409946,243,0.6
406666,406009,243,5.72
406666,407321,243,5.72
406666,406665,243,5.72
409948,410603,243,5.72
409947,409290,243,5.72
409947,410603,243,5.72
409947,409946,243,5.72
407322,406665,243,5.72
407322,407321,243,5.72
409291,409946,243,5.72
409291,409290,243,5.72
408635,409290,243,5.72
407978,407321,243,5.72
408634,409290,243,5.72
407320,406665,243,0.6
407320,407321,243,0.6
409289,409946,243,0.6
409289,409290,243,0.6
407977,407321,243,0.6
408633,409290,243,0.6
407976,407321,243,0.6
412571,412572,244,0.6
415857,416513,244,5.72
415857,416512,244,5.72
415857,415856,244,5.72
415201,415856,244,5.72
411258,411259,244,0.6
415198,414542,244,0.6
415198,415199,244,0.6
415200,415856,244,5.72
415200,415855,244,5.72
415200,415199,244,5.72
414544,415199,244,5.72
414543,413886,244,5.72
414543,415199,244,5.72
414543,414542,244,5.72
403390,402734,244,5.72
403390,402735,244,5.72
403390,402733,244,5.72
402731,403387,244,0.6
402731,402732,244,0.6
403389,402733,244,5.72
403389,402734,244,5.72
403389,402732,244,5.72
413887,414542,244,5.72
413887,413886,244,5.72
413885,413229,244,0.6
413885,414542,244,0.6
413885,413886,244,0.6
403388,402732,244,5.72
403388,402733,244,5.72
403388,403387,244,5.72
403386,404042,244,0.6
403386,403387,244,0.6
406664,406009,244,0.6
406664,407321,244,0.6
406664,406665,244,0.6
413230,413886,244,5.72
413230,413229,244,5.72
413228,412572,244,0.6
413228,413229,244,0.6
404041,404697,244,0.6
404041,404042,244,0.6
404043,403387,244,5.72
404043,404042,244,5.72
412574,413229,244,5.72
412573,411916,244,5.72
412573,413229,244,5.72
412573,412572,244,5.72
404699,404042,244,5.72
411915,411259,244,0.6
411915,412572,244,0.6
411915,411916,244,0.6
404698,404042,244,5.72
404698,405353,244,5.72
404698,404697,244,5.72
411917,412572,244,5.72
411917,411916,244,5.72
411261,411916,244,5.72
405354,404697,244,5.72
405354,406009,244,5.72
405354,405353,244,5.72
411260,410603,244,5.72
411260,411916,244,5.72
411260,411259,244,5.72
406010,405353,244,5.72
406010,406665,244,5.72
406010,406009,244,5.72
410602,409946,244,0.6
410602,411259,244,0.6
410602,410603,244,0.6
410604,411259,244,5.72
410604,410603,244,5.72
409945,409290,244,0.6
409945,409946,244,0.6
406666,406009,244,5.72
406666,407321,244,5.72
406666,406665,244,5.72
409948,410603,244,5.72
409947,409290,244,5.72
409947,410603,244,5.72
409947,409946,244,5.72
407322,406665,244,5.72
407322,407321,244,5.72
409291,409946,244,5.72
409291,409290,244,5.72
408635,409290,244,5.72
407978,407321,244,5.72
408634,409290,244,5.72
407320,406665,244,0.6
407320,407321,244,0.6
409289,409946,244,0.6
409289,409290,244,0.6
407977,407321,244,0.6
408633,409290,244,0.6
407976,407321,244,0.6
407317,407316,245,0.6
410598,411254,245,0.6
406662,406006,245,0.6
409941,409940,245,0.6
412571,412572,245,0.6
415857,416513,245,5.72
415857,416512,245,5.72
415857,415856,245,5.72
415201,415856,245,5.72
411258,411259,245,0.6
415198,414542,245,0.6
415198,415855,245,0.6
415198,415853,245,0.6
415198,415199,245,0.6
415200,415856,245,5.72
415200,415855,245,5.72
415200,415199,245,5.72
409285,409940,245,0.6
406663,406006,245,0.6
404047,404704,245,0.6
404047,404702,245,0.6
410599,411254,245,0.6
407973,407316,245,0.6
410601,409946,245,0.6
414544,415199,245,5.72
414543,413886,245,5.72
414543,415199,245,5.72
414543,414542,245,5.72
403390,402734,245,5.72
403390,402735,245,5.72
403390,402733,245,5.72
402731,403387,245,0.6
402731,402732,245,0.6
403389,402733,245,5.72
403389,402734,245,5.72
403389,402732,245,5.72
413887,414542,245,5.72
413887,413886,245,5.72
413885,413229,245,0.6
413885,414542,245,0.6
413885,413886,245,0.6
403388,402732,245,5.72
403388,402733,245,5.72
403388,403387,245,5.72
403386,404042,245,0.6
403386,403387,245,0.6
406664,406009,245,0.6
406664,407321,245,0.6
406664,406665,245,0.6
413230,413886,245,5.72
413230,413229,245,5.72
413228,412572,245,0.6
413228,413229,245,0.6
404041,404697,245,0.6
404041,404042,245,0.6
404043,403387,245,5.72
404043,404042,245,5.72
412574,413229,245,5.72
412573,411916,245,5.72
412573,413229,245,5.72
412573,412572,245,5.72
404699,404042,245,5.72
411915,411259,245,0.6
411915,412572,245,0.6
411915,411916,245,0.6
404698,404042,245,5.72
404698,405353,245,5.72
404698,404697,245,5.72
411917,412572,245,5.72
411917,411916,245,5.72
411261,411916,245,5.72
405354,404697,245,5.72
405354,406009,245,5.72
405354,405353,245,5.72
411260,410603,245,5.72
411260,411916,245,5.72
411260,411259,245,5.72
406010,405353,245,5.72
406010,406665,245,5.72
406010,406009,245,5.72
410602,409946,245,0.6
410602,411259,245,0.6
410602,410603,245,0.6
410604,411259,245,5.72
410604,410603,245,5.72
409945,409290,245,0.6
409945,409946,245,0.6
406666,406009,245,5.72
406666,407321,245,5.72
406666,406665,245,5.72
409948,410603,245,5.72
409947,409290,245,5.72
409947,410603,245,5.72
409947,409946,245,5.72
407322,406665,245,5.72
407322,407321,245,5.72
409291,409946,245,5.72
409291,409290,245,5.72
408635,409290,245,5.72
407978,407321,245,5.72
408634,409290,245,5.72
407320,406665,245,0.6
407320,407321,245,0.6
409289,409946,245,0.6
409289,409290,245,0.6
407977,407321,245,0.6
408633,409290,245,0.6
407976,407321,245,0.6
412571,412572,246,0.6
415857,416513,246,5.72
415857,416512,246,5.72
415857,415856,246,5.72
415201,415856,246,5.72
411258,410603,246,0.6
411258,411259,246,0.6
415198,414542,246,0.6
415198,415855,246,0.6
415198,415199,246,0.6
415200,415856,246,5.72
415200,415855,246,5.72
415200,415199,246,5.72
410601,409946,246,0.6
414544,415199,246,5.72
414543,413886,246,5.72
414543,415199,246,5.72
414543,414542,246,5.72
403390,402734,246,5.72
403390,402735,246,5.72
403390,402733,246,5.72
402731,403387,246,0.6
402731,402732,246,0.6
403389,402733,246,5.72
403389,402734,246,5.72
403389,402732,246,5.72
413887,414542,246,5.72
413887,413886,246,5.72
413885,413229,246,0.6
413885,414542,246,0.6
413885,413886,246,0.6
403388,402732,246,5.72
403388,402733,246,5.72
403388,403387,246,5.72
403386,404042,246,0.6
403386,403387,246,0.6
406664,406009,246,0.6
406664,407321,246,0.6
406664,406665,246,0.6
413230,413886,246,5.72
413230,413229,246,5.72
413228,412572,246,0.6
413228,413229,246,0.6
404041,404697,246,0.6
404041,404042,246,0.6
404043,403387,246,5.72
404043,404042,246,5.72
412574,413229,246,5.72
412573,411916,246,5.72
412573,413229,246,5.72
412573,412572,246,5.72
404699,404042,246,5.72
411915,411259,246,0.6
411915,412572,246,0.6
411915,411916,246,0.6
404698,404042,246,5.72
404698,405353,246,5.72
404698,404697,246,5.72
411917,412572,246,5.72
411917,411916,246,5.72
411261,411916,246,5.72
405354,404697,246,5.72
405354,406009,246,5.72
405354,405353,246,5.72
411260,410603,246,5.72
411260,411916,246,5.72
411260,411259,246,5.72
406010,405353,246,5.72
406010,406665,246,5.72
406010,406009,246,5.72
410602,409946,246,0.6
410602,411259,246,0.6
410602,410603,246,0.6
410604,411259,246,5.72
410604,410603,246,5.72
409945,409290,246,0.6
409945,409946,246,0.6
406666,406009,246,5.72
406666,407321,246,5.72
406666,406665,246,5.72
409948,410603,246,5.72
409947,409290,246,5.72
409947,410603,246,5.72
409947,409946,246,5.72
407322,406665,246,5.72
407322,407321,246,5.72
409291,409946,246,5.72
409291,409290,246,5.72
408635,409290,246,5.72
407978,407321,246,5.72
408634,409290,246,5.72
407320,406665,246,0.6
407320,407321,246,0.6
409289,409946,246,0.6
409289,409290,246,0.6
407977,407321,246,0.6
408633,409290,246,0.6
407976,407321,246,0.6
404040,404039,247,0.6
412571,412572,247,0.6
415857,416513,247,5.72
415857,416512,247,5.72
415857,415856,247,5.72
415201,415856,247,5.72
411258,410603,247,0.6
411258,411259,247,0.6
415198,414542,247,0.6
415198,415855,247,0.6
415198,415199,247,0.6
415200,415856,247,5.72
415200,415855,247,5.72
415200,415199,247,5.72
410601,409946,247,0.6
414544,415199,247,5.72
414543,413886,247,5.72
414543,415199,247,5.72
414543,414542,247,5.72
403390,402734,247,5.72
403390,402735,247,5.72
403390,402733,247,5.72
402731,403387,247,0.6
402731,402732,247,0.6
403389,402733,247,5.72
403389,402734,247,5.72
403389,402732,247,5.72
413887,414542,247,5.72
413887,413886,247,5.72
413885,413229,247,0.6
413885,414542,247,0.6
413885,413886,247,0.6
403388,402732,247,5.72
403388,402733,247,5.72
403388,403387,247,5.72
403386,404042,247,0.6
403386,403387,247,0.6
406664,406009,247,0.6
406664,407321,247,0.6
406664,406665,247,0.6
413230,413886,247,5.72
413230,413229,247,5.72
413228,412572,247,0.6
413228,413229,247,0.6
404041,404697,247,0.6
404041,404042,247,0.6
404043,403387,247,5.72
404043,404042,247,5.72
412574,413229,247,5.72
412573,411916,247,5.72
412573,413229,247,5.72
412573,412572,247,5.72
404699,404042,247,5.72
411915,411259,247,0.6
411915,412572,247,0.6
411915,411916,247,0.6
404698,404042,247,5.72
404698,405353,247,5.72
404698,404697,247,5.72
411917,412572,247,5.72
411917,411916,247,5.72
411261,411916,247,5.72
405354,404697,247,5.72
405354,406009,247,5.72
405354,405353,247,5.72
411260,410603,247,5.72
411260,411916,247,5.72
411260,411259,247,5.72
406010,405353,247,5.72
406010,406665,247,5.72
406010,406009,247,5.72
410602,409946,247,0.6
410602,411259,247,0.6
410602,410603,247,0.6
410604,411259,247,5.72
410604,410603,247,5.72
409945,409290,247,0.6
409945,409946,247,0.6
406666,406009,247,5.72
406666,407321,247,5.72
406666,406665,247,5.72
409948,410603,247,5.72
409947,409290,247,5.72
409947,410603,247,5.72
409947,409946,247,5.72
407322,406665,247,5.72
407322,407321,247,5.72
409291,409946,247,5.72
409291,409290,247,5.72
408635,409290,247,5.72
407978,407321,247,5.72
408634,409290,247,5.72
407320,406665,247,0.6
407320,407321,247,0.6
409289,409946,247,0.6
409289,409290,247,0.6
407977,407321,247,0.6
408633,409290,247,0.6
407976,407321,247,0.6
408638,407982,248,0.6
408638,408639,248,0.6
412571,412572,248,0.6
415857,416513,248,5.72
415857,416512,248,5.72
415857,415856,248,5.72
409294,408639,248,0.6
408637,407982,248,0.6
415201,415856,248,5.72
411258,410603,248,0.6
411258,411259,248,0.6
415198,414542,248,0.6
415198,415855,248,0.6
415198,415199,248,0.6
415200,415856,248,5.72
415200,415855,248,5.72
415200,415199,248,5.72
410601,409946,248,0.6
414544,415199,248,5.72
414543,413886,248,5.72
414543,415199,248,5.72
414543,414542,248,5.72
403390,402734,248,5.72
403390,402735,248,5.72
403390,402733,248,5.72
402731,403387,248,0.6
402731,402732,248,0.6
403389,402733,248,5.72
403389,402734,248,5.72
403389,402732,248,5.72
413887,414542,248,5.72
413887,413886,248,5.72
413885,413229,248,0.6
413885,414542,248,0.6
413885,413886,248,0.6
403388,402732,248,5.72
403388,402733,248,5.72
403388,403387,248,5.72
403386,404042,248,0.6
403386,403387,248,0.6
406664,406009,248,0.6
406664,407321,248,0.6
406664,406665,248,0.6
413230,413886,248,5.72
413230,413229,248,5.72
413228,412572,248,0.6
413228,413229,248,0.6
404041,404697,248,0.6
404041,404042,248,0.6
404043,403387,248,5.72
404043,404042,248,5.72
412574,413229,248,5.72
412573,411916,248,5.72
412573,413229,248,5.72
412573,412572,248,5.72
404699,404042,248,5.72
411915,411259,248,0.6
411915,412572,248,0.6
411915,411916,248,0.6
404698,404042,248,5.72
404698,405353,248,5.72
404698,404697,248,5.72
411917,412572,248,5.72
411917,411916,248,5.72
411261,411916,248,5.72
405354,404697,248,5.72
405354,406009,248,5.72
405354,405353,248,5.72
411260,410603,248,5.72
411260,411916,248,5.72
411260,411259,248,5.72
406010,405353,248,5.72
406010,406665,248,5.72
406010,406009,248,5.72
410602,409946,248,0.6
410602,411259,248,0.6
410602,410603,248,0.6
410604,411259,248,5.72
410604,410603,248,5.72
409945,409290,248,0.6
409945,409946,248,0.6
406666,406009,248,5.72
406666,407321,248,5.72
406666,406665,248,5.72
409948,410603,248,5.72
409947,409290,248,5.72
409947,410603,248,5.72
409947,409946,248,5.72
407322,406665,248,5.72
407322,407321,248,5.72
409291,409946,248,5.72
409291,409290,248,5.72
408635,409290,248,5.72
407978,407321,248,5.72
408634,409290,248,5.72
407320,406665,248,0.6
407320,407321,248,0.6
409289,409946,248,0.6
409289,409290,248,0.6
407977,407321,248,0.6
408633,409290,248,0.6
407976,407321,248,0.6
412571,412572,249,0.6
415857,416513,249,5.72
415857,416512,249,5.72
415857,415856,249,5.72
415201,415856,249,5.72
411258,410603,249,0.6
411258,411259,249,0.6
415198,414542,249,0.6
415198,415855,249,0.6
415198,415199,249,0.6
415200,415856,249,5.72
415200,415855,249,5.72
415200,415199,249,5.72
410601,409946,249,0.6
414544,415199,249,5.72
414543,413886,249,5.72
414543,415199,249,5.72
414543,414542,249,5.72
403390,402734,249,5.72
403390,402735,249,5.72
403390,402733,249,5.72
402731,403387,249,0.6
402731,402732,249,0.6
403389,402733,249,5.72
403389,402734,249,5.72
403389,402732,249,5.72
413887,414542,249,5.72
413887,413886,249,5.72
413885,413229,249,0.6
413885,414542,249,0.6
413885,413886,249,0.6
403388,402732,249,5.72
403388,402733,249,5.72
403388,403387,249,5.72
403386,404042,249,0.6
403386,403387,249,0.6
406664,406009,249,0.6
406664,407321,249,0.6
406664,406665,249,0.6
413230,413886,249,5.72
413230,413229,249,5.72
413228,412572,249,0.6
413228,413229,249,0.6
404041,404697,249,0.6
404041,404042,249,0.6
404043,403387,249,5.72
404043,404042,249,5.72
412574,413229,249,5.72
412573,411916,249,5.72
412573,413229,249,5.72
412573,412572,249,5.72
404699,404042,249,5.72
411915,411259,249,0.6
411915,412572,249,0.6
411915,411916,249,0.6
404698,404042,249,5.72
404698,405353,249,5.72
404698,404697,249,5.72
411917,412572,249,5.72
411917,411916,249,5.72
411261,411916,249,5.72
405354,404697,249,5.72
405354,406009,249,5.72
405354,405353,249,5.72
411260,410603,249,5.72
411260,411916,249,5.72
411260,411259,249,5.72
406010,405353,249,5.72
406010,406665,249,5.72
406010,406009,249,5.72
410602,409946,249,0.6
410602,411259,249,0.6
410602,410603,249,0.6
410604,411259,249,5.72
410604,410603,249,5.72
409945,409290,249,0.6
409945,409946,249,0.6
406666,406009,249,5.72
406666,407321,249,5.72
406666,406665,249,5.72
409948,410603,249,5.72
409947,409290,249,5.72
409947,410603,249,5.72
409947,409946,249,5.72
407322,406665,249,5.72
407322,407321,249,5.72
409291,409946,249,5.72
409291,409290,249,5.72
408635,409290,249,5.72
407978,407321,249,5.72
408634,409290,249,5.72
407320,406665,249,0.6
407320,407321,249,0.6
409289,409946,249,0.6
409289,409290,249,0.6
407977,407321,249,0.6
408633,409290,249,0.6
407976,407321,249,0.6
412571,412572,250,0.6
415857,416513,250,5.72
415857,416512,250,5.72
415857,415856,250,5.72
415201,415856,250,5.72
411258,410603,250,0.6
411258,411259,250,0.6
415198,414542,250,0.6
415198,415855,250,0.6
415198,415199,250,0.6
415200,415856,250,5.72
415200,415855,250,5.72
415200,415199,250,5.72
410601,409946,250,0.6
414544,415199,250,5.72
414543,413886,250,5.72
414543,415199,250,5.72
414543,414542,250,5.72
403390,402734,250,5.72
403390,402735,250,5.72
403390,402733,250,5.72
402731,403387,250,0.6
402731,402732,250,0.6
403389,402733,250,5.72
403389,402734,250,5.72
403389,402732,250,5.72
413887,414542,250,5.72
413887,413886,250,5.72
413885,413229,250,0.6
413885,414542,250,0.6
413885,413886,250,0.6
403388,402732,250,5.72
403388,402733,250,5.72
403388,403387,250,5.72
403386,404042,250,0.6
403386,403387,250,0.6
406664,406009,250,0.6
406664,407321,250,0.6
406664,406665,250,0.6
413230,413886,250,5.72
413230,413229,250,5.72
413228,412572,250,0.6
413228,413229,250,0.6
404041,404697,250,0.6
404041,404042,250,0.6
404043,403387,250,5.72
404043,404042,250,5.72
412574,413229,250,5.72
412573,411916,250,5.72
412573,413229,250,5.72
412573,412572,250,5.72
404699,404042,250,5.72
411915,411259,250,0.6
411915,412572,250,0.6
411915,411916,250,0.6
404698,404042,250,5.72
404698,405353,250,5.72
404698,404697,250,5.72
411917,412572,250,5.72
411917,411916,250,5.72
411261,411916,250,5.72
405354,404697,250,5.72
405354,406009,250,5.72
405354,405353,250,5.72
411260,410603,250,5.72
411260,411916,250,5.72
411260,411259,250,5.72
406010,405353,250,5.72
406010,406665,250,5.72
406010,406009,250,5.72
410602,409946,250,0.6
410602,411259,250,0.6
410602,410603,250,0.6
410604,411259,250,5.72
410604,410603,250,5.72
409945,409290,250,0.6
409945,409946,250,0.6
406666,406009,250,5.72
406666,407321,250,5.72
406666,406665,250,5.72
409948,410603,250,5.72
409947,409290,250,5.72
409947,410603,250,5.72
409947,409946,250,5.72
407322,406665,250,5.72
407322,407321,250,5.72
409291,409946,250,5.72
409291,409290,250,5.72
408635,409290,250,5.72
407978,407321,250,5.72
408634,409290,250,5.72
407320,406665,250,0.6
407320,407321,250,0.6
409289,409946,250,0.6
409289,409290,250,0.6
407977,407321,250,0.6
408633,409290,250,0.6
407976,407321,250,0.6
412571,412572,251,0.6
415857,416513,251,5.72
415857,416512,251,5.72
415857,415856,251,5.72
415201,415856,251,5.72
411258,410603,251,0.6
411258,411259,251,0.6
415198,414542,251,0.6
415198,415855,251,0.6
415198,415199,251,0.6
415200,415856,251,5.72
415200,415855,251,5.72
415200,415199,251,5.72
410601,409946,251,0.6
414544,415199,251,5.72
414543,413886,251,5.72
414543,415199,251,5.72
414543,414542,251,5.72
403390,402734,251,5.72
403390,402735,251,5.72
403390,402733,251,5.72
402731,403387,251,0.6
402731,402732,251,0.6
403389,402733,251,5.72
403389,402734,251,5.72
403389,402732,251,5.72
413887,414542,251,5.72
413887,413886,251,5.72
413885,413229,251,0.6
413885,414542,251,0.6
413885,413886,251,0.6
403388,402732,251,5.72
403388,402733,251,5.72
403388,403387,251,5.72
403386,404042,251,0.6
403386,403387,251,0.6
406664,406009,251,0.6
406664,407321,251,0.6
406664,406665,251,0.6
413230,413886,251,5.72
413230,413229,251,5.72
413228,412572,251,0.6
413228,413229,251,0.6
404041,404697,251,0.6
404041,404042,251,0.6
404043,403387,251,5.72
404043,404042,251,5.72
412574,413229,251,5.72
412573,411916,251,5.72
412573,413229,251,5.72
412573,412572,251,5.72
404699,404042,251,5.72
411915,411259,251,0.6
411915,412572,251,0.6
411915,411916,251,0.6
404698,404042,251,5.72
404698,405353,251,5.72
404698,404697,251,5.72
411917,412572,251,5.72
411917,411916,251,5.72
411261,411916,251,5.72
405354,404697,251,5.72
405354,406009,251,5.72
405354,405353,251,5.72
411260,410603,251,5.72
411260,411916,251,5.72
411260,411259,251,5.72
406010,405353,251,5.72
406010,406665,251,5.72
406010,406009,251,5.72
410602,409946,251,0.6
410602,411259,251,0.6
410602,410603,251,0.6
410604,411259,251,5.72
410604,410603,251,5.72
409945,409290,251,0.6
409945,409946,251,0.6
406666,406009,251,5.72
406666,407321,251,5.72
406666,406665,251,5.72
409948,410603,251,5.72
409947,409290,251,5.72
409947,410603,251,5.72
409947,409946,251,5.72
407322,406665,251,5.72
407322,407321,251,5.72
409291,409946,251,5.72
409291,409290,251,5.72
408635,409290,251,5.72
407978,407321,251,5.72
408634,409290,251,5.72
407320,406665,251,0.6
407320,407321,251,0.6
409289,409946,251,0.6
409289,409290,251,0.6
407977,407321,251,0.6
408633,409290,251,0.6
407976,407321,251,0.6
412571,412572,252,0.6
415857,416513,252,5.72
415857,416512,252,5.72
415857,415856,252,5.72
415201,415856,252,5.72
411258,410603,252,0.6
411258,411259,252,0.6
415198,414542,252,0.6
415198,415855,252,0.6
415198,415199,252,0.6
415200,415856,252,5.72
415200,415855,252,5.72
415200,415199,252,5.72
410601,409946,252,0.6
414544,415199,252,5.72
414543,413886,252,5.72
414543,415199,252,5.72
414543,414542,252,5.72
403390,402734,252,5.72
403390,402735,252,5.72
403390,402733,252,5.72
402731,403387,252,0.6
402731,402732,252,0.6
403389,402733,252,5.72
403389,402734,252,5.72
403389,402732,252,5.72
413887,414542,252,5.72
413887,413886,252,5.72
413885,413229,252,0.6
413885,414542,252,0.6
413885,413886,252,0.6
403388,402732,252,5.72
403388,402733,252,5.72
403388,403387,252,5.72
403386,404042,252,0.6
403386,403387,252,0.6
406664,406009,252,0.6
406664,407321,252,0.6
406664,406665,252,0.6
413230,413886,252,5.72
413230,413229,252,5.72
413228,412572,252,0.6
413228,413229,252,0.6
404041,404697,252,0.6
404041,404042,252,0.6
404043,403387,252,5.72
404043,404042,252,5.72
412574,413229,252,5.72
412573,411916,252,5.72
412573,413229,252,5.72
412573,412572,252,5.72
404699,404042,252,5.72
411915,411259,252,0.6
411915,412572,252,0.6
411915,411916,252,0.6
404698,404042,252,5.72
404698,405353,252,5.72
404698,404697,252,5.72
411917,412572,252,5.72
411917,411916,252,5.72
411261,411916,252,5.72
405354,404697,252,5.72
405354,406009,252,5.72
405354,405353,252,5.72
411260,410603,252,5.72
411260,411916,252,5.72
411260,411259,252,5.72
406010,405353,252,5.72
406010,406665,252,5.72
406010,406009,252,5.72
410602,409946,252,0.6
410602,411259,252,0.6
410602,410603,252,0.6
410604,411259,252,5.72
410604,410603,252,5.72
409945,409290,252,0.6
409945,409946,252,0.6
406666,406009,252,5.72
406666,407321,252,5.72
406666,406665,252,5.72
409948,410603,252,5.72
409947,409290,252,5.72
409947,410603,252,5.72
409947,409946,252,5.72
407322,406665,252,5.72
407322,407321,252,5.72
409291,409946,252,5.72
409291,409290,252,5.72
408635,409290,252,5.72
407978,407321,252,5.72
408634,409290,252,5.72
407320,406665,252,0.6
407320,407321,252,0.6
409289,409946,252,0.6
409289,409290,252,0.6
407977,407321,252,0.6
408633,409290,252,0.6
407976,407321,252,0.6
413227,413226,253,0.6
412571,412572,253,0.6
415857,416513,253,5.72
415857,416512,253,5.72
415857,415856,253,5.72
415201,415856,253,5.72
411258,410603,253,0.6
411258,411259,253,0.6
415198,414542,253,0.6
415198,415855,253,0.6
415198,415199,253,0.6
415200,415856,253,5.72
415200,415855,253,5.72
415200,415199,253,5.72
410601,409946,253,0.6
414544,415199,253,5.72
414543,413886,253,5.72
414543,415199,253,5.72
414543,414542,253,5.72
403390,402734,253,5.72
403390,402735,253,5.72
403390,402733,253,5.72
402731,403387,253,0.6
402731,402732,253,0.6
403389,402733,253,5.72
403389,402734,253,5.72
403389,402732,253,5.72
413887,414542,253,5.72
413887,413886,253,5.72
413885,413229,253,0.6
413885,414542,253,0.6
413885,413886,253,0.6
403388,402732,253,5.72
403388,402733,253,5.72
403388,403387,253,5.72
403386,404042,253,0.6
403386,403387,253,0.6
406664,406009,253,0.6
406664,407321,253,0.6
406664,406665,253,0.6
413230,413886,253,5.72
413230,413229,253,5.72
413228,412572,253,0.6
413228,413229,253,0.6
404041,404697,253,0.6
404041,404042,253,0.6
404043,403387,253,5.72
404043,404042,253,5.72
412574,413229,253,5.72
412573,411916,253,5.72
412573,413229,253,5.72
412573,412572,253,5.72
404699,404042,253,5.72
411915,411259,253,0.6
411915,412572,253,0.6
411915,411916,253,0.6
404698,404042,253,5.72
404698,405353,253,5.72
404698,404697,253,5.72
411917,412572,253,5.72
411917,411916,253,5.72
411261,411916,253,5.72
405354,404697,253,5.72
405354,406009,253,5.72
405354,405353,253,5.72
411260,410603,253,5.72
411260,411916,253,5.72
411260,411259,253,5.72
406010,405353,253,5.72
406010,406665,253,5.72
406010,406009,253,5.72
410602,409946,253,0.6
410602,411259,253,0.6
410602,410603,253,0.6
410604,411259,253,5.72
410604,410603,253,5.72
409945,409290,253,0.6
409945,409946,253,0.6
406666,406009,253,5.72
406666,407321,253,5.72
406666,406665,253,5.72
409948,410603,253,5.72
409947,409290,253,5.72
409947,410603,253,5.72
409947,409946,253,5.72
407322,406665,253,5.72
407322,407321,253,5.72
409291,409946,253,5.72
409291,409290,253,5.72
408635,409290,253,5.72
407978,407321,253,5.72
408634,409290,253,5.72
407320,406665,253,0.6
407320,407321,253,0.6
409289,409946,253,0.6
409289,409290,253,0.6
407977,407321,253,0.6
408633,409290,253,0.6
407976,407321,253,0.6
408628,408627,254,0.6
406008,405352,254,0.6
406008,406009,254,0.6
411256,411912,254,0.6
412571,412572,254,0.6
415857,416513,254,5.72
415857,416512,254,5.72
415857,415856,254,5.72
415201,415856,254,5.72
411258,410603,254,0.6
411258,411259,254,0.6
415198,414542,254,0.6
415198,415855,254,0.6
415198,415199,254,0.6
415200,415856,254,5.72
415200,415855,254,5.72
415200,415199,254,5.72
410601,409946,254,0.6
414544,415199,254,5.72
414543,413886,254,5.72
414543,415199,254,5.72
414543,414542,254,5.72
403390,402734,254,5.72
403390,402735,254,5.72
403390,402733,254,5.72
402731,403387,254,0.6
402731,402732,254,0.6
403389,402733,254,5.72
403389,402734,254,5.72
403389,402732,254,5.72
413887,414542,254,5.72
413887,413886,254,5.72
413885,413229,254,0.6
413885,414542,254,0.6
413885,413886,254,0.6
403388,402732,254,5.72
403388,402733,254,5.72
403388,403387,254,5.72
403386,404042,254,0.6
403386,403387,254,0.6
406664,406009,254,0.6
406664,407321,254,0.6
406664,406665,254,0.6
413230,413886,254,5.72
413230,413229,254,5.72
413228,412572,254,0.6
413228,413229,254,0.6
404041,404697,254,0.6
404041,404042,254,0.6
404043,403387,254,5.72
404043,404042,254,5.72
412574,413229,254,5.72
412573,411916,254,5.72
412573,413229,254,5.72
412573,412572,254,5.72
404699,404042,254,5.72
411915,411259,254,0.6
411915,412572,254,0.6
411915,411916,254,0.6
404698,404042,254,5.72
404698,405353,254,5.72
404698,404697,254,5.72
411917,412572,254,5.72
411917,411916,254,5.72
411261,411916,254,5.72
405354,404697,254,5.72
405354,406009,254,5.72
405354,405353,254,5.72
411260,410603,254,5.72
411260,411916,254,5.72
411260,411259,254,5.72
406010,405353,254,5.72
406010,406665,254,5.72
406010,406009,254,5.72
410602,409946,254,0.6
410602,411259,254,0.6
410602,410603,254,0.6
410604,411259,254,5.72
410604,410603,254,5.72
409945,409290,254,0.6
409945,409946,254,0.6
406666,406009,254,5.72
406666,407321,254,5.72
406666,406665,254,5.72
409948,410603,254,5.72
409947,409290,254,5.72
409947,410603,254,5.72
409947,409946,254,5.72
407322,406665,254,5.72
407322,407321,254,5.72
409291,409946,254,5.72
409291,409290,254,5.72
408635,409290,254,5.72
407978,407321,254,5.72
408634,409290,254,5.72
407320,406665,254,0.6
407320,407321,254,0.6
409289,409946,254,0.6
409289,409290,254,0.6
407977,407321,254,0.6
408633,409290,254,0.6
407976,407321,254,0.6
411920,411921,255,0.6
406008,406009,255,0.6
412571,412572,255,0.6
414546,413891,255,0.6
414546,415203,255,0.6
415857,416513,255,5.72
415857,416512,255,5.72
415857,415856,255,5.72
415201,415856,255,5.72
411258,410603,255,0.6
411258,411259,255,0.6
415198,414542,255,0.6
415198,415855,255,0.6
415198,415199,255,0.6
415200,415856,255,5.72
415200,415855,255,5.72
415200,415199,255,5.72
410601,409946,255,0.6
414544,415199,255,5.72
414543,413886,255,5.72
414543,415199,255,5.72
414543,414542,255,5.72
403390,402734,255,5.72
403390,402735,255,5.72
403390,402733,255,5.72
402731,403387,255,0.6
402731,402732,255,0.6
403389,402733,255,5.72
403389,402734,255,5.72
403389,402732,255,5.72
413887,414542,255,5.72
413887,413886,255,5.72
413885,413229,255,0.6
413885,414542,255,0.6
413885,413886,255,0.6
403388,402732,255,5.72
403388,402733,255,5.72
403388,403387,255,5.72
403386,404042,255,0.6
403386,403387,255,0.6
406664,406009,255,0.6
406664,407321,255,0.6
406664,406665,255,0.6
413230,413886,255,5.72
413230,413229,255,5.72
413228,412572,255,0.6
413228,413229,255,0.6
404041,404697,255,0.6
404041,404042,255,0.6
404043,403387,255,5.72
404043,404042,255,5.72
412574,413229,255,5.72
412573,411916,255,5.72
412573,413229,255,5.72
412573,412572,255,5.72
404699,404042,255,5.72
411915,411259,255,0.6
411915,412572,255,0.6
411915,411916,255,0.6
404698,404042,255,5.72
404698,405353,255,5.72
404698,404697,255,5.72
411917,412572,255,5.72
411917,411916,255,5.72
411261,411916,255,5.72
405354,404697,255,5.72
405354,406009,255,5.72
405354,405353,255,5.72
411260,410603,255,5.72
411260,411916,255,5.72
411260,411259,255,5.72
406010,405353,255,5.72
406010,406665,255,5.72
406010,406009,255,5.72
410602,409946,255,0.6
410602,411259,255,0.6
410602,410603,255,0.6
410604,411259,255,5.72
410604,410603,255,5.72
409945,409290,255,0.6
409945,409946,255,0.6
406666,406009,255,5.72
406666,407321,255,5.72
406666,406665,255,5.72
409948,410603,255,5.72
409947,409290,255,5.72
409947,410603,255,5.72
409947,409946,255,5.72
407322,406665,255,5.72
407322,407321,255,5.72
409291,409946,255,5.72
409291,409290,255,5.72
408635,409290,255,5.72
407978,407321,255,5.72
408634,409290,255,5.72
407320,406665,255,0.6
407320,407321,255,0.6
409289,409946,255,0.6
409289,409290,255,0.6
407977,407321,255,0.6
408633,409290,255,0.6
407976,407321,255,0.6
406008,406009,256,0.6
412571,412572,256,0.6
415857,416513,256,5.72
415857,416512,256,5.72
415857,415856,256,5.72
415201,415856,256,5.72
411258,410603,256,0.6
411258,411259,256,0.6
415198,414542,256,0.6
415198,415855,256,0.6
415198,415199,256,0.6
415200,415856,256,5.72
415200,415855,256,5.72
415200,415199,256,5.72
410601,409946,256,0.6
414544,415199,256,5.72
414543,413886,256,5.72
414543,415199,256,5.72
414543,414542,256,5.72
403390,402734,256,5.72
403390,402735,256,5.72
403390,402733,256,5.72
402731,403387,256,0.6
402731,402732,256,0.6
403389,402733,256,5.72
403389,402734,256,5.72
403389,402732,256,5.72
413887,414542,256,5.72
413887,413886,256,5.72
413885,413229,256,0.6
413885,414542,256,0.6
413885,413886,256,0.6
403388,402732,256,5.72
403388,402733,256,5.72
403388,403387,256,5.72
403386,404042,256,0.6
403386,403387,256,0.6
406664,406009,256,0.6
406664,407321,256,0.6
406664,406665,256,0.6
413230,413886,256,5.72
413230,413229,256,5.72
413228,412572,256,0.6
413228,413229,256,0.6
404041,404697,256,0.6
404041,404042,256,0.6
404043,403387,256,5.72
404043,404042,256,5.72
412574,413229,256,5.72
412573,411916,256,5.72
412573,413229,256,5.72
412573,412572,256,5.72
404699,404042,256,5.72
411915,411259,256,0.6
411915,412572,256,0.6
411915,411916,256,0.6
404698,404042,256,5.72
404698,405353,256,5.72
404698,404697,256,5.72
411917,412572,256,5.72
411917,411916,256,5.72
411261,411916,256,5.72
405354,404697,256,5.72
405354,406009,256,5.72
405354,405353,256,5.72
411260,410603,256,5.72
411260,411916,256,5.72
411260,411259,256,5.72
406010,405353,256,5.72
406010,406665,256,5.72
406010,406009,256,5.72
410602,409946,256,0.6
410602,411259,256,0.6
410602,410603,256,0.6
410604,411259,256,5.72
410604,410603,256,5.72
409945,409290,256,0.6
409945,409946,256,0.6
406666,406009,256,5.72
406666,407321,256,5.72
406666,406665,256,5.72
409948,410603,256,5.72
409947,409290,256,5.72
409947,410603,256,5.72
409947,409946,256,5.72
407322,406665,256,5.72
407322,407321,256,5.72
409291,409946,256,5.72
409291,409290,256,5.72
408635,409290,256,5.72
407978,407321,256,5.72
408634,409290,256,5.72
407320,406665,256,0.6
407320,407321,256,0.6
409289,409946,256,0.6
409289,409290,256,0.6
407977,407321,256,0.6
408633,409290,256,0.6
407976,407321,256,0.6
406008,406009,257,0.6
412571,412572,257,0.6
415857,416513,257,5.72
415857,416512,257,5.72
415857,415856,257,5.72
415201,415856,257,5.72
411258,410603,257,0.6
411258,411259,257,0.6
415198,414542,257,0.6
415198,415855,257,0.6
415198,415199,257,0.6
415200,415856,257,5.72
415200,415855,257,5.72
415200,415199,257,5.72
410601,409946,257,0.6
414544,415199,257,5.72
414543,413886,257,5.72
414543,415199,257,5.72
414543,414542,257,5.72
403390,402734,257,5.72
403390,402735,257,5.72
403390,402733,257,5.72
402731,403387,257,0.6
402731,402732,257,0.6
403389,402733,257,5.72
403389,402734,257,5.72
403389,402732,257,5.72
413887,414542,257,5.72
413887,413886,257,5.72
413885,413229,257,0.6
413885,414542,257,0.6
413885,413886,257,0.6
403388,402732,257,5.72
403388,402733,257,5.72
403388,403387,257,5.72
403386,404042,257,0.6
403386,403387,257,0.6
406664,406009,257,0.6
406664,407321,257,0.6
406664,406665,257,0.6
413230,413886,257,5.72
413230,413229,257,5.72
413228,412572,257,0.6
413228,413229,257,0.6
404041,404697,257,0.6
404041,404042,257,0.6
404043,403387,257,5.72
404043,404042,257,5.72
412574,413229,257,5.72
412573,411916,257,5.72
412573,413229,257,5.72
412573,412572,257,5.72
404699,404042,257,5.72
411915,411259,257,0.6
411915,412572,257,0.6
411915,411916,257,0.6
404698,404042,257,5.72
404698,405353,257,5.72
404698,404697,257,5.72
411917,412572,257,5.72
411917,411916,257,5.72
411261,411916,257,5.72
405354,404697,257,5.72
405354,406009,257,5.72
405354,405353,257,5.72
411260,410603,257,5.72
411260,411916,257,5.72
411260,411259,257,5.72
406010,405353,257,5.72
406010,406665,257,5.72
406010,406009,257,5.72
410602,409946,257,0.6
410602,411259,257,0.6
410602,410603,257,0.6
410604,411259,257,5.72
410604,410603,257,5.72
409945,409290,257,0.6
409945,409946,257,0.6
406666,406009,257,5.72
406666,407321,257,5.72
406666,406665,257,5.72
409948,410603,257,5.72
409947,409290,257,5.72
409947,410603,257,5.72
409947,409946,257,5.72
407322,406665,257,5.72
407322,407321,257,5.72
409291,409946,257,5.72
409291,409290,257,5.72
408635,409290,257,5.72
407978,407321,257,5.72
408634,409290,257,5.72
407320,406665,257,0.6
407320,407321,257,0.6
409289,409946,257,0.6
409289,409290,257,0.6
407977,407321,257,0.6
408633,409290,257,0.6
407976,407321,257,0.6
406008,406009,258,0.6
412571,412572,258,0.6
415857,416513,258,5.72
415857,416512,258,5.72
415857,415856,258,5.72
415201,415856,258,5.72
411258,410603,258,0.6
411258,411259,258,0.6
415198,414542,258,0.6
415198,415855,258,0.6
415198,415199,258,0.6
415200,415856,258,5.72
415200,415855,258,5.72
415200,415199,258,5.72
410601,409946,258,0.6
414544,415199,258,5.72
414543,413886,258,5.72
414543,415199,258,5.72
414543,414542,258,5.72
403390,402734,258,5.72
403390,402735,258,5.72
403390,402733,258,5.72
402731,403387,258,0.6
402731,402732,258,0.6
403389,402733,258,5.72
403389,402734,258,5.72
403389,402732,258,5.72
413887,414542,258,5.72
413887,413886,258,5.72
413885,413229,258,0.6
413885,414542,258,0.6
413885,413886,258,0.6
403388,402732,258,5.72
403388,402733,258,5.72
403388,403387,258,5.72
403386,404042,258,0.6
403386,403387,258,0.6
406664,406009,258,0.6
406664,407321,258,0.6
406664,406665,258,0.6
413230,413886,258,5.72
413230,413229,258,5.72
413228,412572,258,0.6
413228,413229,258,0.6
404041,404697,258,0.6
404041,404042,258,0.6
404043,403387,258,5.72
404043,404042,258,5.72
412574,413229,258,5.72
412573,411916,258,5.72
412573,413229,258,5.72
412573,412572,258,5.72
404699,404042,258,5.72
411915,411259,258,0.6
411915,412572,258,0.6
411915,411916,258,0.6
404698,404042,258,5.72
404698,405353,258,5.72
404698,404697,258,5.72
411917,412572,258,5.72
411917,411916,258,5.72
411261,411916,258,5.72
405354,404697,258,5.72
405354,406009,258,5.72
405354,405353,258,5.72
411260,410603,258,5.72
411260,411916,258,5.72
411260,411259,258,5.72
406010,405353,258,5.72
406010,406665,258,5.72
406010,406009,258,5.72
410602,409946,258,0.6
410602,411259,258,0.6
410602,410603,258,0.6
410604,411259,258,5.72
410604,410603,258,5.72
409945,409290,258,0.6
409945,409946,258,0.6
406666,406009,258,5.72
406666,407321,258,5.72
406666,406665,258,5.72
409948,410603,258,5.72
409947,409290,258,5.72
409947,410603,258,5.72
409947,409946,258,5.72
407322,406665,258,5.72
407322,407321,258,5.72
409291,409946,258,5.72
409291,409290,258,5.72
408635,409290,258,5.72
407978,407321,258,5.72
408634,409290,258,5.72
407320,406665,258,0.6
407320,407321,258,0.6
409289,409946,258,0.6
409289,409290,258,0.6
407977,407321,258,0.6
408633,409290,258,0.6
407976,407321,258,0.6
406008,406009,259,0.6
412571,412572,259,0.6
415857,416513,259,5.72
415857,416512,259,5.72
415857,415856,259,5.72
415201,415856,259,5.72
411258,410603,259,0.6
411258,411259,259,0.6
415198,414542,259,0.6
415198,415855,259,0.6
415198,415199,259,0.6
415200,415856,259,5.72
415200,415855,259,5.72
415200,415199,259,5.72
410601,409946,259,0.6
414544,415199,259,5.72
414543,413886,259,5.72
414543,415199,259,5.72
414543,414542,259,5.72
403390,402734,259,5.72
403390,402735,259,5.72
403390,402733,259,5.72
402731,403387,259,0.6
402731,402732,259,0.6
403389,402733,259,5.72
403389,402734,259,5.72
403389,402732,259,5.72
413887,414542,259,5.72
413887,413886,259,5.72
413885,413229,259,0.6
413885,414542,259,0.6
413885,413886,259,0.6
403388,402732,259,5.72
403388,402733,259,5.72
403388,403387,259,5.72
403386,404042,259,0.6
403386,403387,259,0.6
406664,406009,259,0.6
406664,407321,259,0.6
406664,406665,259,0.6
413230,413886,259,5.72
413230,413229,259,5.72
413228,412572,259,0.6
413228,413229,259,0.6
404041,404697,259,0.6
404041,404042,259,0.6
404043,403387,259,5.72
404043,404042,259,5.72
412574,413229,259,5.72
412573,411916,259,5.72
412573,413229,259,5.72
412573,412572,259,5.72
404699,404042,259,5.72
411915,411259,259,0.6
411915,412572,259,0.6
411915,411916,259,0.6
404698,404042,259,5.72
404698,405353,259,5.72
404698,404697,259,5.72
411917,412572,259,5.72
411917,411916,259,5.72
411261,411916,259,5.72
405354,404697,259,5.72
405354,406009,259,5.72
405354,405353,259,5.72
411260,410603,259,5.72
411260,411916,259,5.72
411260,411259,259,5.72
406010,405353,259,5.72
406010,406665,259,5.72
406010,406009,259,5.72
410602,409946,259,0.6
410602,411259,259,0.6
410602,410603,259,0.6
410604,411259,259,5.72
410604,410603,259,5.72
409945,409290,259,0.6
409945,409946,259,0.6
406666,406009,259,5.72
406666,407321,259,5.72
406666,406665,259,5.72
409948,410603,259,5.72
409947,409290,259,5.72
409947,410603,259,5.72
409947,409946,259,5.72
407322,406665,259,5.72
407322,407321,259,5.72
409291,409946,259,5.72
409291,409290,259,5.72
408635,409290,259,5.72
407978,407321,259,5.72
408634,409290,259,5.72
407320,406665,259,0.6
407320,407321,259,0.6
409289,409946,259,0.6
409289,409290,259,0.6
407977,407321,259,0.6
408633,409290,259,0.6
407976,407321,259,0.6
412570,412569,260,0.6
406008,406009,260,0.6
412571,411916,260,0.6
412571,412572,260,0.6
411914,411259,260,0.6
411914,412569,260,0.6
415857,416513,260,5.72
415857,416512,260,5.72
415857,415856,260,5.72
415201,415856,260,5.72
411258,410603,260,0.6
411258,411259,260,0.6
415198,414542,260,0.6
415198,415855,260,0.6
415198,415199,260,0.6
415200,415856,260,5.72
415200,415855,260,5.72
415200,415199,260,5.72
410601,409946,260,0.6
414544,415199,260,5.72
414543,413886,260,5.72
414543,415199,260,5.72
414543,414542,260,5.72
403390,402734,260,5.72
403390,402735,260,5.72
403390,402733,260,5.72
402731,403387,260,0.6
402731,402732,260,0.6
403389,402733,260,5.72
403389,402734,260,5.72
403389,402732,260,5.72
413887,414542,260,5.72
413887,413886,260,5.72
413885,413229,260,0.6
413885,414542,260,0.6
413885,413886,260,0.6
403388,402732,260,5.72
403388,402733,260,5.72
403388,403387,260,5.72
403386,404042,260,0.6
403386,403387,260,0.6
406664,406009,260,0.6
406664,407321,260,0.6
406664,406665,260,0.6
413230,413886,260,5.72
413230,413229,260,5.72
413228,412572,260,0.6
413228,413229,260,0.6
404041,404697,260,0.6
404041,404042,260,0.6
404043,403387,260,5.72
404043,404042,260,5.72
412574,413229,260,5.72
412573,411916,260,5.72
412573,413229,260,5.72
412573,412572,260,5.72
404699,404042,260,5.72
411915,411259,260,0.6
411915,412572,260,0.6
411915,411916,260,0.6
404698,404042,260,5.72
404698,405353,260,5.72
404698,404697,260,5.72
411917,412572,260,5.72
411917,411916,260,5.72
411261,411916,260,5.72
405354,404697,260,5.72
405354,406009,260,5.72
405354,405353,260,5.72
411260,410603,260,5.72
411260,411916,260,5.72
411260,411259,260,5.72
406010,405353,260,5.72
406010,406665,260,5.72
406010,406009,260,5.72
410602,409946,260,0.6
410602,411259,260,0.6
410602,410603,260,0.6
410604,411259,260,5.72
410604,410603,260,5.72
409945,409290,260,0.6
409945,409946,260,0.6
406666,406009,260,5.72
406666,407321,260,5.72
406666,406665,260,5.72
409948,410603,260,5.72
409947,409290,260,5.72
409947,410603,260,5.72
409947,409946,260,5.72
407322,406665,260,5.72
407322,407321,260,5.72
409291,409946,260,5.72
409291,409290,260,5.72
408635,409290,260,5.72
407978,407321,260,5.72
408634,409290,260,5.72
407320,406665,260,0.6
407320,407321,260,0.6
409289,409946,260,0.6
409289,409290,260,0.6
407977,407321,260,0.6
408633,409290,260,0.6
407976,407321,260,0.6
414541,414542,261,0.6
406008,406009,261,0.6
412571,411916,261,0.6
412571,412572,261,0.6
411914,411259,261,0.6
415857,416513,261,5.72
415857,416512,261,5.72
415857,415856,261,5.72
415201,415856,261,5.72
411258,410603,261,0.6
411258,411259,261,0.6
415198,414542,261,0.6
415198,415855,261,0.6
415198,415199,261,0.6
415200,415856,261,5.72
415200,415855,261,5.72
415200,415199,261,5.72
410601,409946,261,0.6
414544,415199,261,5.72
414543,413886,261,5.72
414543,415199,261,5.72
414543,414542,261,5.72
403390,402734,261,5.72
403390,402735,261,5.72
403390,402733,261,5.72
402731,403387,261,0.6
402731,402732,261,0.6
403389,402733,261,5.72
403389,402734,261,5.72
403389,402732,261,5.72
413887,414542,261,5.72
413887,413886,261,5.72
413885,413229,261,0.6
413885,414542,261,0.6
413885,413886,261,0.6
403388,402732,261,5.72
403388,402733,261,5.72
403388,403387,261,5.72
403386,404042,261,0.6
403386,403387,261,0.6
406664,406009,261,0.6
406664,407321,261,0.6
406664,406665,261,0.6
413230,413886,261,5.72
413230,413229,261,5.72
413228,412572,261,0.6
413228,413229,261,0.6
404041,404697,261,0.6
404041,404042,261,0.6
404043,403387,261,5.72
404043,404042,261,5.72
412574,413229,261,5.72
412573,411916,261,5.72
412573,413229,261,5.72
412573,412572,261,5.72
404699,404042,261,5.72
411915,411259,261,0.6
411915,412572,261,0.6
411915,411916,261,0.6
404698,404042,261,5.72
404698,405353,261,5.72
404698,404697,261,5.72
411917,412572,261,5.72
411917,411916,261,5.72
411261,411916,261,5.72
405354,404697,261,5.72
405354,406009,261,5.72
405354,405353,261,5.72
411260,410603,261,5.72
411260,411916,261,5.72
411260,411259,261,5.72
406010,405353,261,5.72
406010,406665,261,5.72
406010,406009,261,5.72
410602,409946,261,0.6
410602,411259,261,0.6
410602,410603,261,0.6
410604,411259,261,5.72
410604,410603,261,5.72
409945,409290,261,0.6
409945,409946,261,0.6
406666,406009,261,5.72
406666,407321,261,5.72
406666,406665,261,5.72
409948,410603,261,5.72
409947,409290,261,5.72
409947,410603,261,5.72
409947,409946,261,5.72
407322,406665,261,5.72
407322,407321,261,5.72
409291,409946,261,5.72
409291,409290,261,5.72
408635,409290,261,5.72
407978,407321,261,5.72
408634,409290,261,5.72
407320,406665,261,0.6
407320,407321,261,0.6
409289,409946,261,0.6
409289,409290,261,0.6
407977,407321,261,0.6
408633,409290,261,0.6
407976,407321,261,0.6
409951,409952,262,0.6
414541,414542,262,0.6
406008,406009,262,0.6
410607,409952,262,0.6
412571,411916,262,0.6
412571,412572,262,0.6
411914,411259,262,0.6
415857,416513,262,5.72
415857,416512,262,5.72
415857,415856,262,5.72
415201,415856,262,5.72
411258,410603,262,0.6
411258,411259,262,0.6
415198,414542,262,0.6
415198,415855,262,0.6
415198,415199,262,0.6
415200,415856,262,5.72
415200,415855,262,5.72
415200,415199,262,5.72
410601,409946,262,0.6
414544,415199,262,5.72
414543,413886,262,5.72
414543,415199,262,5.72
414543,414542,262,5.72
403390,402734,262,5.72
403390,402735,262,5.72
403390,402733,262,5.72
402731,403387,262,0.6
402731,402732,262,0.6
403389,402733,262,5.72
403389,402734,262,5.72
403389,402732,262,5.72
413887,414542,262,5.72
413887,413886,262,5.72
413885,413229,262,0.6
413885,414542,262,0.6
413885,413886,262,0.6
403388,402732,262,5.72
403388,402733,262,5.72
403388,403387,262,5.72
403386,404042,262,0.6
403386,403387,262,0.6
406664,406009,262,0.6
406664,407321,262,0.6
406664,406665,262,0.6
413230,413886,262,5.72
413230,413229,262,5.72
413228,412572,262,0.6
413228,413229,262,0.6
404041,404697,262,0.6
404041,404042,262,0.6
404043,403387,262,5.72
404043,404042,262,5.72
412574,413229,262,5.72
412573,411916,262,5.72
412573,413229,262,5.72
412573,412572,262,5.72
404699,404042,262,5.72
411915,411259,262,0.6
411915,412572,262,0.6
411915,411916,262,0.6
404698,404042,262,5.72
404698,405353,262,5.72
404698,404697,262,5.72
411917,412572,262,5.72
411917,411916,262,5.72
411261,411916,262,5.72
405354,404697,262,5.72
405354,406009,262,5.72
405354,405353,262,5.72
411260,410603,262,5.72
411260,411916,262,5.72
411260,411259,262,5.72
406010,405353,262,5.72
406010,406665,262,5.72
406010,406009,262,5.72
410602,409946,262,0.6
410602,411259,262,0.6
410602,410603,262,0.6
410604,411259,262,5.72
410604,410603,262,5.72
409945,409290,262,0.6
409945,409946,262,0.6
406666,406009,262,5.72
406666,407321,262,5.72
406666,406665,262,5.72
409948,410603,262,5.72
409947,409290,262,5.72
409947,410603,262,5.72
409947,409946,262,5.72
407322,406665,262,5.72
407322,407321,262,5.72
409291,409946,262,5.72
409291,409290,262,5.72
408635,409290,262,5.72
407978,407321,262,5.72
408634,409290,262,5.72
407320,406665,262,0.6
407320,407321,262,0.6
409289,409946,262,0.6
409289,409290,262,0.6
407977,407321,262,0.6
408633,409290,262,0.6
407976,407321,262,0.6
402075,401419,263,0.6
414541,414542,263,0.6
406008,406009,263,0.6
412571,411916,263,0.6
412571,412572,263,0.6
411914,411259,263,0.6
415857,416513,263,5.72
415857,416512,263,5.72
415857,415856,263,5.72
415201,415856,263,5.72
411258,410603,263,0.6
411258,411259,263,0.6
415198,414542,263,0.6
415198,415855,263,0.6
415198,415199,263,0.6
415200,415856,263,5.72
415200,415855,263,5.72
415200,415199,263,5.72
410601,409946,263,0.6
414544,415199,263,5.72
414543,413886,263,5.72
414543,415199,263,5.72
414543,414542,263,5.72
403390,402734,263,5.72
403390,402735,263,5.72
403390,402733,263,5.72
402731,403387,263,0.6
402731,402732,263,0.6
403389,402733,263,5.72
403389,402734,263,5.72
403389,402732,263,5.72
413887,414542,263,5.72
413887,413886,263,5.72
413885,413229,263,0.6
413885,414542,263,0.6
413885,413886,263,0.6
403388,402732,263,5.72
403388,402733,263,5.72
403388,403387,263,5.72
403386,404042,263,0.6
403386,403387,263,0.6
406664,406009,263,0.6
406664,407321,263,0.6
406664,406665,263,0.6
413230,413886,263,5.72
413230,413229,263,5.72
413228,412572,263,0.6
413228,413229,263,0.6
404041,404697,263,0.6
404041,404042,263,0.6
404043,403387,263,5.72
404043,404042,263,5.72
412574,413229,263,5.72
412573,411916,263,5.72
412573,413229,263,5.72
412573,412572,263,5.72
404699,404042,263,5.72
411915,411259,263,0.6
411915,412572,263,0.6
411915,411916,263,0.6
404698,404042,263,5.72
404698,405353,263,5.72
404698,404697,263,5.72
411917,412572,263,5.72
411917,411916,263,5.72
411261,411916,263,5.72
405354,404697,263,5.72
405354,406009,263,5.72
405354,405353,263,5.72
411260,410603,263,5.72
411260,411916,263,5.72
411260,411259,263,5.72
406010,405353,263,5.72
406010,406665,263,5.72
406010,406009,263,5.72
410602,409946,263,0.6
410602,411259,263,0.6
410602,410603,263,0.6
410604,411259,263,5.72
410604,410603,263,5.72
409945,409290,263,0.6
409945,409946,263,0.6
406666,406009,263,5.72
406666,407321,263,5.72
406666,406665,263,5.72
409948,410603,263,5.72
409947,409290,263,5.72
409947,410603,263,5.72
409947,409946,263,5.72
407322,406665,263,5.72
407322,407321,263,5.72
409291,409946,263,5.72
409291,409290,263,5.72
408635,409290,263,5.72
407978,407321,263,5.72
408634,409290,263,5.72
407320,406665,263,0.6
407320,407321,263,0.6
409289,409946,263,0.6
409289,409290,263,0.6
407977,407321,263,0.6
408633,409290,263,0.6
407976,407321,263,0.6
414541,414542,264,0.6
406008,406009,264,0.6
412571,411916,264,0.6
412571,412572,264,0.6
411914,411259,264,0.6
415857,416513,264,5.72
415857,416512,264,5.72
415857,415856,264,5.72
415201,415856,264,5.72
411258,410603,264,0.6
411258,411259,264,0.6
415198,414542,264,0.6
415198,415855,264,0.6
415198,415199,264,0.6
415200,415856,264,5.72
415200,415855,264,5.72
415200,415199,264,5.72
410601,409946,264,0.6
414544,415199,264,5.72
414543,413886,264,5.72
414543,415199,264,5.72
414543,414542,264,5.72
403390,402734,264,5.72
403390,402735,264,5.72
403390,402733,264,5.72
402731,403387,264,0.6
402731,402732,264,0.6
403389,402733,264,5.72
403389,402734,264,5.72
403389,402732,264,5.72
413887,414542,264,5.72
413887,413886,264,5.72
413885,413229,264,0.6
413885,414542,264,0.6
413885,413886,264,0.6
403388,402732,264,5.72
403388,402733,264,5.72
403388,403387,264,5.72
403386,404042,264,0.6
403386,403387,264,0.6
406664,406009,264,0.6
406664,407321,264,0.6
406664,406665,264,0.6
413230,413886,264,5.72
413230,413229,264,5.72
413228,412572,264,0.6
413228,413229,264,0.6
404041,404697,264,0.6
404041,404042,264,0.6
404043,403387,264,5.72
404043,404042,264,5.72
412574,413229,264,5.72
412573,411916,264,5.72
412573,413229,264,5.72
412573,412572,264,5.72
404699,404042,264,5.72
411915,411259,264,0.6
411915,412572,264,0.6
411915,411916,264,0.6
404698,404042,264,5.72
404698,405353,264,5.72
404698,404697,264,5.72
411917,412572,264,5.72
411917,411916,264,5.72
411261,411916,264,5.72
405354,404697,264,5.72
405354,406009,264,5.72
405354,405353,264,5.72
411260,410603,264,5.72
411260,411916,264,5.72
411260,411259,264,5.72
406010,405353,264,5.72
406010,406665,264,5.72
406010,406009,264,5.72
410602,409946,264,0.6
410602,411259,264,0.6
410602,410603,264,0.6
410604,411259,264,5.72
410604,410603,264,5.72
409945,409290,264,0.6
409945,409946,264,0.6
406666,406009,264,5.72
406666,407321,264,5.72
406666,406665,264,5.72
409948,410603,264,5.72
409947,409290,264,5.72
409947,410603,264,5.72
409947,409946,264,5.72
407322,406665,264,5.72
407322,407321,264,5.72
409291,409946,264,5.72
409291,409290,264,5.72
408635,409290,264,5.72
407978,407321,264,5.72
408634,409290,264,5.72
407320,406665,264,0.6
407320,407321,264,0.6
409289,409946,264,0.6
409289,409290,264,0.6
407977,407321,264,0.6
408633,409290,264,0.6
407976,407321,264,0.6
414541,414542,265,0.6
406008,406009,265,0.6
412571,411916,265,0.6
412571,412572,265,0.6
411914,411259,265,0.6
415857,416513,265,5.72
415857,416512,265,5.72
415857,415856,265,5.72
415201,415856,265,5.72
411258,410603,265,0.6
411258,411259,265,0.6
415198,414542,265,0.6
415198,415855,265,0.6
415198,415199,265,0.6
415200,415856,265,5.72
415200,415855,265,5.72
415200,415199,265,5.72
410601,409946,265,0.6
414544,415199,265,5.72
414543,413886,265,5.72
414543,415199,265,5.72
414543,414542,265,5.72
403390,402734,265,5.72
403390,402735,265,5.72
403390,402733,265,5.72
402731,403387,265,0.6
402731,402732,265,0.6
403389,402733,265,5.72
403389,402734,265,5.72
403389,402732,265,5.72
413887,414542,265,5.72
413887,413886,265,5.72
413885,413229,265,0.6
413885,414542,265,0.6
413885,413886,265,0.6
403388,402732,265,5.72
403388,402733,265,5.72
403388,403387,265,5.72
403386,404042,265,0.6
403386,403387,265,0.6
406664,406009,265,0.6
406664,407321,265,0.6
406664,406665,265,0.6
413230,413886,265,5.72
413230,413229,265,5.72
413228,412572,265,0.6
413228,413229,265,0.6
404041,404697,265,0.6
404041,404042,265,0.6
404043,403387,265,5.72
404043,404042,265,5.72
412574,413229,265,5.72
412573,411916,265,5.72
412573,413229,265,5.72
412573,412572,265,5.72
404699,404042,265,5.72
411915,411259,265,0.6
411915,412572,265,0.6
411915,411916,265,0.6
404698,404042,265,5.72
404698,405353,265,5.72
404698,404697,265,5.72
411917,412572,265,5.72
411917,411916,265,5.72
411261,411916,265,5.72
405354,404697,265,5.72
405354,406009,265,5.72
405354,405353,265,5.72
411260,410603,265,5.72
411260,411916,265,5.72
411260,411259,265,5.72
406010,405353,265,5.72
406010,406665,265,5.72
406010,406009,265,5.72
410602,409946,265,0.6
410602,411259,265,0.6
410602,410603,265,0.6
410604,411259,265,5.72
410604,410603,265,5.72
409945,409290,265,0.6
409945,409946,265,0.6
406666,406009,265,5.72
406666,407321,265,5.72
406666,406665,265,5.72
409948,410603,265,5.72
409947,409290,265,5.72
409947,410603,265,5.72
409947,409946,265,5.72
407322,406665,265,5.72
407322,407321,265,5.72
409291,409946,265,5.72
409291,409290,265,5.72
408635,409290,265,5.72
407978,407321,265,5.72
408634,409290,265,5.72
407320,406665,265,0.6
407320,407321,265,0.6
409289,409946,265,0.6
409289,409290,265,0.6
407977,407321,265,0.6
408633,409290,265,0.6
407976,407321,265,0.6
406661,406005,266,0.6
406661,406660,266,0.6
410597,411253,266,0.6
410597,410596,266,0.6
414541,414542,266,0.6
406008,406009,266,0.6
407317,406660,266,0.6
410598,411253,266,0.6
406662,406005,266,0.6
409941,410596,266,0.6
412571,411916,266,0.6
412571,412572,266,0.6
411914,411259,266,0.6
415857,416513,266,5.72
415857,416512,266,5.72
415857,415856,266,5.72
415201,415856,266,5.72
411258,410603,266,0.6
411258,411259,266,0.6
415198,414542,266,0.6
415198,415855,266,0.6
415198,415199,266,0.6
415200,415856,266,5.72
415200,415855,266,5.72
415200,415199,266,5.72
410601,409946,266,0.6
414544,415199,266,5.72
414543,413886,266,5.72
414543,415199,266,5.72
414543,414542,266,5.72
403390,402734,266,5.72
403390,402735,266,5.72
403390,402733,266,5.72
402731,403387,266,0.6
402731,402732,266,0.6
403389,402733,266,5.72
403389,402734,266,5.72
403389,402732,266,5.72
413887,414542,266,5.72
413887,413886,266,5.72
413885,413229,266,0.6
413885,414542,266,0.6
413885,413886,266,0.6
403388,402732,266,5.72
403388,402733,266,5.72
403388,403387,266,5.72
403386,404042,266,0.6
403386,403387,266,0.6
406664,406009,266,0.6
406664,407321,266,0.6
406664,406665,266,0.6
413230,413886,266,5.72
413230,413229,266,5.72
413228,412572,266,0.6
413228,413229,266,0.6
404041,404697,266,0.6
404041,404042,266,0.6
404043,403387,266,5.72
404043,404042,266,5.72
412574,413229,266,5.72
412573,411916,266,5.72
412573,413229,266,5.72
412573,412572,266,5.72
404699,404042,266,5.72
411915,411259,266,0.6
411915,412572,266,0.6
411915,411916,266,0.6
404698,404042,266,5.72
404698,405353,266,5.72
404698,404697,266,5.72
411917,412572,266,5.72
411917,411916,266,5.72
411261,411916,266,5.72
405354,404697,266,5.72
405354,406009,266,5.72
405354,405353,266,5.72
411260,410603,266,5.72
411260,411916,266,5.72
411260,411259,266,5.72
406010,405353,266,5.72
406010,406665,266,5.72
406010,406009,266,5.72
410602,409946,266,0.6
410602,411259,266,0.6
410602,410603,266,0.6
410604,411259,266,5.72
410604,410603,266,5.72
409945,409290,266,0.6
409945,409946,266,0.6
406666,406009,266,5.72
406666,407321,266,5.72
406666,406665,266,5.72
409948,410603,266,5.72
409947,409290,266,5.72
409947,410603,266,5.72
409947,409946,266,5.72
407322,406665,266,5.72
407322,407321,266,5.72
409291,409946,266,5.72
409291,409290,266,5.72
408635,409290,266,5.72
407978,407321,266,5.72
408634,409290,266,5.72
407320,406665,266,0.6
407320,407321,266,0.6
409289,409946,266,0.6
409289,409290,266,0.6
407977,407321,266,0.6
408633,409290,266,0.6
407976,407321,266,0.6
414541,414542,267,0.6
406008,406009,267,0.6
412571,411916,267,0.6
412571,412572,267,0.6
411914,411259,267,0.6
415857,416513,267,5.72
415857,416512,267,5.72
415857,415856,267,5.72
415201,415856,267,5.72
411258,410603,267,0.6
411258,411259,267,0.6
415198,414542,267,0.6
415198,415855,267,0.6
415198,415199,267,0.6
415200,415856,267,5.72
415200,415855,267,5.72
415200,415199,267,5.72
410601,409946,267,0.6
414544,415199,267,5.72
414543,413886,267,5.72
414543,415199,267,5.72
414543,414542,267,5.72
403390,402734,267,5.72
403390,402735,267,5.72
403390,402733,267,5.72
402731,403387,267,0.6
402731,402732,267,0.6
403389,402733,267,5.72
403389,402734,267,5.72
403389,402732,267,5.72
413887,414542,267,5.72
413887,413886,267,5.72
413885,413229,267,0.6
413885,414542,267,0.6
413885,413886,267,0.6
403388,402732,267,5.72
403388,402733,267,5.72
403388,403387,267,5.72
403386,404042,267,0.6
403386,403387,267,0.6
406664,406009,267,0.6
406664,407321,267,0.6
406664,406665,267,0.6
413230,413886,267,5.72
413230,413229,267,5.72
413228,412572,267,0.6
413228,413229,267,0.6
404041,404697,267,0.6
404041,404042,267,0.6
404043,403387,267,5.72
404043,404042,267,5.72
412574,413229,267,5.72
412573,411916,267,5.72
412573,413229,267,5.72
412573,412572,267,5.72
404699,404042,267,5.72
411915,411259,267,0.6
411915,412572,267,0.6
411915,411916,267,0.6
404698,404042,267,5.72
404698,405353,267,5.72
404698,404697,267,5.72
411917,412572,267,5.72
411917,411916,267,5.72
411261,411916,267,5.72
405354,404697,267,5.72
405354,406009,267,5.72
405354,405353,267,5.72
411260,410603,267,5.72
411260,411916,267,5.72
411260,411259,267,5.72
406010,405353,267,5.72
406010,406665,267,5.72
406010,406009,267,5.72
410602,409946,267,0.6
410602,411259,267,0.6
410602,410603,267,0.6
410604,411259,267,5.72
410604,410603,267,5.72
409945,409290,267,0.6
409945,409946,267,0.6
406666,406009,267,5.72
406666,407321,267,5.72
406666,406665,267,5.72
409948,410603,267,5.72
409947,409290,267,5.72
409947,410603,267,5.72
409947,409946,267,5.72
407322,406665,267,5.72
407322,407321,267,5.72
409291,409946,267,5.72
409291,409290,267,5.72
408635,409290,267,5.72
407978,407321,267,5.72
408634,409290,267,5.72
407320,406665,267,0.6
407320,407321,267,0.6
409289,409946,267,0.6
409289,409290,267,0.6
407977,407321,267,0.6
408633,409290,267,0.6
407976,407321,267,0.6
404696,404697,268,0.6
404696,404695,268,0.6
403384,402728,268,0.6
403384,403383,268,0.6
414541,414542,268,0.6
406008,406009,268,0.6
404040,403383,268,0.6
404040,404697,268,0.6
404040,404695,268,0.6
403385,402728,268,0.6
403385,404042,268,0.6
412571,411916,268,0.6
412571,412572,268,0.6
411914,411259,268,0.6
415857,416513,268,5.72
415857,416512,268,5.72
415857,415856,268,5.72
415201,415856,268,5.72
411258,410603,268,0.6
411258,411259,268,0.6
415198,414542,268,0.6
415198,415855,268,0.6
415198,415199,268,0.6
415200,415856,268,5.72
415200,415855,268,5.72
415200,415199,268,5.72
410601,409946,268,0.6
414544,415199,268,5.72
414543,413886,268,5.72
414543,415199,268,5.72
414543,414542,268,5.72
403390,402734,268,5.72
403390,402735,268,5.72
403390,402733,268,5.72
402731,403387,268,0.6
402731,402732,268,0.6
403389,402733,268,5.72
403389,402734,268,5.72
403389,402732,268,5.72
413887,414542,268,5.72
413887,413886,268,5.72
413885,413229,268,0.6
413885,414542,268,0.6
413885,413886,268,0.6
403388,402732,268,5.72
403388,402733,268,5.72
403388,403387,268,5.72
403386,404042,268,0.6
403386,403387,268,0.6
406664,406009,268,0.6
406664,407321,268,0.6
406664,406665,268,0.6
413230,413886,268,5.72
413230,413229,268,5.72
413228,412572,268,0.6
413228,413229,268,0.6
404041,404697,268,0.6
404041,404042,268,0.6
404043,403387,268,5.72
404043,404042,268,5.72
412574,413229,268,5.72
412573,411916,268,5.72
412573,413229,268,5.72
412573,412572,268,5.72
404699,404042,268,5.72
411915,411259,268,0.6
411915,412572,268,0.6
411915,411916,268,0.6
404698,404042,268,5.72
404698,405353,268,5.72
404698,404697,268,5.72
411917,412572,268,5.72
411917,411916,268,5.72
411261,411916,268,5.72
405354,404697,268,5.72
405354,406009,268,5.72
405354,405353,268,5.72
411260,410603,268,5.72
411260,411916,268,5.72
411260,411259,268,5.72
406010,405353,268,5.72
406010,406665,268,5.72
406010,406009,268,5.72
410602,409946,268,0.6
410602,411259,268,0.6
410602,410603,268,0.6
410604,411259,268,5.72
410604,410603,268,5.72
409945,409290,268,0.6
409945,409946,268,0.6
406666,406009,268,5.72
406666,407321,268,5.72
406666,406665,268,5.72
409948,410603,268,5.72
409947,409290,268,5.72
409947,410603,268,5.72
409947,409946,268,5.72
407322,406665,268,5.72
407322,407321,268,5.72
409291,409946,268,5.72
409291,409290,268,5.72
408635,409290,268,5.72
407978,407321,268,5.72
408634,409290,268,5.72
407320,406665,268,0.6
407320,407321,268,0.6
409289,409946,268,0.6
409289,409290,268,0.6
407977,407321,268,0.6
408633,409290,268,0.6
407976,407321,268,0.6
404696,404697,269,0.6
414541,414542,269,0.6
406008,406009,269,0.6
408638,407983,269,0.6
404040,404697,269,0.6
403385,404042,269,0.6
412571,411916,269,0.6
412571,412572,269,0.6
411914,411259,269,0.6
415857,416513,269,5.72
415857,416512,269,5.72
415857,415856,269,5.72
415201,415856,269,5.72
411258,410603,269,0.6
411258,411259,269,0.6
415198,414542,269,0.6
415198,415855,269,0.6
415198,415199,269,0.6
415200,415856,269,5.72
415200,415855,269,5.72
415200,415199,269,5.72
410601,409946,269,0.6
414544,415199,269,5.72
414543,413886,269,5.72
414543,415199,269,5.72
414543,414542,269,5.72
403390,402734,269,5.72
403390,402735,269,5.72
403390,402733,269,5.72
402731,403387,269,0.6
402731,402732,269,0.6
403389,402733,269,5.72
403389,402734,269,5.72
403389,402732,269,5.72
413887,414542,269,5.72
413887,413886,269,5.72
413885,413229,269,0.6
413885,414542,269,0.6
413885,413886,269,0.6
403388,402732,269,5.72
403388,402733,269,5.72
403388,403387,269,5.72
403386,404042,269,0.6
403386,403387,269,0.6
406664,406009,269,0.6
406664,407321,269,0.6
406664,406665,269,0.6
413230,413886,269,5.72
413230,413229,269,5.72
413228,412572,269,0.6
413228,413229,269,0.6
404041,404697,269,0.6
404041,404042,269,0.6
404043,403387,269,5.72
404043,404042,269,5.72
412574,413229,269,5.72
412573,411916,269,5.72
412573,413229,269,5.72
412573,412572,269,5.72
404699,404042,269,5.72
411915,411259,269,0.6
411915,412572,269,0.6
411915,411916,269,0.6
404698,404042,269,5.72
404698,405353,269,5.72
404698,404697,269,5.72
411917,412572,269,5.72
411917,411916,269,5.72
411261,411916,269,5.72
405354,404697,269,5.72
405354,406009,269,5.72
405354,405353,269,5.72
411260,410603,269,5.72
411260,411916,269,5.72
411260,411259,269,5.72
406010,405353,269,5.72
406010,406665,269,5.72
406010,406009,269,5.72
410602,409946,269,0.6
410602,411259,269,0.6
410602,410603,269,0.6
410604,411259,269,5.72
410604,410603,269,5.72
409945,409290,269,0.6
409945,409946,269,0.6
406666,406009,269,5.72
406666,407321,269,5.72
406666,406665,269,5.72
409948,410603,269,5.72
409947,409290,269,5.72
409947,410603,269,5.72
409947,409946,269,5.72
407322,406665,269,5.72
407322,407321,269,5.72
409291,409946,269,5.72
409291,409290,269,5.72
408635,409290,269,5.72
407978,407321,269,5.72
408634,409290,269,5.72
407320,406665,269,0.6
407320,407321,269,0.6
409289,409946,269,0.6
409289,409290,269,0.6
407977,407321,269,0.6
408633,409290,269,0.6
407976,407321,269,0.6
404696,404697,270,0.6
414541,414542,270,0.6
406008,406009,270,0.6
404040,404697,270,0.6
403385,404042,270,0.6
412571,411916,270,0.6
412571,412572,270,0.6
411914,411259,270,0.6
415857,416513,270,5.72
415857,416512,270,5.72
415857,415856,270,5.72
415201,415856,270,5.72
411258,410603,270,0.6
411258,411259,270,0.6
415198,414542,270,0.6
415198,415855,270,0.6
415198,415199,270,0.6
415200,415856,270,5.72
415200,415855,270,5.72
415200,415199,270,5.72
410601,409946,270,0.6
414544,415199,270,5.72
414543,413886,270,5.72
414543,415199,270,5.72
414543,414542,270,5.72
403390,402734,270,5.72
403390,402735,270,5.72
403390,402733,270,5.72
402731,403387,270,0.6
402731,402732,270,0.6
403389,402733,270,5.72
403389,402734,270,5.72
403389,402732,270,5.72
413887,414542,270,5.72
413887,413886,270,5.72
413885,413229,270,0.6
413885,414542,270,0.6
413885,413886,270,0.6
403388,402732,270,5.72
403388,402733,270,5.72
403388,403387,270,5.72
403386,404042,270,0.6
403386,403387,270,0.6
406664,406009,270,0.6
406664,407321,270,0.6
406664,406665,270,0.6
413230,413886,270,5.72
413230,413229,270,5.72
413228,412572,270,0.6
413228,413229,270,0.6
404041,404697,270,0.6
404041,404042,270,0.6
404043,403387,270,5.72
404043,404042,270,5.72
412574,413229,270,5.72
412573,411916,270,5.72
412573,413229,270,5.72
412573,412572,270,5.72
404699,404042,270,5.72
411915,411259,270,0.6
411915,412572,270,0.6
411915,411916,270,0.6
404698,404042,270,5.72
404698,405353,270,5.72
404698,404697,270,5.72
411917,412572,270,5.72
411917,411916,270,5.72
411261,411916,270,5.72
405354,404697,270,5.72
405354,406009,270,5.72
405354,405353,270,5.72
411260,410603,270,5.72
411260,411916,270,5.72
411260,411259,270,5.72
406010,405353,270,5.72
406010,406665,270,5.72
406010,406009,270,5.72
410602,409946,270,0.6
410602,411259,270,0.6
410602,410603,270,0.6
410604,411259,270,5.72
410604,410603,270,5.72
409945,409290,270,0.6
409945,409946,270,0.6
406666,406009,270,5.72
406666,407321,270,5.72
406666,406665,270,5.72
409948,410603,270,5.72
409947,409290,270,5.72
409947,410603,270,5.72
409947,409946,270,5.72
407322,406665,270,5.72
407322,407321,270,5.72
409291,409946,270,5.72
409291,409290,270,5.72
408635,409290,270,5.72
407978,407321,270,5.72
408634,409290,270,5.72
407320,406665,270,0.6
407320,407321,270,0.6
409289,409946,270,0.6
409289,409290,270,0.6
407977,407321,270,0.6
408633,409290,270,0.6
407976,407321,270,0.6
404696,404697,271,0.6
414541,414542,271,0.6
406008,406009,271,0.6
404040,404697,271,0.6
403385,404042,271,0.6
412571,411916,271,0.6
412571,412572,271,0.6
411914,411259,271,0.6
415857,416513,271,5.72
415857,416512,271,5.72
415857,415856,271,5.72
415201,415856,271,5.72
411258,410603,271,0.6
411258,411259,271,0.6
415198,414542,271,0.6
415198,415855,271,0.6
415198,415199,271,0.6
415200,415856,271,5.72
415200,415855,271,5.72
415200,415199,271,5.72
410601,409946,271,0.6
414544,415199,271,5.72
414543,413886,271,5.72
414543,415199,271,5.72
414543,414542,271,5.72
403390,402734,271,5.72
403390,402735,271,5.72
403390,402733,271,5.72
402731,403387,271,0.6
402731,402732,271,0.6
403389,402733,271,5.72
403389,402734,271,5.72
403389,402732,271,5.72
413887,414542,271,5.72
413887,413886,271,5.72
413885,413229,271,0.6
413885,414542,271,0.6
413885,413886,271,0.6
403388,402732,271,5.72
403388,402733,271,5.72
403388,403387,271,5.72
403386,404042,271,0.6
403386,403387,271,0.6
406664,406009,271,0.6
406664,407321,271,0.6
406664,406665,271,0.6
413230,413886,271,5.72
413230,413229,271,5.72
413228,412572,271,0.6
413228,413229,271,0.6
404041,404697,271,0.6
404041,404042,271,0.6
404043,403387,271,5.72
404043,404042,271,5.72
412574,413229,271,5.72
412573,411916,271,5.72
412573,413229,271,5.72
412573,412572,271,5.72
404699,404042,271,5.72
411915,411259,271,0.6
411915,412572,271,0.6
411915,411916,271,0.6
404698,404042,271,5.72
404698,405353,271,5.72
404698,404697,271,5.72
411917,412572,271,5.72
411917,411916,271,5.72
411261,411916,271,5.72
405354,404697,271,5.72
405354,406009,271,5.72
405354,405353,271,5.72
411260,410603,271,5.72
411260,411916,271,5.72
411260,411259,271,5.72
406010,405353,271,5.72
406010,406665,271,5.72
406010,406009,271,5.72
410602,409946,271,0.6
410602,411259,271,0.6
410602,410603,271,0.6
410604,411259,271,5.72
410604,410603,271,5.72
409945,409290,271,0.6
409945,409946,271,0.6
406666,406009,271,5.72
406666,407321,271,5.72
406666,406665,271,5.72
409948,410603,271,5.72
409947,409290,271,5.72
409947,410603,271,5.72
409947,409946,271,5.72
407322,406665,271,5.72
407322,407321,271,5.72
409291,409946,271,5.72
409291,409290,271,5.72
408635,409290,271,5.72
407978,407321,271,5.72
408634,409290,271,5.72
407320,406665,271,0.6
407320,407321,271,0.6
409289,409946,271,0.6
409289,409290,271,0.6
407977,407321,271,0.6
408633,409290,271,0.6
407976,407321,271,0.6
404696,404697,272,0.6
414541,414542,272,0.6
406008,406009,272,0.6
404040,404697,272,0.6
403385,404042,272,0.6
412571,411916,272,0.6
412571,412572,272,0.6
411914,411259,272,0.6
415857,416513,272,5.72
415857,416512,272,5.72
415857,415856,272,5.72
415201,415856,272,5.72
411258,410603,272,0.6
411258,411259,272,0.6
415198,414542,272,0.6
415198,415855,272,0.6
415198,415199,272,0.6
415200,415856,272,5.72
415200,415855,272,5.72
415200,415199,272,5.72
410601,409946,272,0.6
414544,415199,272,5.72
414543,413886,272,5.72
414543,415199,272,5.72
414543,414542,272,5.72
403390,402734,272,5.72
403390,402735,272,5.72
403390,402733,272,5.72
402731,403387,272,0.6
402731,402732,272,0.6
403389,402733,272,5.72
403389,402734,272,5.72
403389,402732,272,5.72
413887,414542,272,5.72
413887,413886,272,5.72
413885,413229,272,0.6
413885,414542,272,0.6
413885,413886,272,0.6
403388,402732,272,5.72
403388,402733,272,5.72
403388,403387,272,5.72
403386,404042,272,0.6
403386,403387,272,0.6
406664,406009,272,0.6
406664,407321,272,0.6
406664,406665,272,0.6
413230,413886,272,5.72
413230,413229,272,5.72
413228,412572,272,0.6
413228,413229,272,0.6
404041,404697,272,0.6
404041,404042,272,0.6
404043,403387,272,5.72
404043,404042,272,5.72
412574,413229,272,5.72
412573,411916,272,5.72
412573,413229,272,5.72
412573,412572,272,5.72
404699,404042,272,5.72
411915,411259,272,0.6
411915,412572,272,0.6
411915,411916,272,0.6
404698,404042,272,5.72
404698,405353,272,5.72
404698,404697,272,5.72
411917,412572,272,5.72
411917,411916,272,5.72
411261,411916,272,5.72
405354,404697,272,5.72
405354,406009,272,5.72
405354,405353,272,5.72
411260,410603,272,5.72
411260,411916,272,5.72
411260,411259,272,5.72
406010,405353,272,5.72
406010,406665,272,5.72
406010,406009,272,5.72
410602,409946,272,0.6
410602,411259,272,0.6
410602,410603,272,0.6
410604,411259,272,5.72
410604,410603,272,5.72
409945,409290,272,0.6
409945,409946,272,0.6
406666,406009,272,5.72
406666,407321,272,5.72
406666,406665,272,5.72
409948,410603,272,5.72
409947,409290,272,5.72
409947,410603,272,5.72
409947,409946,272,5.72
407322,406665,272,5.72
407322,407321,272,5.72
409291,409946,272,5.72
409291,409290,272,5.72
408635,409290,272,5.72
407978,407321,272,5.72
408634,409290,272,5.72
407320,406665,272,0.6
407320,407321,272,0.6
409289,409946,272,0.6
409289,409290,272,0.6
407977,407321,272,0.6
408633,409290,272,0.6
407976,407321,272,0.6
404696,404697,273,0.6
414541,414542,273,0.6
406008,406009,273,0.6
404040,404697,273,0.6
403385,404042,273,0.6
412571,411916,273,0.6
412571,412572,273,0.6
411914,411259,273,0.6
415857,416513,273,5.72
415857,416512,273,5.72
415857,415856,273,5.72
415201,415856,273,5.72
411258,410603,273,0.6
411258,411259,273,0.6
415198,414542,273,0.6
415198,415855,273,0.6
415198,415199,273,0.6
415200,415856,273,5.72
415200,415855,273,5.72
415200,415199,273,5.72
410601,409946,273,0.6
414544,415199,273,5.72
414543,413886,273,5.72
414543,415199,273,5.72
414543,414542,273,5.72
403390,402734,273,5.72
403390,402735,273,5.72
403390,402733,273,5.72
402731,403387,273,0.6
402731,402732,273,0.6
403389,402733,273,5.72
403389,402734,273,5.72
403389,402732,273,5.72
413887,414542,273,5.72
413887,413886,273,5.72
413885,413229,273,0.6
413885,414542,273,0.6
413885,413886,273,0.6
403388,402732,273,5.72
403388,402733,273,5.72
403388,403387,273,5.72
403386,404042,273,0.6
403386,403387,273,0.6
406664,406009,273,0.6
406664,407321,273,0.6
406664,406665,273,0.6
413230,413886,273,5.72
413230,413229,273,5.72
413228,412572,273,0.6
413228,413229,273,0.6
404041,404697,273,0.6
404041,404042,273,0.6
404043,403387,273,5.72
404043,404042,273,5.72
412574,413229,273,5.72
412573,411916,273,5.72
412573,413229,273,5.72
412573,412572,273,5.72
404699,404042,273,5.72
411915,411259,273,0.6
411915,412572,273,0.6
411915,411916,273,0.6
404698,404042,273,5.72
404698,405353,273,5.72
404698,404697,273,5.72
411917,412572,273,5.72
411917,411916,273,5.72
411261,411916,273,5.72
405354,404697,273,5.72
405354,406009,273,5.72
405354,405353,273,5.72
411260,410603,273,5.72
411260,411916,273,5.72
411260,411259,273,5.72
406010,405353,273,5.72
406010,406665,273,5.72
406010,406009,273,5.72
410602,409946,273,0.6
410602,411259,273,0.6
410602,410603,273,0.6
410604,411259,273,5.72
410604,410603,273,5.72
409945,409290,273,0.6
409945,409946,273,0.6
406666,406009,273,5.72
406666,407321,273,5.72
406666,406665,273,5.72
409948,410603,273,5.72
409947,409290,273,5.72
409947,410603,273,5.72
409947,409946,273,5.72
407322,406665,273,5.72
407322,407321,273,5.72
409291,409946,273,5.72
409291,409290,273,5.72
408635,409290,273,5.72
407978,407321,273,5.72
408634,409290,273,5.72
407320,406665,273,0.6
407320,407321,273,0.6
409289,409946,273,0.6
409289,409290,273,0.6
407977,407321,273,0.6
408633,409290,273,0.6
407976,407321,273,0.6
413883,414539,274,0.6
413883,413882,274,0.6
404696,404697,274,0.6
414541,414542,274,0.6
406008,406009,274,0.6
413884,413229,274,0.6
413884,414539,274,0.6
413227,412572,274,0.6
413227,413882,274,0.6
404040,404697,274,0.6
403385,404042,274,0.6
412571,411916,274,0.6
412571,412572,274,0.6
411914,411259,274,0.6
415857,416513,274,5.72
415857,416512,274,5.72
415857,415856,274,5.72
415201,415856,274,5.72
411258,410603,274,0.6
411258,411259,274,0.6
415198,414542,274,0.6
415198,415855,274,0.6
415198,415199,274,0.6
415200,415856,274,5.72
415200,415855,274,5.72
415200,415199,274,5.72
410601,409946,274,0.6
414544,415199,274,5.72
414543,413886,274,5.72
414543,415199,274,5.72
414543,414542,274,5.72
403390,402734,274,5.72
403390,402735,274,5.72
403390,402733,274,5.72
402731,403387,274,0.6
402731,402732,274,0.6
403389,402733,274,5.72
403389,402734,274,5.72
403389,402732,274,5.72
413887,414542,274,5.72
413887,413886,274,5.72
413885,413229,274,0.6
413885,414542,274,0.6
413885,413886,274,0.6
403388,402732,274,5.72
403388,402733,274,5.72
403388,403387,274,5.72
403386,404042,274,0.6
403386,403387,274,0.6
406664,406009,274,0.6
406664,407321,274,0.6
406664,406665,274,0.6
413230,413886,274,5.72
413230,413229,274,5.72
413228,412572,274,0.6
413228,413229,274,0.6
404041,404697,274,0.6
404041,404042,274,0.6
404043,403387,274,5.72
404043,404042,274,5.72
412574,413229,274,5.72
412573,411916,274,5.72
412573,413229,274,5.72
412573,412572,274,5.72
404699,404042,274,5.72
411915,411259,274,0.6
411915,412572,274,0.6
411915,411916,274,0.6
404698,404042,274,5.72
404698,405353,274,5.72
404698,404697,274,5.72
411917,412572,274,5.72
411917,411916,274,5.72
411261,411916,274,5.72
405354,404697,274,5.72
405354,406009,274,5.72
405354,405353,274,5.72
411260,410603,274,5.72
411260,411916,274,5.72
411260,411259,274,5.72
406010,405353,274,5.72
406010,406665,274,5.72
406010,406009,274,5.72
410602,409946,274,0.6
410602,411259,274,0.6
410602,410603,274,0.6
410604,411259,274,5.72
410604,410603,274,5.72
409945,409290,274,0.6
409945,409946,274,0.6
406666,406009,274,5.72
406666,407321,274,5.72
406666,406665,274,5.72
409948,410603,274,5.72
409947,409290,274,5.72
409947,410603,274,5.72
409947,409946,274,5.72
407322,406665,274,5.72
407322,407321,274,5.72
409291,409946,274,5.72
409291,409290,274,5.72
408635,409290,274,5.72
407978,407321,274,5.72
408634,409290,274,5.72
407320,406665,274,0.6
407320,407321,274,0.6
409289,409946,274,0.6
409289,409290,274,0.6
407977,407321,274,0.6
408633,409290,274,0.6
407976,407321,274,0.6
411255,411911,275,0.6
404703,405359,275,0.6
406007,405351,275,0.6
407972,407971,275,0.6
404048,404049,275,0.6
415854,416510,275,0.6
415854,415855,275,0.6
415197,415196,275,0.6
409284,409283,275,0.6
404696,404697,275,0.6
414541,414542,275,0.6
408628,407971,275,0.6
408628,409283,275,0.6
406008,405353,275,0.6
406008,405351,275,0.6
406008,406665,275,0.6
406008,406009,275,0.6
411256,411911,275,0.6
413884,413229,275,0.6
413227,412572,275,0.6
404040,404697,275,0.6
403385,404042,275,0.6
412571,411916,275,0.6
412571,412572,275,0.6
411914,411259,275,0.6
415857,416513,275,5.72
415857,416512,275,5.72
415857,415856,275,5.72
415201,415856,275,5.72
411258,410603,275,0.6
411258,411259,275,0.6
415198,414542,275,0.6
415198,415855,275,0.6
415198,415199,275,0.6
415200,415856,275,5.72
415200,415855,275,5.72
415200,415199,275,5.72
410601,409946,275,0.6
414544,415199,275,5.72
414543,413886,275,5.72
414543,415199,275,5.72
414543,414542,275,5.72
403390,402734,275,5.72
403390,402735,275,5.72
403390,402733,275,5.72
402731,403387,275,0.6
402731,402732,275,0.6
403389,402733,275,5.72
403389,402734,275,5.72
403389,402732,275,5.72
413887,414542,275,5.72
413887,413886,275,5.72
413885,413229,275,0.6
413885,414542,275,0.6
413885,413886,275,0.6
403388,402732,275,5.72
403388,402733,275,5.72
403388,403387,275,5.72
403386,404042,275,0.6
403386,403387,275,0.6
406664,406009,275,0.6
406664,407321,275,0.6
406664,406665,275,0.6
413230,413886,275,5.72
413230,413229,275,5.72
413228,412572,275,0.6
413228,413229,275,0.6
404041,404697,275,0.6
404041,404042,275,0.6
404043,403387,275,5.72
404043,404042,275,5.72
412574,413229,275,5.72
412573,411916,275,5.72
412573,413229,275,5.72
412573,412572,275,5.72
404699,404042,275,5.72
411915,411259,275,0.6
411915,412572,275,0.6
411915,411916,275,0.6
404698,404042,275,5.72
404698,405353,275,5.72
404698,404697,275,5.72
411917,412572,275,5.72
411917,411916,275,5.72
411261,411916,275,5.72
405354,404697,275,5.72
405354,406009,275,5.72
405354,405353,275,5.72
411260,410603,275,5.72
411260,411916,275,5.72
411260,411259,275,5.72
406010,405353,275,5.72
406010,406665,275,5.72
406010,406009,275,5.72
410602,409946,275,0.6
410602,411259,275,0.6
410602,410603,275,0.6
410604,411259,275,5.72
410604,410603,275,5.72
409945,409290,275,0.6
409945,409946,275,0.6
406666,406009,275,5.72
406666,407321,275,5.72
406666,406665,275,5.72
409948,410603,275,5.72
409947,409290,275,5.72
409947,410603,275,5.72
409947,409946,275,5.72
407322,406665,275,5.72
407322,407321,275,5.72
409291,409946,275,5.72
409291,409290,275,5.72
408635,409290,275,5.72
407978,407321,275,5.72
408634,409290,275,5.72
407320,406665,275,0.6
407320,407321,275,0.6
409289,409946,275,0.6
409289,409290,275,0.6
407977,407321,275,0.6
408633,409290,275,0.6
407976,407321,275,0.6
412576,412577,276,0.6
402729,402073,276,0.6
411264,411265,276,0.6
415854,415855,276,0.6
404696,404697,276,0.6
414541,414542,276,0.6
411920,411265,276,0.6
411920,412577,276,0.6
402730,402073,276,0.6
402730,403387,276,0.6
406008,405353,276,0.6
406008,406665,276,0.6
406008,406009,276,0.6
413884,413229,276,0.6
413227,412572,276,0.6
404040,404697,276,0.6
403385,404042,276,0.6
412571,411916,276,0.6
412571,412572,276,0.6
411914,411259,276,0.6
415857,416513,276,5.72
415857,416512,276,5.72
415857,415856,276,5.72
415201,415856,276,5.72
411258,410603,276,0.6
411258,411259,276,0.6
415198,414542,276,0.6
415198,415855,276,0.6
415198,415199,276,0.6
415200,415856,276,5.72
415200,415855,276,5.72
415200,415199,276,5.72
410601,409946,276,0.6
414544,415199,276,5.72
414543,413886,276,5.72
414543,415199,276,5.72
414543,414542,276,5.72
403390,402734,276,5.72
403390,402735,276,5.72
403390,402733,276,5.72
402731,403387,276,0.6
402731,402732,276,0.6
403389,402733,276,5.72
403389,402734,276,5.72
403389,402732,276,5.72
413887,414542,276,5.72
413887,413886,276,5.72
413885,413229,276,0.6
413885,414542,276,0.6
413885,413886,276,0.6
403388,402732,276,5.72
403388,402733,276,5.72
403388,403387,276,5.72
403386,404042,276,0.6
403386,403387,276,0.6
406664,406009,276,0.6
406664,407321,276,0.6
406664,406665,276,0.6
413230,413886,276,5.72
413230,413229,276,5.72
413228,412572,276,0.6
413228,413229,276,0.6
404041,404697,276,0.6
404041,404042,276,0.6
404043,403387,276,5.72
404043,404042,276,5.72
412574,413229,276,5.72
412573,411916,276,5.72
412573,413229,276,5.72
412573,412572,276,5.72
404699,404042,276,5.72
411915,411259,276,0.6
411915,412572,276,0.6
411915,411916,276,0.6
404698,404042,276,5.72
404698,405353,276,5.72
404698,404697,276,5.72
411917,412572,276,5.72
411917,411916,276,5.72
411261,411916,276,5.72
405354,404697,276,5.72
405354,406009,276,5.72
405354,405353,276,5.72
411260,410603,276,5.72
411260,411916,276,5.72
411260,411259,276,5.72
406010,405353,276,5.72
406010,406665,276,5.72
406010,406009,276,5.72
410602,409946,276,0.6
410602,411259,276,0.6
410602,410603,276,0.6
410604,411259,276,5.72
410604,410603,276,5.72
409945,409290,276,0.6
409945,409946,276,0.6
406666,406009,276,5.72
406666,407321,276,5.72
406666,406665,276,5.72
409948,410603,276,5.72
409947,409290,276,5.72
409947,410603,276,5.72
409947,409946,276,5.72
407322,406665,276,5.72
407322,407321,276,5.72
409291,409946,276,5.72
409291,409290,276,5.72
408635,409290,276,5.72
407978,407321,276,5.72
408634,409290,276,5.72
407320,406665,276,0.6
407320,407321,276,0.6
409289,409946,276,0.6
409289,409290,276,0.6
407977,407321,276,0.6
408633,409290,276,0.6
407976,407321,276,0.6
415854,415855,277,0.6
404696,404697,277,0.6
414541,414542,277,0.6
402730,403387,277,0.6
406008,405353,277,0.6
406008,406665,277,0.6
406008,406009,277,0.6
413884,413229,277,0.6
413227,412572,277,0.6
404040,404697,277,0.6
403385,404042,277,0.6
412571,411916,277,0.6
412571,412572,277,0.6
411914,411259,277,0.6
415857,416513,277,5.72
415857,416512,277,5.72
415857,415856,277,5.72
415201,415856,277,5.72
411258,410603,277,0.6
411258,411259,277,0.6
415198,414542,277,0.6
415198,415855,277,0.6
415198,415199,277,0.6
415200,415856,277,5.72
415200,415855,277,5.72
415200,415199,277,5.72
410601,409946,277,0.6
414544,415199,277,5.72
414543,413886,277,5.72
414543,415199,277,5.72
414543,414542,277,5.72
403390,402734,277,5.72
403390,402735,277,5.72
403390,402733,277,5.72
402731,403387,277,0.6
402731,402732,277,0.6
403389,402733,277,5.72
403389,402734,277,5.72
403389,402732,277,5.72
413887,414542,277,5.72
413887,413886,277,5.72
413885,413229,277,0.6
413885,414542,277,0.6
413885,413886,277,0.6
403388,402732,277,5.72
403388,402733,277,5.72
403388,403387,277,5.72
403386,404042,277,0.6
403386,403387,277,0.6
406664,406009,277,0.6
406664,407321,277,0.6
406664,406665,277,0.6
413230,413886,277,5.72
413230,413229,277,5.72
413228,412572,277,0.6
413228,413229,277,0.6
404041,404697,277,0.6
404041,404042,277,0.6
404043,403387,277,5.72
404043,404042,277,5.72
412574,413229,277,5.72
412573,411916,277,5.72
412573,413229,277,5.72
412573,412572,277,5.72
404699,404042,277,5.72
411915,411259,277,0.6
411915,412572,277,0.6
411915,411916,277,0.6
404698,404042,277,5.72
404698,405353,277,5.72
404698,404697,277,5.72
411917,412572,277,5.72
411917,411916,277,5.72
411261,411916,277,5.72
405354,404697,277,5.72
405354,406009,277,5.72
405354,405353,277,5.72
411260,410603,277,5.72
411260,411916,277,5.72
411260,411259,277,5.72
406010,405353,277,5.72
406010,406665,277,5.72
406010,406009,277,5.72
410602,409946,277,0.6
410602,411259,277,0.6
410602,410603,277,0.6
410604,411259,277,5.72
410604,410603,277,5.72
409945,409290,277,0.6
409945,409946,277,0.6
406666,406009,277,5.72
406666,407321,277,5.72
406666,406665,277,5.72
409948,410603,277,5.72
409947,409290,277,5.72
409947,410603,277,5.72
409947,409946,277,5.72
407322,406665,277,5.72
407322,407321,277,5.72
409291,409946,277,5.72
409291,409290,277,5.72
408635,409290,277,5.72
407978,407321,277,5.72
408634,409290,277,5.72
407320,406665,277,0.6
407320,407321,277,0.6
409289,409946,277,0.6
409289,409290,277,0.6
407977,407321,277,0.6
408633,409290,277,0.6
407976,407321,277,0.6
407981,407325,278,0.6
409295,409296,278,0.6
415854,415855,278,0.6
404696,404697,278,0.6
414541,414542,278,0.6
402730,403387,278,0.6
406008,405353,278,0.6
406008,406665,278,0.6
406008,406009,278,0.6
413884,413229,278,0.6
413227,412572,278,0.6
404040,404697,278,0.6
403385,404042,278,0.6
412571,411916,278,0.6
412571,412572,278,0.6
411914,411259,278,0.6
415857,416513,278,5.72
415857,416512,278,5.72
415857,415856,278,5.72
415201,415856,278,5.72
411258,410603,278,0.6
411258,411259,278,0.6
415198,414542,278,0.6
415198,415855,278,0.6
415198,415199,278,0.6
415200,415856,278,5.72
415200,415855,278,5.72
415200,415199,278,5.72
410601,409946,278,0.6
414544,415199,278,5.72
414543,413886,278,5.72
414543,415199,278,5.72
414543,414542,278,5.72
403390,402734,278,5.72
403390,402735,278,5.72
403390,402733,278,5.72
402731,403387,278,0.6
402731,402732,278,0.6
403389,402733,278,5.72
403389,402734,278,5.72
403389,402732,278,5.72
413887,414542,278,5.72
413887,413886,278,5.72
413885,413229,278,0.6
413885,414542,278,0.6
413885,413886,278,0.6
403388,402732,278,5.72
403388,402733,278,5.72
403388,403387,278,5.72
403386,404042,278,0.6
403386,403387,278,0.6
406664,406009,278,0.6
406664,407321,278,0.6
406664,406665,278,0.6
413230,413886,278,5.72
413230,413229,278,5.72
413228,412572,278,0.6
413228,413229,278,0.6
404041,404697,278,0.6
404041,404042,278,0.6
404043,403387,278,5.72
404043,404042,278,5.72
412574,413229,278,5.72
412573,411916,278,5.72
412573,413229,278,5.72
412573,412572,278,5.72
404699,404042,278,5.72
411915,411259,278,0.6
411915,412572,278,0.6
411915,411916,278,0.6
404698,404042,278,5.72
404698,405353,278,5.72
404698,404697,278,5.72
411917,412572,278,5.72
411917,411916,278,5.72
411261,411916,278,5.72
405354,404697,278,5.72
405354,406009,278,5.72
405354,405353,278,5.72
411260,410603,278,5.72
411260,411916,278,5.72
411260,411259,278,5.72
406010,405353,278,5.72
406010,406665,278,5.72
406010,406009,278,5.72
410602,409946,278,0.6
410602,411259,278,0.6
410602,410603,278,0.6
410604,411259,278,5.72
410604,410603,278,5.72
409945,409290,278,0.6
409945,409946,278,0.6
406666,406009,278,5.72
406666,407321,278,5.72
406666,406665,278,5.72
409948,410603,278,5.72
409947,409290,278,5.72
409947,410603,278,5.72
409947,409946,278,5.72
407322,406665,278,5.72
407322,407321,278,5.72
409291,409946,278,5.72
409291,409290,278,5.72
408635,409290,278,5.72
407978,407321,278,5.72
408634,409290,278,5.72
407320,406665,278,0.6
407320,407321,278,0.6
409289,409946,278,0.6
409289,409290,278,0.6
407977,407321,278,0.6
408633,409290,278,0.6
407976,407321,278,0.6
415854,415855,279,0.6
404696,404697,279,0.6
414541,414542,279,0.6
402730,403387,279,0.6
406008,405353,279,0.6
406008,406665,279,0.6
406008,406009,279,0.6
413884,413229,279,0.6
413227,412572,279,0.6
404040,404697,279,0.6
403385,404042,279,0.6
412571,411916,279,0.6
412571,412572,279,0.6
411914,411259,279,0.6
415857,416513,279,5.72
415857,416512,279,5.72
415857,415856,279,5.72
415201,415856,279,5.72
411258,410603,279,0.6
411258,411259,279,0.6
415198,414542,279,0.6
415198,415855,279,0.6
415198,415199,279,0.6
415200,415856,279,5.72
415200,415855,279,5.72
415200,415199,279,5.72
410601,409946,279,0.6
414544,415199,279,5.72
414543,413886,279,5.72
414543,415199,279,5.72
414543,414542,279,5.72
403390,402734,279,5.72
403390,402735,279,5.72
403390,402733,279,5.72
402731,403387,279,0.6
402731,402732,279,0.6
403389,402733,279,5.72
403389,402734,279,5.72
403389,402732,279,5.72
413887,414542,279,5.72
413887,413886,279,5.72
413885,413229,279,0.6
413885,414542,279,0.6
413885,413886,279,0.6
403388,402732,279,5.72
403388,402733,279,5.72
403388,403387,279,5.72
403386,404042,279,0.6
403386,403387,279,0.6
406664,406009,279,0.6
406664,407321,279,0.6
406664,406665,279,0.6
413230,413886,279,5.72
413230,413229,279,5.72
413228,412572,279,0.6
413228,413229,279,0.6
404041,404697,279,0.6
404041,404042,279,0.6
404043,403387,279,5.72
404043,404042,279,5.72
412574,413229,279,5.72
412573,411916,279,5.72
412573,413229,279,5.72
412573,412572,279,5.72
404699,404042,279,5.72
411915,411259,279,0.6
411915,412572,279,0.6
411915,411916,279,0.6
404698,404042,279,5.72
404698,405353,279,5.72
404698,404697,279,5.72
411917,412572,279,5.72
411917,411916,279,5.72
411261,411916,279,5.72
405354,404697,279,5.72
405354,406009,279,5.72
405354,405353,279,5.72
411260,410603,279,5.72
411260,411916,279,5.72
411260,411259,279,5.72
406010,405353,279,5.72
406010,406665,279,5.72
406010,406009,279,5.72
410602,409946,279,0.6
410602,411259,279,0.6
410602,410603,279,0.6
410604,411259,279,5.72
410604,410603,279,5.72
409945,409290,279,0.6
409945,409946,279,0.6
406666,406009,279,5.72
406666,407321,279,5.72
406666,406665,279,5.72
409948,410603,279,5.72
409947,409290,279,5.72
409947,410603,279,5.72
409947,409946,279,5.72
407322,406665,279,5.72
407322,407321,279,5.72
409291,409946,279,5.72
409291,409290,279,5.72
408635,409290,279,5.72
407978,407321,279,5.72
408634,409290,279,5.72
407320,406665,279,0.6
407320,407321,279,0.6
409289,409946,279,0.6
409289,409290,279,0.6
407977,407321,279,0.6
408633,409290,279,0.6
407976,407321,279,0.6
415854,415855,280,0.6
404696,404697,280,0.6
414541,414542,280,0.6
402730,403387,280,0.6
406008,405353,280,0.6
406008,406665,280,0.6
406008,406009,280,0.6
413884,413229,280,0.6
413227,412572,280,0.6
404040,404697,280,0.6
403385,404042,280,0.6
412571,411916,280,0.6
412571,412572,280,0.6
411914,411259,280,0.6
415857,416513,280,5.72
415857,416512,280,5.72
415857,415856,280,5.72
415201,415856,280,5.72
411258,410603,280,0.6
411258,411259,280,0.6
415198,414542,280,0.6
415198,415855,280,0.6
415198,415199,280,0.6
415200,415856,280,5.72
415200,415855,280,5.72
415200,415199,280,5.72
410601,409946,280,0.6
414544,415199,280,5.72
414543,413886,280,5.72
414543,415199,280,5.72
414543,414542,280,5.72
403390,402734,280,5.72
403390,402735,280,5.72
403390,402733,280,5.72
402731,403387,280,0.6
402731,402732,280,0.6
403389,402733,280,5.72
403389,402734,280,5.72
403389,402732,280,5.72
413887,414542,280,5.72
413887,413886,280,5.72
413885,413229,280,0.6
413885,414542,280,0.6
413885,413886,280,0.6
403388,402732,280,5.72
403388,402733,280,5.72
403388,403387,280,5.72
403386,404042,280,0.6
403386,403387,280,0.6
406664,406009,280,0.6
406664,407321,280,0.6
406664,406665,280,0.6
413230,413886,280,5.72
413230,413229,280,5.72
413228,412572,280,0.6
413228,413229,280,0.6
404041,404697,280,0.6
404041,404042,280,0.6
404043,403387,280,5.72
404043,404042,280,5.72
412574,413229,280,5.72
412573,411916,280,5.72
412573,413229,280,5.72
412573,412572,280,5.72
404699,404042,280,5.72
411915,411259,280,0.6
411915,412572,280,0.6
411915,411916,280,0.6
404698,404042,280,5.72
404698,405353,280,5.72
404698,404697,280,5.72
411917,412572,280,5.72
411917,411916,280,5.72
411261,411916,280,5.72
405354,404697,280,5.72
405354,406009,280,5.72
405354,405353,280,5.72
411260,410603,280,5.72
411260,411916,280,5.72
411260,411259,280,5.72
406010,405353,280,5.72
406010,406665,280,5.72
406010,406009,280,5.72
410602,409946,280,0.6
410602,411259,280,0.6
410602,410603,280,0.6
410604,411259,280,5.72
410604,410603,280,5.72
409945,409290,280,0.6
409945,409946,280,0.6
406666,406009,280,5.72
406666,407321,280,5.72
406666,406665,280,5.72
409948,410603,280,5.72
409947,409290,280,5.72
409947,410603,280,5.72
409947,409946,280,5.72
407322,406665,280,5.72
407322,407321,280,5.72
409291,409946,280,5.72
409291,409290,280,5.72
408635,409290,280,5.72
407978,407321,280,5.72
408634,409290,280,5.72
407320,406665,280,0.6
407320,407321,280,0.6
409289,409946,280,0.6
409289,409290,280,0.6
407977,407321,280,0.6
408633,409290,280,0.6
407976,407321,280,0.6
415854,415855,281,0.6
404696,404697,281,0.6
414541,414542,281,0.6
412570,413225,281,0.6
402730,403387,281,0.6
406008,405353,281,0.6
406008,406665,281,0.6
406008,406009,281,0.6
413884,413229,281,0.6
413227,412572,281,0.6
404040,404697,281,0.6
403385,404042,281,0.6
412571,411916,281,0.6
412571,412572,281,0.6
411914,411259,281,0.6
415857,416513,281,5.72
415857,416512,281,5.72
415857,415856,281,5.72
415201,415856,281,5.72
411258,410603,281,0.6
411258,411259,281,0.6
415198,414542,281,0.6
415198,415855,281,0.6
415198,415199,281,0.6
415200,415856,281,5.72
415200,415855,281,5.72
415200,415199,281,5.72
410601,409946,281,0.6
414544,415199,281,5.72
414543,413886,281,5.72
414543,415199,281,5.72
414543,414542,281,5.72
403390,402734,281,5.72
403390,402735,281,5.72
403390,402733,281,5.72
402731,403387,281,0.6
402731,402732,281,0.6
403389,402733,281,5.72
403389,402734,281,5.72
403389,402732,281,5.72
413887,414542,281,5.72
413887,413886,281,5.72
413885,413229,281,0.6
413885,414542,281,0.6
413885,413886,281,0.6
403388,402732,281,5.72
403388,402733,281,5.72
403388,403387,281,5.72
403386,404042,281,0.6
403386,403387,281,0.6
406664,406009,281,0.6
406664,407321,281,0.6
406664,406665,281,0.6
413230,413886,281,5.72
413230,413229,281,5.72
413228,412572,281,0.6
413228,413229,281,0.6
404041,404697,281,0.6
404041,404042,281,0.6
404043,403387,281,5.72
404043,404042,281,5.72
412574,413229,281,5.72
412573,411916,281,5.72
412573,413229,281,5.72
412573,412572,281,5.72
404699,404042,281,5.72
411915,411259,281,0.6
411915,412572,281,0.6
411915,411916,281,0.6
404698,404042,281,5.72
404698,405353,281,5.72
404698,404697,281,5.72
411917,412572,281,5.72
411917,411916,281,5.72
411261,411916,281,5.72
405354,404697,281,5.72
405354,406009,281,5.72
405354,405353,281,5.72
411260,410603,281,5.72
411260,411916,281,5.72
411260,411259,281,5.72
406010,405353,281,5.72
406010,406665,281,5.72
406010,406009,281,5.72
410602,409946,281,0.6
410602,411259,281,0.6
410602,410603,281,0.6
410604,411259,281,5.72
410604,410603,281,5.72
409945,409290,281,0.6
409945,409946,281,0.6
406666,406009,281,5.72
406666,407321,281,5.72
406666,406665,281,5.72
409948,410603,281,5.72
409947,409290,281,5.72
409947,410603,281,5.72
409947,409946,281,5.72
407322,406665,281,5.72
407322,407321,281,5.72
409291,409946,281,5.72
409291,409290,281,5.72
408635,409290,281,5.72
407978,407321,281,5.72
408634,409290,281,5.72
407320,406665,281,0.6
407320,407321,281,0.6
409289,409946,281,0.6
409289,409290,281,0.6
407977,407321,281,0.6
408633,409290,281,0.6
407976,407321,281,0.6
415854,415855,282,0.6
404696,404697,282,0.6
414541,413886,282,0.6
414541,414542,282,0.6
402730,403387,282,0.6
406008,405353,282,0.6
406008,406665,282,0.6
406008,406009,282,0.6
413884,413229,282,0.6
413227,412572,282,0.6
404040,404697,282,0.6
403385,404042,282,0.6
412571,411916,282,0.6
412571,412572,282,0.6
411914,411259,282,0.6
415857,416513,282,5.72
415857,416512,282,5.72
415857,415856,282,5.72
415201,415856,282,5.72
411258,410603,282,0.6
411258,411259,282,0.6
415198,414542,282,0.6
415198,415855,282,0.6
415198,415199,282,0.6
415200,415856,282,5.72
415200,415855,282,5.72
415200,415199,282,5.72
410601,409946,282,0.6
414544,415199,282,5.72
414543,413886,282,5.72
414543,415199,282,5.72
414543,414542,282,5.72
403390,402734,282,5.72
403390,402735,282,5.72
403390,402733,282,5.72
402731,403387,282,0.6
402731,402732,282,0.6
403389,402733,282,5.72
403389,402734,282,5.72
403389,402732,282,5.72
413887,414542,282,5.72
413887,413886,282,5.72
413885,413229,282,0.6
413885,414542,282,0.6
413885,413886,282,0.6
403388,402732,282,5.72
403388,402733,282,5.72
403388,403387,282,5.72
403386,404042,282,0.6
403386,403387,282,0.6
406664,406009,282,0.6
406664,407321,282,0.6
406664,406665,282,0.6
413230,413886,282,5.72
413230,413229,282,5.72
413228,412572,282,0.6
413228,413229,282,0.6
404041,404697,282,0.6
404041,404042,282,0.6
404043,403387,282,5.72
404043,404042,282,5.72
412574,413229,282,5.72
412573,411916,282,5.72
412573,413229,282,5.72
412573,412572,282,5.72
404699,404042,282,5.72
411915,411259,282,0.6
411915,412572,282,0.6
411915,411916,282,0.6
404698,404042,282,5.72
404698,405353,282,5.72
404698,404697,282,5.72
411917,412572,282,5.72
411917,411916,282,5.72
411261,411916,282,5.72
405354,404697,282,5.72
405354,406009,282,5.72
405354,405353,282,5.72
411260,410603,282,5.72
411260,411916,282,5.72
411260,411259,282,5.72
406010,405353,282,5.72
406010,406665,282,5.72
406010,406009,282,5.72
410602,409946,282,0.6
410602,411259,282,0.6
410602,410603,282,0.6
410604,411259,282,5.72
410604,410603,282,5.72
409945,409290,282,0.6
409945,409946,282,0.6
406666,406009,282,5.72
406666,407321,282,5.72
406666,406665,282,5.72
409948,410603,282,5.72
409947,409290,282,5.72
409947,410603,282,5.72
409947,409946,282,5.72
407322,406665,282,5.72
407322,407321,282,5.72
409291,409946,282,5.72
409291,409290,282,5.72
408635,409290,282,5.72
407978,407321,282,5.72
408634,409290,282,5.72
407320,406665,282,0.6
407320,407321,282,0.6
409289,409946,282,0.6
409289,409290,282,0.6
407977,407321,282,0.6
408633,409290,282,0.6
407976,407321,282,0.6
415854,415855,283,0.6
404696,404697,283,0.6
414541,413886,283,0.6
414541,414542,283,0.6
402730,403387,283,0.6
406008,405353,283,0.6
406008,406665,283,0.6
406008,406009,283,0.6
413884,413229,283,0.6
413227,412572,283,0.6
404040,404697,283,0.6
403385,404042,283,0.6
412571,411916,283,0.6
412571,412572,283,0.6
411914,411259,283,0.6
415857,416513,283,5.72
415857,416512,283,5.72
415857,415856,283,5.72
415201,415856,283,5.72
411258,410603,283,0.6
411258,411259,283,0.6
415198,414542,283,0.6
415198,415855,283,0.6
415198,415199,283,0.6
415200,415856,283,5.72
415200,415855,283,5.72
415200,415199,283,5.72
410601,409946,283,0.6
414544,415199,283,5.72
414543,413886,283,5.72
414543,415199,283,5.72
414543,414542,283,5.72
403390,402734,283,5.72
403390,402735,283,5.72
403390,402733,283,5.72
402731,403387,283,0.6
402731,402732,283,0.6
403389,402733,283,5.72
403389,402734,283,5.72
403389,402732,283,5.72
413887,414542,283,5.72
413887,413886,283,5.72
413885,413229,283,0.6
413885,414542,283,0.6
413885,413886,283,0.6
403388,402732,283,5.72
403388,402733,283,5.72
403388,403387,283,5.72
403386,404042,283,0.6
403386,403387,283,0.6
406664,406009,283,0.6
406664,407321,283,0.6
406664,406665,283,0.6
413230,413886,283,5.72
413230,413229,283,5.72
413228,412572,283,0.6
413228,413229,283,0.6
404041,404697,283,0.6
404041,404042,283,0.6
404043,403387,283,5.72
404043,404042,283,5.72
412574,413229,283,5.72
412573,411916,283,5.72
412573,413229,283,5.72
412573,412572,283,5.72
404699,404042,283,5.72
411915,411259,283,0.6
411915,412572,283,0.6
411915,411916,283,0.6
404698,404042,283,5.72
404698,405353,283,5.72
404698,404697,283,5.72
411917,412572,283,5.72
411917,411916,283,5.72
411261,411916,283,5.72
405354,404697,283,5.72
405354,406009,283,5.72
405354,405353,283,5.72
411260,410603,283,5.72
411260,411916,283,5.72
411260,411259,283,5.72
406010,405353,283,5.72
406010,406665,283,5.72
406010,406009,283,5.72
410602,409946,283,0.6
410602,411259,283,0.6
410602,410603,283,0.6
410604,411259,283,5.72
410604,410603,283,5.72
409945,409290,283,0.6
409945,409946,283,0.6
406666,406009,283,5.72
406666,407321,283,5.72
406666,406665,283,5.72
409948,410603,283,5.72
409947,409290,283,5.72
409947,410603,283,5.72
409947,409946,283,5.72
407322,406665,283,5.72
407322,407321,283,5.72
409291,409946,283,5.72
409291,409290,283,5.72
408635,409290,283,5.72
407978,407321,283,5.72
408634,409290,283,5.72
407320,406665,283,0.6
407320,407321,283,0.6
409289,409946,283,0.6
409289,409290,283,0.6
407977,407321,283,0.6
408633,409290,283,0.6
407976,407321,283,0.6
402076,401420,284,0.6
402076,402732,284,0.6
402076,402077,284,0.6
402074,401418,284,0.6
415854,415855,284,0.6
404696,404697,284,0.6
402075,401420,284,0.6
402075,401418,284,0.6
402075,402732,284,0.6
414541,413886,284,0.6
414541,414542,284,0.6
402730,403387,284,0.6
406008,405353,284,0.6
406008,406665,284,0.6
406008,406009,284,0.6
413884,413229,284,0.6
413227,412572,284,0.6
404040,404697,284,0.6
403385,404042,284,0.6
412571,411916,284,0.6
412571,412572,284,0.6
411914,411259,284,0.6
415857,416513,284,5.72
415857,416512,284,5.72
415857,415856,284,5.72
415201,415856,284,5.72
411258,410603,284,0.6
411258,411259,284,0.6
415198,414542,284,0.6
415198,415855,284,0.6
415198,415199,284,0.6
415200,415856,284,5.72
415200,415855,284,5.72
415200,415199,284,5.72
410601,409946,284,0.6
414544,415199,284,5.72
414543,413886,284,5.72
414543,415199,284,5.72
414543,414542,284,5.72
403390,402734,284,5.72
403390,402735,284,5.72
403390,402733,284,5.72
402731,403387,284,0.6
402731,402732,284,0.6
403389,402733,284,5.72
403389,402734,284,5.72
403389,402732,284,5.72
413887,414542,284,5.72
413887,413886,284,5.72
413885,413229,284,0.6
413885,414542,284,0.6
413885,413886,284,0.6
403388,402732,284,5.72
403388,402733,284,5.72
403388,403387,284,5.72
403386,404042,284,0.6
403386,403387,284,0.6
406664,406009,284,0.6
406664,407321,284,0.6
406664,406665,284,0.6
413230,413886,284,5.72
413230,413229,284,5.72
413228,412572,284,0.6
413228,413229,284,0.6
404041,404697,284,0.6
404041,404042,284,0.6
404043,403387,284,5.72
404043,404042,284,5.72
412574,413229,284,5.72
412573,411916,284,5.72
412573,413229,284,5.72
412573,412572,284,5.72
404699,404042,284,5.72
411915,411259,284,0.6
411915,412572,284,0.6
411915,411916,284,0.6
404698,404042,284,5.72
404698,405353,284,5.72
404698,404697,284,5.72
411917,412572,284,5.72
411917,411916,284,5.72
411261,411916,284,5.72
405354,404697,284,5.72
405354,406009,284,5.72
405354,405353,284,5.72
411260,410603,284,5.72
411260,411916,284,5.72
411260,411259,284,5.72
406010,405353,284,5.72
406010,406665,284,5.72
406010,406009,284,5.72
410602,409946,284,0.6
410602,411259,284,0.6
410602,410603,284,0.6
410604,411259,284,5.72
410604,410603,284,5.72
409945,409290,284,0.6
409945,409946,284,0.6
406666,406009,284,5.72
406666,407321,284,5.72
406666,406665,284,5.72
409948,410603,284,5.72
409947,409290,284,5.72
409947,410603,284,5.72
409947,409946,284,5.72
407322,406665,284,5.72
407322,407321,284,5.72
409291,409946,284,5.72
409291,409290,284,5.72
408635,409290,284,5.72
407978,407321,284,5.72
408634,409290,284,5.72
407320,406665,284,0.6
407320,407321,284,0.6
409289,409946,284,0.6
409289,409290,284,0.6
407977,407321,284,0.6
408633,409290,284,0.6
407976,407321,284,0.6
414547,414548,285,0.6
413890,413234,285,0.6
402076,402732,285,0.6
415854,415855,285,0.6
404696,404697,285,0.6
402075,402732,285,0.6
414541,413886,285,0.6
414541,414542,285,0.6
402730,403387,285,0.6
406008,405353,285,0.6
406008,406665,285,0.6
406008,406009,285,0.6
413884,413229,285,0.6
413227,412572,285,0.6
404040,404697,285,0.6
403385,404042,285,0.6
412571,411916,285,0.6
412571,412572,285,0.6
411914,411259,285,0.6
415857,416513,285,5.72
415857,416512,285,5.72
415857,415856,285,5.72
415201,415856,285,5.72
411258,410603,285,0.6
411258,411259,285,0.6
415198,414542,285,0.6
415198,415855,285,0.6
415198,415199,285,0.6
415200,415856,285,5.72
415200,415855,285,5.72
415200,415199,285,5.72
410601,409946,285,0.6
414544,415199,285,5.72
414543,413886,285,5.72
414543,415199,285,5.72
414543,414542,285,5.72
403390,402734,285,5.72
403390,402735,285,5.72
403390,402733,285,5.72
402731,403387,285,0.6
402731,402732,285,0.6
403389,402733,285,5.72
403389,402734,285,5.72
403389,402732,285,5.72
413887,414542,285,5.72
413887,413886,285,5.72
413885,413229,285,0.6
413885,414542,285,0.6
413885,413886,285,0.6
403388,402732,285,5.72
403388,402733,285,5.72
403388,403387,285,5.72
403386,404042,285,0.6
403386,403387,285,0.6
406664,406009,285,0.6
406664,407321,285,0.6
406664,406665,285,0.6
413230,413886,285,5.72
413230,413229,285,5.72
413228,412572,285,0.6
413228,413229,285,0.6
404041,404697,285,0.6
404041,404042,285,0.6
404043,403387,285,5.72
404043,404042,285,5.72
412574,413229,285,5.72
412573,411916,285,5.72
412573,413229,285,5.72
412573,412572,285,5.72
404699,404042,285,5.72
411915,411259,285,0.6
411915,412572,285,0.6
411915,411916,285,0.6
404698,404042,285,5.72
404698,405353,285,5.72
404698,404697,285,5.72
411917,412572,285,5.72
411917,411916,285,5.72
411261,411916,285,5.72
405354,404697,285,5.72
405354,406009,285,5.72
405354,405353,285,5.72
411260,410603,285,5.72
411260,411916,285,5.72
411260,411259,285,5.72
406010,405353,285,5.72
406010,406665,285,5.72
406010,406009,285,5.72
410602,409946,285,0.6
410602,411259,285,0.6
410602,410603,285,0.6
410604,411259,285,5.72
410604,410603,285,5.72
409945,409290,285,0.6
409945,409946,285,0.6
406666,406009,285,5.72
406666,407321,285,5.72
406666,406665,285,5.72
409948,410603,285,5.72
409947,409290,285,5.72
409947,410603,285,5.72
409947,409946,285,5.72
407322,406665,285,5.72
407322,407321,285,5.72
409291,409946,285,5.72
409291,409290,285,5.72
408635,409290,285,5.72
407978,407321,285,5.72
408634,409290,285,5.72
407320,406665,285,0.6
407320,407321,285,0.6
409289,409946,285,0.6
409289,409290,285,0.6
407977,407321,285,0.6
408633,409290,285,0.6
407976,407321,285,0.6
402076,402732,286,0.6
415854,415855,286,0.6
404696,404697,286,0.6
402075,402732,286,0.6
414541,413886,286,0.6
414541,414542,286,0.6
402730,403387,286,0.6
406008,405353,286,0.6
406008,406665,286,0.6
406008,406009,286,0.6
413884,413229,286,0.6
413227,412572,286,0.6
404040,404697,286,0.6
403385,404042,286,0.6
412571,411916,286,0.6
412571,412572,286,0.6
411914,411259,286,0.6
415857,416513,286,5.72
415857,416512,286,5.72
415857,415856,286,5.72
415201,415856,286,5.72
411258,410603,286,0.6
411258,411259,286,0.6
415198,414542,286,0.6
415198,415855,286,0.6
415198,415199,286,0.6
415200,415856,286,5.72
415200,415855,286,5.72
415200,415199,286,5.72
410601,409946,286,0.6
414544,415199,286,5.72
414543,413886,286,5.72
414543,415199,286,5.72
414543,414542,286,5.72
403390,402734,286,5.72
403390,402735,286,5.72
403390,402733,286,5.72
402731,403387,286,0.6
402731,402732,286,0.6
403389,402733,286,5.72
403389,402734,286,5.72
403389,402732,286,5.72
413887,414542,286,5.72
413887,413886,286,5.72
413885,413229,286,0.6
413885,414542,286,0.6
413885,413886,286,0.6
403388,402732,286,5.72
403388,402733,286,5.72
403388,403387,286,5.72
403386,404042,286,0.6
403386,403387,286,0.6
406664,406009,286,0.6
406664,407321,286,0.6
406664,406665,286,0.6
413230,413886,286,5.72
413230,413229,286,5.72
413228,412572,286,0.6
413228,413229,286,0.6
404041,404697,286,0.6
404041,404042,286,0.6
404043,403387,286,5.72
404043,404042,286,5.72
412574,413229,286,5.72
412573,411916,286,5.72
412573,413229,286,5.72
412573,412572,286,5.72
404699,404042,286,5.72
411915,411259,286,0.6
411915,412572,286,0.6
411915,411916,286,0.6
404698,404042,286,5.72
404698,405353,286,5.72
404698,404697,286,5.72
411917,412572,286,5.72
411917,411916,286,5.72
411261,411916,286,5.72
405354,404697,286,5.72
405354,406009,286,5.72
405354,405353,286,5.72
411260,410603,286,5.72
411260,411916,286,5.72
411260,411259,286,5.72
406010,405353,286,5.72
406010,406665,286,5.72
406010,406009,286,5.72
410602,409946,286,0.6
410602,411259,286,0.6
410602,410603,286,0.6
410604,411259,286,5.72
410604,410603,286,5.72
409945,409290,286,0.6
409945,409946,286,0.6
406666,406009,286,5.72
406666,407321,286,5.72
406666,406665,286,5.72
409948,410603,286,5.72
409947,409290,286,5.72
409947,410603,286,5.72
409947,409946,286,5.72
407322,406665,286,5.72
407322,407321,286,5.72
409291,409946,286,5.72
409291,409290,286,5.72
408635,409290,286,5.72
407978,407321,286,5.72
408634,409290,286,5.72
407320,406665,286,0.6
407320,407321,286,0.6
409289,409946,286,0.6
409289,409290,286,0.6
407977,407321,286,0.6
408633,409290,286,0.6
407976,407321,286,0.6
402076,402732,287,0.6
415854,415855,287,0.6
404696,404697,287,0.6
406661,406004,287,0.6
410597,411252,287,0.6
402075,402732,287,0.6
414541,413886,287,0.6
414541,414542,287,0.6
402730,403387,287,0.6
406008,405353,287,0.6
406008,406665,287,0.6
406008,406009,287,0.6
413884,413229,287,0.6
413227,412572,287,0.6
404040,404697,287,0.6
403385,404042,287,0.6
412571,411916,287,0.6
412571,412572,287,0.6
411914,411259,287,0.6
415857,416513,287,5.72
415857,416512,287,5.72
415857,415856,287,5.72
415201,415856,287,5.72
411258,410603,287,0.6
411258,411259,287,0.6
415198,414542,287,0.6
415198,415855,287,0.6
415198,415199,287,0.6
415200,415856,287,5.72
415200,415855,287,5.72
415200,415199,287,5.72
410601,409946,287,0.6
414544,415199,287,5.72
414543,413886,287,5.72
414543,415199,287,5.72
414543,414542,287,5.72
403390,402734,287,5.72
403390,402735,287,5.72
403390,402733,287,5.72
402731,403387,287,0.6
402731,402732,287,0.6
403389,402733,287,5.72
403389,402734,287,5.72
403389,402732,287,5.72
413887,414542,287,5.72
413887,413886,287,5.72
413885,413229,287,0.6
413885,414542,287,0.6
413885,413886,287,0.6
403388,402732,287,5.72
403388,402733,287,5.72
403388,403387,287,5.72
403386,404042,287,0.6
403386,403387,287,0.6
406664,406009,287,0.6
406664,407321,287,0.6
406664,406665,287,0.6
413230,413886,287,5.72
413230,413229,287,5.72
413228,412572,287,0.6
413228,413229,287,0.6
404041,404697,287,0.6
404041,404042,287,0.6
404043,403387,287,5.72
404043,404042,287,5.72
412574,413229,287,5.72
412573,411916,287,5.72
412573,413229,287,5.72
412573,412572,287,5.72
404699,404042,287,5.72
411915,411259,287,0.6
411915,412572,287,0.6
411915,411916,287,0.6
404698,404042,287,5.72
404698,405353,287,5.72
404698,404697,287,5.72
411917,412572,287,5.72
411917,411916,287,5.72
411261,411916,287,5.72
405354,404697,287,5.72
405354,406009,287,5.72
405354,405353,287,5.72
411260,410603,287,5.72
411260,411916,287,5.72
411260,411259,287,5.72
406010,405353,287,5.72
406010,406665,287,5.72
406010,406009,287,5.72
410602,409946,287,0.6
410602,411259,287,0.6
410602,410603,287,0.6
410604,411259,287,5.72
410604,410603,287,5.72
409945,409290,287,0.6
409945,409946,287,0.6
406666,406009,287,5.72
406666,407321,287,5.72
406666,406665,287,5.72
409948,410603,287,5.72
409947,409290,287,5.72
409947,410603,287,5.72
409947,409946,287,5.72
407322,406665,287,5.72
407322,407321,287,5.72
409291,409946,287,5.72
409291,409290,287,5.72
408635,409290,287,5.72
407978,407321,287,5.72
408634,409290,287,5.72
407320,406665,287,0.6
407320,407321,287,0.6
409289,409946,287,0.6
409289,409290,287,0.6
407977,407321,287,0.6
408633,409290,287,0.6
407976,407321,287,0.6
402076,402732,288,0.6
415854,415855,288,0.6
404696,404697,288,0.6
402075,402732,288,0.6
414541,413886,288,0.6
414541,414542,288,0.6
402730,403387,288,0.6
406008,405353,288,0.6
406008,406665,288,0.6
406008,406009,288,0.6
413884,413229,288,0.6
413227,412572,288,0.6
404040,404697,288,0.6
403385,404042,288,0.6
412571,411916,288,0.6
412571,412572,288,0.6
411914,411259,288,0.6
415857,416513,288,5.72
415857,416512,288,5.72
415857,415856,288,5.72
415201,415856,288,5.72
411258,410603,288,0.6
411258,411259,288,0.6
415198,414542,288,0.6
415198,415855,288,0.6
415198,415199,288,0.6
415200,415856,288,5.72
415200,415855,288,5.72
415200,415199,288,5.72
410601,409946,288,0.6
414544,415199,288,5.72
414543,413886,288,5.72
414543,415199,288,5.72
414543,414542,288,5.72
403390,402734,288,5.72
403390,402735,288,5.72
403390,402733,288,5.72
402731,403387,288,0.6
402731,402732,288,0.6
403389,402733,288,5.72
403389,402734,288,5.72
403389,402732,288,5.72
413887,414542,288,5.72
413887,413886,288,5.72
413885,413229,288,0.6
413885,414542,288,0.6
413885,413886,288,0.6
403388,402732,288,5.72
403388,402733,288,5.72
403388,403387,288,5.72
403386,404042,288,0.6
403386,403387,288,0.6
406664,406009,288,0.6
406664,407321,288,0.6
406664,406665,288,0.6
413230,413886,288,5.72
413230,413229,288,5.72
413228,412572,288,0.6
413228,413229,288,0.6
404041,404697,288,0.6
404041,404042,288,0.6
404043,403387,288,5.72
404043,404042,288,5.72
412574,413229,288,5.72
412573,411916,288,5.72
412573,413229,288,5.72
412573,412572,288,5.72
404699,404042,288,5.72
411915,411259,288,0.6
411915,412572,288,0.6
411915,411916,288,0.6
404698,404042,288,5.72
404698,405353,288,5.72
404698,404697,288,5.72
411917,412572,288,5.72
411917,411916,288,5.72
411261,411916,288,5.72
405354,404697,288,5.72
405354,406009,288,5.72
405354,405353,288,5.72
411260,410603,288,5.72
411260,411916,288,5.72
411260,411259,288,5.72
406010,405353,288,5.72
406010,406665,288,5.72
406010,406009,288,5.72
410602,409946,288,0.6
410602,411259,288,0.6
410602,410603,288,0.6
410604,411259,288,5.72
410604,410603,288,5.72
409945,409290,288,0.6
409945,409946,288,0.6
406666,406009,288,5.72
406666,407321,288,5.72
406666,406665,288,5.72
409948,410603,288,5.72
409947,409290,288,5.72
409947,410603,288,5.72
409947,409946,288,5.72
407322,406665,288,5.72
407322,407321,288,5.72
409291,409946,288,5.72
409291,409290,288,5.72
408635,409290,288,5.72
407978,407321,288,5.72
408634,409290,288,5.72
407320,406665,288,0.6
407320,407321,288,0.6
409289,409946,288,0.6
409289,409290,288,0.6
407977,407321,288,0.6
408633,409290,288,0.6
407976,407321,288,0.6
402076,402732,289,0.6
415854,415855,289,0.6
404696,405353,289,0.6
404696,404697,289,0.6
403384,402727,289,0.6
402075,402732,289,0.6
414541,413886,289,0.6
414541,414542,289,0.6
402730,403387,289,0.6
406008,405353,289,0.6
406008,406665,289,0.6
406008,406009,289,0.6
413884,413229,289,0.6
413227,412572,289,0.6
404040,404697,289,0.6
403385,404042,289,0.6
412571,411916,289,0.6
412571,412572,289,0.6
411914,411259,289,0.6
415857,416513,289,5.72
415857,416512,289,5.72
415857,415856,289,5.72
415201,415856,289,5.72
411258,410603,289,0.6
411258,411259,289,0.6
415198,414542,289,0.6
415198,415855,289,0.6
415198,415199,289,0.6
415200,415856,289,5.72
415200,415855,289,5.72
415200,415199,289,5.72
410601,409946,289,0.6
414544,415199,289,5.72
414543,413886,289,5.72
414543,415199,289,5.72
414543,414542,289,5.72
403390,402734,289,5.72
403390,402735,289,5.72
403390,402733,289,5.72
402731,403387,289,0.6
402731,402732,289,0.6
403389,402733,289,5.72
403389,402734,289,5.72
403389,402732,289,5.72
413887,414542,289,5.72
413887,413886,289,5.72
413885,413229,289,0.6
413885,414542,289,0.6
413885,413886,289,0.6
403388,402732,289,5.72
403388,402733,289,5.72
403388,403387,289,5.72
403386,404042,289,0.6
403386,403387,289,0.6
406664,406009,289,0.6
406664,407321,289,0.6
406664,406665,289,0.6
413230,413886,289,5.72
413230,413229,289,5.72
413228,412572,289,0.6
413228,413229,289,0.6
404041,404697,289,0.6
404041,404042,289,0.6
404043,403387,289,5.72
404043,404042,289,5.72
412574,413229,289,5.72
412573,411916,289,5.72
412573,413229,289,5.72
412573,412572,289,5.72
404699,404042,289,5.72
411915,411259,289,0.6
411915,412572,289,0.6
411915,411916,289,0.6
404698,404042,289,5.72
404698,405353,289,5.72
404698,404697,289,5.72
411917,412572,289,5.72
411917,411916,289,5.72
411261,411916,289,5.72
405354,404697,289,5.72
405354,406009,289,5.72
405354,405353,289,5.72
411260,410603,289,5.72
411260,411916,289,5.72
411260,411259,289,5.72
406010,405353,289,5.72
406010,406665,289,5.72
406010,406009,289,5.72
410602,409946,289,0.6
410602,411259,289,0.6
410602,410603,289,0.6
410604,411259,289,5.72
410604,410603,289,5.72
409945,409290,289,0.6
409945,409946,289,0.6
406666,406009,289,5.72
406666,407321,289,5.72
406666,406665,289,5.72
409948,410603,289,5.72
409947,409290,289,5.72
409947,410603,289,5.72
409947,409946,289,5.72
407322,406665,289,5.72
407322,407321,289,5.72
409291,409946,289,5.72
409291,409290,289,5.72
408635,409290,289,5.72
407978,407321,289,5.72
408634,409290,289,5.72
407320,406665,289,0.6
407320,407321,289,0.6
409289,409946,289,0.6
409289,409290,289,0.6
407977,407321,289,0.6
408633,409290,289,0.6
407976,407321,289,0.6
402076,402732,290,0.6
415854,415855,290,0.6
404696,405353,290,0.6
404696,404697,290,0.6
402075,402732,290,0.6
414541,413886,290,0.6
414541,414542,290,0.6
402730,403387,290,0.6
406008,405353,290,0.6
406008,406665,290,0.6
406008,406009,290,0.6
413884,413229,290,0.6
413227,412572,290,0.6
404040,404697,290,0.6
403385,404042,290,0.6
412571,411916,290,0.6
412571,412572,290,0.6
411914,411259,290,0.6
415857,416513,290,5.72
415857,416512,290,5.72
415857,415856,290,5.72
415201,415856,290,5.72
411258,410603,290,0.6
411258,411259,290,0.6
415198,414542,290,0.6
415198,415855,290,0.6
415198,415199,290,0.6
415200,415856,290,5.72
415200,415855,290,5.72
415200,415199,290,5.72
410601,409946,290,0.6
414544,415199,290,5.72
414543,413886,290,5.72
414543,415199,290,5.72
414543,414542,290,5.72
403390,402734,290,5.72
403390,402735,290,5.72
403390,402733,290,5.72
402731,403387,290,0.6
402731,402732,290,0.6
403389,402733,290,5.72
403389,402734,290,5.72
403389,402732,290,5.72
413887,414542,290,5.72
413887,413886,290,5.72
413885,413229,290,0.6
413885,414542,290,0.6
413885,413886,290,0.6
403388,402732,290,5.72
403388,402733,290,5.72
403388,403387,290,5.72
403386,404042,290,0.6
403386,403387,290,0.6
406664,406009,290,0.6
406664,407321,290,0.6
406664,406665,290,0.6
413230,413886,290,5.72
413230,413229,290,5.72
413228,412572,290,0.6
413228,413229,290,0.6
404041,404697,290,0.6
404041,404042,290,0.6
404043,403387,290,5.72
404043,404042,290,5.72
412574,413229,290,5.72
412573,411916,290,5.72
412573,413229,290,5.72
412573,412572,290,5.72
404699,404042,290,5.72
411915,411259,290,0.6
411915,412572,290,0.6
411915,411916,290,0.6
404698,404042,290,5.72
404698,405353,290,5.72
404698,404697,290,5.72
411917,412572,290,5.72
411917,411916,290,5.72
411261,411916,290,5.72
405354,404697,290,5.72
405354,406009,290,5.72
405354,405353,290,5.72
411260,410603,290,5.72
411260,411916,290,5.72
411260,411259,290,5.72
406010,405353,290,5.72
406010,406665,290,5.72
406010,406009,290,5.72
410602,409946,290,0.6
410602,411259,290,0.6
410602,410603,290,0.6
410604,411259,290,5.72
410604,410603,290,5.72
409945,409290,290,0.6
409945,409946,290,0.6
406666,406009,290,5.72
406666,407321,290,5.72
406666,406665,290,5.72
409948,410603,290,5.72
409947,409290,290,5.72
409947,410603,290,5.72
409947,409946,290,5.72
407322,406665,290,5.72
407322,407321,290,5.72
409291,409946,290,5.72
409291,409290,290,5.72
408635,409290,290,5.72
407978,407321,290,5.72
408634,409290,290,5.72
407320,406665,290,0.6
407320,407321,290,0.6
409289,409946,290,0.6
409289,409290,290,0.6
407977,407321,290,0.6
408633,409290,290,0.6
407976,407321,290,0.6
402076,402732,291,0.6
415854,415855,291,0.6
404696,405353,291,0.6
404696,404697,291,0.6
402075,402732,291,0.6
414541,413886,291,0.6
414541,414542,291,0.6
402730,403387,291,0.6
406008,405353,291,0.6
406008,406665,291,0.6
406008,406009,291,0.6
413884,413229,291,0.6
413227,412572,291,0.6
404040,404697,291,0.6
403385,404042,291,0.6
412571,411916,291,0.6
412571,412572,291,0.6
411914,411259,291,0.6
415857,416513,291,5.72
415857,416512,291,5.72
415857,415856,291,5.72
415201,415856,291,5.72
411258,410603,291,0.6
411258,411259,291,0.6
415198,414542,291,0.6
415198,415855,291,0.6
415198,415199,291,0.6
415200,415856,291,5.72
415200,415855,291,5.72
415200,415199,291,5.72
410601,409946,291,0.6
414544,415199,291,5.72
414543,413886,291,5.72
414543,415199,291,5.72
414543,414542,291,5.72
403390,402734,291,5.72
403390,402735,291,5.72
403390,402733,291,5.72
402731,403387,291,0.6
402731,402732,291,0.6
403389,402733,291,5.72
403389,402734,291,5.72
403389,402732,291,5.72
413887,414542,291,5.72
413887,413886,291,5.72
413885,413229,291,0.6
413885,414542,291,0.6
413885,413886,291,0.6
403388,402732,291,5.72
403388,402733,291,5.72
403388,403387,291,5.72
403386,404042,291,0.6
403386,403387,291,0.6
406664,406009,291,0.6
406664,407321,291,0.6
406664,406665,291,0.6
413230,413886,291,5.72
413230,413229,291,5.72
413228,412572,291,0.6
413228,413229,291,0.6
404041,404697,291,0.6
404041,404042,291,0.6
404043,403387,291,5.72
404043,404042,291,5.72
412574,413229,291,5.72
412573,411916,291,5.72
412573,413229,291,5.72
412573,412572,291,5.72
404699,404042,291,5.72
411915,411259,291,0.6
411915,412572,291,0.6
411915,411916,291,0.6
404698,404042,291,5.72
404698,405353,291,5.72
404698,404697,291,5.72
411917,412572,291,5.72
411917,411916,291,5.72
411261,411916,291,5.72
405354,404697,291,5.72
405354,406009,291,5.72
405354,405353,291,5.72
411260,410603,291,5.72
411260,411916,291,5.72
411260,411259,291,5.72
406010,405353,291,5.72
406010,406665,291,5.72
406010,406009,291,5.72
410602,409946,291,0.6
410602,411259,291,0.6
410602,410603,291,0.6
410604,411259,291,5.72
410604,410603,291,5.72
409945,409290,291,0.6
409945,409946,291,0.6
406666,406009,291,5.72
406666,407321,291,5.72
406666,406665,291,5.72
409948,410603,291,5.72
409947,409290,291,5.72
409947,410603,291,5.72
409947,409946,291,5.72
407322,406665,291,5.72
407322,407321,291,5.72
409291,409946,291,5.72
409291,409290,291,5.72
408635,409290,291,5.72
407978,407321,291,5.72
408634,409290,291,5.72
407320,406665,291,0.6
407320,407321,291,0.6
409289,409946,291,0.6
409289,409290,291,0.6
407977,407321,291,0.6
408633,409290,291,0.6
407976,407321,291,0.6
410608,410609,292,0.6
402076,402732,292,0.6
415854,415855,292,0.6
404696,405353,292,0.6
404696,404697,292,0.6
402075,402732,292,0.6
414541,413886,292,0.6
414541,414542,292,0.6
402730,403387,292,0.6
406008,405353,292,0.6
406008,406665,292,0.6
406008,406009,292,0.6
413884,413229,292,0.6
413227,412572,292,0.6
404040,404697,292,0.6
403385,404042,292,0.6
412571,411916,292,0.6
412571,412572,292,0.6
411914,411259,292,0.6
415857,416513,292,5.72
415857,416512,292,5.72
415857,415856,292,5.72
415201,415856,292,5.72
411258,410603,292,0.6
411258,411259,292,0.6
415198,414542,292,0.6
415198,415855,292,0.6
415198,415199,292,0.6
415200,415856,292,5.72
415200,415855,292,5.72
415200,415199,292,5.72
410601,409946,292,0.6
414544,415199,292,5.72
414543,413886,292,5.72
414543,415199,292,5.72
414543,414542,292,5.72
403390,402734,292,5.72
403390,402735,292,5.72
403390,402733,292,5.72
402731,403387,292,0.6
402731,402732,292,0.6
403389,402733,292,5.72
403389,402734,292,5.72
403389,402732,292,5.72
413887,414542,292,5.72
413887,413886,292,5.72
413885,413229,292,0.6
413885,414542,292,0.6
413885,413886,292,0.6
403388,402732,292,5.72
403388,402733,292,5.72
403388,403387,292,5.72
403386,404042,292,0.6
403386,403387,292,0.6
406664,406009,292,0.6
406664,407321,292,0.6
406664,406665,292,0.6
413230,413886,292,5.72
413230,413229,292,5.72
413228,412572,292,0.6
413228,413229,292,0.6
404041,404697,292,0.6
404041,404042,292,0.6
404043,403387,292,5.72
404043,404042,292,5.72
412574,413229,292,5.72
412573,411916,292,5.72
412573,413229,292,5.72
412573,412572,292,5.72
404699,404042,292,5.72
411915,411259,292,0.6
411915,412572,292,0.6
411915,411916,292,0.6
404698,404042,292,5.72
404698,405353,292,5.72
404698,404697,292,5.72
411917,412572,292,5.72
411917,411916,292,5.72
411261,411916,292,5.72
405354,404697,292,5.72
405354,406009,292,5.72
405354,405353,292,5.72
411260,410603,292,5.72
411260,411916,292,5.72
411260,411259,292,5.72
406010,405353,292,5.72
406010,406665,292,5.72
406010,406009,292,5.72
410602,409946,292,0.6
410602,411259,292,0.6
410602,410603,292,0.6
410604,411259,292,5.72
410604,410603,292,5.72
409945,409290,292,0.6
409945,409946,292,0.6
406666,406009,292,5.72
406666,407321,292,5.72
406666,406665,292,5.72
409948,410603,292,5.72
409947,409290,292,5.72
409947,410603,292,5.72
409947,409946,292,5.72
407322,406665,292,5.72
407322,407321,292,5.72
409291,409946,292,5.72
409291,409290,292,5.72
408635,409290,292,5.72
407978,407321,292,5.72
408634,409290,292,5.72
407320,406665,292,0.6
407320,407321,292,0.6
409289,409946,292,0.6
409289,409290,292,0.6
407977,407321,292,0.6
408633,409290,292,0.6
407976,407321,292,0.6
402076,402732,293,0.6
415854,415855,293,0.6
404696,405353,293,0.6
404696,404697,293,0.6
402075,402732,293,0.6
414541,413886,293,0.6
414541,414542,293,0.6
402730,403387,293,0.6
406008,405353,293,0.6
406008,406665,293,0.6
406008,406009,293,0.6
413884,413229,293,0.6
413227,412572,293,0.6
404040,404697,293,0.6
403385,404042,293,0.6
412571,411916,293,0.6
412571,412572,293,0.6
411914,411259,293,0.6
415857,416513,293,5.72
415857,416512,293,5.72
415857,415856,293,5.72
415201,415856,293,5.72
411258,410603,293,0.6
411258,411259,293,0.6
415198,414542,293,0.6
415198,415855,293,0.6
415198,415199,293,0.6
415200,415856,293,5.72
415200,415855,293,5.72
415200,415199,293,5.72
410601,409946,293,0.6
414544,415199,293,5.72
414543,413886,293,5.72
414543,415199,293,5.72
414543,414542,293,5.72
403390,402734,293,5.72
403390,402735,293,5.72
403390,402733,293,5.72
402731,403387,293,0.6
402731,402732,293,0.6
403389,402733,293,5.72
403389,402734,293,5.72
403389,402732,293,5.72
413887,414542,293,5.72
413887,413886,293,5.72
413885,413229,293,0.6
413885,414542,293,0.6
413885,413886,293,0.6
403388,402732,293,5.72
403388,402733,293,5.72
403388,403387,293,5.72
403386,404042,293,0.6
403386,403387,293,0.6
406664,406009,293,0.6
406664,407321,293,0.6
406664,406665,293,0.6
413230,413886,293,5.72
413230,413229,293,5.72
413228,412572,293,0.6
413228,413229,293,0.6
404041,404697,293,0.6
404041,404042,293,0.6
404043,403387,293,5.72
404043,404042,293,5.72
412574,413229,293,5.72
412573,411916,293,5.72
412573,413229,293,5.72
412573,412572,293,5.72
404699,404042,293,5.72
411915,411259,293,0.6
411915,412572,293,0.6
411915,411916,293,0.6
404698,404042,293,5.72
404698,405353,293,5.72
404698,404697,293,5.72
411917,412572,293,5.72
411917,411916,293,5.72
411261,411916,293,5.72
405354,404697,293,5.72
405354,406009,293,5.72
405354,405353,293,5.72
411260,410603,293,5.72
411260,411916,293,5.72
411260,411259,293,5.72
406010,405353,293,5.72
406010,406665,293,5.72
406010,406009,293,5.72
410602,409946,293,0.6
410602,411259,293,0.6
410602,410603,293,0.6
410604,411259,293,5.72
410604,410603,293,5.72
409945,409290,293,0.6
409945,409946,293,0.6
406666,406009,293,5.72
406666,407321,293,5.72
406666,406665,293,5.72
409948,410603,293,5.72
409947,409290,293,5.72
409947,410603,293,5.72
409947,409946,293,5.72
407322,406665,293,5.72
407322,407321,293,5.72
409291,409946,293,5.72
409291,409290,293,5.72
408635,409290,293,5.72
407978,407321,293,5.72
408634,409290,293,5.72
407320,406665,293,0.6
407320,407321,293,0.6
409289,409946,293,0.6
409289,409290,293,0.6
407977,407321,293,0.6
408633,409290,293,0.6
407976,407321,293,0.6
402076,402732,294,0.6
415854,415855,294,0.6
404696,405353,294,0.6
404696,404697,294,0.6
402075,402732,294,0.6
414541,413886,294,0.6
414541,414542,294,0.6
402730,403387,294,0.6
406008,405353,294,0.6
406008,406665,294,0.6
406008,406009,294,0.6
413884,413229,294,0.6
413227,412572,294,0.6
404040,404697,294,0.6
403385,404042,294,0.6
412571,411916,294,0.6
412571,412572,294,0.6
411914,411259,294,0.6
415857,416513,294,5.72
415857,416512,294,5.72
415857,415856,294,5.72
415201,415856,294,5.72
411258,410603,294,0.6
411258,411259,294,0.6
415198,414542,294,0.6
415198,415855,294,0.6
415198,415199,294,0.6
415200,415856,294,5.72
415200,415855,294,5.72
415200,415199,294,5.72
410601,409946,294,0.6
414544,415199,294,5.72
414543,413886,294,5.72
414543,415199,294,5.72
414543,414542,294,5.72
403390,402734,294,5.72
403390,402735,294,5.72
403390,402733,294,5.72
402731,403387,294,0.6
402731,402732,294,0.6
403389,402733,294,5.72
403389,402734,294,5.72
403389,402732,294,5.72
413887,414542,294,5.72
413887,413886,294,5.72
413885,413229,294,0.6
413885,414542,294,0.6
413885,413886,294,0.6
403388,402732,294,5.72
403388,402733,294,5.72
403388,403387,294,5.72
403386,404042,294,0.6
403386,403387,294,0.6
406664,406009,294,0.6
406664,407321,294,0.6
406664,406665,294,0.6
413230,413886,294,5.72
413230,413229,294,5.72
413228,412572,294,0.6
413228,413229,294,0.6
404041,404697,294,0.6
404041,404042,294,0.6
404043,403387,294,5.72
404043,404042,294,5.72
412574,413229,294,5.72
412573,411916,294,5.72
412573,413229,294,5.72
412573,412572,294,5.72
404699,404042,294,5.72
411915,411259,294,0.6
411915,412572,294,0.6
411915,411916,294,0.6
404698,404042,294,5.72
404698,405353,294,5.72
404698,404697,294,5.72
411917,412572,294,5.72
411917,411916,294,5.72
411261,411916,294,5.72
405354,404697,294,5.72
405354,406009,294,5.72
405354,405353,294,5.72
411260,410603,294,5.72
411260,411916,294,5.72
411260,411259,294,5.72
406010,405353,294,5.72
406010,406665,294,5.72
406010,406009,294,5.72
410602,409946,294,0.6
410602,411259,294,0.6
410602,410603,294,0.6
410604,411259,294,5.72
410604,410603,294,5.72
409945,409290,294,0.6
409945,409946,294,0.6
406666,406009,294,5.72
406666,407321,294,5.72
406666,406665,294,5.72
409948,410603,294,5.72
409947,409290,294,5.72
409947,410603,294,5.72
409947,409946,294,5.72
407322,406665,294,5.72
407322,407321,294,5.72
409291,409946,294,5.72
409291,409290,294,5.72
408635,409290,294,5.72
407978,407321,294,5.72
408634,409290,294,5.72
407320,406665,294,0.6
407320,407321,294,0.6
409289,409946,294,0.6
409289,409290,294,0.6
407977,407321,294,0.6
408633,409290,294,0.6
407976,407321,294,0.6
402076,402732,295,0.6
415854,415855,295,0.6
413883,414538,295,0.6
404696,405353,295,0.6
404696,404697,295,0.6
402075,402732,295,0.6
414541,413886,295,0.6
414541,414542,295,0.6
402730,403387,295,0.6
406008,405353,295,0.6
406008,406665,295,0.6
406008,406009,295,0.6
413884,413229,295,0.6
413227,412572,295,0.6
404040,404697,295,0.6
403385,404042,295,0.6
412571,411916,295,0.6
412571,412572,295,0.6
411914,411259,295,0.6
415857,416513,295,5.72
415857,416512,295,5.72
415857,415856,295,5.72
415201,415856,295,5.72
411258,410603,295,0.6
411258,411259,295,0.6
415198,414542,295,0.6
415198,415855,295,0.6
415198,415199,295,0.6
415200,415856,295,5.72
415200,415855,295,5.72
415200,415199,295,5.72
410601,409946,295,0.6
414544,415199,295,5.72
414543,413886,295,5.72
414543,415199,295,5.72
414543,414542,295,5.72
403390,402734,295,5.72
403390,402735,295,5.72
403390,402733,295,5.72
402731,403387,295,0.6
402731,402732,295,0.6
403389,402733,295,5.72
403389,402734,295,5.72
403389,402732,295,5.72
413887,414542,295,5.72
413887,413886,295,5.72
413885,413229,295,0.6
413885,414542,295,0.6
413885,413886,295,0.6
403388,402732,295,5.72
403388,402733,295,5.72
403388,403387,295,5.72
403386,404042,295,0.6
403386,403387,295,0.6
406664,406009,295,0.6
406664,407321,295,0.6
406664,406665,295,0.6
413230,413886,295,5.72
413230,413229,295,5.72
413228,412572,295,0.6
413228,413229,295,0.6
404041,404697,295,0.6
404041,404042,295,0.6
404043,403387,295,5.72
404043,404042,295,5.72
412574,413229,295,5.72
412573,411916,295,5.72
412573,413229,295,5.72
412573,412572,295,5.72
404699,404042,295,5.72
411915,411259,295,0.6
411915,412572,295,0.6
411915,411916,295,0.6
404698,404042,295,5.72
404698,405353,295,5.72
404698,404697,295,5.72
411917,412572,295,5.72
411917,411916,295,5.72
411261,411916,295,5.72
405354,404697,295,5.72
405354,406009,295,5.72
405354,405353,295,5.72
411260,410603,295,5.72
411260,411916,295,5.72
411260,411259,295,5.72
406010,405353,295,5.72
406010,406665,295,5.72
406010,406009,295,5.72
410602,409946,295,0.6
410602,411259,295,0.6
410602,410603,295,0.6
410604,411259,295,5.72
410604,410603,295,5.72
409945,409290,295,0.6
409945,409946,295,0.6
406666,406009,295,5.72
406666,407321,295,5.72
406666,406665,295,5.72
409948,410603,295,5.72
409947,409290,295,5.72
409947,410603,295,5.72
409947,409946,295,5.72
407322,406665,295,5.72
407322,407321,295,5.72
409291,409946,295,5.72
409291,409290,295,5.72
408635,409290,295,5.72
407978,407321,295,5.72
408634,409290,295,5.72
407320,406665,295,0.6
407320,407321,295,0.6
409289,409946,295,0.6
409289,409290,295,0.6
407977,407321,295,0.6
408633,409290,295,0.6
407976,407321,295,0.6
409940,409939,296,0.6
406006,405350,296,0.6
404704,405360,296,0.6
404704,404705,296,0.6
415853,416509,296,0.6
415853,415852,296,0.6
404702,405358,296,0.6
404702,404701,296,0.6
411254,411910,296,0.6
407316,407315,296,0.6
402076,402732,296,0.6
411255,411910,296,0.6
404703,405360,296,0.6
404703,405358,296,0.6
406007,405350,296,0.6
407972,407315,296,0.6
404048,404705,296,0.6
415854,415199,296,0.6
415854,416511,296,0.6
415854,416509,296,0.6
415854,415855,296,0.6
415197,414542,296,0.6
415197,415852,296,0.6
409284,409939,296,0.6
404696,405353,296,0.6
404696,404697,296,0.6
402075,402732,296,0.6
414541,413886,296,0.6
414541,414542,296,0.6
402730,403387,296,0.6
406008,405353,296,0.6
406008,406665,296,0.6
406008,406009,296,0.6
413884,413229,296,0.6
413227,412572,296,0.6
404040,404697,296,0.6
403385,404042,296,0.6
412571,411916,296,0.6
412571,412572,296,0.6
411914,411259,296,0.6
415857,416513,296,5.72
415857,416512,296,5.72
415857,415856,296,5.72
415201,415856,296,5.72
411258,410603,296,0.6
411258,411259,296,0.6
415198,414542,296,0.6
415198,415855,296,0.6
415198,415199,296,0.6
415200,415856,296,5.72
415200,415855,296,5.72
415200,415199,296,5.72
410601,409946,296,0.6
414544,415199,296,5.72
414543,413886,296,5.72
414543,415199,296,5.72
414543,414542,296,5.72
403390,402734,296,5.72
403390,402735,296,5.72
403390,402733,296,5.72
402731,403387,296,0.6
402731,402732,296,0.6
403389,402733,296,5.72
403389,402734,296,5.72
403389,402732,296,5.72
413887,414542,296,5.72
413887,413886,296,5.72
413885,413229,296,0.6
413885,414542,296,0.6
413885,413886,296,0.6
403388,402732,296,5.72
403388,402733,296,5.72
403388,403387,296,5.72
403386,404042,296,0.6
403386,403387,296,0.6
406664,406009,296,0.6
406664,407321,296,0.6
406664,406665,296,0.6
413230,413886,296,5.72
413230,413229,296,5.72
413228,412572,296,0.6
413228,413229,296,0.6
404041,404697,296,0.6
404041,404042,296,0.6
404043,403387,296,5.72
404043,404042,296,5.72
412574,413229,296,5.72
412573,411916,296,5.72
412573,413229,296,5.72
412573,412572,296,5.72
404699,404042,296,5.72
411915,411259,296,0.6
411915,412572,296,0.6
411915,411916,296,0.6
404698,404042,296,5.72
404698,405353,296,5.72
404698,404697,296,5.72
411917,412572,296,5.72
411917,411916,296,5.72
411261,411916,296,5.72
405354,404697,296,5.72
405354,406009,296,5.72
405354,405353,296,5.72
411260,410603,296,5.72
411260,411916,296,5.72
411260,411259,296,5.72
406010,405353,296,5.72
406010,406665,296,5.72
406010,406009,296,5.72
410602,409946,296,0.6
410602,411259,296,0.6
410602,410603,296,0.6
410604,411259,296,5.72
410604,410603,296,5.72
409945,409290,296,0.6
409945,409946,296,0.6
406666,406009,296,5.72
406666,407321,296,5.72
406666,406665,296,5.72
409948,410603,296,5.72
409947,409290,296,5.72
409947,410603,296,5.72
409947,409946,296,5.72
407322,406665,296,5.72
407322,407321,296,5.72
409291,409946,296,5.72
409291,409290,296,5.72
408635,409290,296,5.72
407978,407321,296,5.72
408634,409290,296,5.72
407320,406665,296,0.6
407320,407321,296,0.6
409289,409946,296,0.6
409289,409290,296,0.6
407977,407321,296,0.6
408633,409290,296,0.6
407976,407321,296,0.6
402076,402732,297,0.6
412576,413233,297,0.6
402729,402072,297,0.6
415854,415199,297,0.6
415854,415855,297,0.6
415197,414542,297,0.6
404696,405353,297,0.6
404696,404697,297,0.6
402075,402732,297,0.6
414541,413886,297,0.6
414541,414542,297,0.6
402730,403387,297,0.6
406008,405353,297,0.6
406008,406665,297,0.6
406008,406009,297,0.6
413884,413229,297,0.6
413227,412572,297,0.6
404040,404697,297,0.6
403385,404042,297,0.6
412571,411916,297,0.6
412571,412572,297,0.6
411914,411259,297,0.6
415857,416513,297,5.72
415857,416512,297,5.72
415857,415856,297,5.72
415201,415856,297,5.72
411258,410603,297,0.6
411258,411259,297,0.6
415198,414542,297,0.6
415198,415855,297,0.6
415198,415199,297,0.6
415200,415856,297,5.72
415200,415855,297,5.72
415200,415199,297,5.72
410601,409946,297,0.6
414544,415199,297,5.72
414543,413886,297,5.72
414543,415199,297,5.72
414543,414542,297,5.72
403390,402734,297,5.72
403390,402735,297,5.72
403390,402733,297,5.72
402731,403387,297,0.6
402731,402732,297,0.6
403389,402733,297,5.72
403389,402734,297,5.72
403389,402732,297,5.72
413887,414542,297,5.72
413887,413886,297,5.72
413885,413229,297,0.6
413885,414542,297,0.6
413885,413886,297,0.6
403388,402732,297,5.72
403388,402733,297,5.72
403388,403387,297,5.72
403386,404042,297,0.6
403386,403387,297,0.6
406664,406009,297,0.6
406664,407321,297,0.6
406664,406665,297,0.6
413230,413886,297,5.72
413230,413229,297,5.72
413228,412572,297,0.6
413228,413229,297,0.6
404041,404697,297,0.6
404041,404042,297,0.6
404043,403387,297,5.72
404043,404042,297,5.72
412574,413229,297,5.72
412573,411916,297,5.72
412573,413229,297,5.72
412573,412572,297,5.72
404699,404042,297,5.72
411915,411259,297,0.6
411915,412572,297,0.6
411915,411916,297,0.6
404698,404042,297,5.72
404698,405353,297,5.72
404698,404697,297,5.72
411917,412572,297,5.72
411917,411916,297,5.72
411261,411916,297,5.72
405354,404697,297,5.72
405354,406009,297,5.72
405354,405353,297,5.72
411260,410603,297,5.72
411260,411916,297,5.72
411260,411259,297,5.72
406010,405353,297,5.72
406010,406665,297,5.72
406010,406009,297,5.72
410602,409946,297,0.6
410602,411259,297,0.6
410602,410603,297,0.6
410604,411259,297,5.72
410604,410603,297,5.72
409945,409290,297,0.6
409945,409946,297,0.6
406666,406009,297,5.72
406666,407321,297,5.72
406666,406665,297,5.72
409948,410603,297,5.72
409947,409290,297,5.72
409947,410603,297,5.72
409947,409946,297,5.72
407322,406665,297,5.72
407322,407321,297,5.72
409291,409946,297,5.72
409291,409290,297,5.72
408635,409290,297,5.72
407978,407321,297,5.72
408634,409290,297,5.72
407320,406665,297,0.6
407320,407321,297,0.6
409289,409946,297,0.6
409289,409290,297,0.6
407977,407321,297,0.6
408633,409290,297,0.6
407976,407321,297,0.6
404039,404038,298,0.6
402076,402732,298,0.6
415854,415199,298,0.6
415854,415855,298,0.6
415197,414542,298,0.6
404696,405353,298,0.6
404696,404697,298,0.6
402075,402732,298,0.6
414541,413886,298,0.6
414541,414542,298,0.6
402730,403387,298,0.6
406008,405353,298,0.6
406008,406665,298,0.6
406008,406009,298,0.6
413884,413229,298,0.6
413227,412572,298,0.6
404040,404697,298,0.6
403385,404042,298,0.6
412571,411916,298,0.6
412571,412572,298,0.6
411914,411259,298,0.6
415857,416513,298,5.72
415857,416512,298,5.72
415857,415856,298,5.72
415201,415856,298,5.72
411258,410603,298,0.6
411258,411259,298,0.6
415198,414542,298,0.6
415198,415855,298,0.6
415198,415199,298,0.6
415200,415856,298,5.72
415200,415855,298,5.72
415200,415199,298,5.72
410601,409946,298,0.6
414544,415199,298,5.72
414543,413886,298,5.72
414543,415199,298,5.72
414543,414542,298,5.72
403390,402734,298,5.72
403390,402735,298,5.72
403390,402733,298,5.72
402731,403387,298,0.6
402731,402732,298,0.6
403389,402733,298,5.72
403389,402734,298,5.72
403389,402732,298,5.72
413887,414542,298,5.72
413887,413886,298,5.72
413885,413229,298,0.6
413885,414542,298,0.6
413885,413886,298,0.6
403388,402732,298,5.72
403388,402733,298,5.72
403388,403387,298,5.72
403386,404042,298,0.6
403386,403387,298,0.6
406664,406009,298,0.6
406664,407321,298,0.6
406664,406665,298,0.6
413230,413886,298,5.72
413230,413229,298,5.72
413228,412572,298,0.6
413228,413229,298,0.6
404041,404697,298,0.6
404041,404042,298,0.6
404043,403387,298,5.72
404043,404042,298,5.72
412574,413229,298,5.72
412573,411916,298,5.72
412573,413229,298,5.72
412573,412572,298,5.72
404699,404042,298,5.72
411915,411259,298,0.6
411915,412572,298,0.6
411915,411916,298,0.6
404698,404042,298,5.72
404698,405353,298,5.72
404698,404697,298,5.72
411917,412572,298,5.72
411917,411916,298,5.72
411261,411916,298,5.72
405354,404697,298,5.72
405354,406009,298,5.72
405354,405353,298,5.72
411260,410603,298,5.72
411260,411916,298,5.72
411260,411259,298,5.72
406010,405353,298,5.72
406010,406665,298,5.72
406010,406009,298,5.72
410602,409946,298,0.6
410602,411259,298,0.6
410602,410603,298,0.6
410604,411259,298,5.72
410604,410603,298,5.72
409945,409290,298,0.6
409945,409946,298,0.6
406666,406009,298,5.72
406666,407321,298,5.72
406666,406665,298,5.72
409948,410603,298,5.72
409947,409290,298,5.72
409947,410603,298,5.72
409947,409946,298,5.72
407322,406665,298,5.72
407322,407321,298,5.72
409291,409946,298,5.72
409291,409290,298,5.72
408635,409290,298,5.72
407978,407321,298,5.72
408634,409290,298,5.72
407320,406665,298,0.6
407320,407321,298,0.6
409289,409946,298,0.6
409289,409290,298,0.6
407977,407321,298,0.6
408633,409290,298,0.6
407976,407321,298,0.6
408639,408640,299,0.6
407982,407326,299,0.6
402076,402732,299,0.6
407981,407326,299,0.6
409295,408640,299,0.6
415854,415199,299,0.6
415854,415855,299,0.6
415197,414542,299,0.6
404696,405353,299,0.6
404696,404697,299,0.6
402075,402732,299,0.6
414541,413886,299,0.6
414541,414542,299,0.6
402730,403387,299,0.6
406008,405353,299,0.6
406008,406665,299,0.6
406008,406009,299,0.6
413884,413229,299,0.6
413227,412572,299,0.6
404040,404697,299,0.6
403385,404042,299,0.6
412571,411916,299,0.6
412571,412572,299,0.6
411914,411259,299,0.6
415857,416513,299,5.72
415857,416512,299,5.72
415857,415856,299,5.72
415201,415856,299,5.72
411258,410603,299,0.6
411258,411259,299,0.6
415198,414542,299,0.6
415198,415855,299,0.6
415198,415199,299,0.6
415200,415856,299,5.72
415200,415855,299,5.72
415200,415199,299,5.72
410601,409946,299,0.6
414544,415199,299,5.72
414543,413886,299,5.72
414543,415199,299,5.72
414543,414542,299,5.72
403390,402734,299,5.72
403390,402735,299,5.72
403390,402733,299,5.72
402731,403387,299,0.6
402731,402732,299,0.6
403389,402733,299,5.72
403389,402734,299,5.72
403389,402732,299,5.72
413887,414542,299,5.72
413887,413886,299,5.72
413885,413229,299,0.6
413885,414542,299,0.6
413885,413886,299,0.6
403388,402732,299,5.72
403388,402733,299,5.72
403388,403387,299,5.72
403386,404042,299,0.6
403386,403387,299,0.6
406664,406009,299,0.6
406664,407321,299,0.6
406664,406665,299,0.6
413230,413886,299,5.72
413230,413229,299,5.72
413228,412572,299,0.6
413228,413229,299,0.6
404041,404697,299,0.6
404041,404042,299,0.6
404043,403387,299,5.72
404043,404042,299,5.72
412574,413229,299,5.72
412573,411916,299,5.72
412573,413229,299,5.72
412573,412572,299,5.72
404699,404042,299,5.72
411915,411259,299,0.6
411915,412572,299,0.6
411915,411916,299,0.6
404698,404042,299,5.72
404698,405353,299,5.72
404698,404697,299,5.72
411917,412572,299,5.72
411917,411916,299,5.72
411261,411916,299,5.72
405354,404697,299,5.72
405354,406009,299,5.72
405354,405353,299,5.72
411260,410603,299,5.72
411260,411916,299,5.72
411260,411259,299,5.72
406010,405353,299,5.72
406010,406665,299,5.72
406010,406009,299,5.72
410602,409946,299,0.6
410602,411259,299,0.6
410602,410603,299,0.6
410604,411259,299,5.72
410604,410603,299,5.72
409945,409290,299,0.6
409945,409946,299,0.6
406666,406009,299,5.72
406666,407321,299,5.72
406666,406665,299,5.72
409948,410603,299,5.72
409947,409290,299,5.72
409947,410603,299,5.72
409947,409946,299,5.72
407322,406665,299,5.72
407322,407321,299,5.72
409291,409946,299,5.72
409291,409290,299,5.72
408635,409290,299,5.72
407978,407321,299,5.72
408634,409290,299,5.72
407320,406665,299,0.6
407320,407321,299,0.6
409289,409946,299,0.6
409289,409290,299,0.6
407977,407321,299,0.6
408633,409290,299,0.6
407976,407321,299,0.6
402076,402732,300,0.6
415854,415199,300,0.6
415854,415855,300,0.6
415197,414542,300,0.6
404696,405353,300,0.6
404696,404697,300,0.6
402075,402732,300,0.6
414541,413886,300,0.6
414541,414542,300,0.6
402730,403387,300,0.6
406008,405353,300,0.6
406008,406665,300,0.6
406008,406009,300,0.6
413884,413229,300,0.6
413227,412572,300,0.6
404040,404697,300,0.6
403385,404042,300,0.6
412571,411916,300,0.6
412571,412572,300,0.6
411914,411259,300,0.6
415857,416513,300,5.72
415857,416512,300,5.72
415857,415856,300,5.72
415201,415856,300,5.72
411258,410603,300,0.6
411258,411259,300,0.6
415198,414542,300,0.6
415198,415855,300,0.6
415198,415199,300,0.6
415200,415856,300,5.72
415200,415855,300,5.72
415200,415199,300,5.72
410601,409946,300,0.6
414544,415199,300,5.72
414543,413886,300,5.72
414543,415199,300,5.72
414543,414542,300,5.72
403390,402734,300,5.72
403390,402735,300,5.72
403390,402733,300,5.72
402731,403387,300,0.6
402731,402732,300,0.6
403389,402733,300,5.72
403389,402734,300,5.72
403389,402732,300,5.72
413887,414542,300,5.72
413887,413886,300,5.72
413885,413229,300,0.6
413885,414542,300,0.6
413885,413886,300,0.6
403388,402732,300,5.72
403388,402733,300,5.72
403388,403387,300,5.72
403386,404042,300,0.6
403386,403387,300,0.6
406664,406009,300,0.6
406664,407321,300,0.6
406664,406665,300,0.6
413230,413886,300,5.72
413230,413229,300,5.72
413228,412572,300,0.6
413228,413229,300,0.6
404041,404697,300,0.6
404041,404042,300,0.6
404043,403387,300,5.72
404043,404042,300,5.72
412574,413229,300,5.72
412573,411916,300,5.72
412573,413229,300,5.72
412573,412572,300,5.72
404699,404042,300,5.72
411915,411259,300,0.6
411915,412572,300,0.6
411915,411916,300,0.6
404698,404042,300,5.72
404698,405353,300,5.72
404698,404697,300,5.72
411917,412572,300,5.72
411917,411916,300,5.72
411261,411916,300,5.72
405354,404697,300,5.72
405354,406009,300,5.72
405354,405353,300,5.72
411260,410603,300,5.72
411260,411916,300,5.72
411260,411259,300,5.72
406010,405353,300,5.72
406010,406665,300,5.72
406010,406009,300,5.72
410602,409946,300,0.6
410602,411259,300,0.6
410602,410603,300,0.6
410604,411259,300,5.72
410604,410603,300,5.72
409945,409290,300,0.6
409945,409946,300,0.6
406666,406009,300,5.72
406666,407321,300,5.72
406666,406665,300,5.72
409948,410603,300,5.72
409947,409290,300,5.72
409947,410603,300,5.72
409947,409946,300,5.72
407322,406665,300,5.72
407322,407321,300,5.72
409291,409946,300,5.72
409291,409290,300,5.72
408635,409290,300,5.72
407978,407321,300,5.72
408634,409290,300,5.72
407320,406665,300,0.6
407320,407321,300,0.6
409289,409946,300,0.6
409289,409290,300,0.6
407977,407321,300,0.6
408633,409290,300,0.6
407976,407321,300,0.6
402076,402732,301,0.6
415854,415199,301,0.6
415854,415855,301,0.6
415197,414542,301,0.6
404696,405353,301,0.6
404696,404697,301,0.6
402075,402732,301,0.6
414541,413886,301,0.6
414541,414542,301,0.6
402730,403387,301,0.6
406008,405353,301,0.6
406008,406665,301,0.6
406008,406009,301,0.6
413884,413229,301,0.6
413227,412572,301,0.6
404040,404697,301,0.6
403385,404042,301,0.6
412571,411916,301,0.6
412571,412572,301,0.6
411914,411259,301,0.6
415857,416513,301,5.72
415857,416512,301,5.72
415857,415856,301,5.72
415201,415856,301,5.72
411258,410603,301,0.6
411258,411259,301,0.6
415198,414542,301,0.6
415198,415855,301,0.6
415198,415199,301,0.6
415200,415856,301,5.72
415200,415855,301,5.72
415200,415199,301,5.72
410601,409946,301,0.6
414544,415199,301,5.72
414543,413886,301,5.72
414543,415199,301,5.72
414543,414542,301,5.72
403390,402734,301,5.72
403390,402735,301,5.72
403390,402733,301,5.72
402731,403387,301,0.6
402731,402732,301,0.6
403389,402733,301,5.72
403389,402734,301,5.72
403389,402732,301,5.72
413887,414542,301,5.72
413887,413886,301,5.72
413885,413229,301,0.6
413885,414542,301,0.6
413885,413886,301,0.6
403388,402732,301,5.72
403388,402733,301,5.72
403388,403387,301,5.72
403386,404042,301,0.6
403386,403387,301,0.6
406664,406009,301,0.6
406664,407321,301,0.6
406664,406665,301,0.6
413230,413886,301,5.72
413230,413229,301,5.72
413228,412572,301,0.6
413228,413229,301,0.6
404041,404697,301,0.6
404041,404042,301,0.6
404043,403387,301,5.72
404043,404042,301,5.72
412574,413229,301,5.72
412573,411916,301,5.72
412573,413229,301,5.72
412573,412572,301,5.72
404699,404042,301,5.72
411915,411259,301,0.6
411915,412572,301,0.6
411915,411916,301,0.6
404698,404042,301,5.72
404698,405353,301,5.72
404698,404697,301,5.72
411917,412572,301,5.72
411917,411916,301,5.72
411261,411916,301,5.72
405354,404697,301,5.72
405354,406009,301,5.72
405354,405353,301,5.72
411260,410603,301,5.72
411260,411916,301,5.72
411260,411259,301,5.72
406010,405353,301,5.72
406010,406665,301,5.72
406010,406009,301,5.72
410602,409946,301,0.6
410602,411259,301,0.6
410602,410603,301,0.6
410604,411259,301,5.72
410604,410603,301,5.72
409945,409290,301,0.6
409945,409946,301,0.6
406666,406009,301,5.72
406666,407321,301,5.72
406666,406665,301,5.72
409948,410603,301,5.72
409947,409290,301,5.72
409947,410603,301,5.72
409947,409946,301,5.72
407322,406665,301,5.72
407322,407321,301,5.72
409291,409946,301,5.72
409291,409290,301,5.72
408635,409290,301,5.72
407978,407321,301,5.72
408634,409290,301,5.72
407320,406665,301,0.6
407320,407321,301,0.6
409289,409946,301,0.6
409289,409290,301,0.6
407977,407321,301,0.6
408633,409290,301,0.6
407976,407321,301,0.6
402076,402732,302,0.6
415854,415199,302,0.6
415854,415855,302,0.6
415197,414542,302,0.6
404696,405353,302,0.6
404696,404697,302,0.6
402075,402732,302,0.6
414541,413886,302,0.6
414541,414542,302,0.6
402730,403387,302,0.6
406008,405353,302,0.6
406008,406665,302,0.6
406008,406009,302,0.6
413884,413229,302,0.6
413227,412572,302,0.6
404040,404697,302,0.6
403385,404042,302,0.6
412571,411916,302,0.6
412571,412572,302,0.6
411914,411259,302,0.6
415857,416513,302,5.72
415857,416512,302,5.72
415857,415856,302,5.72
415201,415856,302,5.72
411258,410603,302,0.6
411258,411259,302,0.6
415198,414542,302,0.6
415198,415855,302,0.6
415198,415199,302,0.6
415200,415856,302,5.72
415200,415855,302,5.72
415200,415199,302,5.72
410601,409946,302,0.6
414544,415199,302,5.72
414543,413886,302,5.72
414543,415199,302,5.72
414543,414542,302,5.72
403390,402734,302,5.72
403390,402735,302,5.72
403390,402733,302,5.72
402731,403387,302,0.6
402731,402732,302,0.6
403389,402733,302,5.72
403389,402734,302,5.72
403389,402732,302,5.72
413887,414542,302,5.72
413887,413886,302,5.72
413885,413229,302,0.6
413885,414542,302,0.6
413885,413886,302,0.6
403388,402732,302,5.72
403388,402733,302,5.72
403388,403387,302,5.72
403386,404042,302,0.6
403386,403387,302,0.6
406664,406009,302,0.6
406664,407321,302,0.6
406664,406665,302,0.6
413230,413886,302,5.72
413230,413229,302,5.72
413228,412572,302,0.6
413228,413229,302,0.6
404041,404697,302,0.6
404041,404042,302,0.6
404043,403387,302,5.72
404043,404042,302,5.72
412574,413229,302,5.72
412573,411916,302,5.72
412573,413229,302,5.72
412573,412572,302,5.72
404699,404042,302,5.72
411915,411259,302,0.6
411915,412572,302,0.6
411915,411916,302,0.6
404698,404042,302,5.72
404698,405353,302,5.72
404698,404697,302,5.72
411917,412572,302,5.72
411917,411916,302,5.72
411261,411916,302,5.72
405354,404697,302,5.72
405354,406009,302,5.72
405354,405353,302,5.72
411260,410603,302,5.72
411260,411916,302,5.72
411260,411259,302,5.72
406010,405353,302,5.72
406010,406665,302,5.72
406010,406009,302,5.72
410602,409946,302,0.6
410602,411259,302,0.6
410602,410603,302,0.6
410604,411259,302,5.72
410604,410603,302,5.72
409945,409290,302,0.6
409945,409946,302,0.6
406666,406009,302,5.72
406666,407321,302,5.72
406666,406665,302,5.72
409948,410603,302,5.72
409947,409290,302,5.72
409947,410603,302,5.72
409947,409946,302,5.72
407322,406665,302,5.72
407322,407321,302,5.72
409291,409946,302,5.72
409291,409290,302,5.72
408635,409290,302,5.72
407978,407321,302,5.72
408634,409290,302,5.72
407320,406665,302,0.6
407320,407321,302,0.6
409289,409946,302,0.6
409289,409290,302,0.6
407977,407321,302,0.6
408633,409290,302,0.6
407976,407321,302,0.6
402076,402732,303,0.6
414540,415195,303,0.6
415854,415199,303,0.6
415854,415855,303,0.6
415197,414542,303,0.6
404696,405353,303,0.6
404696,404697,303,0.6
402075,402732,303,0.6
414541,413886,303,0.6
414541,414542,303,0.6
402730,403387,303,0.6
406008,405353,303,0.6
406008,406665,303,0.6
406008,406009,303,0.6
413884,413229,303,0.6
413227,412572,303,0.6
404040,404697,303,0.6
403385,404042,303,0.6
412571,411916,303,0.6
412571,412572,303,0.6
411914,411259,303,0.6
415857,416513,303,5.72
415857,416512,303,5.72
415857,415856,303,5.72
415201,415856,303,5.72
411258,410603,303,0.6
411258,411259,303,0.6
415198,414542,303,0.6
415198,415855,303,0.6
415198,415199,303,0.6
415200,415856,303,5.72
415200,415855,303,5.72
415200,415199,303,5.72
410601,409946,303,0.6
414544,415199,303,5.72
414543,413886,303,5.72
414543,415199,303,5.72
414543,414542,303,5.72
403390,402734,303,5.72
403390,402735,303,5.72
403390,402733,303,5.72
402731,403387,303,0.6
402731,402732,303,0.6
403389,402733,303,5.72
403389,402734,303,5.72
403389,402732,303,5.72
413887,414542,303,5.72
413887,413886,303,5.72
413885,413229,303,0.6
413885,414542,303,0.6
413885,413886,303,0.6
403388,402732,303,5.72
403388,402733,303,5.72
403388,403387,303,5.72
403386,404042,303,0.6
403386,403387,303,0.6
406664,406009,303,0.6
406664,407321,303,0.6
406664,406665,303,0.6
413230,413886,303,5.72
413230,413229,303,5.72
413228,412572,303,0.6
413228,413229,303,0.6
404041,404697,303,0.6
404041,404042,303,0.6
404043,403387,303,5.72
404043,404042,303,5.72
412574,413229,303,5.72
412573,411916,303,5.72
412573,413229,303,5.72
412573,412572,303,5.72
404699,404042,303,5.72
411915,411259,303,0.6
411915,412572,303,0.6
411915,411916,303,0.6
404698,404042,303,5.72
404698,405353,303,5.72
404698,404697,303,5.72
411917,412572,303,5.72
411917,411916,303,5.72
411261,411916,303,5.72
405354,404697,303,5.72
405354,406009,303,5.72
405354,405353,303,5.72
411260,410603,303,5.72
411260,411916,303,5.72
411260,411259,303,5.72
406010,405353,303,5.72
406010,406665,303,5.72
406010,406009,303,5.72
410602,409946,303,0.6
410602,411259,303,0.6
410602,410603,303,0.6
410604,411259,303,5.72
410604,410603,303,5.72
409945,409290,303,0.6
409945,409946,303,0.6
406666,406009,303,5.72
406666,407321,303,5.72
406666,406665,303,5.72
409948,410603,303,5.72
409947,409290,303,5.72
409947,410603,303,5.72
409947,409946,303,5.72
407322,406665,303,5.72
407322,407321,303,5.72
409291,409946,303,5.72
409291,409290,303,5.72
408635,409290,303,5.72
407978,407321,303,5.72
408634,409290,303,5.72
407320,406665,303,0.6
407320,407321,303,0.6
409289,409946,303,0.6
409289,409290,303,0.6
407977,407321,303,0.6
408633,409290,303,0.6
407976,407321,303,0.6
402076,402732,304,0.6
415854,415199,304,0.6
415854,415855,304,0.6
415197,414542,304,0.6
404696,405353,304,0.6
404696,404697,304,0.6
402075,402732,304,0.6
414541,413886,304,0.6
414541,414542,304,0.6
402730,403387,304,0.6
406008,405353,304,0.6
406008,406665,304,0.6
406008,406009,304,0.6
413884,413229,304,0.6
413227,412572,304,0.6
404040,404697,304,0.6
403385,404042,304,0.6
412571,411916,304,0.6
412571,412572,304,0.6
411914,411259,304,0.6
415857,416513,304,5.72
415857,416512,304,5.72
415857,415856,304,5.72
415201,415856,304,5.72
411258,410603,304,0.6
411258,411259,304,0.6
415198,414542,304,0.6
415198,415855,304,0.6
415198,415199,304,0.6
415200,415856,304,5.72
415200,415855,304,5.72
415200,415199,304,5.72
410601,409946,304,0.6
414544,415199,304,5.72
414543,413886,304,5.72
414543,415199,304,5.72
414543,414542,304,5.72
403390,402734,304,5.72
403390,402735,304,5.72
403390,402733,304,5.72
402731,403387,304,0.6
402731,402732,304,0.6
403389,402733,304,5.72
403389,402734,304,5.72
403389,402732,304,5.72
413887,414542,304,5.72
413887,413886,304,5.72
413885,413229,304,0.6
413885,414542,304,0.6
413885,413886,304,0.6
403388,402732,304,5.72
403388,402733,304,5.72
403388,403387,304,5.72
403386,404042,304,0.6
403386,403387,304,0.6
406664,406009,304,0.6
406664,407321,304,0.6
406664,406665,304,0.6
413230,413886,304,5.72
413230,413229,304,5.72
413228,412572,304,0.6
413228,413229,304,0.6
404041,404697,304,0.6
404041,404042,304,0.6
404043,403387,304,5.72
404043,404042,304,5.72
412574,413229,304,5.72
412573,411916,304,5.72
412573,413229,304,5.72
412573,412572,304,5.72
404699,404042,304,5.72
411915,411259,304,0.6
411915,412572,304,0.6
411915,411916,304,0.6
404698,404042,304,5.72
404698,405353,304,5.72
404698,404697,304,5.72
411917,412572,304,5.72
411917,411916,304,5.72
411261,411916,304,5.72
405354,404697,304,5.72
405354,406009,304,5.72
405354,405353,304,5.72
411260,410603,304,5.72
411260,411916,304,5.72
411260,411259,304,5.72
406010,405353,304,5.72
406010,406665,304,5.72
406010,406009,304,5.72
410602,409946,304,0.6
410602,411259,304,0.6
410602,410603,304,0.6
410604,411259,304,5.72
410604,410603,304,5.72
409945,409290,304,0.6
409945,409946,304,0.6
406666,406009,304,5.72
406666,407321,304,5.72
406666,406665,304,5.72
409948,410603,304,5.72
409947,409290,304,5.72
409947,410603,304,5.72
409947,409946,304,5.72
407322,406665,304,5.72
407322,407321,304,5.72
409291,409946,304,5.72
409291,409290,304,5.72
408635,409290,304,5.72
407978,407321,304,5.72
408634,409290,304,5.72
407320,406665,304,0.6
407320,407321,304,0.6
409289,409946,304,0.6
409289,409290,304,0.6
407977,407321,304,0.6
408633,409290,304,0.6
407976,407321,304,0.6
408627,408626,305,0.6
405352,405353,305,0.6
411912,412568,305,0.6
402076,401421,305,0.6
402076,402732,305,0.6
402076,402733,305,0.6
402074,401417,305,0.6
415854,415199,305,0.6
415854,415855,305,0.6
415197,414542,305,0.6
404696,405353,305,0.6
404696,404697,305,0.6
402075,402732,305,0.6
414541,413886,305,0.6
414541,414542,305,0.6
402730,403387,305,0.6
406008,405353,305,0.6
406008,406665,305,0.6
406008,406009,305,0.6
413884,413229,305,0.6
413227,412572,305,0.6
404040,404697,305,0.6
403385,404042,305,0.6
412571,411916,305,0.6
412571,412572,305,0.6
411914,411259,305,0.6
415857,416513,305,5.72
415857,416512,305,5.72
415857,415856,305,5.72
415201,415856,305,5.72
411258,410603,305,0.6
411258,411259,305,0.6
415198,414542,305,0.6
415198,415855,305,0.6
415198,415199,305,0.6
415200,415856,305,5.72
415200,415855,305,5.72
415200,415199,305,5.72
410601,409946,305,0.6
414544,415199,305,5.72
414543,413886,305,5.72
414543,415199,305,5.72
414543,414542,305,5.72
403390,402734,305,5.72
403390,402735,305,5.72
403390,402733,305,5.72
402731,403387,305,0.6
402731,402732,305,0.6
403389,402733,305,5.72
403389,402734,305,5.72
403389,402732,305,5.72
413887,414542,305,5.72
413887,413886,305,5.72
413885,413229,305,0.6
413885,414542,305,0.6
413885,413886,305,0.6
403388,402732,305,5.72
403388,402733,305,5.72
403388,403387,305,5.72
403386,404042,305,0.6
403386,403387,305,0.6
406664,406009,305,0.6
406664,407321,305,0.6
406664,406665,305,0.6
413230,413886,305,5.72
413230,413229,305,5.72
413228,412572,305,0.6
413228,413229,305,0.6
404041,404697,305,0.6
404041,404042,305,0.6
404043,403387,305,5.72
404043,404042,305,5.72
412574,413229,305,5.72
412573,411916,305,5.72
412573,413229,305,5.72
412573,412572,305,5.72
404699,404042,305,5.72
411915,411259,305,0.6
411915,412572,305,0.6
411915,411916,305,0.6
404698,404042,305,5.72
404698,405353,305,5.72
404698,404697,305,5.72
411917,412572,305,5.72
411917,411916,305,5.72
411261,411916,305,5.72
405354,404697,305,5.72
405354,406009,305,5.72
405354,405353,305,5.72
411260,410603,305,5.72
411260,411916,305,5.72
411260,411259,305,5.72
406010,405353,305,5.72
406010,406665,305,5.72
406010,406009,305,5.72
410602,409946,305,0.6
410602,411259,305,0.6
410602,410603,305,0.6
410604,411259,305,5.72
410604,410603,305,5.72
409945,409290,305,0.6
409945,409946,305,0.6
406666,406009,305,5.72
406666,407321,305,5.72
406666,406665,305,5.72
409948,410603,305,5.72
409947,409290,305,5.72
409947,410603,305,5.72
409947,409946,305,5.72
407322,406665,305,5.72
407322,407321,305,5.72
409291,409946,305,5.72
409291,409290,305,5.72
408635,409290,305,5.72
407978,407321,305,5.72
408634,409290,305,5.72
407320,406665,305,0.6
407320,407321,305,0.6
409289,409946,305,0.6
409289,409290,305,0.6
407977,407321,305,0.6
408633,409290,305,0.6
407976,407321,305,0.6
411921,411922,306,0.6
413891,413235,306,0.6
413891,413892,306,0.6
405352,405353,306,0.6
415203,415859,306,0.6
415203,415204,306,0.6
414547,413892,306,0.6
414547,415204,306,0.6
413890,413235,306,0.6
402076,402732,306,0.6
402076,402733,306,0.6
415854,415199,306,0.6
415854,415855,306,0.6
415197,414542,306,0.6
404696,405353,306,0.6
404696,404697,306,0.6
402075,402732,306,0.6
414541,413886,306,0.6
414541,414542,306,0.6
402730,403387,306,0.6
406008,405353,306,0.6
406008,406665,306,0.6
406008,406009,306,0.6
413884,413229,306,0.6
413227,412572,306,0.6
404040,404697,306,0.6
403385,404042,306,0.6
412571,411916,306,0.6
412571,412572,306,0.6
411914,411259,306,0.6
415857,416513,306,5.72
415857,416512,306,5.72
415857,415856,306,5.72
415201,415856,306,5.72
411258,410603,306,0.6
411258,411259,306,0.6
415198,414542,306,0.6
415198,415855,306,0.6
415198,415199,306,0.6
415200,415856,306,5.72
415200,415855,306,5.72
415200,415199,306,5.72
410601,409946,306,0.6
414544,415199,306,5.72
414543,413886,306,5.72
414543,415199,306,5.72
414543,414542,306,5.72
403390,402734,306,5.72
403390,402735,306,5.72
403390,402733,306,5.72
402731,403387,306,0.6
402731,402732,306,0.6
403389,402733,306,5.72
403389,402734,306,5.72
403389,402732,306,5.72
413887,414542,306,5.72
413887,413886,306,5.72
413885,413229,306,0.6
413885,414542,306,0.6
413885,413886,306,0.6
403388,402732,306,5.72
403388,402733,306,5.72
403388,403387,306,5.72
403386,404042,306,0.6
403386,403387,306,0.6
406664,406009,306,0.6
406664,407321,306,0.6
406664,406665,306,0.6
413230,413886,306,5.72
413230,413229,306,5.72
413228,412572,306,0.6
413228,413229,306,0.6
404041,404697,306,0.6
404041,404042,306,0.6
404043,403387,306,5.72
404043,404042,306,5.72
412574,413229,306,5.72
412573,411916,306,5.72
412573,413229,306,5.72
412573,412572,306,5.72
404699,404042,306,5.72
411915,411259,306,0.6
411915,412572,306,0.6
411915,411916,306,0.6
404698,404042,306,5.72
404698,405353,306,5.72
404698,404697,306,5.72
411917,412572,306,5.72
411917,411916,306,5.72
411261,411916,306,5.72
405354,404697,306,5.72
405354,406009,306,5.72
405354,405353,306,5.72
411260,410603,306,5.72
411260,411916,306,5.72
411260,411259,306,5.72
406010,405353,306,5.72
406010,406665,306,5.72
406010,406009,306,5.72
410602,409946,306,0.6
410602,411259,306,0.6
410602,410603,306,0.6
410604,411259,306,5.72
410604,410603,306,5.72
409945,409290,306,0.6
409945,409946,306,0.6
406666,406009,306,5.72
406666,407321,306,5.72
406666,406665,306,5.72
409948,410603,306,5.72
409947,409290,306,5.72
409947,410603,306,5.72
409947,409946,306,5.72
407322,406665,306,5.72
407322,407321,306,5.72
409291,409946,306,5.72
409291,409290,306,5.72
408635,409290,306,5.72
407978,407321,306,5.72
408634,409290,306,5.72
407320,406665,306,0.6
407320,407321,306,0.6
409289,409946,306,0.6
409289,409290,306,0.6
407977,407321,306,0.6
408633,409290,306,0.6
407976,407321,306,0.6
405352,405353,307,0.6
402076,402732,307,0.6
402076,402733,307,0.6
415854,415199,307,0.6
415854,415855,307,0.6
415197,414542,307,0.6
404696,405353,307,0.6
404696,404697,307,0.6
402075,402732,307,0.6
414541,413886,307,0.6
414541,414542,307,0.6
402730,403387,307,0.6
406008,405353,307,0.6
406008,406665,307,0.6
406008,406009,307,0.6
413884,413229,307,0.6
413227,412572,307,0.6
404040,404697,307,0.6
403385,404042,307,0.6
412571,411916,307,0.6
412571,412572,307,0.6
411914,411259,307,0.6
415857,416513,307,5.72
415857,416512,307,5.72
415857,415856,307,5.72
415201,415856,307,5.72
411258,410603,307,0.6
411258,411259,307,0.6
415198,414542,307,0.6
415198,415855,307,0.6
415198,415199,307,0.6
415200,415856,307,5.72
415200,415855,307,5.72
415200,415199,307,5.72
410601,409946,307,0.6
414544,415199,307,5.72
414543,413886,307,5.72
414543,415199,307,5.72
414543,414542,307,5.72
403390,402734,307,5.72
403390,402735,307,5.72
403390,402733,307,5.72
402731,403387,307,0.6
402731,402732,307,0.6
403389,402733,307,5.72
403389,402734,307,5.72
403389,402732,307,5.72
413887,414542,307,5.72
413887,413886,307,5.72
413885,413229,307,0.6
413885,414542,307,0.6
413885,413886,307,0.6
403388,402732,307,5.72
403388,402733,307,5.72
403388,403387,307,5.72
403386,404042,307,0.6
403386,403387,307,0.6
406664,406009,307,0.6
406664,407321,307,0.6
406664,406665,307,0.6
413230,413886,307,5.72
413230,413229,307,5.72
413228,412572,307,0.6
413228,413229,307,0.6
404041,404697,307,0.6
404041,404042,307,0.6
404043,403387,307,5.72
404043,404042,307,5.72
412574,413229,307,5.72
412573,411916,307,5.72
412573,413229,307,5.72
412573,412572,307,5.72
404699,404042,307,5.72
411915,411259,307,0.6
411915,412572,307,0.6
411915,411916,307,0.6
404698,404042,307,5.72
404698,405353,307,5.72
404698,404697,307,5.72
411917,412572,307,5.72
411917,411916,307,5.72
411261,411916,307,5.72
405354,404697,307,5.72
405354,406009,307,5.72
405354,405353,307,5.72
411260,410603,307,5.72
411260,411916,307,5.72
411260,411259,307,5.72
406010,405353,307,5.72
406010,406665,307,5.72
406010,406009,307,5.72
410602,409946,307,0.6
410602,411259,307,0.6
410602,410603,307,0.6
410604,411259,307,5.72
410604,410603,307,5.72
409945,409290,307,0.6
409945,409946,307,0.6
406666,406009,307,5.72
406666,407321,307,5.72
406666,406665,307,5.72
409948,410603,307,5.72
409947,409290,307,5.72
409947,410603,307,5.72
409947,409946,307,5.72
407322,406665,307,5.72
407322,407321,307,5.72
409291,409946,307,5.72
409291,409290,307,5.72
408635,409290,307,5.72
407978,407321,307,5.72
408634,409290,307,5.72
407320,406665,307,0.6
407320,407321,307,0.6
409289,409946,307,0.6
409289,409290,307,0.6
407977,407321,307,0.6
408633,409290,307,0.6
407976,407321,307,0.6
405352,405353,308,0.6
402076,402732,308,0.6
402076,402733,308,0.6
415854,415199,308,0.6
415854,415855,308,0.6
415197,414542,308,0.6
404696,405353,308,0.6
404696,404697,308,0.6
402075,402732,308,0.6
414541,413886,308,0.6
414541,414542,308,0.6
402730,403387,308,0.6
406008,405353,308,0.6
406008,406665,308,0.6
406008,406009,308,0.6
413884,413229,308,0.6
413227,412572,308,0.6
404040,404697,308,0.6
403385,404042,308,0.6
412571,411916,308,0.6
412571,412572,308,0.6
411914,411259,308,0.6
415857,416513,308,5.72
415857,416512,308,5.72
415857,415856,308,5.72
415201,415856,308,5.72
411258,410603,308,0.6
411258,411259,308,0.6
415198,414542,308,0.6
415198,415855,308,0.6
415198,415199,308,0.6
415200,415856,308,5.72
415200,415855,308,5.72
415200,415199,308,5.72
410601,409946,308,0.6
414544,415199,308,5.72
414543,413886,308,5.72
414543,415199,308,5.72
414543,414542,308,5.72
403390,402734,308,5.72
403390,402735,308,5.72
403390,402733,308,5.72
402731,403387,308,0.6
402731,402732,308,0.6
403389,402733,308,5.72
403389,402734,308,5.72
403389,402732,308,5.72
413887,414542,308,5.72
413887,413886,308,5.72
413885,413229,308,0.6
413885,414542,308,0.6
413885,413886,308,0.6
403388,402732,308,5.72
403388,402733,308,5.72
403388,403387,308,5.72
403386,404042,308,0.6
403386,403387,308,0.6
406664,406009,308,0.6
406664,407321,308,0.6
406664,406665,308,0.6
413230,413886,308,5.72
413230,413229,308,5.72
413228,412572,308,0.6
413228,413229,308,0.6
404041,404697,308,0.6
404041,404042,308,0.6
404043,403387,308,5.72
404043,404042,308,5.72
412574,413229,308,5.72
412573,411916,308,5.72
412573,413229,308,5.72
412573,412572,308,5.72
404699,404042,308,5.72
411915,411259,308,0.6
411915,412572,308,0.6
411915,411916,308,0.6
404698,404042,308,5.72
404698,405353,308,5.72
404698,404697,308,5.72
411917,412572,308,5.72
411917,411916,308,5.72
411261,411916,308,5.72
405354,404697,308,5.72
405354,406009,308,5.72
405354,405353,308,5.72
411260,410603,308,5.72
411260,411916,308,5.72
411260,411259,308,5.72
406010,405353,308,5.72
406010,406665,308,5.72
406010,406009,308,5.72
410602,409946,308,0.6
410602,411259,308,0.6
410602,410603,308,0.6
410604,411259,308,5.72
410604,410603,308,5.72
409945,409290,308,0.6
409945,409946,308,0.6
406666,406009,308,5.72
406666,407321,308,5.72
406666,406665,308,5.72
409948,410603,308,5.72
409947,409290,308,5.72
409947,410603,308,5.72
409947,409946,308,5.72
407322,406665,308,5.72
407322,407321,308,5.72
409291,409946,308,5.72
409291,409290,308,5.72
408635,409290,308,5.72
407978,407321,308,5.72
408634,409290,308,5.72
407320,406665,308,0.6
407320,407321,308,0.6
409289,409946,308,0.6
409289,409290,308,0.6
407977,407321,308,0.6
408633,409290,308,0.6
407976,407321,308,0.6
405352,405353,309,0.6
402076,402732,309,0.6
402076,402733,309,0.6
415854,415199,309,0.6
415854,415855,309,0.6
415197,414542,309,0.6
404696,405353,309,0.6
404696,404697,309,0.6
402075,402732,309,0.6
414541,413886,309,0.6
414541,414542,309,0.6
402730,403387,309,0.6
406008,405353,309,0.6
406008,406665,309,0.6
406008,406009,309,0.6
413884,413229,309,0.6
413227,412572,309,0.6
404040,404697,309,0.6
403385,404042,309,0.6
412571,411916,309,0.6
412571,412572,309,0.6
411914,411259,309,0.6
415857,416513,309,5.72
415857,416512,309,5.72
415857,415856,309,5.72
415201,415856,309,5.72
411258,410603,309,0.6
411258,411259,309,0.6
415198,414542,309,0.6
415198,415855,309,0.6
415198,415199,309,0.6
415200,415856,309,5.72
415200,415855,309,5.72
415200,415199,309,5.72
410601,409946,309,0.6
414544,415199,309,5.72
414543,413886,309,5.72
414543,415199,309,5.72
414543,414542,309,5.72
403390,402734,309,5.72
403390,402735,309,5.72
403390,402733,309,5.72
402731,403387,309,0.6
402731,402732,309,0.6
403389,402733,309,5.72
403389,402734,309,5.72
403389,402732,309,5.72
413887,414542,309,5.72
413887,413886,309,5.72
413885,413229,309,0.6
413885,414542,309,0.6
413885,413886,309,0.6
403388,402732,309,5.72
403388,402733,309,5.72
403388,403387,309,5.72
403386,404042,309,0.6
403386,403387,309,0.6
406664,406009,309,0.6
406664,407321,309,0.6
406664,406665,309,0.6
413230,413886,309,5.72
413230,413229,309,5.72
413228,412572,309,0.6
413228,413229,309,0.6
404041,404697,309,0.6
404041,404042,309,0.6
404043,403387,309,5.72
404043,404042,309,5.72
412574,413229,309,5.72
412573,411916,309,5.72
412573,413229,309,5.72
412573,412572,309,5.72
404699,404042,309,5.72
411915,411259,309,0.6
411915,412572,309,0.6
411915,411916,309,0.6
404698,404042,309,5.72
404698,405353,309,5.72
404698,404697,309,5.72
411917,412572,309,5.72
411917,411916,309,5.72
411261,411916,309,5.72
405354,404697,309,5.72
405354,406009,309,5.72
405354,405353,309,5.72
411260,410603,309,5.72
411260,411916,309,5.72
411260,411259,309,5.72
406010,405353,309,5.72
406010,406665,309,5.72
406010,406009,309,5.72
410602,409946,309,0.6
410602,411259,309,0.6
410602,410603,309,0.6
410604,411259,309,5.72
410604,410603,309,5.72
409945,409290,309,0.6
409945,409946,309,0.6
406666,406009,309,5.72
406666,407321,309,5.72
406666,406665,309,5.72
409948,410603,309,5.72
409947,409290,309,5.72
409947,410603,309,5.72
409947,409946,309,5.72
407322,406665,309,5.72
407322,407321,309,5.72
409291,409946,309,5.72
409291,409290,309,5.72
408635,409290,309,5.72
407978,407321,309,5.72
408634,409290,309,5.72
407320,406665,309,0.6
407320,407321,309,0.6
409289,409946,309,0.6
409289,409290,309,0.6
407977,407321,309,0.6
408633,409290,309,0.6
407976,407321,309,0.6
405352,405353,310,0.6
402076,402732,310,0.6
402076,402733,310,0.6
415854,415199,310,0.6
415854,415855,310,0.6
415197,414542,310,0.6
404696,405353,310,0.6
404696,404697,310,0.6
402075,402732,310,0.6
414541,413886,310,0.6
414541,414542,310,0.6
402730,403387,310,0.6
406008,405353,310,0.6
406008,406665,310,0.6
406008,406009,310,0.6
413884,413229,310,0.6
413227,412572,310,0.6
404040,404697,310,0.6
403385,404042,310,0.6
412571,411916,310,0.6
412571,412572,310,0.6
411914,411259,310,0.6
415857,416513,310,5.72
415857,416512,310,5.72
415857,415856,310,5.72
415201,415856,310,5.72
411258,410603,310,0.6
411258,411259,310,0.6
415198,414542,310,0.6
415198,415855,310,0.6
415198,415199,310,0.6
415200,415856,310,5.72
415200,415855,310,5.72
415200,415199,310,5.72
410601,409946,310,0.6
414544,415199,310,5.72
414543,413886,310,5.72
414543,415199,310,5.72
414543,414542,310,5.72
403390,402734,310,5.72
403390,402735,310,5.72
403390,402733,310,5.72
402731,403387,310,0.6
402731,402732,310,0.6
403389,402733,310,5.72
403389,402734,310,5.72
403389,402732,310,5.72
413887,414542,310,5.72
413887,413886,310,5.72
413885,413229,310,0.6
413885,414542,310,0.6
413885,413886,310,0.6
403388,402732,310,5.72
403388,402733,310,5.72
403388,403387,310,5.72
403386,404042,310,0.6
403386,403387,310,0.6
406664,406009,310,0.6
406664,407321,310,0.6
406664,406665,310,0.6
413230,413886,310,5.72
413230,413229,310,5.72
413228,412572,310,0.6
413228,413229,310,0.6
404041,404697,310,0.6
404041,404042,310,0.6
404043,403387,310,5.72
404043,404042,310,5.72
412574,413229,310,5.72
412573,411916,310,5.72
412573,413229,310,5.72
412573,412572,310,5.72
404699,404042,310,5.72
411915,411259,310,0.6
411915,412572,310,0.6
411915,411916,310,0.6
404698,404042,310,5.72
404698,405353,310,5.72
404698,404697,310,5.72
411917,412572,310,5.72
411917,411916,310,5.72
411261,411916,310,5.72
405354,404697,310,5.72
405354,406009,310,5.72
405354,405353,310,5.72
411260,410603,310,5.72
411260,411916,310,5.72
411260,411259,310,5.72
406010,405353,310,5.72
406010,406665,310,5.72
406010,406009,310,5.72
410602,409946,310,0.6
410602,411259,310,0.6
410602,410603,310,0.6
410604,411259,310,5.72
410604,410603,310,5.72
409945,409290,310,0.6
409945,409946,310,0.6
406666,406009,310,5.72
406666,407321,310,5.72
406666,406665,310,5.72
409948,410603,310,5.72
409947,409290,310,5.72
409947,410603,310,5.72
409947,409946,310,5.72
407322,406665,310,5.72
407322,407321,310,5.72
409291,409946,310,5.72
409291,409290,310,5.72
408635,409290,310,5.72
407978,407321,310,5.72
408634,409290,310,5.72
407320,406665,310,0.6
407320,407321,310,0.6
409289,409946,310,0.6
409289,409290,310,0.6
407977,407321,310,0.6
408633,409290,310,0.6
407976,407321,310,0.6
405352,405353,311,0.6
402076,402732,311,0.6
402076,402733,311,0.6
415854,415199,311,0.6
415854,415855,311,0.6
415197,414542,311,0.6
404696,405353,311,0.6
404696,404697,311,0.6
402075,402732,311,0.6
414541,413886,311,0.6
414541,414542,311,0.6
402730,403387,311,0.6
406008,405353,311,0.6
406008,406665,311,0.6
406008,406009,311,0.6
413884,413229,311,0.6
413227,412572,311,0.6
404040,404697,311,0.6
403385,404042,311,0.6
412571,411916,311,0.6
412571,412572,311,0.6
411914,411259,311,0.6
415857,416513,311,5.72
415857,416512,311,5.72
415857,415856,311,5.72
415201,415856,311,5.72
411258,410603,311,0.6
411258,411259,311,0.6
415198,414542,311,0.6
415198,415855,311,0.6
415198,415199,311,0.6
415200,415856,311,5.72
415200,415855,311,5.72
415200,415199,311,5.72
410601,409946,311,0.6
414544,415199,311,5.72
414543,413886,311,5.72
414543,415199,311,5.72
414543,414542,311,5.72
403390,402734,311,5.72
403390,402735,311,5.72
403390,402733,311,5.72
402731,403387,311,0.6
402731,402732,311,0.6
403389,402733,311,5.72
403389,402734,311,5.72
403389,402732,311,5.72
413887,414542,311,5.72
413887,413886,311,5.72
413885,413229,311,0.6
413885,414542,311,0.6
413885,413886,311,0.6
403388,402732,311,5.72
403388,402733,311,5.72
403388,403387,311,5.72
403386,404042,311,0.6
403386,403387,311,0.6
406664,406009,311,0.6
406664,407321,311,0.6
406664,406665,311,0.6
413230,413886,311,5.72
413230,413229,311,5.72
413228,412572,311,0.6
413228,413229,311,0.6
404041,404697,311,0.6
404041,404042,311,0.6
404043,403387,311,5.72
404043,404042,311,5.72
412574,413229,311,5.72
412573,411916,311,5.72
412573,413229,311,5.72
412573,412572,311,5.72
404699,404042,311,5.72
411915,411259,311,0.6
411915,412572,311,0.6
411915,411916,311,0.6
404698,404042,311,5.72
404698,405353,311,5.72
404698,404697,311,5.72
411917,412572,311,5.72
411917,411916,311,5.72
411261,411916,311,5.72
405354,404697,311,5.72
405354,406009,311,5.72
405354,405353,311,5.72
411260,410603,311,5.72
411260,411916,311,5.72
411260,411259,311,5.72
406010,405353,311,5.72
406010,406665,311,5.72
406010,406009,311,5.72
410602,409946,311,0.6
410602,411259,311,0.6
410602,410603,311,0.6
410604,411259,311,5.72
410604,410603,311,5.72
409945,409290,311,0.6
409945,409946,311,0.6
406666,406009,311,5.72
406666,407321,311,5.72
406666,406665,311,5.72
409948,410603,311,5.72
409947,409290,311,5.72
409947,410603,311,5.72
409947,409946,311,5.72
407322,406665,311,5.72
407322,407321,311,5.72
409291,409946,311,5.72
409291,409290,311,5.72
408635,409290,311,5.72
407978,407321,311,5.72
408634,409290,311,5.72
407320,406665,311,0.6
407320,407321,311,0.6
409289,409946,311,0.6
409289,409290,311,0.6
407977,407321,311,0.6
408633,409290,311,0.6
407976,407321,311,0.6
405352,405353,312,0.6
402076,402732,312,0.6
402076,402733,312,0.6
415854,415199,312,0.6
415854,415855,312,0.6
415197,414542,312,0.6
404696,405353,312,0.6
404696,404697,312,0.6
402075,402732,312,0.6
414541,413886,312,0.6
414541,414542,312,0.6
402730,403387,312,0.6
406008,405353,312,0.6
406008,406665,312,0.6
406008,406009,312,0.6
413884,413229,312,0.6
413227,412572,312,0.6
404040,404697,312,0.6
403385,404042,312,0.6
412571,411916,312,0.6
412571,412572,312,0.6
411914,411259,312,0.6
415857,416513,312,5.72
415857,416512,312,5.72
415857,415856,312,5.72
415201,415856,312,5.72
411258,410603,312,0.6
411258,411259,312,0.6
415198,414542,312,0.6
415198,415855,312,0.6
415198,415199,312,0.6
415200,415856,312,5.72
415200,415855,312,5.72
415200,415199,312,5.72
410601,409946,312,0.6
414544,415199,312,5.72
414543,413886,312,5.72
414543,415199,312,5.72
414543,414542,312,5.72
403390,402734,312,5.72
403390,402735,312,5.72
403390,402733,312,5.72
402731,403387,312,0.6
402731,402732,312,0.6
403389,402733,312,5.72
403389,402734,312,5.72
403389,402732,312,5.72
413887,414542,312,5.72
413887,413886,312,5.72
413885,413229,312,0.6
413885,414542,312,0.6
413885,413886,312,0.6
403388,402732,312,5.72
403388,402733,312,5.72
403388,403387,312,5.72
403386,404042,312,0.6
403386,403387,312,0.6
406664,406009,312,0.6
406664,407321,312,0.6
406664,406665,312,0.6
413230,413886,312,5.72
413230,413229,312,5.72
413228,412572,312,0.6
413228,413229,312,0.6
404041,404697,312,0.6
404041,404042,312,0.6
404043,403387,312,5.72
404043,404042,312,5.72
412574,413229,312,5.72
412573,411916,312,5.72
412573,413229,312,5.72
412573,412572,312,5.72
404699,404042,312,5.72
411915,411259,312,0.6
411915,412572,312,0.6
411915,411916,312,0.6
404698,404042,312,5.72
404698,405353,312,5.72
404698,404697,312,5.72
411917,412572,312,5.72
411917,411916,312,5.72
411261,411916,312,5.72
405354,404697,312,5.72
405354,406009,312,5.72
405354,405353,312,5.72
411260,410603,312,5.72
411260,411916,312,5.72
411260,411259,312,5.72
406010,405353,312,5.72
406010,406665,312,5.72
406010,406009,312,5.72
410602,409946,312,0.6
410602,411259,312,0.6
410602,410603,312,0.6
410604,411259,312,5.72
410604,410603,312,5.72
409945,409290,312,0.6
409945,409946,312,0.6
406666,406009,312,5.72
406666,407321,312,5.72
406666,406665,312,5.72
409948,410603,312,5.72
409947,409290,312,5.72
409947,410603,312,5.72
409947,409946,312,5.72
407322,406665,312,5.72
407322,407321,312,5.72
409291,409946,312,5.72
409291,409290,312,5.72
408635,409290,312,5.72
407978,407321,312,5.72
408634,409290,312,5.72
407320,406665,312,0.6
407320,407321,312,0.6
409289,409946,312,0.6
409289,409290,312,0.6
407977,407321,312,0.6
408633,409290,312,0.6
407976,407321,312,0.6
409952,409953,313,0.6
405352,405353,313,0.6
410608,409953,313,0.6
402076,402732,313,0.6
402076,402733,313,0.6
415854,415199,313,0.6
415854,415855,313,0.6
415197,414542,313,0.6
404696,405353,313,0.6
404696,404697,313,0.6
402075,402732,313,0.6
414541,413886,313,0.6
414541,414542,313,0.6
402730,403387,313,0.6
406008,405353,313,0.6
406008,406665,313,0.6
406008,406009,313,0.6
413884,413229,313,0.6
413227,412572,313,0.6
404040,404697,313,0.6
403385,404042,313,0.6
412571,411916,313,0.6
412571,412572,313,0.6
411914,411259,313,0.6
415857,416513,313,5.72
415857,416512,313,5.72
415857,415856,313,5.72
415201,415856,313,5.72
411258,410603,313,0.6
411258,411259,313,0.6
415198,414542,313,0.6
415198,415855,313,0.6
415198,415199,313,0.6
415200,415856,313,5.72
415200,415855,313,5.72
415200,415199,313,5.72
410601,409946,313,0.6
414544,415199,313,5.72
414543,413886,313,5.72
414543,415199,313,5.72
414543,414542,313,5.72
403390,402734,313,5.72
403390,402735,313,5.72
403390,402733,313,5.72
402731,403387,313,0.6
402731,402732,313,0.6
403389,402733,313,5.72
403389,402734,313,5.72
403389,402732,313,5.72
413887,414542,313,5.72
413887,413886,313,5.72
413885,413229,313,0.6
413885,414542,313,0.6
413885,413886,313,0.6
403388,402732,313,5.72
403388,402733,313,5.72
403388,403387,313,5.72
403386,404042,313,0.6
403386,403387,313,0.6
406664,406009,313,0.6
406664,407321,313,0.6
406664,406665,313,0.6
413230,413886,313,5.72
413230,413229,313,5.72
413228,412572,313,0.6
413228,413229,313,0.6
404041,404697,313,0.6
404041,404042,313,0.6
404043,403387,313,5.72
404043,404042,313,5.72
412574,413229,313,5.72
412573,411916,313,5.72
412573,413229,313,5.72
412573,412572,313,5.72
404699,404042,313,5.72
411915,411259,313,0.6
411915,412572,313,0.6
411915,411916,313,0.6
404698,404042,313,5.72
404698,405353,313,5.72
404698,404697,313,5.72
411917,412572,313,5.72
411917,411916,313,5.72
411261,411916,313,5.72
405354,404697,313,5.72
405354,406009,313,5.72
405354,405353,313,5.72
411260,410603,313,5.72
411260,411916,313,5.72
411260,411259,313,5.72
406010,405353,313,5.72
406010,406665,313,5.72
406010,406009,313,5.72
410602,409946,313,0.6
410602,411259,313,0.6
410602,410603,313,0.6
410604,411259,313,5.72
410604,410603,313,5.72
409945,409290,313,0.6
409945,409946,313,0.6
406666,406009,313,5.72
406666,407321,313,5.72
406666,406665,313,5.72
409948,410603,313,5.72
409947,409290,313,5.72
409947,410603,313,5.72
409947,409946,313,5.72
407322,406665,313,5.72
407322,407321,313,5.72
409291,409946,313,5.72
409291,409290,313,5.72
408635,409290,313,5.72
407978,407321,313,5.72
408634,409290,313,5.72
407320,406665,313,0.6
407320,407321,313,0.6
409289,409946,313,0.6
409289,409290,313,0.6
407977,407321,313,0.6
408633,409290,313,0.6
407976,407321,313,0.6
401419,400763,314,0.6
405352,405353,314,0.6
402076,402732,314,0.6
402076,402733,314,0.6
415854,415199,314,0.6
415854,415855,314,0.6
415197,414542,314,0.6
404696,405353,314,0.6
404696,404697,314,0.6
402075,402732,314,0.6
414541,413886,314,0.6
414541,414542,314,0.6
402730,403387,314,0.6
406008,405353,314,0.6
406008,406665,314,0.6
406008,406009,314,0.6
413884,413229,314,0.6
413227,412572,314,0.6
404040,404697,314,0.6
403385,404042,314,0.6
412571,411916,314,0.6
412571,412572,314,0.6
411914,411259,314,0.6
415857,416513,314,5.72
415857,416512,314,5.72
415857,415856,314,5.72
415201,415856,314,5.72
411258,410603,314,0.6
411258,411259,314,0.6
415198,414542,314,0.6
415198,415855,314,0.6
415198,415199,314,0.6
415200,415856,314,5.72
415200,415855,314,5.72
415200,415199,314,5.72
410601,409946,314,0.6
414544,415199,314,5.72
414543,413886,314,5.72
414543,415199,314,5.72
414543,414542,314,5.72
403390,402734,314,5.72
403390,402735,314,5.72
403390,402733,314,5.72
402731,403387,314,0.6
402731,402732,314,0.6
403389,402733,314,5.72
403389,402734,314,5.72
403389,402732,314,5.72
413887,414542,314,5.72
413887,413886,314,5.72
413885,413229,314,0.6
413885,414542,314,0.6
413885,413886,314,0.6
403388,402732,314,5.72
403388,402733,314,5.72
403388,403387,314,5.72
403386,404042,314,0.6
403386,403387,314,0.6
406664,406009,314,0.6
406664,407321,314,0.6
406664,406665,314,0.6
413230,413886,314,5.72
413230,413229,314,5.72
413228,412572,314,0.6
413228,413229,314,0.6
404041,404697,314,0.6
404041,404042,314,0.6
404043,403387,314,5.72
404043,404042,314,5.72
412574,413229,314,5.72
412573,411916,314,5.72
412573,413229,314,5.72
412573,412572,314,5.72
404699,404042,314,5.72
411915,411259,314,0.6
411915,412572,314,0.6
411915,411916,314,0.6
404698,404042,314,5.72
404698,405353,314,5.72
404698,404697,314,5.72
411917,412572,314,5.72
411917,411916,314,5.72
411261,411916,314,5.72
405354,404697,314,5.72
405354,406009,314,5.72
405354,405353,314,5.72
411260,410603,314,5.72
411260,411916,314,5.72
411260,411259,314,5.72
406010,405353,314,5.72
406010,406665,314,5.72
406010,406009,314,5.72
410602,409946,314,0.6
410602,411259,314,0.6
410602,410603,314,0.6
410604,411259,314,5.72
410604,410603,314,5.72
409945,409290,314,0.6
409945,409946,314,0.6
406666,406009,314,5.72
406666,407321,314,5.72
406666,406665,314,5.72
409948,410603,314,5.72
409947,409290,314,5.72
409947,410603,314,5.72
409947,409946,314,5.72
407322,406665,314,5.72
407322,407321,314,5.72
409291,409946,314,5.72
409291,409290,314,5.72
408635,409290,314,5.72
407978,407321,314,5.72
408634,409290,314,5.72
407320,406665,314,0.6
407320,407321,314,0.6
409289,409946,314,0.6
409289,409290,314,0.6
407977,407321,314,0.6
408633,409290,314,0.6
407976,407321,314,0.6
405352,405353,315,0.6
402076,402732,315,0.6
402076,402733,315,0.6
415854,415199,315,0.6
415854,415855,315,0.6
415197,414542,315,0.6
404696,405353,315,0.6
404696,404697,315,0.6
402075,402732,315,0.6
414541,413886,315,0.6
414541,414542,315,0.6
402730,403387,315,0.6
406008,405353,315,0.6
406008,406665,315,0.6
406008,406009,315,0.6
413884,413229,315,0.6
413227,412572,315,0.6
404040,404697,315,0.6
403385,404042,315,0.6
412571,411916,315,0.6
412571,412572,315,0.6
411914,411259,315,0.6
415857,416513,315,5.72
415857,416512,315,5.72
415857,415856,315,5.72
415201,415856,315,5.72
411258,410603,315,0.6
411258,411259,315,0.6
415198,414542,315,0.6
415198,415855,315,0.6
415198,415199,315,0.6
415200,415856,315,5.72
415200,415855,315,5.72
415200,415199,315,5.72
410601,409946,315,0.6
414544,415199,315,5.72
414543,413886,315,5.72
414543,415199,315,5.72
414543,414542,315,5.72
403390,402734,315,5.72
403390,402735,315,5.72
403390,402733,315,5.72
402731,403387,315,0.6
402731,402732,315,0.6
403389,402733,315,5.72
403389,402734,315,5.72
403389,402732,315,5.72
413887,414542,315,5.72
413887,413886,315,5.72
413885,413229,315,0.6
413885,414542,315,0.6
413885,413886,315,0.6
403388,402732,315,5.72
403388,402733,315,5.72
403388,403387,315,5.72
403386,404042,315,0.6
403386,403387,315,0.6
406664,406009,315,0.6
406664,407321,315,0.6
406664,406665,315,0.6
413230,413886,315,5.72
413230,413229,315,5.72
413228,412572,315,0.6
413228,413229,315,0.6
404041,404697,315,0.6
404041,404042,315,0.6
404043,403387,315,5.72
404043,404042,315,5.72
412574,413229,315,5.72
412573,411916,315,5.72
412573,413229,315,5.72
412573,412572,315,5.72
404699,404042,315,5.72
411915,411259,315,0.6
411915,412572,315,0.6
411915,411916,315,0.6
404698,404042,315,5.72
404698,405353,315,5.72
404698,404697,315,5.72
411917,412572,315,5.72
411917,411916,315,5.72
411261,411916,315,5.72
405354,404697,315,5.72
405354,406009,315,5.72
405354,405353,315,5.72
411260,410603,315,5.72
411260,411916,315,5.72
411260,411259,315,5.72
406010,405353,315,5.72
406010,406665,315,5.72
406010,406009,315,5.72
410602,409946,315,0.6
410602,411259,315,0.6
410602,410603,315,0.6
410604,411259,315,5.72
410604,410603,315,5.72
409945,409290,315,0.6
409945,409946,315,0.6
406666,406009,315,5.72
406666,407321,315,5.72
406666,406665,315,5.72
409948,410603,315,5.72
409947,409290,315,5.72
409947,410603,315,5.72
409947,409946,315,5.72
407322,406665,315,5.72
407322,407321,315,5.72
409291,409946,315,5.72
409291,409290,315,5.72
408635,409290,315,5.72
407978,407321,315,5.72
408634,409290,315,5.72
407320,406665,315,0.6
407320,407321,315,0.6
409289,409946,315,0.6
409289,409290,315,0.6
407977,407321,315,0.6
408633,409290,315,0.6
407976,407321,315,0.6
405352,405353,316,0.6
402076,402732,316,0.6
402076,402733,316,0.6
415854,415199,316,0.6
415854,415855,316,0.6
415197,414542,316,0.6
404696,405353,316,0.6
404696,404697,316,0.6
402075,402732,316,0.6
414541,413886,316,0.6
414541,414542,316,0.6
402730,403387,316,0.6
406008,405353,316,0.6
406008,406665,316,0.6
406008,406009,316,0.6
413884,413229,316,0.6
413227,412572,316,0.6
404040,404697,316,0.6
403385,404042,316,0.6
412571,411916,316,0.6
412571,412572,316,0.6
411914,411259,316,0.6
415857,416513,316,5.72
415857,416512,316,5.72
415857,415856,316,5.72
415201,415856,316,5.72
411258,410603,316,0.6
411258,411259,316,0.6
415198,414542,316,0.6
415198,415855,316,0.6
415198,415199,316,0.6
415200,415856,316,5.72
415200,415855,316,5.72
415200,415199,316,5.72
410601,409946,316,0.6
414544,415199,316,5.72
414543,413886,316,5.72
414543,415199,316,5.72
414543,414542,316,5.72
403390,402734,316,5.72
403390,402735,316,5.72
403390,402733,316,5.72
402731,403387,316,0.6
402731,402732,316,0.6
403389,402733,316,5.72
403389,402734,316,5.72
403389,402732,316,5.72
413887,414542,316,5.72
413887,413886,316,5.72
413885,413229,316,0.6
413885,414542,316,0.6
413885,413886,316,0.6
403388,402732,316,5.72
403388,402733,316,5.72
403388,403387,316,5.72
403386,404042,316,0.6
403386,403387,316,0.6
406664,406009,316,0.6
406664,407321,316,0.6
406664,406665,316,0.6
413230,413886,316,5.72
413230,413229,316,5.72
413228,412572,316,0.6
413228,413229,316,0.6
404041,404697,316,0.6
404041,404042,316,0.6
404043,403387,316,5.72
404043,404042,316,5.72
412574,413229,316,5.72
412573,411916,316,5.72
412573,413229,316,5.72
412573,412572,316,5.72
404699,404042,316,5.72
411915,411259,316,0.6
411915,412572,316,0.6
411915,411916,316,0.6
404698,404042,316,5.72
404698,405353,316,5.72
404698,404697,316,5.72
411917,412572,316,5.72
411917,411916,316,5.72
411261,411916,316,5.72
405354,404697,316,5.72
405354,406009,316,5.72
405354,405353,316,5.72
411260,410603,316,5.72
411260,411916,316,5.72
411260,411259,316,5.72
406010,405353,316,5.72
406010,406665,316,5.72
406010,406009,316,5.72
410602,409946,316,0.6
410602,411259,316,0.6
410602,410603,316,0.6
410604,411259,316,5.72
410604,410603,316,5.72
409945,409290,316,0.6
409945,409946,316,0.6
406666,406009,316,5.72
406666,407321,316,5.72
406666,406665,316,5.72
409948,410603,316,5.72
409947,409290,316,5.72
409947,410603,316,5.72
409947,409946,316,5.72
407322,406665,316,5.72
407322,407321,316,5.72
409291,409946,316,5.72
409291,409290,316,5.72
408635,409290,316,5.72
407978,407321,316,5.72
408634,409290,316,5.72
407320,406665,316,0.6
407320,407321,316,0.6
409289,409946,316,0.6
409289,409290,316,0.6
407977,407321,316,0.6
408633,409290,316,0.6
407976,407321,316,0.6
411253,411909,317,0.6
406005,405349,317,0.6
410596,410595,317,0.6
405352,405353,317,0.6
409940,410595,317,0.6
406006,405349,317,0.6
404704,405361,317,0.6
415853,416508,317,0.6
404702,405357,317,0.6
411254,411909,317,0.6
407316,406659,317,0.6
402076,402732,317,0.6
402076,402733,317,0.6
415854,415199,317,0.6
415854,415855,317,0.6
415197,414542,317,0.6
404696,405353,317,0.6
404696,404697,317,0.6
402075,402732,317,0.6
414541,413886,317,0.6
414541,414542,317,0.6
402730,403387,317,0.6
406008,405353,317,0.6
406008,406665,317,0.6
406008,406009,317,0.6
413884,413229,317,0.6
413227,412572,317,0.6
404040,404697,317,0.6
403385,404042,317,0.6
412571,411916,317,0.6
412571,412572,317,0.6
411914,411259,317,0.6
406660,406659,317,0.6
415857,416513,317,5.72
415857,416512,317,5.72
415857,415856,317,5.72
415201,415856,317,5.72
411258,410603,317,0.6
411258,411259,317,0.6
415198,414542,317,0.6
415198,415855,317,0.6
415198,415199,317,0.6
415200,415856,317,5.72
415200,415855,317,5.72
415200,415199,317,5.72
410601,409946,317,0.6
414544,415199,317,5.72
414543,413886,317,5.72
414543,415199,317,5.72
414543,414542,317,5.72
403390,402734,317,5.72
403390,402735,317,5.72
403390,402733,317,5.72
402731,403387,317,0.6
402731,402732,317,0.6
403389,402733,317,5.72
403389,402734,317,5.72
403389,402732,317,5.72
413887,414542,317,5.72
413887,413886,317,5.72
413885,413229,317,0.6
413885,414542,317,0.6
413885,413886,317,0.6
403388,402732,317,5.72
403388,402733,317,5.72
403388,403387,317,5.72
403386,404042,317,0.6
403386,403387,317,0.6
406664,406009,317,0.6
406664,407321,317,0.6
406664,406665,317,0.6
413230,413886,317,5.72
413230,413229,317,5.72
413228,412572,317,0.6
413228,413229,317,0.6
404041,404697,317,0.6
404041,404042,317,0.6
404043,403387,317,5.72
404043,404042,317,5.72
412574,413229,317,5.72
412573,411916,317,5.72
412573,413229,317,5.72
412573,412572,317,5.72
404699,404042,317,5.72
411915,411259,317,0.6
411915,412572,317,0.6
411915,411916,317,0.6
404698,404042,317,5.72
404698,405353,317,5.72
404698,404697,317,5.72
411917,412572,317,5.72
411917,411916,317,5.72
411261,411916,317,5.72
405354,404697,317,5.72
405354,406009,317,5.72
405354,405353,317,5.72
411260,410603,317,5.72
411260,411916,317,5.72
411260,411259,317,5.72
406010,405353,317,5.72
406010,406665,317,5.72
406010,406009,317,5.72
410602,409946,317,0.6
410602,411259,317,0.6
410602,410603,317,0.6
410604,411259,317,5.72
410604,410603,317,5.72
409945,409290,317,0.6
409945,409946,317,0.6
406666,406009,317,5.72
406666,407321,317,5.72
406666,406665,317,5.72
409948,410603,317,5.72
409947,409290,317,5.72
409947,410603,317,5.72
409947,409946,317,5.72
407322,406665,317,5.72
407322,407321,317,5.72
409291,409946,317,5.72
409291,409290,317,5.72
408635,409290,317,5.72
407978,407321,317,5.72
408634,409290,317,5.72
407320,406665,317,0.6
407320,407321,317,0.6
409289,409946,317,0.6
409289,409290,317,0.6
407977,407321,317,0.6
408633,409290,317,0.6
407976,407321,317,0.6
405352,405353,318,0.6
402076,402732,318,0.6
402076,402733,318,0.6
415854,415199,318,0.6
415854,415855,318,0.6
415197,414542,318,0.6
404696,405353,318,0.6
404696,404697,318,0.6
402075,402732,318,0.6
414541,413886,318,0.6
414541,414542,318,0.6
402730,403387,318,0.6
406008,405353,318,0.6
406008,406665,318,0.6
406008,406009,318,0.6
413884,413229,318,0.6
413227,412572,318,0.6
404040,404697,318,0.6
403385,404042,318,0.6
412571,411916,318,0.6
412571,412572,318,0.6
411914,411259,318,0.6
415857,416513,318,5.72
415857,416512,318,5.72
415857,415856,318,5.72
415201,415856,318,5.72
411258,410603,318,0.6
411258,411259,318,0.6
415198,414542,318,0.6
415198,415855,318,0.6
415198,415199,318,0.6
415200,415856,318,5.72
415200,415855,318,5.72
415200,415199,318,5.72
410601,409946,318,0.6
414544,415199,318,5.72
414543,413886,318,5.72
414543,415199,318,5.72
414543,414542,318,5.72
403390,402734,318,5.72
403390,402735,318,5.72
403390,402733,318,5.72
402731,403387,318,0.6
402731,402732,318,0.6
403389,402733,318,5.72
403389,402734,318,5.72
403389,402732,318,5.72
413887,414542,318,5.72
413887,413886,318,5.72
413885,413229,318,0.6
413885,414542,318,0.6
413885,413886,318,0.6
403388,402732,318,5.72
403388,402733,318,5.72
403388,403387,318,5.72
403386,404042,318,0.6
403386,403387,318,0.6
406664,406009,318,0.6
406664,407321,318,0.6
406664,406665,318,0.6
413230,413886,318,5.72
413230,413229,318,5.72
413228,412572,318,0.6
413228,413229,318,0.6
404041,404697,318,0.6
404041,404042,318,0.6
404043,403387,318,5.72
404043,404042,318,5.72
412574,413229,318,5.72
412573,411916,318,5.72
412573,413229,318,5.72
412573,412572,318,5.72
404699,404042,318,5.72
411915,411259,318,0.6
411915,412572,318,0.6
411915,411916,318,0.6
404698,404042,318,5.72
404698,405353,318,5.72
404698,404697,318,5.72
411917,412572,318,5.72
411917,411916,318,5.72
411261,411916,318,5.72
405354,404697,318,5.72
405354,406009,318,5.72
405354,405353,318,5.72
411260,410603,318,5.72
411260,411916,318,5.72
411260,411259,318,5.72
406010,405353,318,5.72
406010,406665,318,5.72
406010,406009,318,5.72
410602,409946,318,0.6
410602,411259,318,0.6
410602,410603,318,0.6
410604,411259,318,5.72
410604,410603,318,5.72
409945,409290,318,0.6
409945,409946,318,0.6
406666,406009,318,5.72
406666,407321,318,5.72
406666,406665,318,5.72
409948,410603,318,5.72
409947,409290,318,5.72
409947,410603,318,5.72
409947,409946,318,5.72
407322,406665,318,5.72
407322,407321,318,5.72
409291,409946,318,5.72
409291,409290,318,5.72
408635,409290,318,5.72
407978,407321,318,5.72
408634,409290,318,5.72
407320,406665,318,0.6
407320,407321,318,0.6
409289,409946,318,0.6
409289,409290,318,0.6
407977,407321,318,0.6
408633,409290,318,0.6
407976,407321,318,0.6
403383,403382,319,0.6
404695,404694,319,0.6
405352,405353,319,0.6
404039,403382,319,0.6
404039,404694,319,0.6
402076,402732,319,0.6
402076,402733,319,0.6
415854,415199,319,0.6
415854,415855,319,0.6
415197,414542,319,0.6
404696,405353,319,0.6
404696,404697,319,0.6
402075,402732,319,0.6
414541,413886,319,0.6
414541,414542,319,0.6
402730,403387,319,0.6
406008,405353,319,0.6
406008,406665,319,0.6
406008,406009,319,0.6
413884,413229,319,0.6
413227,412572,319,0.6
404040,404697,319,0.6
403385,404042,319,0.6
412571,411916,319,0.6
412571,412572,319,0.6
411914,411259,319,0.6
415857,416513,319,5.72
415857,416512,319,5.72
415857,415856,319,5.72
415201,415856,319,5.72
411258,410603,319,0.6
411258,411259,319,0.6
415198,414542,319,0.6
415198,415855,319,0.6
415198,415199,319,0.6
415200,415856,319,5.72
415200,415855,319,5.72
415200,415199,319,5.72
410601,409946,319,0.6
414544,415199,319,5.72
414543,413886,319,5.72
414543,415199,319,5.72
414543,414542,319,5.72
403390,402734,319,5.72
403390,402735,319,5.72
403390,402733,319,5.72
402731,403387,319,0.6
402731,402732,319,0.6
403389,402733,319,5.72
403389,402734,319,5.72
403389,402732,319,5.72
413887,414542,319,5.72
413887,413886,319,5.72
413885,413229,319,0.6
413885,414542,319,0.6
413885,413886,319,0.6
403388,402732,319,5.72
403388,402733,319,5.72
403388,403387,319,5.72
403386,404042,319,0.6
403386,403387,319,0.6
406664,406009,319,0.6
406664,407321,319,0.6
406664,406665,319,0.6
413230,413886,319,5.72
413230,413229,319,5.72
413228,412572,319,0.6
413228,413229,319,0.6
404041,404697,319,0.6
404041,404042,319,0.6
404043,403387,319,5.72
404043,404042,319,5.72
412574,413229,319,5.72
412573,411916,319,5.72
412573,413229,319,5.72
412573,412572,319,5.72
404699,404042,319,5.72
411915,411259,319,0.6
411915,412572,319,0.6
411915,411916,319,0.6
404698,404042,319,5.72
404698,405353,319,5.72
404698,404697,319,5.72
411917,412572,319,5.72
411917,411916,319,5.72
411261,411916,319,5.72
405354,404697,319,5.72
405354,406009,319,5.72
405354,405353,319,5.72
411260,410603,319,5.72
411260,411916,319,5.72
411260,411259,319,5.72
406010,405353,319,5.72
406010,406665,319,5.72
406010,406009,319,5.72
410602,409946,319,0.6
410602,411259,319,0.6
410602,410603,319,0.6
410604,411259,319,5.72
410604,410603,319,5.72
409945,409290,319,0.6
409945,409946,319,0.6
406666,406009,319,5.72
406666,407321,319,5.72
406666,406665,319,5.72
409948,410603,319,5.72
409947,409290,319,5.72
409947,410603,319,5.72
409947,409946,319,5.72
407322,406665,319,5.72
407322,407321,319,5.72
409291,409946,319,5.72
409291,409290,319,5.72
408635,409290,319,5.72
407978,407321,319,5.72
408634,409290,319,5.72
407320,406665,319,0.6
407320,407321,319,0.6
409289,409946,319,0.6
409289,409290,319,0.6
407977,407321,319,0.6
408633,409290,319,0.6
407976,407321,319,0.6
407983,407327,320,0.6
407983,407984,320,0.6
405352,405353,320,0.6
408639,407984,320,0.6
407982,407327,320,0.6
402076,402732,320,0.6
402076,402733,320,0.6
415854,415199,320,0.6
415854,415855,320,0.6
415197,414542,320,0.6
404696,405353,320,0.6
404696,404697,320,0.6
402075,402732,320,0.6
414541,413886,320,0.6
414541,414542,320,0.6
402730,403387,320,0.6
406008,405353,320,0.6
406008,406665,320,0.6
406008,406009,320,0.6
413884,413229,320,0.6
413227,412572,320,0.6
404040,404697,320,0.6
403385,404042,320,0.6
412571,411916,320,0.6
412571,412572,320,0.6
411914,411259,320,0.6
415857,416513,320,5.72
415857,416512,320,5.72
415857,415856,320,5.72
415201,415856,320,5.72
411258,410603,320,0.6
411258,411259,320,0.6
415198,414542,320,0.6
415198,415855,320,0.6
415198,415199,320,0.6
415200,415856,320,5.72
415200,415855,320,5.72
415200,415199,320,5.72
410601,409946,320,0.6
414544,415199,320,5.72
414543,413886,320,5.72
414543,415199,320,5.72
414543,414542,320,5.72
403390,402734,320,5.72
403390,402735,320,5.72
403390,402733,320,5.72
402731,403387,320,0.6
402731,402732,320,0.6
403389,402733,320,5.72
403389,402734,320,5.72
403389,402732,320,5.72
413887,414542,320,5.72
413887,413886,320,5.72
413885,413229,320,0.6
413885,414542,320,0.6
413885,413886,320,0.6
403388,402732,320,5.72
403388,402733,320,5.72
403388,403387,320,5.72
403386,404042,320,0.6
403386,403387,320,0.6
406664,406009,320,0.6
406664,407321,320,0.6
406664,406665,320,0.6
413230,413886,320,5.72
413230,413229,320,5.72
413228,412572,320,0.6
413228,413229,320,0.6
404041,404697,320,0.6
404041,404042,320,0.6
404043,403387,320,5.72
404043,404042,320,5.72
412574,413229,320,5.72
412573,411916,320,5.72
412573,413229,320,5.72
412573,412572,320,5.72
404699,404042,320,5.72
411915,411259,320,0.6
411915,412572,320,0.6
411915,411916,320,0.6
404698,404042,320,5.72
404698,405353,320,5.72
404698,404697,320,5.72
411917,412572,320,5.72
411917,411916,320,5.72
411261,411916,320,5.72
405354,404697,320,5.72
405354,406009,320,5.72
405354,405353,320,5.72
411260,410603,320,5.72
411260,411916,320,5.72
411260,411259,320,5.72
406010,405353,320,5.72
406010,406665,320,5.72
406010,406009,320,5.72
410602,409946,320,0.6
410602,411259,320,0.6
410602,410603,320,0.6
410604,411259,320,5.72
410604,410603,320,5.72
409945,409290,320,0.6
409945,409946,320,0.6
406666,406009,320,5.72
406666,407321,320,5.72
406666,406665,320,5.72
409948,410603,320,5.72
409947,409290,320,5.72
409947,410603,320,5.72
409947,409946,320,5.72
407322,406665,320,5.72
407322,407321,320,5.72
409291,409946,320,5.72
409291,409290,320,5.72
408635,409290,320,5.72
407978,407321,320,5.72
408634,409290,320,5.72
407320,406665,320,0.6
407320,407321,320,0.6
409289,409946,320,0.6
409289,409290,320,0.6
407977,407321,320,0.6
408633,409290,320,0.6
407976,407321,320,0.6
405352,405353,321,0.6
402076,402732,321,0.6
402076,402733,321,0.6
415854,415199,321,0.6
415854,415855,321,0.6
415197,414542,321,0.6
404696,405353,321,0.6
404696,404697,321,0.6
402075,402732,321,0.6
414541,413886,321,0.6
414541,414542,321,0.6
402730,403387,321,0.6
406008,405353,321,0.6
406008,406665,321,0.6
406008,406009,321,0.6
413884,413229,321,0.6
413227,412572,321,0.6
404040,404697,321,0.6
403385,404042,321,0.6
412571,411916,321,0.6
412571,412572,321,0.6
411914,411259,321,0.6
415857,416513,321,5.72
415857,416512,321,5.72
415857,415856,321,5.72
415201,415856,321,5.72
411258,410603,321,0.6
411258,411259,321,0.6
415198,414542,321,0.6
415198,415855,321,0.6
415198,415199,321,0.6
415200,415856,321,5.72
415200,415855,321,5.72
415200,415199,321,5.72
410601,409946,321,0.6
414544,415199,321,5.72
414543,413886,321,5.72
414543,415199,321,5.72
414543,414542,321,5.72
403390,402734,321,5.72
403390,402735,321,5.72
403390,402733,321,5.72
402731,403387,321,0.6
402731,402732,321,0.6
403389,402733,321,5.72
403389,402734,321,5.72
403389,402732,321,5.72
413887,414542,321,5.72
413887,413886,321,5.72
413885,413229,321,0.6
413885,414542,321,0.6
413885,413886,321,0.6
403388,402732,321,5.72
403388,402733,321,5.72
403388,403387,321,5.72
403386,404042,321,0.6
403386,403387,321,0.6
406664,406009,321,0.6
406664,407321,321,0.6
406664,406665,321,0.6
413230,413886,321,5.72
413230,413229,321,5.72
413228,412572,321,0.6
413228,413229,321,0.6
404041,404697,321,0.6
404041,404042,321,0.6
404043,403387,321,5.72
404043,404042,321,5.72
412574,413229,321,5.72
412573,411916,321,5.72
412573,413229,321,5.72
412573,412572,321,5.72
404699,404042,321,5.72
411915,411259,321,0.6
411915,412572,321,0.6
411915,411916,321,0.6
404698,404042,321,5.72
404698,405353,321,5.72
404698,404697,321,5.72
411917,412572,321,5.72
411917,411916,321,5.72
411261,411916,321,5.72
405354,404697,321,5.72
405354,406009,321,5.72
405354,405353,321,5.72
411260,410603,321,5.72
411260,411916,321,5.72
411260,411259,321,5.72
406010,405353,321,5.72
406010,406665,321,5.72
406010,406009,321,5.72
410602,409946,321,0.6
410602,411259,321,0.6
410602,410603,321,0.6
410604,411259,321,5.72
410604,410603,321,5.72
409945,409290,321,0.6
409945,409946,321,0.6
406666,406009,321,5.72
406666,407321,321,5.72
406666,406665,321,5.72
409948,410603,321,5.72
409947,409290,321,5.72
409947,410603,321,5.72
409947,409946,321,5.72
407322,406665,321,5.72
407322,407321,321,5.72
409291,409946,321,5.72
409291,409290,321,5.72
408635,409290,321,5.72
407978,407321,321,5.72
408634,409290,321,5.72
407320,406665,321,0.6
407320,407321,321,0.6
409289,409946,321,0.6
409289,409290,321,0.6
407977,407321,321,0.6
408633,409290,321,0.6
407976,407321,321,0.6
405352,405353,322,0.6
402076,402732,322,0.6
402076,402733,322,0.6
415854,415199,322,0.6
415854,415855,322,0.6
415197,414542,322,0.6
404696,405353,322,0.6
404696,404697,322,0.6
402075,402732,322,0.6
414541,413886,322,0.6
414541,414542,322,0.6
402730,403387,322,0.6
406008,405353,322,0.6
406008,406665,322,0.6
406008,406009,322,0.6
413884,413229,322,0.6
413227,412572,322,0.6
404040,404697,322,0.6
403385,404042,322,0.6
412571,411916,322,0.6
412571,412572,322,0.6
411914,411259,322,0.6
415857,416513,322,5.72
415857,416512,322,5.72
415857,415856,322,5.72
415201,415856,322,5.72
411258,410603,322,0.6
411258,411259,322,0.6
415198,414542,322,0.6
415198,415855,322,0.6
415198,415199,322,0.6
415200,415856,322,5.72
415200,415855,322,5.72
415200,415199,322,5.72
410601,409946,322,0.6
414544,415199,322,5.72
414543,413886,322,5.72
414543,415199,322,5.72
414543,414542,322,5.72
403390,402734,322,5.72
403390,402735,322,5.72
403390,402733,322,5.72
402731,403387,322,0.6
402731,402732,322,0.6
403389,402733,322,5.72
403389,402734,322,5.72
403389,402732,322,5.72
413887,414542,322,5.72
413887,413886,322,5.72
413885,413229,322,0.6
413885,414542,322,0.6
413885,413886,322,0.6
403388,402732,322,5.72
403388,402733,322,5.72
403388,403387,322,5.72
403386,404042,322,0.6
403386,403387,322,0.6
406664,406009,322,0.6
406664,407321,322,0.6
406664,406665,322,0.6
413230,413886,322,5.72
413230,413229,322,5.72
413228,412572,322,0.6
413228,413229,322,0.6
404041,404697,322,0.6
404041,404042,322,0.6
404043,403387,322,5.72
404043,404042,322,5.72
412574,413229,322,5.72
412573,411916,322,5.72
412573,413229,322,5.72
412573,412572,322,5.72
404699,404042,322,5.72
411915,411259,322,0.6
411915,412572,322,0.6
411915,411916,322,0.6
404698,404042,322,5.72
404698,405353,322,5.72
404698,404697,322,5.72
411917,412572,322,5.72
411917,411916,322,5.72
411261,411916,322,5.72
405354,404697,322,5.72
405354,406009,322,5.72
405354,405353,322,5.72
411260,410603,322,5.72
411260,411916,322,5.72
411260,411259,322,5.72
406010,405353,322,5.72
406010,406665,322,5.72
406010,406009,322,5.72
410602,409946,322,0.6
410602,411259,322,0.6
410602,410603,322,0.6
410604,411259,322,5.72
410604,410603,322,5.72
409945,409290,322,0.6
409945,409946,322,0.6
406666,406009,322,5.72
406666,407321,322,5.72
406666,406665,322,5.72
409948,410603,322,5.72
409947,409290,322,5.72
409947,410603,322,5.72
409947,409946,322,5.72
407322,406665,322,5.72
407322,407321,322,5.72
409291,409946,322,5.72
409291,409290,322,5.72
408635,409290,322,5.72
407978,407321,322,5.72
408634,409290,322,5.72
407320,406665,322,0.6
407320,407321,322,0.6
409289,409946,322,0.6
409289,409290,322,0.6
407977,407321,322,0.6
408633,409290,322,0.6
407976,407321,322,0.6
405352,405353,323,0.6
402076,402732,323,0.6
402076,402733,323,0.6
415854,415199,323,0.6
415854,415855,323,0.6
415197,414542,323,0.6
404696,405353,323,0.6
404696,404697,323,0.6
402075,402732,323,0.6
414541,413886,323,0.6
414541,414542,323,0.6
402730,403387,323,0.6
406008,405353,323,0.6
406008,406665,323,0.6
406008,406009,323,0.6
413884,413229,323,0.6
413227,412572,323,0.6
404040,404697,323,0.6
403385,404042,323,0.6
412571,411916,323,0.6
412571,412572,323,0.6
411914,411259,323,0.6
415857,416513,323,5.72
415857,416512,323,5.72
415857,415856,323,5.72
415201,415856,323,5.72
411258,410603,323,0.6
411258,411259,323,0.6
415198,414542,323,0.6
415198,415855,323,0.6
415198,415199,323,0.6
415200,415856,323,5.72
415200,415855,323,5.72
415200,415199,323,5.72
410601,409946,323,0.6
414544,415199,323,5.72
414543,413886,323,5.72
414543,415199,323,5.72
414543,414542,323,5.72
403390,402734,323,5.72
403390,402735,323,5.72
403390,402733,323,5.72
402731,403387,323,0.6
402731,402732,323,0.6
403389,402733,323,5.72
403389,402734,323,5.72
403389,402732,323,5.72
413887,414542,323,5.72
413887,413886,323,5.72
413885,413229,323,0.6
413885,414542,323,0.6
413885,413886,323,0.6
403388,402732,323,5.72
403388,402733,323,5.72
403388,403387,323,5.72
403386,404042,323,0.6
403386,403387,323,0.6
406664,406009,323,0.6
406664,407321,323,0.6
406664,406665,323,0.6
413230,413886,323,5.72
413230,413229,323,5.72
413228,412572,323,0.6
413228,413229,323,0.6
404041,404697,323,0.6
404041,404042,323,0.6
404043,403387,323,5.72
404043,404042,323,5.72
412574,413229,323,5.72
412573,411916,323,5.72
412573,413229,323,5.72
412573,412572,323,5.72
404699,404042,323,5.72
411915,411259,323,0.6
411915,412572,323,0.6
411915,411916,323,0.6
404698,404042,323,5.72
404698,405353,323,5.72
404698,404697,323,5.72
411917,412572,323,5.72
411917,411916,323,5.72
411261,411916,323,5.72
405354,404697,323,5.72
405354,406009,323,5.72
405354,405353,323,5.72
411260,410603,323,5.72
411260,411916,323,5.72
411260,411259,323,5.72
406010,405353,323,5.72
406010,406665,323,5.72
406010,406009,323,5.72
410602,409946,323,0.6
410602,411259,323,0.6
410602,410603,323,0.6
410604,411259,323,5.72
410604,410603,323,5.72
409945,409290,323,0.6
409945,409946,323,0.6
406666,406009,323,5.72
406666,407321,323,5.72
406666,406665,323,5.72
409948,410603,323,5.72
409947,409290,323,5.72
409947,410603,323,5.72
409947,409946,323,5.72
407322,406665,323,5.72
407322,407321,323,5.72
409291,409946,323,5.72
409291,409290,323,5.72
408635,409290,323,5.72
407978,407321,323,5.72
408634,409290,323,5.72
407320,406665,323,0.6
407320,407321,323,0.6
409289,409946,323,0.6
409289,409290,323,0.6
407977,407321,323,0.6
408633,409290,323,0.6
407976,407321,323,0.6
405352,405353,324,0.6
402076,402732,324,0.6
402076,402733,324,0.6
415854,415199,324,0.6
415854,415855,324,0.6
415197,414542,324,0.6
404696,405353,324,0.6
404696,404697,324,0.6
402075,402732,324,0.6
414541,413886,324,0.6
414541,414542,324,0.6
402730,403387,324,0.6
406008,405353,324,0.6
406008,406665,324,0.6
406008,406009,324,0.6
413884,413229,324,0.6
413227,412572,324,0.6
404040,404697,324,0.6
403385,404042,324,0.6
412571,411916,324,0.6
412571,412572,324,0.6
411914,411259,324,0.6
415857,416513,324,5.72
415857,416512,324,5.72
415857,415856,324,5.72
415201,415856,324,5.72
411258,410603,324,0.6
411258,411259,324,0.6
415198,414542,324,0.6
415198,415855,324,0.6
415198,415199,324,0.6
415200,415856,324,5.72
415200,415855,324,5.72
415200,415199,324,5.72
410601,409946,324,0.6
414544,415199,324,5.72
414543,413886,324,5.72
414543,415199,324,5.72
414543,414542,324,5.72
403390,402734,324,5.72
403390,402735,324,5.72
403390,402733,324,5.72
402731,403387,324,0.6
402731,402732,324,0.6
403389,402733,324,5.72
403389,402734,324,5.72
403389,402732,324,5.72
413887,414542,324,5.72
413887,413886,324,5.72
413885,413229,324,0.6
413885,414542,324,0.6
413885,413886,324,0.6
403388,402732,324,5.72
403388,402733,324,5.72
403388,403387,324,5.72
403386,404042,324,0.6
403386,403387,324,0.6
406664,406009,324,0.6
406664,407321,324,0.6
406664,406665,324,0.6
413230,413886,324,5.72
413230,413229,324,5.72
413228,412572,324,0.6
413228,413229,324,0.6
404041,404697,324,0.6
404041,404042,324,0.6
404043,403387,324,5.72
404043,404042,324,5.72
412574,413229,324,5.72
412573,411916,324,5.72
412573,413229,324,5.72
412573,412572,324,5.72
404699,404042,324,5.72
411915,411259,324,0.6
411915,412572,324,0.6
411915,411916,324,0.6
404698,404042,324,5.72
404698,405353,324,5.72
404698,404697,324,5.72
411917,412572,324,5.72
411917,411916,324,5.72
411261,411916,324,5.72
405354,404697,324,5.72
405354,406009,324,5.72
405354,405353,324,5.72
411260,410603,324,5.72
411260,411916,324,5.72
411260,411259,324,5.72
406010,405353,324,5.72
406010,406665,324,5.72
406010,406009,324,5.72
410602,409946,324,0.6
410602,411259,324,0.6
410602,410603,324,0.6
410604,411259,324,5.72
410604,410603,324,5.72
409945,409290,324,0.6
409945,409946,324,0.6
406666,406009,324,5.72
406666,407321,324,5.72
406666,406665,324,5.72
409948,410603,324,5.72
409947,409290,324,5.72
409947,410603,324,5.72
409947,409946,324,5.72
407322,406665,324,5.72
407322,407321,324,5.72
409291,409946,324,5.72
409291,409290,324,5.72
408635,409290,324,5.72
407978,407321,324,5.72
408634,409290,324,5.72
407320,406665,324,0.6
407320,407321,324,0.6
409289,409946,324,0.6
409289,409290,324,0.6
407977,407321,324,0.6
408633,409290,324,0.6
407976,407321,324,0.6
413882,413881,325,0.6
405352,405353,325,0.6
413226,413881,325,0.6
402076,402732,325,0.6
402076,402733,325,0.6
415854,415199,325,0.6
415854,415855,325,0.6
415197,414542,325,0.6
404696,405353,325,0.6
404696,404697,325,0.6
402075,402732,325,0.6
414541,413886,325,0.6
414541,414542,325,0.6
402730,403387,325,0.6
406008,405353,325,0.6
406008,406665,325,0.6
406008,406009,325,0.6
413884,413229,325,0.6
413227,412572,325,0.6
404040,404697,325,0.6
403385,404042,325,0.6
412571,411916,325,0.6
412571,412572,325,0.6
411914,411259,325,0.6
415857,416513,325,5.72
415857,416512,325,5.72
415857,415856,325,5.72
415201,415856,325,5.72
411258,410603,325,0.6
411258,411259,325,0.6
415198,414542,325,0.6
415198,415855,325,0.6
415198,415199,325,0.6
415200,415856,325,5.72
415200,415855,325,5.72
415200,415199,325,5.72
410601,409946,325,0.6
414544,415199,325,5.72
414543,413886,325,5.72
414543,415199,325,5.72
414543,414542,325,5.72
403390,402734,325,5.72
403390,402735,325,5.72
403390,402733,325,5.72
402731,403387,325,0.6
402731,402732,325,0.6
403389,402733,325,5.72
403389,402734,325,5.72
403389,402732,325,5.72
413887,414542,325,5.72
413887,413886,325,5.72
413885,413229,325,0.6
413885,414542,325,0.6
413885,413886,325,0.6
403388,402732,325,5.72
403388,402733,325,5.72
403388,403387,325,5.72
403386,404042,325,0.6
403386,403387,325,0.6
406664,406009,325,0.6
406664,407321,325,0.6
406664,406665,325,0.6
413230,413886,325,5.72
413230,413229,325,5.72
413228,412572,325,0.6
413228,413229,325,0.6
404041,404697,325,0.6
404041,404042,325,0.6
404043,403387,325,5.72
404043,404042,325,5.72
412574,413229,325,5.72
412573,411916,325,5.72
412573,413229,325,5.72
412573,412572,325,5.72
404699,404042,325,5.72
411915,411259,325,0.6
411915,412572,325,0.6
411915,411916,325,0.6
404698,404042,325,5.72
404698,405353,325,5.72
404698,404697,325,5.72
411917,412572,325,5.72
411917,411916,325,5.72
411261,411916,325,5.72
405354,404697,325,5.72
405354,406009,325,5.72
405354,405353,325,5.72
411260,410603,325,5.72
411260,411916,325,5.72
411260,411259,325,5.72
406010,405353,325,5.72
406010,406665,325,5.72
406010,406009,325,5.72
410602,409946,325,0.6
410602,411259,325,0.6
410602,410603,325,0.6
410604,411259,325,5.72
410604,410603,325,5.72
409945,409290,325,0.6
409945,409946,325,0.6
406666,406009,325,5.72
406666,407321,325,5.72
406666,406665,325,5.72
409948,410603,325,5.72
409947,409290,325,5.72
409947,410603,325,5.72
409947,409946,325,5.72
407322,406665,325,5.72
407322,407321,325,5.72
409291,409946,325,5.72
409291,409290,325,5.72
408635,409290,325,5.72
407978,407321,325,5.72
408634,409290,325,5.72
407320,406665,325,0.6
407320,407321,325,0.6
409289,409946,325,0.6
409289,409290,325,0.6
407977,407321,325,0.6
408633,409290,325,0.6
407976,407321,325,0.6
411911,412567,326,0.6
405359,406015,326,0.6
404049,404050,326,0.6
407971,407970,326,0.6
416510,417166,326,0.6
409283,409282,326,0.6
408627,407970,326,0.6
408627,409282,326,0.6
405352,404697,326,0.6
405352,406009,326,0.6
405352,405353,326,0.6
411912,412567,326,0.6
402076,402732,326,0.6
402076,402733,326,0.6
415854,415199,326,0.6
415854,415855,326,0.6
415197,414542,326,0.6
404696,405353,326,0.6
404696,404697,326,0.6
402075,402732,326,0.6
414541,413886,326,0.6
414541,414542,326,0.6
402730,403387,326,0.6
406008,405353,326,0.6
406008,406665,326,0.6
406008,406009,326,0.6
413884,413229,326,0.6
413227,412572,326,0.6
404040,404697,326,0.6
403385,404042,326,0.6
412571,411916,326,0.6
412571,412572,326,0.6
411914,411259,326,0.6
415857,416513,326,5.72
415857,416512,326,5.72
415857,415856,326,5.72
415201,415856,326,5.72
411258,410603,326,0.6
411258,411259,326,0.6
415198,414542,326,0.6
415198,415855,326,0.6
415198,415199,326,0.6
415200,415856,326,5.72
415200,415855,326,5.72
415200,415199,326,5.72
410601,409946,326,0.6
414544,415199,326,5.72
414543,413886,326,5.72
414543,415199,326,5.72
414543,414542,326,5.72
403390,402734,326,5.72
403390,402735,326,5.72
403390,402733,326,5.72
402731,403387,326,0.6
402731,402732,326,0.6
403389,402733,326,5.72
403389,402734,326,5.72
403389,402732,326,5.72
413887,414542,326,5.72
413887,413886,326,5.72
413885,413229,326,0.6
413885,414542,326,0.6
413885,413886,326,0.6
403388,402732,326,5.72
403388,402733,326,5.72
403388,403387,326,5.72
403386,404042,326,0.6
403386,403387,326,0.6
406664,406009,326,0.6
406664,407321,326,0.6
406664,406665,326,0.6
413230,413886,326,5.72
413230,413229,326,5.72
413228,412572,326,0.6
413228,413229,326,0.6
404041,404697,326,0.6
404041,404042,326,0.6
404043,403387,326,5.72
404043,404042,326,5.72
412574,413229,326,5.72
412573,411916,326,5.72
412573,413229,326,5.72
412573,412572,326,5.72
404699,404042,326,5.72
411915,411259,326,0.6
411915,412572,326,0.6
411915,411916,326,0.6
404698,404042,326,5.72
404698,405353,326,5.72
404698,404697,326,5.72
411917,412572,326,5.72
411917,411916,326,5.72
411261,411916,326,5.72
405354,404697,326,5.72
405354,406009,326,5.72
405354,405353,326,5.72
411260,410603,326,5.72
411260,411916,326,5.72
411260,411259,326,5.72
406010,405353,326,5.72
406010,406665,326,5.72
406010,406009,326,5.72
410602,409946,326,0.6
410602,411259,326,0.6
410602,410603,326,0.6
410604,411259,326,5.72
410604,410603,326,5.72
409945,409290,326,0.6
409945,409946,326,0.6
406666,406009,326,5.72
406666,407321,326,5.72
406666,406665,326,5.72
409948,410603,326,5.72
409947,409290,326,5.72
409947,410603,326,5.72
409947,409946,326,5.72
407322,406665,326,5.72
407322,407321,326,5.72
409291,409946,326,5.72
409291,409290,326,5.72
408635,409290,326,5.72
407978,407321,326,5.72
408634,409290,326,5.72
407320,406665,326,0.6
407320,407321,326,0.6
409289,409946,326,0.6
409289,409290,326,0.6
407977,407321,326,0.6
408633,409290,326,0.6
407976,407321,326,0.6
412577,412578,327,0.6
411265,411266,327,0.6
411921,411266,327,0.6
411921,412578,327,0.6
413891,413236,327,0.6
405352,404697,327,0.6
405352,406009,327,0.6
405352,405353,327,0.6
415203,415860,327,0.6
402076,402732,327,0.6
402076,402733,327,0.6
415854,415199,327,0.6
415854,415855,327,0.6
415197,414542,327,0.6
404696,405353,327,0.6
404696,404697,327,0.6
402075,402732,327,0.6
414541,413886,327,0.6
414541,414542,327,0.6
402730,403387,327,0.6
406008,405353,327,0.6
406008,406665,327,0.6
406008,406009,327,0.6
413884,413229,327,0.6
413227,412572,327,0.6
404040,404697,327,0.6
403385,404042,327,0.6
412571,411916,327,0.6
412571,412572,327,0.6
411914,411259,327,0.6
415857,416513,327,5.72
415857,416512,327,5.72
415857,415856,327,5.72
415201,415856,327,5.72
411258,410603,327,0.6
411258,411259,327,0.6
415198,414542,327,0.6
415198,415855,327,0.6
415198,415199,327,0.6
415200,415856,327,5.72
415200,415855,327,5.72
415200,415199,327,5.72
410601,409946,327,0.6
414544,415199,327,5.72
414543,413886,327,5.72
414543,415199,327,5.72
414543,414542,327,5.72
403390,402734,327,5.72
403390,402735,327,5.72
403390,402733,327,5.72
402731,403387,327,0.6
402731,402732,327,0.6
403389,402733,327,5.72
403389,402734,327,5.72
403389,402732,327,5.72
413887,414542,327,5.72
413887,413886,327,5.72
413885,413229,327,0.6
413885,414542,327,0.6
413885,413886,327,0.6
403388,402732,327,5.72
403388,402733,327,5.72
403388,403387,327,5.72
403386,404042,327,0.6
403386,403387,327,0.6
406664,406009,327,0.6
406664,407321,327,0.6
406664,406665,327,0.6
413230,413886,327,5.72
413230,413229,327,5.72
413228,412572,327,0.6
413228,413229,327,0.6
404041,404697,327,0.6
404041,404042,327,0.6
404043,403387,327,5.72
404043,404042,327,5.72
412574,413229,327,5.72
412573,411916,327,5.72
412573,413229,327,5.72
412573,412572,327,5.72
404699,404042,327,5.72
411915,411259,327,0.6
411915,412572,327,0.6
411915,411916,327,0.6
404698,404042,327,5.72
404698,405353,327,5.72
404698,404697,327,5.72
411917,412572,327,5.72
411917,411916,327,5.72
411261,411916,327,5.72
405354,404697,327,5.72
405354,406009,327,5.72
405354,405353,327,5.72
411260,410603,327,5.72
411260,411916,327,5.72
411260,411259,327,5.72
406010,405353,327,5.72
406010,406665,327,5.72
406010,406009,327,5.72
410602,409946,327,0.6
410602,411259,327,0.6
410602,410603,327,0.6
410604,411259,327,5.72
410604,410603,327,5.72
409945,409290,327,0.6
409945,409946,327,0.6
406666,406009,327,5.72
406666,407321,327,5.72
406666,406665,327,5.72
409948,410603,327,5.72
409947,409290,327,5.72
409947,410603,327,5.72
409947,409946,327,5.72
407322,406665,327,5.72
407322,407321,327,5.72
409291,409946,327,5.72
409291,409290,327,5.72
408635,409290,327,5.72
407978,407321,327,5.72
408634,409290,327,5.72
407320,406665,327,0.6
407320,407321,327,0.6
409289,409946,327,0.6
409289,409290,327,0.6
407977,407321,327,0.6
408633,409290,327,0.6
407976,407321,327,0.6
405352,404697,328,0.6
405352,406009,328,0.6
405352,405353,328,0.6
402076,402732,328,0.6
402076,402733,328,0.6
415854,415199,328,0.6
415854,415855,328,0.6
415197,414542,328,0.6
404696,405353,328,0.6
404696,404697,328,0.6
402075,402732,328,0.6
414541,413886,328,0.6
414541,414542,328,0.6
402730,403387,328,0.6
406008,405353,328,0.6
406008,406665,328,0.6
406008,406009,328,0.6
413884,413229,328,0.6
413227,412572,328,0.6
404040,404697,328,0.6
403385,404042,328,0.6
412571,411916,328,0.6
412571,412572,328,0.6
411914,411259,328,0.6
415857,416513,328,5.72
415857,416512,328,5.72
415857,415856,328,5.72
415201,415856,328,5.72
411258,410603,328,0.6
411258,411259,328,0.6
415198,414542,328,0.6
415198,415855,328,0.6
415198,415199,328,0.6
415200,415856,328,5.72
415200,415855,328,5.72
415200,415199,328,5.72
410601,409946,328,0.6
414544,415199,328,5.72
414543,413886,328,5.72
414543,415199,328,5.72
414543,414542,328,5.72
403390,402734,328,5.72
403390,402735,328,5.72
403390,402733,328,5.72
402731,403387,328,0.6
402731,402732,328,0.6
403389,402733,328,5.72
403389,402734,328,5.72
403389,402732,328,5.72
413887,414542,328,5.72
413887,413886,328,5.72
413885,413229,328,0.6
413885,414542,328,0.6
413885,413886,328,0.6
403388,402732,328,5.72
403388,402733,328,5.72
403388,403387,328,5.72
403386,404042,328,0.6
403386,403387,328,0.6
406664,406009,328,0.6
406664,407321,328,0.6
406664,406665,328,0.6
413230,413886,328,5.72
413230,413229,328,5.72
413228,412572,328,0.6
413228,413229,328,0.6
404041,404697,328,0.6
404041,404042,328,0.6
404043,403387,328,5.72
404043,404042,328,5.72
412574,413229,328,5.72
412573,411916,328,5.72
412573,413229,328,5.72
412573,412572,328,5.72
404699,404042,328,5.72
411915,411259,328,0.6
411915,412572,328,0.6
411915,411916,328,0.6
404698,404042,328,5.72
404698,405353,328,5.72
404698,404697,328,5.72
411917,412572,328,5.72
411917,411916,328,5.72
411261,411916,328,5.72
405354,404697,328,5.72
405354,406009,328,5.72
405354,405353,328,5.72
411260,410603,328,5.72
411260,411916,328,5.72
411260,411259,328,5.72
406010,405353,328,5.72
406010,406665,328,5.72
406010,406009,328,5.72
410602,409946,328,0.6
410602,411259,328,0.6
410602,410603,328,0.6
410604,411259,328,5.72
410604,410603,328,5.72
409945,409290,328,0.6
409945,409946,328,0.6
406666,406009,328,5.72
406666,407321,328,5.72
406666,406665,328,5.72
409948,410603,328,5.72
409947,409290,328,5.72
409947,410603,328,5.72
409947,409946,328,5.72
407322,406665,328,5.72
407322,407321,328,5.72
409291,409946,328,5.72
409291,409290,328,5.72
408635,409290,328,5.72
407978,407321,328,5.72
408634,409290,328,5.72
407320,406665,328,0.6
407320,407321,328,0.6
409289,409946,328,0.6
409289,409290,328,0.6
407977,407321,328,0.6
408633,409290,328,0.6
407976,407321,328,0.6
409296,409297,329,0.6
407325,406669,329,0.6
405352,404697,329,0.6
405352,406009,329,0.6
405352,405353,329,0.6
402076,402732,329,0.6
402076,402733,329,0.6
415854,415199,329,0.6
415854,415855,329,0.6
415197,414542,329,0.6
404696,405353,329,0.6
404696,404697,329,0.6
402075,402732,329,0.6
414541,413886,329,0.6
414541,414542,329,0.6
402730,403387,329,0.6
406008,405353,329,0.6
406008,406665,329,0.6
406008,406009,329,0.6
413884,413229,329,0.6
413227,412572,329,0.6
404040,404697,329,0.6
403385,404042,329,0.6
412571,411916,329,0.6
412571,412572,329,0.6
411914,411259,329,0.6
415857,416513,329,5.72
415857,416512,329,5.72
415857,415856,329,5.72
415201,415856,329,5.72
411258,410603,329,0.6
411258,411259,329,0.6
415198,414542,329,0.6
415198,415855,329,0.6
415198,415199,329,0.6
415200,415856,329,5.72
415200,415855,329,5.72
415200,415199,329,5.72
410601,409946,329,0.6
414544,415199,329,5.72
414543,413886,329,5.72
414543,415199,329,5.72
414543,414542,329,5.72
403390,402734,329,5.72
403390,402735,329,5.72
403390,402733,329,5.72
402731,403387,329,0.6
402731,402732,329,0.6
403389,402733,329,5.72
403389,402734,329,5.72
403389,402732,329,5.72
413887,414542,329,5.72
413887,413886,329,5.72
413885,413229,329,0.6
413885,414542,329,0.6
413885,413886,329,0.6
403388,402732,329,5.72
403388,402733,329,5.72
403388,403387,329,5.72
403386,404042,329,0.6
403386,403387,329,0.6
406664,406009,329,0.6
406664,407321,329,0.6
406664,406665,329,0.6
413230,413886,329,5.72
413230,413229,329,5.72
413228,412572,329,0.6
413228,413229,329,0.6
404041,404697,329,0.6
404041,404042,329,0.6
404043,403387,329,5.72
404043,404042,329,5.72
412574,413229,329,5.72
412573,411916,329,5.72
412573,413229,329,5.72
412573,412572,329,5.72
404699,404042,329,5.72
411915,411259,329,0.6
411915,412572,329,0.6
411915,411916,329,0.6
404698,404042,329,5.72
404698,405353,329,5.72
404698,404697,329,5.72
411917,412572,329,5.72
411917,411916,329,5.72
411261,411916,329,5.72
405354,404697,329,5.72
405354,406009,329,5.72
405354,405353,329,5.72
411260,410603,329,5.72
411260,411916,329,5.72
411260,411259,329,5.72
406010,405353,329,5.72
406010,406665,329,5.72
406010,406009,329,5.72
410602,409946,329,0.6
410602,411259,329,0.6
410602,410603,329,0.6
410604,411259,329,5.72
410604,410603,329,5.72
409945,409290,329,0.6
409945,409946,329,0.6
406666,406009,329,5.72
406666,407321,329,5.72
406666,406665,329,5.72
409948,410603,329,5.72
409947,409290,329,5.72
409947,410603,329,5.72
409947,409946,329,5.72
407322,406665,329,5.72
407322,407321,329,5.72
409291,409946,329,5.72
409291,409290,329,5.72
408635,409290,329,5.72
407978,407321,329,5.72
408634,409290,329,5.72
407320,406665,329,0.6
407320,407321,329,0.6
409289,409946,329,0.6
409289,409290,329,0.6
407977,407321,329,0.6
408633,409290,329,0.6
407976,407321,329,0.6
405352,404697,330,0.6
405352,406009,330,0.6
405352,405353,330,0.6
402076,402732,330,0.6
402076,402733,330,0.6
415854,415199,330,0.6
415854,415855,330,0.6
415197,414542,330,0.6
404696,405353,330,0.6
404696,404697,330,0.6
402075,402732,330,0.6
414541,413886,330,0.6
414541,414542,330,0.6
402730,403387,330,0.6
406008,405353,330,0.6
406008,406665,330,0.6
406008,406009,330,0.6
413884,413229,330,0.6
413227,412572,330,0.6
404040,404697,330,0.6
403385,404042,330,0.6
412571,411916,330,0.6
412571,412572,330,0.6
411914,411259,330,0.6
415857,416513,330,5.72
415857,416512,330,5.72
415857,415856,330,5.72
415201,415856,330,5.72
411258,410603,330,0.6
411258,411259,330,0.6
415198,414542,330,0.6
415198,415855,330,0.6
415198,415199,330,0.6
415200,415856,330,5.72
415200,415855,330,5.72
415200,415199,330,5.72
410601,409946,330,0.6
414544,415199,330,5.72
414543,413886,330,5.72
414543,415199,330,5.72
414543,414542,330,5.72
403390,402734,330,5.72
403390,402735,330,5.72
403390,402733,330,5.72
402731,403387,330,0.6
402731,402732,330,0.6
403389,402733,330,5.72
403389,402734,330,5.72
403389,402732,330,5.72
413887,414542,330,5.72
413887,413886,330,5.72
413885,413229,330,0.6
413885,414542,330,0.6
413885,413886,330,0.6
403388,402732,330,5.72
403388,402733,330,5.72
403388,403387,330,5.72
403386,404042,330,0.6
403386,403387,330,0.6
406664,406009,330,0.6
406664,407321,330,0.6
406664,406665,330,0.6
413230,413886,330,5.72
413230,413229,330,5.72
413228,412572,330,0.6
413228,413229,330,0.6
404041,404697,330,0.6
404041,404042,330,0.6
404043,403387,330,5.72
404043,404042,330,5.72
412574,413229,330,5.72
412573,411916,330,5.72
412573,413229,330,5.72
412573,412572,330,5.72
404699,404042,330,5.72
411915,411259,330,0.6
411915,412572,330,0.6
411915,411916,330,0.6
404698,404042,330,5.72
404698,405353,330,5.72
404698,404697,330,5.72
411917,412572,330,5.72
411917,411916,330,5.72
411261,411916,330,5.72
405354,404697,330,5.72
405354,406009,330,5.72
405354,405353,330,5.72
411260,410603,330,5.72
411260,411916,330,5.72
411260,411259,330,5.72
406010,405353,330,5.72
406010,406665,330,5.72
406010,406009,330,5.72
410602,409946,330,0.6
410602,411259,330,0.6
410602,410603,330,0.6
410604,411259,330,5.72
410604,410603,330,5.72
409945,409290,330,0.6
409945,409946,330,0.6
406666,406009,330,5.72
406666,407321,330,5.72
406666,406665,330,5.72
409948,410603,330,5.72
409947,409290,330,5.72
409947,410603,330,5.72
409947,409946,330,5.72
407322,406665,330,5.72
407322,407321,330,5.72
409291,409946,330,5.72
409291,409290,330,5.72
408635,409290,330,5.72
407978,407321,330,5.72
408634,409290,330,5.72
407320,406665,330,0.6
407320,407321,330,0.6
409289,409946,330,0.6
409289,409290,330,0.6
407977,407321,330,0.6
408633,409290,330,0.6
407976,407321,330,0.6
405352,404697,331,0.6
405352,406009,331,0.6
405352,405353,331,0.6
402076,402732,331,0.6
402076,402733,331,0.6
415854,415199,331,0.6
415854,415855,331,0.6
415197,414542,331,0.6
404696,405353,331,0.6
404696,404697,331,0.6
402075,402732,331,0.6
414541,413886,331,0.6
414541,414542,331,0.6
402730,403387,331,0.6
406008,405353,331,0.6
406008,406665,331,0.6
406008,406009,331,0.6
413884,413229,331,0.6
413227,412572,331,0.6
404040,404697,331,0.6
403385,404042,331,0.6
412571,411916,331,0.6
412571,412572,331,0.6
411914,411259,331,0.6
415857,416513,331,5.72
415857,416512,331,5.72
415857,415856,331,5.72
415201,415856,331,5.72
411258,410603,331,0.6
411258,411259,331,0.6
415198,414542,331,0.6
415198,415855,331,0.6
415198,415199,331,0.6
415200,415856,331,5.72
415200,415855,331,5.72
415200,415199,331,5.72
410601,409946,331,0.6
414544,415199,331,5.72
414543,413886,331,5.72
414543,415199,331,5.72
414543,414542,331,5.72
403390,402734,331,5.72
403390,402735,331,5.72
403390,402733,331,5.72
402731,403387,331,0.6
402731,402732,331,0.6
403389,402733,331,5.72
403389,402734,331,5.72
403389,402732,331,5.72
413887,414542,331,5.72
413887,413886,331,5.72
413885,413229,331,0.6
413885,414542,331,0.6
413885,413886,331,0.6
403388,402732,331,5.72
403388,402733,331,5.72
403388,403387,331,5.72
403386,404042,331,0.6
403386,403387,331,0.6
406664,406009,331,0.6
406664,407321,331,0.6
406664,406665,331,0.6
413230,413886,331,5.72
413230,413229,331,5.72
413228,412572,331,0.6
413228,413229,331,0.6
404041,404697,331,0.6
404041,404042,331,0.6
404043,403387,331,5.72
404043,404042,331,5.72
412574,413229,331,5.72
412573,411916,331,5.72
412573,413229,331,5.72
412573,412572,331,5.72
404699,404042,331,5.72
411915,411259,331,0.6
411915,412572,331,0.6
411915,411916,331,0.6
404698,404042,331,5.72
404698,405353,331,5.72
404698,404697,331,5.72
411917,412572,331,5.72
411917,411916,331,5.72
411261,411916,331,5.72
405354,404697,331,5.72
405354,406009,331,5.72
405354,405353,331,5.72
411260,410603,331,5.72
411260,411916,331,5.72
411260,411259,331,5.72
406010,405353,331,5.72
406010,406665,331,5.72
406010,406009,331,5.72
410602,409946,331,0.6
410602,411259,331,0.6
410602,410603,331,0.6
410604,411259,331,5.72
410604,410603,331,5.72
409945,409290,331,0.6
409945,409946,331,0.6
406666,406009,331,5.72
406666,407321,331,5.72
406666,406665,331,5.72
409948,410603,331,5.72
409947,409290,331,5.72
409947,410603,331,5.72
409947,409946,331,5.72
407322,406665,331,5.72
407322,407321,331,5.72
409291,409946,331,5.72
409291,409290,331,5.72
408635,409290,331,5.72
407978,407321,331,5.72
408634,409290,331,5.72
407320,406665,331,0.6
407320,407321,331,0.6
409289,409946,331,0.6
409289,409290,331,0.6
407977,407321,331,0.6
408633,409290,331,0.6
407976,407321,331,0.6
413225,413224,332,0.6
412569,413224,332,0.6
405352,404697,332,0.6
405352,406009,332,0.6
405352,405353,332,0.6
402076,402732,332,0.6
402076,402733,332,0.6
415854,415199,332,0.6
415854,415855,332,0.6
415197,414542,332,0.6
404696,405353,332,0.6
404696,404697,332,0.6
402075,402732,332,0.6
414541,413886,332,0.6
414541,414542,332,0.6
402730,403387,332,0.6
406008,405353,332,0.6
406008,406665,332,0.6
406008,406009,332,0.6
413884,413229,332,0.6
413227,412572,332,0.6
404040,404697,332,0.6
403385,404042,332,0.6
412571,411916,332,0.6
412571,412572,332,0.6
411914,411259,332,0.6
415857,416513,332,5.72
415857,416512,332,5.72
415857,415856,332,5.72
415201,415856,332,5.72
411258,410603,332,0.6
411258,411259,332,0.6
415198,414542,332,0.6
415198,415855,332,0.6
415198,415199,332,0.6
415200,415856,332,5.72
415200,415855,332,5.72
415200,415199,332,5.72
410601,409946,332,0.6
414544,415199,332,5.72
414543,413886,332,5.72
414543,415199,332,5.72
414543,414542,332,5.72
403390,402734,332,5.72
403390,402735,332,5.72
403390,402733,332,5.72
402731,403387,332,0.6
402731,402732,332,0.6
403389,402733,332,5.72
403389,402734,332,5.72
403389,402732,332,5.72
413887,414542,332,5.72
413887,413886,332,5.72
413885,413229,332,0.6
413885,414542,332,0.6
413885,413886,332,0.6
403388,402732,332,5.72
403388,402733,332,5.72
403388,403387,332,5.72
403386,404042,332,0.6
403386,403387,332,0.6
406664,406009,332,0.6
406664,407321,332,0.6
406664,406665,332,0.6
413230,413886,332,5.72
413230,413229,332,5.72
413228,412572,332,0.6
413228,413229,332,0.6
404041,404697,332,0.6
404041,404042,332,0.6
404043,403387,332,5.72
404043,404042,332,5.72
412574,413229,332,5.72
412573,411916,332,5.72
412573,413229,332,5.72
412573,412572,332,5.72
404699,404042,332,5.72
411915,411259,332,0.6
411915,412572,332,0.6
411915,411916,332,0.6
404698,404042,332,5.72
404698,405353,332,5.72
404698,404697,332,5.72
411917,412572,332,5.72
411917,411916,332,5.72
411261,411916,332,5.72
405354,404697,332,5.72
405354,406009,332,5.72
405354,405353,332,5.72
411260,410603,332,5.72
411260,411916,332,5.72
411260,411259,332,5.72
406010,405353,332,5.72
406010,406665,332,5.72
406010,406009,332,5.72
410602,409946,332,0.6
410602,411259,332,0.6
410602,410603,332,0.6
410604,411259,332,5.72
410604,410603,332,5.72
409945,409290,332,0.6
409945,409946,332,0.6
406666,406009,332,5.72
406666,407321,332,5.72
406666,406665,332,5.72
409948,410603,332,5.72
409947,409290,332,5.72
409947,410603,332,5.72
409947,409946,332,5.72
407322,406665,332,5.72
407322,407321,332,5.72
409291,409946,332,5.72
409291,409290,332,5.72
408635,409290,332,5.72
407978,407321,332,5.72
408634,409290,332,5.72
407320,406665,332,0.6
407320,407321,332,0.6
409289,409946,332,0.6
409289,409290,332,0.6
407977,407321,332,0.6
408633,409290,332,0.6
407976,407321,332,0.6
405352,404697,333,0.6
405352,406009,333,0.6
405352,405353,333,0.6
402076,402732,333,0.6
402076,402733,333,0.6
415854,415199,333,0.6
415854,415855,333,0.6
415197,414542,333,0.6
404696,405353,333,0.6
404696,404697,333,0.6
402075,402732,333,0.6
414541,413886,333,0.6
414541,414542,333,0.6
402730,403387,333,0.6
406008,405353,333,0.6
406008,406665,333,0.6
406008,406009,333,0.6
413884,413229,333,0.6
413227,412572,333,0.6
404040,404697,333,0.6
403385,404042,333,0.6
412571,411916,333,0.6
412571,412572,333,0.6
411914,411259,333,0.6
415857,416513,333,5.72
415857,416512,333,5.72
415857,415856,333,5.72
415201,415856,333,5.72
411258,410603,333,0.6
411258,411259,333,0.6
415198,414542,333,0.6
415198,415855,333,0.6
415198,415199,333,0.6
415200,415856,333,5.72
415200,415855,333,5.72
415200,415199,333,5.72
410601,409946,333,0.6
414544,415199,333,5.72
414543,413886,333,5.72
414543,415199,333,5.72
414543,414542,333,5.72
403390,402734,333,5.72
403390,402735,333,5.72
403390,402733,333,5.72
402731,403387,333,0.6
402731,402732,333,0.6
403389,402733,333,5.72
403389,402734,333,5.72
403389,402732,333,5.72
413887,414542,333,5.72
413887,413886,333,5.72
413885,413229,333,0.6
413885,414542,333,0.6
413885,413886,333,0.6
403388,402732,333,5.72
403388,402733,333,5.72
403388,403387,333,5.72
403386,404042,333,0.6
403386,403387,333,0.6
406664,406009,333,0.6
406664,407321,333,0.6
406664,406665,333,0.6
413230,413886,333,5.72
413230,413229,333,5.72
413228,412572,333,0.6
413228,413229,333,0.6
404041,404697,333,0.6
404041,404042,333,0.6
404043,403387,333,5.72
404043,404042,333,5.72
412574,413229,333,5.72
412573,411916,333,5.72
412573,413229,333,5.72
412573,412572,333,5.72
404699,404042,333,5.72
411915,411259,333,0.6
411915,412572,333,0.6
411915,411916,333,0.6
404698,404042,333,5.72
404698,405353,333,5.72
404698,404697,333,5.72
411917,412572,333,5.72
411917,411916,333,5.72
411261,411916,333,5.72
405354,404697,333,5.72
405354,406009,333,5.72
405354,405353,333,5.72
411260,410603,333,5.72
411260,411916,333,5.72
411260,411259,333,5.72
406010,405353,333,5.72
406010,406665,333,5.72
406010,406009,333,5.72
410602,409946,333,0.6
410602,411259,333,0.6
410602,410603,333,0.6
410604,411259,333,5.72
410604,410603,333,5.72
409945,409290,333,0.6
409945,409946,333,0.6
406666,406009,333,5.72
406666,407321,333,5.72
406666,406665,333,5.72
409948,410603,333,5.72
409947,409290,333,5.72
409947,410603,333,5.72
409947,409946,333,5.72
407322,406665,333,5.72
407322,407321,333,5.72
409291,409946,333,5.72
409291,409290,333,5.72
408635,409290,333,5.72
407978,407321,333,5.72
408634,409290,333,5.72
407320,406665,333,0.6
407320,407321,333,0.6
409289,409946,333,0.6
409289,409290,333,0.6
407977,407321,333,0.6
408633,409290,333,0.6
407976,407321,333,0.6
405352,404697,334,0.6
405352,406009,334,0.6
405352,405353,334,0.6
402076,402732,334,0.6
402076,402733,334,0.6
415854,415199,334,0.6
415854,415855,334,0.6
415197,414542,334,0.6
404696,405353,334,0.6
404696,404697,334,0.6
402075,402732,334,0.6
414541,413886,334,0.6
414541,414542,334,0.6
402730,403387,334,0.6
406008,405353,334,0.6
406008,406665,334,0.6
406008,406009,334,0.6
413884,413229,334,0.6
413227,412572,334,0.6
404040,404697,334,0.6
403385,404042,334,0.6
412571,411916,334,0.6
412571,412572,334,0.6
411914,411259,334,0.6
415857,416513,334,5.72
415857,416512,334,5.72
415857,415856,334,5.72
415201,415856,334,5.72
411258,410603,334,0.6
411258,411259,334,0.6
415198,414542,334,0.6
415198,415855,334,0.6
415198,415199,334,0.6
415200,415856,334,5.72
415200,415855,334,5.72
415200,415199,334,5.72
410601,409946,334,0.6
414544,415199,334,5.72
414543,413886,334,5.72
414543,415199,334,5.72
414543,414542,334,5.72
403390,402734,334,5.72
403390,402735,334,5.72
403390,402733,334,5.72
402731,403387,334,0.6
402731,402732,334,0.6
403389,402733,334,5.72
403389,402734,334,5.72
403389,402732,334,5.72
413887,414542,334,5.72
413887,413886,334,5.72
413885,413229,334,0.6
413885,414542,334,0.6
413885,413886,334,0.6
403388,402732,334,5.72
403388,402733,334,5.72
403388,403387,334,5.72
403386,404042,334,0.6
403386,403387,334,0.6
406664,406009,334,0.6
406664,407321,334,0.6
406664,406665,334,0.6
413230,413886,334,5.72
413230,413229,334,5.72
413228,412572,334,0.6
413228,413229,334,0.6
404041,404697,334,0.6
404041,404042,334,0.6
404043,403387,334,5.72
404043,404042,334,5.72
412574,413229,334,5.72
412573,411916,334,5.72
412573,413229,334,5.72
412573,412572,334,5.72
404699,404042,334,5.72
411915,411259,334,0.6
411915,412572,334,0.6
411915,411916,334,0.6
404698,404042,334,5.72
404698,405353,334,5.72
404698,404697,334,5.72
411917,412572,334,5.72
411917,411916,334,5.72
411261,411916,334,5.72
405354,404697,334,5.72
405354,406009,334,5.72
405354,405353,334,5.72
411260,410603,334,5.72
411260,411916,334,5.72
411260,411259,334,5.72
406010,405353,334,5.72
406010,406665,334,5.72
406010,406009,334,5.72
410602,409946,334,0.6
410602,411259,334,0.6
410602,410603,334,0.6
410604,411259,334,5.72
410604,410603,334,5.72
409945,409290,334,0.6
409945,409946,334,0.6
406666,406009,334,5.72
406666,407321,334,5.72
406666,406665,334,5.72
409948,410603,334,5.72
409947,409290,334,5.72
409947,410603,334,5.72
409947,409946,334,5.72
407322,406665,334,5.72
407322,407321,334,5.72
409291,409946,334,5.72
409291,409290,334,5.72
408635,409290,334,5.72
407978,407321,334,5.72
408634,409290,334,5.72
407320,406665,334,0.6
407320,407321,334,0.6
409289,409946,334,0.6
409289,409290,334,0.6
407977,407321,334,0.6
408633,409290,334,0.6
407976,407321,334,0.6
401418,400762,335,0.6
401420,400764,335,0.6
402077,402733,335,0.6
402077,402078,335,0.6
401419,400764,335,0.6
401419,400762,335,0.6
405352,404697,335,0.6
405352,406009,335,0.6
405352,405353,335,0.6
402076,402732,335,0.6
402076,402733,335,0.6
415854,415199,335,0.6
415854,415855,335,0.6
415197,414542,335,0.6
404696,405353,335,0.6
404696,404697,335,0.6
402075,402732,335,0.6
414541,413886,335,0.6
414541,414542,335,0.6
402730,403387,335,0.6
406008,405353,335,0.6
406008,406665,335,0.6
406008,406009,335,0.6
413884,413229,335,0.6
413227,412572,335,0.6
404040,404697,335,0.6
403385,404042,335,0.6
412571,411916,335,0.6
412571,412572,335,0.6
411914,411259,335,0.6
415857,416513,335,5.72
415857,416512,335,5.72
415857,415856,335,5.72
415201,415856,335,5.72
411258,410603,335,0.6
411258,411259,335,0.6
415198,414542,335,0.6
415198,415855,335,0.6
415198,415199,335,0.6
415200,415856,335,5.72
415200,415855,335,5.72
415200,415199,335,5.72
410601,409946,335,0.6
414544,415199,335,5.72
414543,413886,335,5.72
414543,415199,335,5.72
414543,414542,335,5.72
403390,402734,335,5.72
403390,402735,335,5.72
403390,402733,335,5.72
402731,403387,335,0.6
402731,402732,335,0.6
403389,402733,335,5.72
403389,402734,335,5.72
403389,402732,335,5.72
413887,414542,335,5.72
413887,413886,335,5.72
413885,413229,335,0.6
413885,414542,335,0.6
413885,413886,335,0.6
403388,402732,335,5.72
403388,402733,335,5.72
403388,403387,335,5.72
403386,404042,335,0.6
403386,403387,335,0.6
406664,406009,335,0.6
406664,407321,335,0.6
406664,406665,335,0.6
413230,413886,335,5.72
413230,413229,335,5.72
413228,412572,335,0.6
413228,413229,335,0.6
404041,404697,335,0.6
404041,404042,335,0.6
404043,403387,335,5.72
404043,404042,335,5.72
412574,413229,335,5.72
412573,411916,335,5.72
412573,413229,335,5.72
412573,412572,335,5.72
404699,404042,335,5.72
411915,411259,335,0.6
411915,412572,335,0.6
411915,411916,335,0.6
404698,404042,335,5.72
404698,405353,335,5.72
404698,404697,335,5.72
411917,412572,335,5.72
411917,411916,335,5.72
411261,411916,335,5.72
405354,404697,335,5.72
405354,406009,335,5.72
405354,405353,335,5.72
411260,410603,335,5.72
411260,411916,335,5.72
411260,411259,335,5.72
406010,405353,335,5.72
406010,406665,335,5.72
406010,406009,335,5.72
410602,409946,335,0.6
410602,411259,335,0.6
410602,410603,335,0.6
410604,411259,335,5.72
410604,410603,335,5.72
409945,409290,335,0.6
409945,409946,335,0.6
406666,406009,335,5.72
406666,407321,335,5.72
406666,406665,335,5.72
409948,410603,335,5.72
409947,409290,335,5.72
409947,410603,335,5.72
409947,409946,335,5.72
407322,406665,335,5.72
407322,407321,335,5.72
409291,409946,335,5.72
409291,409290,335,5.72
408635,409290,335,5.72
407978,407321,335,5.72
408634,409290,335,5.72
407320,406665,335,0.6
407320,407321,335,0.6
409289,409946,335,0.6
409289,409290,335,0.6
407977,407321,335,0.6
408633,409290,335,0.6
407976,407321,335,0.6
402077,402733,336,0.6
414548,414549,336,0.6
405352,404697,336,0.6
405352,406009,336,0.6
405352,405353,336,0.6
402076,402732,336,0.6
402076,402733,336,0.6
415854,415199,336,0.6
415854,415855,336,0.6
415197,414542,336,0.6
404696,405353,336,0.6
404696,404697,336,0.6
402075,402732,336,0.6
414541,413886,336,0.6
414541,414542,336,0.6
402730,403387,336,0.6
406008,405353,336,0.6
406008,406665,336,0.6
406008,406009,336,0.6
413884,413229,336,0.6
413227,412572,336,0.6
404040,404697,336,0.6
403385,404042,336,0.6
412571,411916,336,0.6
412571,412572,336,0.6
411914,411259,336,0.6
415857,416513,336,5.72
415857,416512,336,5.72
415857,415856,336,5.72
415201,415856,336,5.72
411258,410603,336,0.6
411258,411259,336,0.6
415198,414542,336,0.6
415198,415855,336,0.6
415198,415199,336,0.6
415200,415856,336,5.72
415200,415855,336,5.72
415200,415199,336,5.72
410601,409946,336,0.6
414544,415199,336,5.72
414543,413886,336,5.72
414543,415199,336,5.72
414543,414542,336,5.72
403390,402734,336,5.72
403390,402735,336,5.72
403390,402733,336,5.72
402731,403387,336,0.6
402731,402732,336,0.6
403389,402733,336,5.72
403389,402734,336,5.72
403389,402732,336,5.72
413887,414542,336,5.72
413887,413886,336,5.72
413885,413229,336,0.6
413885,414542,336,0.6
413885,413886,336,0.6
403388,402732,336,5.72
403388,402733,336,5.72
403388,403387,336,5.72
403386,404042,336,0.6
403386,403387,336,0.6
406664,406009,336,0.6
406664,407321,336,0.6
406664,406665,336,0.6
413230,413886,336,5.72
413230,413229,336,5.72
413228,412572,336,0.6
413228,413229,336,0.6
404041,404697,336,0.6
404041,404042,336,0.6
404043,403387,336,5.72
404043,404042,336,5.72
412574,413229,336,5.72
412573,411916,336,5.72
412573,413229,336,5.72
412573,412572,336,5.72
404699,404042,336,5.72
411915,411259,336,0.6
411915,412572,336,0.6
411915,411916,336,0.6
404698,404042,336,5.72
404698,405353,336,5.72
404698,404697,336,5.72
411917,412572,336,5.72
411917,411916,336,5.72
411261,411916,336,5.72
405354,404697,336,5.72
405354,406009,336,5.72
405354,405353,336,5.72
411260,410603,336,5.72
411260,411916,336,5.72
411260,411259,336,5.72
406010,405353,336,5.72
406010,406665,336,5.72
406010,406009,336,5.72
410602,409946,336,0.6
410602,411259,336,0.6
410602,410603,336,0.6
410604,411259,336,5.72
410604,410603,336,5.72
409945,409290,336,0.6
409945,409946,336,0.6
406666,406009,336,5.72
406666,407321,336,5.72
406666,406665,336,5.72
409948,410603,336,5.72
409947,409290,336,5.72
409947,410603,336,5.72
409947,409946,336,5.72
407322,406665,336,5.72
407322,407321,336,5.72
409291,409946,336,5.72
409291,409290,336,5.72
408635,409290,336,5.72
407978,407321,336,5.72
408634,409290,336,5.72
407320,406665,336,0.6
407320,407321,336,0.6
409289,409946,336,0.6
409289,409290,336,0.6
407977,407321,336,0.6
408633,409290,336,0.6
407976,407321,336,0.6
402077,402733,337,0.6
405352,404697,337,0.6
405352,406009,337,0.6
405352,405353,337,0.6
402076,402732,337,0.6
402076,402733,337,0.6
415854,415199,337,0.6
415854,415855,337,0.6
415197,414542,337,0.6
404696,405353,337,0.6
404696,404697,337,0.6
402075,402732,337,0.6
414541,413886,337,0.6
414541,414542,337,0.6
402730,403387,337,0.6
406008,405353,337,0.6
406008,406665,337,0.6
406008,406009,337,0.6
413884,413229,337,0.6
413227,412572,337,0.6
404040,404697,337,0.6
403385,404042,337,0.6
412571,411916,337,0.6
412571,412572,337,0.6
411914,411259,337,0.6
415857,416513,337,5.72
415857,416512,337,5.72
415857,415856,337,5.72
415201,415856,337,5.72
411258,410603,337,0.6
411258,411259,337,0.6
415198,414542,337,0.6
415198,415855,337,0.6
415198,415199,337,0.6
415200,415856,337,5.72
415200,415855,337,5.72
415200,415199,337,5.72
410601,409946,337,0.6
414544,415199,337,5.72
414543,413886,337,5.72
414543,415199,337,5.72
414543,414542,337,5.72
403390,402734,337,5.72
403390,402735,337,5.72
403390,402733,337,5.72
402731,403387,337,0.6
402731,402732,337,0.6
403389,402733,337,5.72
403389,402734,337,5.72
403389,402732,337,5.72
413887,414542,337,5.72
413887,413886,337,5.72
413885,413229,337,0.6
413885,414542,337,0.6
413885,413886,337,0.6
403388,402732,337,5.72
403388,402733,337,5.72
403388,403387,337,5.72
403386,404042,337,0.6
403386,403387,337,0.6
406664,406009,337,0.6
406664,407321,337,0.6
406664,406665,337,0.6
413230,413886,337,5.72
413230,413229,337,5.72
413228,412572,337,0.6
413228,413229,337,0.6
404041,404697,337,0.6
404041,404042,337,0.6
404043,403387,337,5.72
404043,404042,337,5.72
412574,413229,337,5.72
412573,411916,337,5.72
412573,413229,337,5.72
412573,412572,337,5.72
404699,404042,337,5.72
411915,411259,337,0.6
411915,412572,337,0.6
411915,411916,337,0.6
404698,404042,337,5.72
404698,405353,337,5.72
404698,404697,337,5.72
411917,412572,337,5.72
411917,411916,337,5.72
411261,411916,337,5.72
405354,404697,337,5.72
405354,406009,337,5.72
405354,405353,337,5.72
411260,410603,337,5.72
411260,411916,337,5.72
411260,411259,337,5.72
406010,405353,337,5.72
406010,406665,337,5.72
406010,406009,337,5.72
410602,409946,337,0.6
410602,411259,337,0.6
410602,410603,337,0.6
410604,411259,337,5.72
410604,410603,337,5.72
409945,409290,337,0.6
409945,409946,337,0.6
406666,406009,337,5.72
406666,407321,337,5.72
406666,406665,337,5.72
409948,410603,337,5.72
409947,409290,337,5.72
409947,410603,337,5.72
409947,409946,337,5.72
407322,406665,337,5.72
407322,407321,337,5.72
409291,409946,337,5.72
409291,409290,337,5.72
408635,409290,337,5.72
407978,407321,337,5.72
408634,409290,337,5.72
407320,406665,337,0.6
407320,407321,337,0.6
409289,409946,337,0.6
409289,409290,337,0.6
407977,407321,337,0.6
408633,409290,337,0.6
407976,407321,337,0.6
411252,411908,338,0.6
411252,411251,338,0.6
402077,402733,338,0.6
411253,411908,338,0.6
406005,405348,338,0.6
410596,411251,338,0.6
405352,404697,338,0.6
405352,406009,338,0.6
405352,405353,338,0.6
402076,402732,338,0.6
402076,402733,338,0.6
415854,415199,338,0.6
415854,415855,338,0.6
415197,414542,338,0.6
404696,405353,338,0.6
404696,404697,338,0.6
402075,402732,338,0.6
414541,413886,338,0.6
414541,414542,338,0.6
402730,403387,338,0.6
406008,405353,338,0.6
406008,406665,338,0.6
406008,406009,338,0.6
413884,413229,338,0.6
413227,412572,338,0.6
404040,404697,338,0.6
403385,404042,338,0.6
412571,411916,338,0.6
412571,412572,338,0.6
411914,411259,338,0.6
406660,406003,338,0.6
415857,416513,338,5.72
415857,416512,338,5.72
415857,415856,338,5.72
406004,405348,338,0.6
406004,406003,338,0.6
415201,415856,338,5.72
411258,410603,338,0.6
411258,411259,338,0.6
415198,414542,338,0.6
415198,415855,338,0.6
415198,415199,338,0.6
415200,415856,338,5.72
415200,415855,338,5.72
415200,415199,338,5.72
410601,409946,338,0.6
414544,415199,338,5.72
414543,413886,338,5.72
414543,415199,338,5.72
414543,414542,338,5.72
403390,402734,338,5.72
403390,402735,338,5.72
403390,402733,338,5.72
402731,403387,338,0.6
402731,402732,338,0.6
403389,402733,338,5.72
403389,402734,338,5.72
403389,402732,338,5.72
413887,414542,338,5.72
413887,413886,338,5.72
413885,413229,338,0.6
413885,414542,338,0.6
413885,413886,338,0.6
403388,402732,338,5.72
403388,402733,338,5.72
403388,403387,338,5.72
403386,404042,338,0.6
403386,403387,338,0.6
406664,406009,338,0.6
406664,407321,338,0.6
406664,406665,338,0.6
413230,413886,338,5.72
413230,413229,338,5.72
413228,412572,338,0.6
413228,413229,338,0.6
404041,404697,338,0.6
404041,404042,338,0.6
404043,403387,338,5.72
404043,404042,338,5.72
412574,413229,338,5.72
412573,411916,338,5.72
412573,413229,338,5.72
412573,412572,338,5.72
404699,404042,338,5.72
411915,411259,338,0.6
411915,412572,338,0.6
411915,411916,338,0.6
404698,404042,338,5.72
404698,405353,338,5.72
404698,404697,338,5.72
411917,412572,338,5.72
411917,411916,338,5.72
411261,411916,338,5.72
405354,404697,338,5.72
405354,406009,338,5.72
405354,405353,338,5.72
411260,410603,338,5.72
411260,411916,338,5.72
411260,411259,338,5.72
406010,405353,338,5.72
406010,406665,338,5.72
406010,406009,338,5.72
410602,409946,338,0.6
410602,411259,338,0.6
410602,410603,338,0.6
410604,411259,338,5.72
410604,410603,338,5.72
409945,409290,338,0.6
409945,409946,338,0.6
406666,406009,338,5.72
406666,407321,338,5.72
406666,406665,338,5.72
409948,410603,338,5.72
409947,409290,338,5.72
409947,410603,338,5.72
409947,409946,338,5.72
407322,406665,338,5.72
407322,407321,338,5.72
409291,409946,338,5.72
409291,409290,338,5.72
408635,409290,338,5.72
407978,407321,338,5.72
408634,409290,338,5.72
407320,406665,338,0.6
407320,407321,338,0.6
409289,409946,338,0.6
409289,409290,338,0.6
407977,407321,338,0.6
408633,409290,338,0.6
407976,407321,338,0.6
402077,402733,339,0.6
405352,404697,339,0.6
405352,406009,339,0.6
405352,405353,339,0.6
402076,402732,339,0.6
402076,402733,339,0.6
415854,415199,339,0.6
415854,415855,339,0.6
415197,414542,339,0.6
404696,405353,339,0.6
404696,404697,339,0.6
402075,402732,339,0.6
414541,413886,339,0.6
414541,414542,339,0.6
402730,403387,339,0.6
406008,405353,339,0.6
406008,406665,339,0.6
406008,406009,339,0.6
413884,413229,339,0.6
413227,412572,339,0.6
404040,404697,339,0.6
403385,404042,339,0.6
412571,411916,339,0.6
412571,412572,339,0.6
411914,411259,339,0.6
415857,416513,339,5.72
415857,416512,339,5.72
415857,415856,339,5.72
415201,415856,339,5.72
411258,410603,339,0.6
411258,411259,339,0.6
415198,414542,339,0.6
415198,415855,339,0.6
415198,415199,339,0.6
415200,415856,339,5.72
415200,415855,339,5.72
415200,415199,339,5.72
410601,409946,339,0.6
414544,415199,339,5.72
414543,413886,339,5.72
414543,415199,339,5.72
414543,414542,339,5.72
403390,402734,339,5.72
403390,402735,339,5.72
403390,402733,339,5.72
402731,403387,339,0.6
402731,402732,339,0.6
403389,402733,339,5.72
403389,402734,339,5.72
403389,402732,339,5.72
413887,414542,339,5.72
413887,413886,339,5.72
413885,413229,339,0.6
413885,414542,339,0.6
413885,413886,339,0.6
403388,402732,339,5.72
403388,402733,339,5.72
403388,403387,339,5.72
403386,404042,339,0.6
403386,403387,339,0.6
406664,406009,339,0.6
406664,407321,339,0.6
406664,406665,339,0.6
413230,413886,339,5.72
413230,413229,339,5.72
413228,412572,339,0.6
413228,413229,339,0.6
404041,404697,339,0.6
404041,404042,339,0.6
404043,403387,339,5.72
404043,404042,339,5.72
412574,413229,339,5.72
412573,411916,339,5.72
412573,413229,339,5.72
412573,412572,339,5.72
404699,404042,339,5.72
411915,411259,339,0.6
411915,412572,339,0.6
411915,411916,339,0.6
404698,404042,339,5.72
404698,405353,339,5.72
404698,404697,339,5.72
411917,412572,339,5.72
411917,411916,339,5.72
411261,411916,339,5.72
405354,404697,339,5.72
405354,406009,339,5.72
405354,405353,339,5.72
411260,410603,339,5.72
411260,411916,339,5.72
411260,411259,339,5.72
406010,405353,339,5.72
406010,406665,339,5.72
406010,406009,339,5.72
410602,409946,339,0.6
410602,411259,339,0.6
410602,410603,339,0.6
410604,411259,339,5.72
410604,410603,339,5.72
409945,409290,339,0.6
409945,409946,339,0.6
406666,406009,339,5.72
406666,407321,339,5.72
406666,406665,339,5.72
409948,410603,339,5.72
409947,409290,339,5.72
409947,410603,339,5.72
409947,409946,339,5.72
407322,406665,339,5.72
407322,407321,339,5.72
409291,409946,339,5.72
409291,409290,339,5.72
408635,409290,339,5.72
407978,407321,339,5.72
408634,409290,339,5.72
407320,406665,339,0.6
407320,407321,339,0.6
409289,409946,339,0.6
409289,409290,339,0.6
407977,407321,339,0.6
408633,409290,339,0.6
407976,407321,339,0.6
402727,402071,340,0.6
402727,402726,340,0.6
402077,402733,340,0.6
402728,402071,340,0.6
403383,402726,340,0.6
405352,404697,340,0.6
405352,406009,340,0.6
405352,405353,340,0.6
402076,402732,340,0.6
402076,402733,340,0.6
415854,415199,340,0.6
415854,415855,340,0.6
415197,414542,340,0.6
404696,405353,340,0.6
404696,404697,340,0.6
402075,402732,340,0.6
414541,413886,340,0.6
414541,414542,340,0.6
402730,403387,340,0.6
406008,405353,340,0.6
406008,406665,340,0.6
406008,406009,340,0.6
413884,413229,340,0.6
413227,412572,340,0.6
404040,404697,340,0.6
403385,404042,340,0.6
412571,411916,340,0.6
412571,412572,340,0.6
411914,411259,340,0.6
415857,416513,340,5.72
415857,416512,340,5.72
415857,415856,340,5.72
415201,415856,340,5.72
411258,410603,340,0.6
411258,411259,340,0.6
415198,414542,340,0.6
415198,415855,340,0.6
415198,415199,340,0.6
415200,415856,340,5.72
415200,415855,340,5.72
415200,415199,340,5.72
410601,409946,340,0.6
414544,415199,340,5.72
414543,413886,340,5.72
414543,415199,340,5.72
414543,414542,340,5.72
403390,402734,340,5.72
403390,402735,340,5.72
403390,402733,340,5.72
402731,403387,340,0.6
402731,402732,340,0.6
403389,402733,340,5.72
403389,402734,340,5.72
403389,402732,340,5.72
413887,414542,340,5.72
413887,413886,340,5.72
413885,413229,340,0.6
413885,414542,340,0.6
413885,413886,340,0.6
403388,402732,340,5.72
403388,402733,340,5.72
403388,403387,340,5.72
403386,404042,340,0.6
403386,403387,340,0.6
406664,406009,340,0.6
406664,407321,340,0.6
406664,406665,340,0.6
413230,413886,340,5.72
413230,413229,340,5.72
413228,412572,340,0.6
413228,413229,340,0.6
404041,404697,340,0.6
404041,404042,340,0.6
404043,403387,340,5.72
404043,404042,340,5.72
412574,413229,340,5.72
412573,411916,340,5.72
412573,413229,340,5.72
412573,412572,340,5.72
404699,404042,340,5.72
411915,411259,340,0.6
411915,412572,340,0.6
411915,411916,340,0.6
404698,404042,340,5.72
404698,405353,340,5.72
404698,404697,340,5.72
411917,412572,340,5.72
411917,411916,340,5.72
411261,411916,340,5.72
405354,404697,340,5.72
405354,406009,340,5.72
405354,405353,340,5.72
411260,410603,340,5.72
411260,411916,340,5.72
411260,411259,340,5.72
406010,405353,340,5.72
406010,406665,340,5.72
406010,406009,340,5.72
410602,409946,340,0.6
410602,411259,340,0.6
410602,410603,340,0.6
410604,411259,340,5.72
410604,410603,340,5.72
409945,409290,340,0.6
409945,409946,340,0.6
406666,406009,340,5.72
406666,407321,340,5.72
406666,406665,340,5.72
409948,410603,340,5.72
409947,409290,340,5.72
409947,410603,340,5.72
409947,409946,340,5.72
407322,406665,340,5.72
407322,407321,340,5.72
409291,409946,340,5.72
409291,409290,340,5.72
408635,409290,340,5.72
407978,407321,340,5.72
408634,409290,340,5.72
407320,406665,340,0.6
407320,407321,340,0.6
409289,409946,340,0.6
409289,409290,340,0.6
407977,407321,340,0.6
408633,409290,340,0.6
407976,407321,340,0.6
402077,402733,341,0.6
407983,407328,341,0.6
405352,404697,341,0.6
405352,406009,341,0.6
405352,405353,341,0.6
402076,402732,341,0.6
402076,402733,341,0.6
415854,415199,341,0.6
415854,415855,341,0.6
415197,414542,341,0.6
404696,405353,341,0.6
404696,404697,341,0.6
402075,402732,341,0.6
414541,413886,341,0.6
414541,414542,341,0.6
402730,403387,341,0.6
406008,405353,341,0.6
406008,406665,341,0.6
406008,406009,341,0.6
413884,413229,341,0.6
413227,412572,341,0.6
404040,404697,341,0.6
403385,404042,341,0.6
412571,411916,341,0.6
412571,412572,341,0.6
411914,411259,341,0.6
415857,416513,341,5.72
415857,416512,341,5.72
415857,415856,341,5.72
415201,415856,341,5.72
411258,410603,341,0.6
411258,411259,341,0.6
415198,414542,341,0.6
415198,415855,341,0.6
415198,415199,341,0.6
415200,415856,341,5.72
415200,415855,341,5.72
415200,415199,341,5.72
410601,409946,341,0.6
414544,415199,341,5.72
414543,413886,341,5.72
414543,415199,341,5.72
414543,414542,341,5.72
403390,402734,341,5.72
403390,402735,341,5.72
403390,402733,341,5.72
402731,403387,341,0.6
402731,402732,341,0.6
403389,402733,341,5.72
403389,402734,341,5.72
403389,402732,341,5.72
413887,414542,341,5.72
413887,413886,341,5.72
413885,413229,341,0.6
413885,414542,341,0.6
413885,413886,341,0.6
403388,402732,341,5.72
403388,402733,341,5.72
403388,403387,341,5.72
403386,404042,341,0.6
403386,403387,341,0.6
406664,406009,341,0.6
406664,407321,341,0.6
406664,406665,341,0.6
413230,413886,341,5.72
413230,413229,341,5.72
413228,412572,341,0.6
413228,413229,341,0.6
404041,404697,341,0.6
404041,404042,341,0.6
404043,403387,341,5.72
404043,404042,341,5.72
412574,413229,341,5.72
412573,411916,341,5.72
412573,413229,341,5.72
412573,412572,341,5.72
404699,404042,341,5.72
411915,411259,341,0.6
411915,412572,341,0.6
411915,411916,341,0.6
404698,404042,341,5.72
404698,405353,341,5.72
404698,404697,341,5.72
411917,412572,341,5.72
411917,411916,341,5.72
411261,411916,341,5.72
405354,404697,341,5.72
405354,406009,341,5.72
405354,405353,341,5.72
411260,410603,341,5.72
411260,411916,341,5.72
411260,411259,341,5.72
406010,405353,341,5.72
406010,406665,341,5.72
406010,406009,341,5.72
410602,409946,341,0.6
410602,411259,341,0.6
410602,410603,341,0.6
410604,411259,341,5.72
410604,410603,341,5.72
409945,409290,341,0.6
409945,409946,341,0.6
406666,406009,341,5.72
406666,407321,341,5.72
406666,406665,341,5.72
409948,410603,341,5.72
409947,409290,341,5.72
409947,410603,341,5.72
409947,409946,341,5.72
407322,406665,341,5.72
407322,407321,341,5.72
409291,409946,341,5.72
409291,409290,341,5.72
408635,409290,341,5.72
407978,407321,341,5.72
408634,409290,341,5.72
407320,406665,341,0.6
407320,407321,341,0.6
409289,409946,341,0.6
409289,409290,341,0.6
407977,407321,341,0.6
408633,409290,341,0.6
407976,407321,341,0.6
402077,402733,342,0.6
405352,404697,342,0.6
405352,406009,342,0.6
405352,405353,342,0.6
402076,402732,342,0.6
402076,402733,342,0.6
415854,415199,342,0.6
415854,415855,342,0.6
415197,414542,342,0.6
404696,405353,342,0.6
404696,404697,342,0.6
402075,402732,342,0.6
414541,413886,342,0.6
414541,414542,342,0.6
402730,403387,342,0.6
406008,405353,342,0.6
406008,406665,342,0.6
406008,406009,342,0.6
413884,413229,342,0.6
413227,412572,342,0.6
404040,404697,342,0.6
403385,404042,342,0.6
412571,411916,342,0.6
412571,412572,342,0.6
411914,411259,342,0.6
415857,416513,342,5.72
415857,416512,342,5.72
415857,415856,342,5.72
415201,415856,342,5.72
411258,410603,342,0.6
411258,411259,342,0.6
415198,414542,342,0.6
415198,415855,342,0.6
415198,415199,342,0.6
415200,415856,342,5.72
415200,415855,342,5.72
415200,415199,342,5.72
410601,409946,342,0.6
414544,415199,342,5.72
414543,413886,342,5.72
414543,415199,342,5.72
414543,414542,342,5.72
403390,402734,342,5.72
403390,402735,342,5.72
403390,402733,342,5.72
402731,403387,342,0.6
402731,402732,342,0.6
403389,402733,342,5.72
403389,402734,342,5.72
403389,402732,342,5.72
413887,414542,342,5.72
413887,413886,342,5.72
413885,413229,342,0.6
413885,414542,342,0.6
413885,413886,342,0.6
403388,402732,342,5.72
403388,402733,342,5.72
403388,403387,342,5.72
403386,404042,342,0.6
403386,403387,342,0.6
406664,406009,342,0.6
406664,407321,342,0.6
406664,406665,342,0.6
413230,413886,342,5.72
413230,413229,342,5.72
413228,412572,342,0.6
413228,413229,342,0.6
404041,404697,342,0.6
404041,404042,342,0.6
404043,403387,342,5.72
404043,404042,342,5.72
412574,413229,342,5.72
412573,411916,342,5.72
412573,413229,342,5.72
412573,412572,342,5.72
404699,404042,342,5.72
411915,411259,342,0.6
411915,412572,342,0.6
411915,411916,342,0.6
404698,404042,342,5.72
404698,405353,342,5.72
404698,404697,342,5.72
411917,412572,342,5.72
411917,411916,342,5.72
411261,411916,342,5.72
405354,404697,342,5.72
405354,406009,342,5.72
405354,405353,342,5.72
411260,410603,342,5.72
411260,411916,342,5.72
411260,411259,342,5.72
406010,405353,342,5.72
406010,406665,342,5.72
406010,406009,342,5.72
410602,409946,342,0.6
410602,411259,342,0.6
410602,410603,342,0.6
410604,411259,342,5.72
410604,410603,342,5.72
409945,409290,342,0.6
409945,409946,342,0.6
406666,406009,342,5.72
406666,407321,342,5.72
406666,406665,342,5.72
409948,410603,342,5.72
409947,409290,342,5.72
409947,410603,342,5.72
409947,409946,342,5.72
407322,406665,342,5.72
407322,407321,342,5.72
409291,409946,342,5.72
409291,409290,342,5.72
408635,409290,342,5.72
407978,407321,342,5.72
408634,409290,342,5.72
407320,406665,342,0.6
407320,407321,342,0.6
409289,409946,342,0.6
409289,409290,342,0.6
407977,407321,342,0.6
408633,409290,342,0.6
407976,407321,342,0.6
410609,410610,343,0.6
402077,402733,343,0.6
405352,404697,343,0.6
405352,406009,343,0.6
405352,405353,343,0.6
402076,402732,343,0.6
402076,402733,343,0.6
415854,415199,343,0.6
415854,415855,343,0.6
415197,414542,343,0.6
404696,405353,343,0.6
404696,404697,343,0.6
402075,402732,343,0.6
414541,413886,343,0.6
414541,414542,343,0.6
402730,403387,343,0.6
406008,405353,343,0.6
406008,406665,343,0.6
406008,406009,343,0.6
413884,413229,343,0.6
413227,412572,343,0.6
404040,404697,343,0.6
403385,404042,343,0.6
412571,411916,343,0.6
412571,412572,343,0.6
411914,411259,343,0.6
415857,416513,343,5.72
415857,416512,343,5.72
415857,415856,343,5.72
415201,415856,343,5.72
411258,410603,343,0.6
411258,411259,343,0.6
415198,414542,343,0.6
415198,415855,343,0.6
415198,415199,343,0.6
415200,415856,343,5.72
415200,415855,343,5.72
415200,415199,343,5.72
410601,409946,343,0.6
414544,415199,343,5.72
414543,413886,343,5.72
414543,415199,343,5.72
414543,414542,343,5.72
403390,402734,343,5.72
403390,402735,343,5.72
403390,402733,343,5.72
402731,403387,343,0.6
402731,402732,343,0.6
403389,402733,343,5.72
403389,402734,343,5.72
403389,402732,343,5.72
413887,414542,343,5.72
413887,413886,343,5.72
413885,413229,343,0.6
413885,414542,343,0.6
413885,413886,343,0.6
403388,402732,343,5.72
403388,402733,343,5.72
403388,403387,343,5.72
403386,404042,343,0.6
403386,403387,343,0.6
406664,406009,343,0.6
406664,407321,343,0.6
406664,406665,343,0.6
413230,413886,343,5.72
413230,413229,343,5.72
413228,412572,343,0.6
413228,413229,343,0.6
404041,404697,343,0.6
404041,404042,343,0.6
404043,403387,343,5.72
404043,404042,343,5.72
412574,413229,343,5.72
412573,411916,343,5.72
412573,413229,343,5.72
412573,412572,343,5.72
404699,404042,343,5.72
411915,411259,343,0.6
411915,412572,343,0.6
411915,411916,343,0.6
404698,404042,343,5.72
404698,405353,343,5.72
404698,404697,343,5.72
411917,412572,343,5.72
411917,411916,343,5.72
411261,411916,343,5.72
405354,404697,343,5.72
405354,406009,343,5.72
405354,405353,343,5.72
411260,410603,343,5.72
411260,411916,343,5.72
411260,411259,343,5.72
406010,405353,343,5.72
406010,406665,343,5.72
406010,406009,343,5.72
410602,409946,343,0.6
410602,411259,343,0.6
410602,410603,343,0.6
410604,411259,343,5.72
410604,410603,343,5.72
409945,409290,343,0.6
409945,409946,343,0.6
406666,406009,343,5.72
406666,407321,343,5.72
406666,406665,343,5.72
409948,410603,343,5.72
409947,409290,343,5.72
409947,410603,343,5.72
409947,409946,343,5.72
407322,406665,343,5.72
407322,407321,343,5.72
409291,409946,343,5.72
409291,409290,343,5.72
408635,409290,343,5.72
407978,407321,343,5.72
408634,409290,343,5.72
407320,406665,343,0.6
407320,407321,343,0.6
409289,409946,343,0.6
409289,409290,343,0.6
407977,407321,343,0.6
408633,409290,343,0.6
407976,407321,343,0.6
402077,402733,344,0.6
405352,404697,344,0.6
405352,406009,344,0.6
405352,405353,344,0.6
402076,402732,344,0.6
402076,402733,344,0.6
415854,415199,344,0.6
415854,415855,344,0.6
415197,414542,344,0.6
404696,405353,344,0.6
404696,404697,344,0.6
402075,402732,344,0.6
414541,413886,344,0.6
414541,414542,344,0.6
402730,403387,344,0.6
406008,405353,344,0.6
406008,406665,344,0.6
406008,406009,344,0.6
413884,413229,344,0.6
413227,412572,344,0.6
404040,404697,344,0.6
403385,404042,344,0.6
412571,411916,344,0.6
412571,412572,344,0.6
411914,411259,344,0.6
415857,416513,344,5.72
415857,416512,344,5.72
415857,415856,344,5.72
415201,415856,344,5.72
411258,410603,344,0.6
411258,411259,344,0.6
415198,414542,344,0.6
415198,415855,344,0.6
415198,415199,344,0.6
415200,415856,344,5.72
415200,415855,344,5.72
415200,415199,344,5.72
410601,409946,344,0.6
414544,415199,344,5.72
414543,413886,344,5.72
414543,415199,344,5.72
414543,414542,344,5.72
403390,402734,344,5.72
403390,402735,344,5.72
403390,402733,344,5.72
402731,403387,344,0.6
402731,402732,344,0.6
403389,402733,344,5.72
403389,402734,344,5.72
403389,402732,344,5.72
413887,414542,344,5.72
413887,413886,344,5.72
413885,413229,344,0.6
413885,414542,344,0.6
413885,413886,344,0.6
403388,402732,344,5.72
403388,402733,344,5.72
403388,403387,344,5.72
403386,404042,344,0.6
403386,403387,344,0.6
406664,406009,344,0.6
406664,407321,344,0.6
406664,406665,344,0.6
413230,413886,344,5.72
413230,413229,344,5.72
413228,412572,344,0.6
413228,413229,344,0.6
404041,404697,344,0.6
404041,404042,344,0.6
404043,403387,344,5.72
404043,404042,344,5.72
412574,413229,344,5.72
412573,411916,344,5.72
412573,413229,344,5.72
412573,412572,344,5.72
404699,404042,344,5.72
411915,411259,344,0.6
411915,412572,344,0.6
411915,411916,344,0.6
404698,404042,344,5.72
404698,405353,344,5.72
404698,404697,344,5.72
411917,412572,344,5.72
411917,411916,344,5.72
411261,411916,344,5.72
405354,404697,344,5.72
405354,406009,344,5.72
405354,405353,344,5.72
411260,410603,344,5.72
411260,411916,344,5.72
411260,411259,344,5.72
406010,405353,344,5.72
406010,406665,344,5.72
406010,406009,344,5.72
410602,409946,344,0.6
410602,411259,344,0.6
410602,410603,344,0.6
410604,411259,344,5.72
410604,410603,344,5.72
409945,409290,344,0.6
409945,409946,344,0.6
406666,406009,344,5.72
406666,407321,344,5.72
406666,406665,344,5.72
409948,410603,344,5.72
409947,409290,344,5.72
409947,410603,344,5.72
409947,409946,344,5.72
407322,406665,344,5.72
407322,407321,344,5.72
409291,409946,344,5.72
409291,409290,344,5.72
408635,409290,344,5.72
407978,407321,344,5.72
408634,409290,344,5.72
407320,406665,344,0.6
407320,407321,344,0.6
409289,409946,344,0.6
409289,409290,344,0.6
407977,407321,344,0.6
408633,409290,344,0.6
407976,407321,344,0.6
402077,402733,345,0.6
405352,404697,345,0.6
405352,406009,345,0.6
405352,405353,345,0.6
402076,402732,345,0.6
402076,402733,345,0.6
415854,415199,345,0.6
415854,415855,345,0.6
415197,414542,345,0.6
404696,405353,345,0.6
404696,404697,345,0.6
402075,402732,345,0.6
414541,413886,345,0.6
414541,414542,345,0.6
402730,403387,345,0.6
406008,405353,345,0.6
406008,406665,345,0.6
406008,406009,345,0.6
413884,413229,345,0.6
413227,412572,345,0.6
404040,404697,345,0.6
403385,404042,345,0.6
412571,411916,345,0.6
412571,412572,345,0.6
411914,411259,345,0.6
415857,416513,345,5.72
415857,416512,345,5.72
415857,415856,345,5.72
415201,415856,345,5.72
411258,410603,345,0.6
411258,411259,345,0.6
415198,414542,345,0.6
415198,415855,345,0.6
415198,415199,345,0.6
415200,415856,345,5.72
415200,415855,345,5.72
415200,415199,345,5.72
410601,409946,345,0.6
414544,415199,345,5.72
414543,413886,345,5.72
414543,415199,345,5.72
414543,414542,345,5.72
403390,402734,345,5.72
403390,402735,345,5.72
403390,402733,345,5.72
402731,403387,345,0.6
402731,402732,345,0.6
403389,402733,345,5.72
403389,402734,345,5.72
403389,402732,345,5.72
413887,414542,345,5.72
413887,413886,345,5.72
413885,413229,345,0.6
413885,414542,345,0.6
413885,413886,345,0.6
403388,402732,345,5.72
403388,402733,345,5.72
403388,403387,345,5.72
403386,404042,345,0.6
403386,403387,345,0.6
406664,406009,345,0.6
406664,407321,345,0.6
406664,406665,345,0.6
413230,413886,345,5.72
413230,413229,345,5.72
413228,412572,345,0.6
413228,413229,345,0.6
404041,404697,345,0.6
404041,404042,345,0.6
404043,403387,345,5.72
404043,404042,345,5.72
412574,413229,345,5.72
412573,411916,345,5.72
412573,413229,345,5.72
412573,412572,345,5.72
404699,404042,345,5.72
411915,411259,345,0.6
411915,412572,345,0.6
411915,411916,345,0.6
404698,404042,345,5.72
404698,405353,345,5.72
404698,404697,345,5.72
411917,412572,345,5.72
411917,411916,345,5.72
411261,411916,345,5.72
405354,404697,345,5.72
405354,406009,345,5.72
405354,405353,345,5.72
411260,410603,345,5.72
411260,411916,345,5.72
411260,411259,345,5.72
406010,405353,345,5.72
406010,406665,345,5.72
406010,406009,345,5.72
410602,409946,345,0.6
410602,411259,345,0.6
410602,410603,345,0.6
410604,411259,345,5.72
410604,410603,345,5.72
409945,409290,345,0.6
409945,409946,345,0.6
406666,406009,345,5.72
406666,407321,345,5.72
406666,406665,345,5.72
409948,410603,345,5.72
409947,409290,345,5.72
409947,410603,345,5.72
409947,409946,345,5.72
407322,406665,345,5.72
407322,407321,345,5.72
409291,409946,345,5.72
409291,409290,345,5.72
408635,409290,345,5.72
407978,407321,345,5.72
408634,409290,345,5.72
407320,406665,345,0.6
407320,407321,345,0.6
409289,409946,345,0.6
409289,409290,345,0.6
407977,407321,345,0.6
408633,409290,345,0.6
407976,407321,345,0.6
414538,415194,346,0.6
414538,414537,346,0.6
402077,402733,346,0.6
413882,414537,346,0.6
414539,415194,346,0.6
405352,404697,346,0.6
405352,406009,346,0.6
405352,405353,346,0.6
402076,402732,346,0.6
402076,402733,346,0.6
415854,415199,346,0.6
415854,415855,346,0.6
415197,414542,346,0.6
404696,405353,346,0.6
404696,404697,346,0.6
402075,402732,346,0.6
414541,413886,346,0.6
414541,414542,346,0.6
402730,403387,346,0.6
406008,405353,346,0.6
406008,406665,346,0.6
406008,406009,346,0.6
413884,413229,346,0.6
413227,412572,346,0.6
404040,404697,346,0.6
403385,404042,346,0.6
412571,411916,346,0.6
412571,412572,346,0.6
411914,411259,346,0.6
415857,416513,346,5.72
415857,416512,346,5.72
415857,415856,346,5.72
415201,415856,346,5.72
411258,410603,346,0.6
411258,411259,346,0.6
415198,414542,346,0.6
415198,415855,346,0.6
415198,415199,346,0.6
415200,415856,346,5.72
415200,415855,346,5.72
415200,415199,346,5.72
410601,409946,346,0.6
414544,415199,346,5.72
414543,413886,346,5.72
414543,415199,346,5.72
414543,414542,346,5.72
403390,402734,346,5.72
403390,402735,346,5.72
403390,402733,346,5.72
402731,403387,346,0.6
402731,402732,346,0.6
403389,402733,346,5.72
403389,402734,346,5.72
403389,402732,346,5.72
413887,414542,346,5.72
413887,413886,346,5.72
413885,413229,346,0.6
413885,414542,346,0.6
413885,413886,346,0.6
403388,402732,346,5.72
403388,402733,346,5.72
403388,403387,346,5.72
403386,404042,346,0.6
403386,403387,346,0.6
406664,406009,346,0.6
406664,407321,346,0.6
406664,406665,346,0.6
413230,413886,346,5.72
413230,413229,346,5.72
413228,412572,346,0.6
413228,413229,346,0.6
404041,404697,346,0.6
404041,404042,346,0.6
404043,403387,346,5.72
404043,404042,346,5.72
412574,413229,346,5.72
412573,411916,346,5.72
412573,413229,346,5.72
412573,412572,346,5.72
404699,404042,346,5.72
411915,411259,346,0.6
411915,412572,346,0.6
411915,411916,346,0.6
404698,404042,346,5.72
404698,405353,346,5.72
404698,404697,346,5.72
411917,412572,346,5.72
411917,411916,346,5.72
411261,411916,346,5.72
405354,404697,346,5.72
405354,406009,346,5.72
405354,405353,346,5.72
411260,410603,346,5.72
411260,411916,346,5.72
411260,411259,346,5.72
406010,405353,346,5.72
406010,406665,346,5.72
406010,406009,346,5.72
410602,409946,346,0.6
410602,411259,346,0.6
410602,410603,346,0.6
410604,411259,346,5.72
410604,410603,346,5.72
409945,409290,346,0.6
409945,409946,346,0.6
406666,406009,346,5.72
406666,407321,346,5.72
406666,406665,346,5.72
409948,410603,346,5.72
409947,409290,346,5.72
409947,410603,346,5.72
409947,409946,346,5.72
407322,406665,346,5.72
407322,407321,346,5.72
409291,409946,346,5.72
409291,409290,346,5.72
408635,409290,346,5.72
407978,407321,346,5.72
408634,409290,346,5.72
407320,406665,346,0.6
407320,407321,346,0.6
409289,409946,346,0.6
409289,409290,346,0.6
407977,407321,346,0.6
408633,409290,346,0.6
407976,407321,346,0.6
416511,415855,347,0.6
416511,417167,347,0.6
416511,416512,347,0.6
405360,406016,347,0.6
404705,404706,347,0.6
416509,417165,347,0.6
407315,407314,347,0.6
411910,412566,347,0.6
405358,406014,347,0.6
409939,409938,347,0.6
415852,415851,347,0.6
402077,402733,347,0.6
415196,415851,347,0.6
411911,412566,347,0.6
405359,406016,347,0.6
405359,406014,347,0.6
404049,404706,347,0.6
407971,407314,347,0.6
416510,415855,347,0.6
416510,417167,347,0.6
416510,417165,347,0.6
409283,409938,347,0.6
405352,404697,347,0.6
405352,406009,347,0.6
405352,405353,347,0.6
402076,402732,347,0.6
402076,402733,347,0.6
415854,415199,347,0.6
415854,415855,347,0.6
415197,414542,347,0.6
404696,405353,347,0.6
404696,404697,347,0.6
402075,402732,347,0.6
414541,413886,347,0.6
414541,414542,347,0.6
402730,403387,347,0.6
406008,405353,347,0.6
406008,406665,347,0.6
406008,406009,347,0.6
413884,413229,347,0.6
413227,412572,347,0.6
404040,404697,347,0.6
403385,404042,347,0.6
412571,411916,347,0.6
412571,412572,347,0.6
411914,411259,347,0.6
415857,416513,347,5.72
415857,416512,347,5.72
415857,415856,347,5.72
415201,415856,347,5.72
411258,410603,347,0.6
411258,411259,347,0.6
415198,414542,347,0.6
415198,415855,347,0.6
415198,415199,347,0.6
415200,415856,347,5.72
415200,415855,347,5.72
415200,415199,347,5.72
410601,409946,347,0.6
414544,415199,347,5.72
414543,413886,347,5.72
414543,415199,347,5.72
414543,414542,347,5.72
403390,402734,347,5.72
403390,402735,347,5.72
403390,402733,347,5.72
402731,403387,347,0.6
402731,402732,347,0.6
403389,402733,347,5.72
403389,402734,347,5.72
403389,402732,347,5.72
413887,414542,347,5.72
413887,413886,347,5.72
413885,413229,347,0.6
413885,414542,347,0.6
413885,413886,347,0.6
403388,402732,347,5.72
403388,402733,347,5.72
403388,403387,347,5.72
403386,404042,347,0.6
403386,403387,347,0.6
406664,406009,347,0.6
406664,407321,347,0.6
406664,406665,347,0.6
413230,413886,347,5.72
413230,413229,347,5.72
413228,412572,347,0.6
413228,413229,347,0.6
404041,404697,347,0.6
404041,404042,347,0.6
404043,403387,347,5.72
404043,404042,347,5.72
412574,413229,347,5.72
412573,411916,347,5.72
412573,413229,347,5.72
412573,412572,347,5.72
404699,404042,347,5.72
411915,411259,347,0.6
411915,412572,347,0.6
411915,411916,347,0.6
404698,404042,347,5.72
404698,405353,347,5.72
404698,404697,347,5.72
411917,412572,347,5.72
411917,411916,347,5.72
411261,411916,347,5.72
405354,404697,347,5.72
405354,406009,347,5.72
405354,405353,347,5.72
411260,410603,347,5.72
411260,411916,347,5.72
411260,411259,347,5.72
406010,405353,347,5.72
406010,406665,347,5.72
406010,406009,347,5.72
410602,409946,347,0.6
410602,411259,347,0.6
410602,410603,347,0.6
410604,411259,347,5.72
410604,410603,347,5.72
409945,409290,347,0.6
409945,409946,347,0.6
406666,406009,347,5.72
406666,407321,347,5.72
406666,406665,347,5.72
409948,410603,347,5.72
409947,409290,347,5.72
409947,410603,347,5.72
409947,409946,347,5.72
407322,406665,347,5.72
407322,407321,347,5.72
409291,409946,347,5.72
409291,409290,347,5.72
408635,409290,347,5.72
407978,407321,347,5.72
408634,409290,347,5.72
407320,406665,347,0.6
407320,407321,347,0.6
409289,409946,347,0.6
409289,409290,347,0.6
407977,407321,347,0.6
408633,409290,347,0.6
407976,407321,347,0.6
402072,401416,348,0.6
416511,415855,348,0.6
416511,416512,348,0.6
402077,402733,348,0.6
402073,401416,348,0.6
416510,415855,348,0.6
405352,404697,348,0.6
405352,406009,348,0.6
405352,405353,348,0.6
402076,402732,348,0.6
402076,402733,348,0.6
415854,415199,348,0.6
415854,415855,348,0.6
415197,414542,348,0.6
404696,405353,348,0.6
404696,404697,348,0.6
402075,402732,348,0.6
414541,413886,348,0.6
414541,414542,348,0.6
402730,403387,348,0.6
406008,405353,348,0.6
406008,406665,348,0.6
406008,406009,348,0.6
413884,413229,348,0.6
413227,412572,348,0.6
404040,404697,348,0.6
403385,404042,348,0.6
412571,411916,348,0.6
412571,412572,348,0.6
411914,411259,348,0.6
415857,416513,348,5.72
415857,416512,348,5.72
415857,415856,348,5.72
415201,415856,348,5.72
411258,410603,348,0.6
411258,411259,348,0.6
415198,414542,348,0.6
415198,415855,348,0.6
415198,415199,348,0.6
415200,415856,348,5.72
415200,415855,348,5.72
415200,415199,348,5.72
410601,409946,348,0.6
414544,415199,348,5.72
414543,413886,348,5.72
414543,415199,348,5.72
414543,414542,348,5.72
403390,402734,348,5.72
403390,402735,348,5.72
403390,402733,348,5.72
402731,403387,348,0.6
402731,402732,348,0.6
403389,402733,348,5.72
403389,402734,348,5.72
403389,402732,348,5.72
413887,414542,348,5.72
413887,413886,348,5.72
413885,413229,348,0.6
413885,414542,348,0.6
413885,413886,348,0.6
403388,402732,348,5.72
403388,402733,348,5.72
403388,403387,348,5.72
403386,404042,348,0.6
403386,403387,348,0.6
406664,406009,348,0.6
406664,407321,348,0.6
406664,406665,348,0.6
413230,413886,348,5.72
413230,413229,348,5.72
413228,412572,348,0.6
413228,413229,348,0.6
404041,404697,348,0.6
404041,404042,348,0.6
404043,403387,348,5.72
404043,404042,348,5.72
412574,413229,348,5.72
412573,411916,348,5.72
412573,413229,348,5.72
412573,412572,348,5.72
404699,404042,348,5.72
411915,411259,348,0.6
411915,412572,348,0.6
411915,411916,348,0.6
404698,404042,348,5.72
404698,405353,348,5.72
404698,404697,348,5.72
411917,412572,348,5.72
411917,411916,348,5.72
411261,411916,348,5.72
405354,404697,348,5.72
405354,406009,348,5.72
405354,405353,348,5.72
411260,410603,348,5.72
411260,411916,348,5.72
411260,411259,348,5.72
406010,405353,348,5.72
406010,406665,348,5.72
406010,406009,348,5.72
410602,409946,348,0.6
410602,411259,348,0.6
410602,410603,348,0.6
410604,411259,348,5.72
410604,410603,348,5.72
409945,409290,348,0.6
409945,409946,348,0.6
406666,406009,348,5.72
406666,407321,348,5.72
406666,406665,348,5.72
409948,410603,348,5.72
409947,409290,348,5.72
409947,410603,348,5.72
409947,409946,348,5.72
407322,406665,348,5.72
407322,407321,348,5.72
409291,409946,348,5.72
409291,409290,348,5.72
408635,409290,348,5.72
407978,407321,348,5.72
408634,409290,348,5.72
407320,406665,348,0.6
407320,407321,348,0.6
409289,409946,348,0.6
409289,409290,348,0.6
407977,407321,348,0.6
408633,409290,348,0.6
407976,407321,348,0.6
404038,404037,349,0.6
416511,415855,349,0.6
416511,416512,349,0.6
402077,402733,349,0.6
416510,415855,349,0.6
405352,404697,349,0.6
405352,406009,349,0.6
405352,405353,349,0.6
402076,402732,349,0.6
402076,402733,349,0.6
415854,415199,349,0.6
415854,415855,349,0.6
415197,414542,349,0.6
404696,405353,349,0.6
404696,404697,349,0.6
402075,402732,349,0.6
414541,413886,349,0.6
414541,414542,349,0.6
402730,403387,349,0.6
406008,405353,349,0.6
406008,406665,349,0.6
406008,406009,349,0.6
413884,413229,349,0.6
413227,412572,349,0.6
404040,404697,349,0.6
403385,404042,349,0.6
412571,411916,349,0.6
412571,412572,349,0.6
411914,411259,349,0.6
415857,416513,349,5.72
415857,416512,349,5.72
415857,415856,349,5.72
415201,415856,349,5.72
411258,410603,349,0.6
411258,411259,349,0.6
415198,414542,349,0.6
415198,415855,349,0.6
415198,415199,349,0.6
415200,415856,349,5.72
415200,415855,349,5.72
415200,415199,349,5.72
410601,409946,349,0.6
414544,415199,349,5.72
414543,413886,349,5.72
414543,415199,349,5.72
414543,414542,349,5.72
403390,402734,349,5.72
403390,402735,349,5.72
403390,402733,349,5.72
402731,403387,349,0.6
402731,402732,349,0.6
403389,402733,349,5.72
403389,402734,349,5.72
403389,402732,349,5.72
413887,414542,349,5.72
413887,413886,349,5.72
413885,413229,349,0.6
413885,414542,349,0.6
413885,413886,349,0.6
403388,402732,349,5.72
403388,402733,349,5.72
403388,403387,349,5.72
403386,404042,349,0.6
403386,403387,349,0.6
406664,406009,349,0.6
406664,407321,349,0.6
406664,406665,349,0.6
413230,413886,349,5.72
413230,413229,349,5.72
413228,412572,349,0.6
413228,413229,349,0.6
404041,404697,349,0.6
404041,404042,349,0.6
404043,403387,349,5.72
404043,404042,349,5.72
412574,413229,349,5.72
412573,411916,349,5.72
412573,413229,349,5.72
412573,412572,349,5.72
404699,404042,349,5.72
411915,411259,349,0.6
411915,412572,349,0.6
411915,411916,349,0.6
404698,404042,349,5.72
404698,405353,349,5.72
404698,404697,349,5.72
411917,412572,349,5.72
411917,411916,349,5.72
411261,411916,349,5.72
405354,404697,349,5.72
405354,406009,349,5.72
405354,405353,349,5.72
411260,410603,349,5.72
411260,411916,349,5.72
411260,411259,349,5.72
406010,405353,349,5.72
406010,406665,349,5.72
406010,406009,349,5.72
410602,409946,349,0.6
410602,411259,349,0.6
410602,410603,349,0.6
410604,411259,349,5.72
410604,410603,349,5.72
409945,409290,349,0.6
409945,409946,349,0.6
406666,406009,349,5.72
406666,407321,349,5.72
406666,406665,349,5.72
409948,410603,349,5.72
409947,409290,349,5.72
409947,410603,349,5.72
409947,409946,349,5.72
407322,406665,349,5.72
407322,407321,349,5.72
409291,409946,349,5.72
409291,409290,349,5.72
408635,409290,349,5.72
407978,407321,349,5.72
408634,409290,349,5.72
407320,406665,349,0.6
407320,407321,349,0.6
409289,409946,349,0.6
409289,409290,349,0.6
407977,407321,349,0.6
408633,409290,349,0.6
407976,407321,349,0.6
407326,406670,350,0.6
408640,408641,350,0.6
416511,415855,350,0.6
416511,416512,350,0.6
402077,402733,350,0.6
409296,408641,350,0.6
407325,406670,350,0.6
416510,415855,350,0.6
405352,404697,350,0.6
405352,406009,350,0.6
405352,405353,350,0.6
402076,402732,350,0.6
402076,402733,350,0.6
415854,415199,350,0.6
415854,415855,350,0.6
415197,414542,350,0.6
404696,405353,350,0.6
404696,404697,350,0.6
402075,402732,350,0.6
414541,413886,350,0.6
414541,414542,350,0.6
402730,403387,350,0.6
406008,405353,350,0.6
406008,406665,350,0.6
406008,406009,350,0.6
413884,413229,350,0.6
413227,412572,350,0.6
404040,404697,350,0.6
403385,404042,350,0.6
412571,411916,350,0.6
412571,412572,350,0.6
411914,411259,350,0.6
415857,416513,350,5.72
415857,416512,350,5.72
415857,415856,350,5.72
415201,415856,350,5.72
411258,410603,350,0.6
411258,411259,350,0.6
415198,414542,350,0.6
415198,415855,350,0.6
415198,415199,350,0.6
415200,415856,350,5.72
415200,415855,350,5.72
415200,415199,350,5.72
410601,409946,350,0.6
414544,415199,350,5.72
414543,413886,350,5.72
414543,415199,350,5.72
414543,414542,350,5.72
403390,402734,350,5.72
403390,402735,350,5.72
403390,402733,350,5.72
402731,403387,350,0.6
402731,402732,350,0.6
403389,402733,350,5.72
403389,402734,350,5.72
403389,402732,350,5.72
413887,414542,350,5.72
413887,413886,350,5.72
413885,413229,350,0.6
413885,414542,350,0.6
413885,413886,350,0.6
403388,402732,350,5.72
403388,402733,350,5.72
403388,403387,350,5.72
403386,404042,350,0.6
403386,403387,350,0.6
406664,406009,350,0.6
406664,407321,350,0.6
406664,406665,350,0.6
413230,413886,350,5.72
413230,413229,350,5.72
413228,412572,350,0.6
413228,413229,350,0.6
404041,404697,350,0.6
404041,404042,350,0.6
404043,403387,350,5.72
404043,404042,350,5.72
412574,413229,350,5.72
412573,411916,350,5.72
412573,413229,350,5.72
412573,412572,350,5.72
404699,404042,350,5.72
411915,411259,350,0.6
411915,412572,350,0.6
411915,411916,350,0.6
404698,404042,350,5.72
404698,405353,350,5.72
404698,404697,350,5.72
411917,412572,350,5.72
411917,411916,350,5.72
411261,411916,350,5.72
405354,404697,350,5.72
405354,406009,350,5.72
405354,405353,350,5.72
411260,410603,350,5.72
411260,411916,350,5.72
411260,411259,350,5.72
406010,405353,350,5.72
406010,406665,350,5.72
406010,406009,350,5.72
410602,409946,350,0.6
410602,411259,350,0.6
410602,410603,350,0.6
410604,411259,350,5.72
410604,410603,350,5.72
409945,409290,350,0.6
409945,409946,350,0.6
406666,406009,350,5.72
406666,407321,350,5.72
406666,406665,350,5.72
409948,410603,350,5.72
409947,409290,350,5.72
409947,410603,350,5.72
409947,409946,350,5.72
407322,406665,350,5.72
407322,407321,350,5.72
409291,409946,350,5.72
409291,409290,350,5.72
408635,409290,350,5.72
407978,407321,350,5.72
408634,409290,350,5.72
407320,406665,350,0.6
407320,407321,350,0.6
409289,409946,350,0.6
409289,409290,350,0.6
407977,407321,350,0.6
408633,409290,350,0.6
407976,407321,350,0.6
416511,415855,351,0.6
416511,416512,351,0.6
402077,402733,351,0.6
416510,415855,351,0.6
405352,404697,351,0.6
405352,406009,351,0.6
405352,405353,351,0.6
402076,402732,351,0.6
402076,402733,351,0.6
415854,415199,351,0.6
415854,415855,351,0.6
415197,414542,351,0.6
404696,405353,351,0.6
404696,404697,351,0.6
402075,402732,351,0.6
414541,413886,351,0.6
414541,414542,351,0.6
402730,403387,351,0.6
406008,405353,351,0.6
406008,406665,351,0.6
406008,406009,351,0.6
413884,413229,351,0.6
413227,412572,351,0.6
404040,404697,351,0.6
403385,404042,351,0.6
412571,411916,351,0.6
412571,412572,351,0.6
411914,411259,351,0.6
415857,416513,351,5.72
415857,416512,351,5.72
415857,415856,351,5.72
415201,415856,351,5.72
411258,410603,351,0.6
411258,411259,351,0.6
415198,414542,351,0.6
415198,415855,351,0.6
415198,415199,351,0.6
415200,415856,351,5.72
415200,415855,351,5.72
415200,415199,351,5.72
410601,409946,351,0.6
414544,415199,351,5.72
414543,413886,351,5.72
414543,415199,351,5.72
414543,414542,351,5.72
403390,402734,351,5.72
403390,402735,351,5.72
403390,402733,351,5.72
402731,403387,351,0.6
402731,402732,351,0.6
403389,402733,351,5.72
403389,402734,351,5.72
403389,402732,351,5.72
413887,414542,351,5.72
413887,413886,351,5.72
413885,413229,351,0.6
413885,414542,351,0.6
413885,413886,351,0.6
403388,402732,351,5.72
403388,402733,351,5.72
403388,403387,351,5.72
403386,404042,351,0.6
403386,403387,351,0.6
406664,406009,351,0.6
406664,407321,351,0.6
406664,406665,351,0.6
413230,413886,351,5.72
413230,413229,351,5.72
413228,412572,351,0.6
413228,413229,351,0.6
404041,404697,351,0.6
404041,404042,351,0.6
404043,403387,351,5.72
404043,404042,351,5.72
412574,413229,351,5.72
412573,411916,351,5.72
412573,413229,351,5.72
412573,412572,351,5.72
404699,404042,351,5.72
411915,411259,351,0.6
411915,412572,351,0.6
411915,411916,351,0.6
404698,404042,351,5.72
404698,405353,351,5.72
404698,404697,351,5.72
411917,412572,351,5.72
411917,411916,351,5.72
411261,411916,351,5.72
405354,404697,351,5.72
405354,406009,351,5.72
405354,405353,351,5.72
411260,410603,351,5.72
411260,411916,351,5.72
411260,411259,351,5.72
406010,405353,351,5.72
406010,406665,351,5.72
406010,406009,351,5.72
410602,409946,351,0.6
410602,411259,351,0.6
410602,410603,351,0.6
410604,411259,351,5.72
410604,410603,351,5.72
409945,409290,351,0.6
409945,409946,351,0.6
406666,406009,351,5.72
406666,407321,351,5.72
406666,406665,351,5.72
409948,410603,351,5.72
409947,409290,351,5.72
409947,410603,351,5.72
409947,409946,351,5.72
407322,406665,351,5.72
407322,407321,351,5.72
409291,409946,351,5.72
409291,409290,351,5.72
408635,409290,351,5.72
407978,407321,351,5.72
408634,409290,351,5.72
407320,406665,351,0.6
407320,407321,351,0.6
409289,409946,351,0.6
409289,409290,351,0.6
407977,407321,351,0.6
408633,409290,351,0.6
407976,407321,351,0.6
416511,415855,352,0.6
416511,416512,352,0.6
402077,402733,352,0.6
416510,415855,352,0.6
405352,404697,352,0.6
405352,406009,352,0.6
405352,405353,352,0.6
402076,402732,352,0.6
402076,402733,352,0.6
415854,415199,352,0.6
415854,415855,352,0.6
415197,414542,352,0.6
404696,405353,352,0.6
404696,404697,352,0.6
402075,402732,352,0.6
414541,413886,352,0.6
414541,414542,352,0.6
402730,403387,352,0.6
406008,405353,352,0.6
406008,406665,352,0.6
406008,406009,352,0.6
413884,413229,352,0.6
413227,412572,352,0.6
404040,404697,352,0.6
403385,404042,352,0.6
412571,411916,352,0.6
412571,412572,352,0.6
411914,411259,352,0.6
415857,416513,352,5.72
415857,416512,352,5.72
415857,415856,352,5.72
415201,415856,352,5.72
411258,410603,352,0.6
411258,411259,352,0.6
415198,414542,352,0.6
415198,415855,352,0.6
415198,415199,352,0.6
415200,415856,352,5.72
415200,415855,352,5.72
415200,415199,352,5.72
410601,409946,352,0.6
414544,415199,352,5.72
414543,413886,352,5.72
414543,415199,352,5.72
414543,414542,352,5.72
403390,402734,352,5.72
403390,402735,352,5.72
403390,402733,352,5.72
402731,403387,352,0.6
402731,402732,352,0.6
403389,402733,352,5.72
403389,402734,352,5.72
403389,402732,352,5.72
413887,414542,352,5.72
413887,413886,352,5.72
413885,413229,352,0.6
413885,414542,352,0.6
413885,413886,352,0.6
403388,402732,352,5.72
403388,402733,352,5.72
403388,403387,352,5.72
403386,404042,352,0.6
403386,403387,352,0.6
406664,406009,352,0.6
406664,407321,352,0.6
406664,406665,352,0.6
413230,413886,352,5.72
413230,413229,352,5.72
413228,412572,352,0.6
413228,413229,352,0.6
404041,404697,352,0.6
404041,404042,352,0.6
404043,403387,352,5.72
404043,404042,352,5.72
412574,413229,352,5.72
412573,411916,352,5.72
412573,413229,352,5.72
412573,412572,352,5.72
404699,404042,352,5.72
411915,411259,352,0.6
411915,412572,352,0.6
411915,411916,352,0.6
404698,404042,352,5.72
404698,405353,352,5.72
404698,404697,352,5.72
411917,412572,352,5.72
411917,411916,352,5.72
411261,411916,352,5.72
405354,404697,352,5.72
405354,406009,352,5.72
405354,405353,352,5.72
411260,410603,352,5.72
411260,411916,352,5.72
411260,411259,352,5.72
406010,405353,352,5.72
406010,406665,352,5.72
406010,406009,352,5.72
410602,409946,352,0.6
410602,411259,352,0.6
410602,410603,352,0.6
410604,411259,352,5.72
410604,410603,352,5.72
409945,409290,352,0.6
409945,409946,352,0.6
406666,406009,352,5.72
406666,407321,352,5.72
406666,406665,352,5.72
409948,410603,352,5.72
409947,409290,352,5.72
409947,410603,352,5.72
409947,409946,352,5.72
407322,406665,352,5.72
407322,407321,352,5.72
409291,409946,352,5.72
409291,409290,352,5.72
408635,409290,352,5.72
407978,407321,352,5.72
408634,409290,352,5.72
407320,406665,352,0.6
407320,407321,352,0.6
409289,409946,352,0.6
409289,409290,352,0.6
407977,407321,352,0.6
408633,409290,352,0.6
407976,407321,352,0.6
416511,415855,353,0.6
416511,416512,353,0.6
402077,402733,353,0.6
413225,413880,353,0.6
416510,415855,353,0.6
405352,404697,353,0.6
405352,406009,353,0.6
405352,405353,353,0.6
402076,402732,353,0.6
402076,402733,353,0.6
415854,415199,353,0.6
415854,415855,353,0.6
415197,414542,353,0.6
404696,405353,353,0.6
404696,404697,353,0.6
402075,402732,353,0.6
414541,413886,353,0.6
414541,414542,353,0.6
402730,403387,353,0.6
406008,405353,353,0.6
406008,406665,353,0.6
406008,406009,353,0.6
413884,413229,353,0.6
413227,412572,353,0.6
404040,404697,353,0.6
403385,404042,353,0.6
412571,411916,353,0.6
412571,412572,353,0.6
411914,411259,353,0.6
415857,416513,353,5.72
415857,416512,353,5.72
415857,415856,353,5.72
415201,415856,353,5.72
411258,410603,353,0.6
411258,411259,353,0.6
415198,414542,353,0.6
415198,415855,353,0.6
415198,415199,353,0.6
415200,415856,353,5.72
415200,415855,353,5.72
415200,415199,353,5.72
410601,409946,353,0.6
414544,415199,353,5.72
414543,413886,353,5.72
414543,415199,353,5.72
414543,414542,353,5.72
403390,402734,353,5.72
403390,402735,353,5.72
403390,402733,353,5.72
402731,403387,353,0.6
402731,402732,353,0.6
403389,402733,353,5.72
403389,402734,353,5.72
403389,402732,353,5.72
413887,414542,353,5.72
413887,413886,353,5.72
413885,413229,353,0.6
413885,414542,353,0.6
413885,413886,353,0.6
403388,402732,353,5.72
403388,402733,353,5.72
403388,403387,353,5.72
403386,404042,353,0.6
403386,403387,353,0.6
406664,406009,353,0.6
406664,407321,353,0.6
406664,406665,353,0.6
413230,413886,353,5.72
413230,413229,353,5.72
413228,412572,353,0.6
413228,413229,353,0.6
404041,404697,353,0.6
404041,404042,353,0.6
404043,403387,353,5.72
404043,404042,353,5.72
412574,413229,353,5.72
412573,411916,353,5.72
412573,413229,353,5.72
412573,412572,353,5.72
404699,404042,353,5.72
411915,411259,353,0.6
411915,412572,353,0.6
411915,411916,353,0.6
404698,404042,353,5.72
404698,405353,353,5.72
404698,404697,353,5.72
411917,412572,353,5.72
411917,411916,353,5.72
411261,411916,353,5.72
405354,404697,353,5.72
405354,406009,353,5.72
405354,405353,353,5.72
411260,410603,353,5.72
411260,411916,353,5.72
411260,411259,353,5.72
406010,405353,353,5.72
406010,406665,353,5.72
406010,406009,353,5.72
410602,409946,353,0.6
410602,411259,353,0.6
410602,410603,353,0.6
410604,411259,353,5.72
410604,410603,353,5.72
409945,409290,353,0.6
409945,409946,353,0.6
406666,406009,353,5.72
406666,407321,353,5.72
406666,406665,353,5.72
409948,410603,353,5.72
409947,409290,353,5.72
409947,410603,353,5.72
409947,409946,353,5.72
407322,406665,353,5.72
407322,407321,353,5.72
409291,409946,353,5.72
409291,409290,353,5.72
408635,409290,353,5.72
407978,407321,353,5.72
408634,409290,353,5.72
407320,406665,353,0.6
407320,407321,353,0.6
409289,409946,353,0.6
409289,409290,353,0.6
407977,407321,353,0.6
408633,409290,353,0.6
407976,407321,353,0.6
416511,415855,354,0.6
416511,416512,354,0.6
402077,402733,354,0.6
416510,415855,354,0.6
405352,404697,354,0.6
405352,406009,354,0.6
405352,405353,354,0.6
402076,402732,354,0.6
402076,402733,354,0.6
415854,415199,354,0.6
415854,415855,354,0.6
415197,414542,354,0.6
404696,405353,354,0.6
404696,404697,354,0.6
402075,402732,354,0.6
414541,413886,354,0.6
414541,414542,354,0.6
402730,403387,354,0.6
406008,405353,354,0.6
406008,406665,354,0.6
406008,406009,354,0.6
413884,413229,354,0.6
413227,412572,354,0.6
404040,404697,354,0.6
403385,404042,354,0.6
412571,411916,354,0.6
412571,412572,354,0.6
411914,411259,354,0.6
415857,416513,354,5.72
415857,416512,354,5.72
415857,415856,354,5.72
415201,415856,354,5.72
411258,410603,354,0.6
411258,411259,354,0.6
415198,414542,354,0.6
415198,415855,354,0.6
415198,415199,354,0.6
415200,415856,354,5.72
415200,415855,354,5.72
415200,415199,354,5.72
410601,409946,354,0.6
414544,415199,354,5.72
414543,413886,354,5.72
414543,415199,354,5.72
414543,414542,354,5.72
403390,402734,354,5.72
403390,402735,354,5.72
403390,402733,354,5.72
402731,403387,354,0.6
402731,402732,354,0.6
403389,402733,354,5.72
403389,402734,354,5.72
403389,402732,354,5.72
413887,414542,354,5.72
413887,413886,354,5.72
413885,413229,354,0.6
413885,414542,354,0.6
413885,413886,354,0.6
403388,402732,354,5.72
403388,402733,354,5.72
403388,403387,354,5.72
403386,404042,354,0.6
403386,403387,354,0.6
406664,406009,354,0.6
406664,407321,354,0.6
406664,406665,354,0.6
413230,413886,354,5.72
413230,413229,354,5.72
413228,412572,354,0.6
413228,413229,354,0.6
404041,404697,354,0.6
404041,404042,354,0.6
404043,403387,354,5.72
404043,404042,354,5.72
412574,413229,354,5.72
412573,411916,354,5.72
412573,413229,354,5.72
412573,412572,354,5.72
404699,404042,354,5.72
411915,411259,354,0.6
411915,412572,354,0.6
411915,411916,354,0.6
404698,404042,354,5.72
404698,405353,354,5.72
404698,404697,354,5.72
411917,412572,354,5.72
411917,411916,354,5.72
411261,411916,354,5.72
405354,404697,354,5.72
405354,406009,354,5.72
405354,405353,354,5.72
411260,410603,354,5.72
411260,411916,354,5.72
411260,411259,354,5.72
406010,405353,354,5.72
406010,406665,354,5.72
406010,406009,354,5.72
410602,409946,354,0.6
410602,411259,354,0.6
410602,410603,354,0.6
410604,411259,354,5.72
410604,410603,354,5.72
409945,409290,354,0.6
409945,409946,354,0.6
406666,406009,354,5.72
406666,407321,354,5.72
406666,406665,354,5.72
409948,410603,354,5.72
409947,409290,354,5.72
409947,410603,354,5.72
409947,409946,354,5.72
407322,406665,354,5.72
407322,407321,354,5.72
409291,409946,354,5.72
409291,409290,354,5.72
408635,409290,354,5.72
407978,407321,354,5.72
408634,409290,354,5.72
407320,406665,354,0.6
407320,407321,354,0.6
409289,409946,354,0.6
409289,409290,354,0.6
407977,407321,354,0.6
408633,409290,354,0.6
407976,407321,354,0.6
416511,415855,355,0.6
416511,416512,355,0.6
402077,402733,355,0.6
416510,415855,355,0.6
405352,404697,355,0.6
405352,406009,355,0.6
405352,405353,355,0.6
402076,402732,355,0.6
402076,402733,355,0.6
415854,415199,355,0.6
415854,415855,355,0.6
415197,414542,355,0.6
404696,405353,355,0.6
404696,404697,355,0.6
402075,402732,355,0.6
414541,413886,355,0.6
414541,414542,355,0.6
402730,403387,355,0.6
406008,405353,355,0.6
406008,406665,355,0.6
406008,406009,355,0.6
413884,413229,355,0.6
413227,412572,355,0.6
404040,404697,355,0.6
403385,404042,355,0.6
412571,411916,355,0.6
412571,412572,355,0.6
411914,411259,355,0.6
415857,416513,355,5.72
415857,416512,355,5.72
415857,415856,355,5.72
415201,415856,355,5.72
411258,410603,355,0.6
411258,411259,355,0.6
415198,414542,355,0.6
415198,415855,355,0.6
415198,415199,355,0.6
415200,415856,355,5.72
415200,415855,355,5.72
415200,415199,355,5.72
410601,409946,355,0.6
414544,415199,355,5.72
414543,413886,355,5.72
414543,415199,355,5.72
414543,414542,355,5.72
403390,402734,355,5.72
403390,402735,355,5.72
403390,402733,355,5.72
402731,403387,355,0.6
402731,402732,355,0.6
403389,402733,355,5.72
403389,402734,355,5.72
403389,402732,355,5.72
413887,414542,355,5.72
413887,413886,355,5.72
413885,413229,355,0.6
413885,414542,355,0.6
413885,413886,355,0.6
403388,402732,355,5.72
403388,402733,355,5.72
403388,403387,355,5.72
403386,404042,355,0.6
403386,403387,355,0.6
406664,406009,355,0.6
406664,407321,355,0.6
406664,406665,355,0.6
413230,413886,355,5.72
413230,413229,355,5.72
413228,412572,355,0.6
413228,413229,355,0.6
404041,404697,355,0.6
404041,404042,355,0.6
404043,403387,355,5.72
404043,404042,355,5.72
412574,413229,355,5.72
412573,411916,355,5.72
412573,413229,355,5.72
412573,412572,355,5.72
404699,404042,355,5.72
411915,411259,355,0.6
411915,412572,355,0.6
411915,411916,355,0.6
404698,404042,355,5.72
404698,405353,355,5.72
404698,404697,355,5.72
411917,412572,355,5.72
411917,411916,355,5.72
411261,411916,355,5.72
405354,404697,355,5.72
405354,406009,355,5.72
405354,405353,355,5.72
411260,410603,355,5.72
411260,411916,355,5.72
411260,411259,355,5.72
406010,405353,355,5.72
406010,406665,355,5.72
406010,406009,355,5.72
410602,409946,355,0.6
410602,411259,355,0.6
410602,410603,355,0.6
410604,411259,355,5.72
410604,410603,355,5.72
409945,409290,355,0.6
409945,409946,355,0.6
406666,406009,355,5.72
406666,407321,355,5.72
406666,406665,355,5.72
409948,410603,355,5.72
409947,409290,355,5.72
409947,410603,355,5.72
409947,409946,355,5.72
407322,406665,355,5.72
407322,407321,355,5.72
409291,409946,355,5.72
409291,409290,355,5.72
408635,409290,355,5.72
407978,407321,355,5.72
408634,409290,355,5.72
407320,406665,355,0.6
407320,407321,355,0.6
409289,409946,355,0.6
409289,409290,355,0.6
407977,407321,355,0.6
408633,409290,355,0.6
407976,407321,355,0.6
401417,400761,356,0.6
401421,400765,356,0.6
401421,401422,356,0.6
408626,408625,356,0.6
416511,415855,356,0.6
416511,416512,356,0.6
401418,400761,356,0.6
401420,400765,356,0.6
402077,401422,356,0.6
402077,402733,356,0.6
402077,402734,356,0.6
402077,402732,356,0.6
416510,415855,356,0.6
405352,404697,356,0.6
405352,406009,356,0.6
405352,405353,356,0.6
402076,402732,356,0.6
402076,402733,356,0.6
415854,415199,356,0.6
415854,415855,356,0.6
415197,414542,356,0.6
404696,405353,356,0.6
404696,404697,356,0.6
402075,402732,356,0.6
414541,413886,356,0.6
414541,414542,356,0.6
402730,403387,356,0.6
406008,405353,356,0.6
406008,406665,356,0.6
406008,406009,356,0.6
413884,413229,356,0.6
413227,412572,356,0.6
404040,404697,356,0.6
403385,404042,356,0.6
412571,411916,356,0.6
412571,412572,356,0.6
411914,411259,356,0.6
415857,416513,356,5.72
415857,416512,356,5.72
415857,415856,356,5.72
415201,415856,356,5.72
411258,410603,356,0.6
411258,411259,356,0.6
415198,414542,356,0.6
415198,415855,356,0.6
415198,415199,356,0.6
415200,415856,356,5.72
415200,415855,356,5.72
415200,415199,356,5.72
410601,409946,356,0.6
414544,415199,356,5.72
414543,413886,356,5.72
414543,415199,356,5.72
414543,414542,356,5.72
403390,402734,356,5.72
403390,402735,356,5.72
403390,402733,356,5.72
402731,403387,356,0.6
402731,402732,356,0.6
403389,402733,356,5.72
403389,402734,356,5.72
403389,402732,356,5.72
413887,414542,356,5.72
413887,413886,356,5.72
413885,413229,356,0.6
413885,414542,356,0.6
413885,413886,356,0.6
403388,402732,356,5.72
403388,402733,356,5.72
403388,403387,356,5.72
403386,404042,356,0.6
403386,403387,356,0.6
406664,406009,356,0.6
406664,407321,356,0.6
406664,406665,356,0.6
413230,413886,356,5.72
413230,413229,356,5.72
413228,412572,356,0.6
413228,413229,356,0.6
404041,404697,356,0.6
404041,404042,356,0.6
404043,403387,356,5.72
404043,404042,356,5.72
412574,413229,356,5.72
412573,411916,356,5.72
412573,413229,356,5.72
412573,412572,356,5.72
404699,404042,356,5.72
411915,411259,356,0.6
411915,412572,356,0.6
411915,411916,356,0.6
404698,404042,356,5.72
404698,405353,356,5.72
404698,404697,356,5.72
411917,412572,356,5.72
411917,411916,356,5.72
411261,411916,356,5.72
405354,404697,356,5.72
405354,406009,356,5.72
405354,405353,356,5.72
411260,410603,356,5.72
411260,411916,356,5.72
411260,411259,356,5.72
406010,405353,356,5.72
406010,406665,356,5.72
406010,406009,356,5.72
410602,409946,356,0.6
410602,411259,356,0.6
410602,410603,356,0.6
410604,411259,356,5.72
410604,410603,356,5.72
409945,409290,356,0.6
409945,409946,356,0.6
406666,406009,356,5.72
406666,407321,356,5.72
406666,406665,356,5.72
409948,410603,356,5.72
409947,409290,356,5.72
409947,410603,356,5.72
409947,409946,356,5.72
407322,406665,356,5.72
407322,407321,356,5.72
409291,409946,356,5.72
409291,409290,356,5.72
408635,409290,356,5.72
407978,407321,356,5.72
408634,409290,356,5.72
407320,406665,356,0.6
407320,407321,356,0.6
409289,409946,356,0.6
409289,409290,356,0.6
407977,407321,356,0.6
408633,409290,356,0.6
407976,407321,356,0.6
411922,411923,357,0.6
415204,415205,357,0.6
415859,416515,357,0.6
413235,412579,357,0.6
416511,415855,357,0.6
416511,416512,357,0.6
413234,412579,357,0.6
402077,402733,357,0.6
402077,402734,357,0.6
402077,402732,357,0.6
414548,413893,357,0.6
414548,415205,357,0.6
416510,415855,357,0.6
413892,413893,357,0.6
405352,404697,357,0.6
405352,406009,357,0.6
405352,405353,357,0.6
402076,402732,357,0.6
402076,402733,357,0.6
415854,415199,357,0.6
415854,415855,357,0.6
415197,414542,357,0.6
404696,405353,357,0.6
404696,404697,357,0.6
402075,402732,357,0.6
414541,413886,357,0.6
414541,414542,357,0.6
402730,403387,357,0.6
406008,405353,357,0.6
406008,406665,357,0.6
406008,406009,357,0.6
413884,413229,357,0.6
413227,412572,357,0.6
404040,404697,357,0.6
403385,404042,357,0.6
412571,411916,357,0.6
412571,412572,357,0.6
411914,411259,357,0.6
415857,416513,357,5.72
415857,416512,357,5.72
415857,415856,357,5.72
415201,415856,357,5.72
411258,410603,357,0.6
411258,411259,357,0.6
415198,414542,357,0.6
415198,415855,357,0.6
415198,415199,357,0.6
415200,415856,357,5.72
415200,415855,357,5.72
415200,415199,357,5.72
410601,409946,357,0.6
414544,415199,357,5.72
414543,413886,357,5.72
414543,415199,357,5.72
414543,414542,357,5.72
403390,402734,357,5.72
403390,402735,357,5.72
403390,402733,357,5.72
402731,403387,357,0.6
402731,402732,357,0.6
403389,402733,357,5.72
403389,402734,357,5.72
403389,402732,357,5.72
413887,414542,357,5.72
413887,413886,357,5.72
413885,413229,357,0.6
413885,414542,357,0.6
413885,413886,357,0.6
403388,402732,357,5.72
403388,402733,357,5.72
403388,403387,357,5.72
403386,404042,357,0.6
403386,403387,357,0.6
406664,406009,357,0.6
406664,407321,357,0.6
406664,406665,357,0.6
413230,413886,357,5.72
413230,413229,357,5.72
413228,412572,357,0.6
413228,413229,357,0.6
404041,404697,357,0.6
404041,404042,357,0.6
404043,403387,357,5.72
404043,404042,357,5.72
412574,413229,357,5.72
412573,411916,357,5.72
412573,413229,357,5.72
412573,412572,357,5.72
404699,404042,357,5.72
411915,411259,357,0.6
411915,412572,357,0.6
411915,411916,357,0.6
404698,404042,357,5.72
404698,405353,357,5.72
404698,404697,357,5.72
411917,412572,357,5.72
411917,411916,357,5.72
411261,411916,357,5.72
405354,404697,357,5.72
405354,406009,357,5.72
405354,405353,357,5.72
411260,410603,357,5.72
411260,411916,357,5.72
411260,411259,357,5.72
406010,405353,357,5.72
406010,406665,357,5.72
406010,406009,357,5.72
410602,409946,357,0.6
410602,411259,357,0.6
410602,410603,357,0.6
410604,411259,357,5.72
410604,410603,357,5.72
409945,409290,357,0.6
409945,409946,357,0.6
406666,406009,357,5.72
406666,407321,357,5.72
406666,406665,357,5.72
409948,410603,357,5.72
409947,409290,357,5.72
409947,410603,357,5.72
409947,409946,357,5.72
407322,406665,357,5.72
407322,407321,357,5.72
409291,409946,357,5.72
409291,409290,357,5.72
408635,409290,357,5.72
407978,407321,357,5.72
408634,409290,357,5.72
407320,406665,357,0.6
407320,407321,357,0.6
409289,409946,357,0.6
409289,409290,357,0.6
407977,407321,357,0.6
408633,409290,357,0.6
407976,407321,357,0.6
416511,415855,358,0.6
416511,416512,358,0.6
402077,402733,358,0.6
402077,402734,358,0.6
402077,402732,358,0.6
416510,415855,358,0.6
405352,404697,358,0.6
405352,406009,358,0.6
405352,405353,358,0.6
402076,402732,358,0.6
402076,402733,358,0.6
415854,415199,358,0.6
415854,415855,358,0.6
415197,414542,358,0.6
404696,405353,358,0.6
404696,404697,358,0.6
402075,402732,358,0.6
414541,413886,358,0.6
414541,414542,358,0.6
402730,403387,358,0.6
406008,405353,358,0.6
406008,406665,358,0.6
406008,406009,358,0.6
413884,413229,358,0.6
413227,412572,358,0.6
404040,404697,358,0.6
403385,404042,358,0.6
412571,411916,358,0.6
412571,412572,358,0.6
411914,411259,358,0.6
415857,416513,358,5.72
415857,416512,358,5.72
415857,415856,358,5.72
415201,415856,358,5.72
411258,410603,358,0.6
411258,411259,358,0.6
415198,414542,358,0.6
415198,415855,358,0.6
415198,415199,358,0.6
415200,415856,358,5.72
415200,415855,358,5.72
415200,415199,358,5.72
410601,409946,358,0.6
414544,415199,358,5.72
414543,413886,358,5.72
414543,415199,358,5.72
414543,414542,358,5.72
403390,402734,358,5.72
403390,402735,358,5.72
403390,402733,358,5.72
402731,403387,358,0.6
402731,402732,358,0.6
403389,402733,358,5.72
403389,402734,358,5.72
403389,402732,358,5.72
413887,414542,358,5.72
413887,413886,358,5.72
413885,413229,358,0.6
413885,414542,358,0.6
413885,413886,358,0.6
403388,402732,358,5.72
403388,402733,358,5.72
403388,403387,358,5.72
403386,404042,358,0.6
403386,403387,358,0.6
406664,406009,358,0.6
406664,407321,358,0.6
406664,406665,358,0.6
413230,413886,358,5.72
413230,413229,358,5.72
413228,412572,358,0.6
413228,413229,358,0.6
404041,404697,358,0.6
404041,404042,358,0.6
404043,403387,358,5.72
404043,404042,358,5.72
412574,413229,358,5.72
412573,411916,358,5.72
412573,413229,358,5.72
412573,412572,358,5.72
404699,404042,358,5.72
411915,411259,358,0.6
411915,412572,358,0.6
411915,411916,358,0.6
404698,404042,358,5.72
404698,405353,358,5.72
404698,404697,358,5.72
411917,412572,358,5.72
411917,411916,358,5.72
411261,411916,358,5.72
405354,404697,358,5.72
405354,406009,358,5.72
405354,405353,358,5.72
411260,410603,358,5.72
411260,411916,358,5.72
411260,411259,358,5.72
406010,405353,358,5.72
406010,406665,358,5.72
406010,406009,358,5.72
410602,409946,358,0.6
410602,411259,358,0.6
410602,410603,358,0.6
410604,411259,358,5.72
410604,410603,358,5.72
409945,409290,358,0.6
409945,409946,358,0.6
406666,406009,358,5.72
406666,407321,358,5.72
406666,406665,358,5.72
409948,410603,358,5.72
409947,409290,358,5.72
409947,410603,358,5.72
409947,409946,358,5.72
407322,406665,358,5.72
407322,407321,358,5.72
409291,409946,358,5.72
409291,409290,358,5.72
408635,409290,358,5.72
407978,407321,358,5.72
408634,409290,358,5.72
407320,406665,358,0.6
407320,407321,358,0.6
409289,409946,358,0.6
409289,409290,358,0.6
407977,407321,358,0.6
408633,409290,358,0.6
407976,407321,358,0.6
416511,415855,359,0.6
416511,416512,359,0.6
411252,411907,359,0.6
402077,402733,359,0.6
402077,402734,359,0.6
402077,402732,359,0.6
416510,415855,359,0.6
405352,404697,359,0.6
405352,406009,359,0.6
405352,405353,359,0.6
402076,402732,359,0.6
402076,402733,359,0.6
415854,415199,359,0.6
415854,415855,359,0.6
415197,414542,359,0.6
404696,405353,359,0.6
404696,404697,359,0.6
402075,402732,359,0.6
414541,413886,359,0.6
414541,414542,359,0.6
402730,403387,359,0.6
406008,405353,359,0.6
406008,406665,359,0.6
406008,406009,359,0.6
413884,413229,359,0.6
413227,412572,359,0.6
404040,404697,359,0.6
403385,404042,359,0.6
412571,411916,359,0.6
412571,412572,359,0.6
411914,411259,359,0.6
415857,416513,359,5.72
415857,416512,359,5.72
415857,415856,359,5.72
406004,405347,359,0.6
415201,415856,359,5.72
411258,410603,359,0.6
411258,411259,359,0.6
415198,414542,359,0.6
415198,415855,359,0.6
415198,415199,359,0.6
415200,415856,359,5.72
415200,415855,359,5.72
415200,415199,359,5.72
410601,409946,359,0.6
414544,415199,359,5.72
414543,413886,359,5.72
414543,415199,359,5.72
414543,414542,359,5.72
403390,402734,359,5.72
403390,402735,359,5.72
403390,402733,359,5.72
402731,403387,359,0.6
402731,402732,359,0.6
403389,402733,359,5.72
403389,402734,359,5.72
403389,402732,359,5.72
413887,414542,359,5.72
413887,413886,359,5.72
413885,413229,359,0.6
413885,414542,359,0.6
413885,413886,359,0.6
403388,402732,359,5.72
403388,402733,359,5.72
403388,403387,359,5.72
403386,404042,359,0.6
403386,403387,359,0.6
406664,406009,359,0.6
406664,407321,359,0.6
406664,406665,359,0.6
413230,413886,359,5.72
413230,413229,359,5.72
413228,412572,359,0.6
413228,413229,359,0.6
404041,404697,359,0.6
404041,404042,359,0.6
404043,403387,359,5.72
404043,404042,359,5.72
412574,413229,359,5.72
412573,411916,359,5.72
412573,413229,359,5.72
412573,412572,359,5.72
404699,404042,359,5.72
411915,411259,359,0.6
411915,412572,359,0.6
411915,411916,359,0.6
404698,404042,359,5.72
404698,405353,359,5.72
404698,404697,359,5.72
411917,412572,359,5.72
411917,411916,359,5.72
411261,411916,359,5.72
405354,404697,359,5.72
405354,406009,359,5.72
405354,405353,359,5.72
411260,410603,359,5.72
411260,411916,359,5.72
411260,411259,359,5.72
406010,405353,359,5.72
406010,406665,359,5.72
406010,406009,359,5.72
410602,409946,359,0.6
410602,411259,359,0.6
410602,410603,359,0.6
410604,411259,359,5.72
410604,410603,359,5.72
409945,409290,359,0.6
409945,409946,359,0.6
406666,406009,359,5.72
406666,407321,359,5.72
406666,406665,359,5.72
409948,410603,359,5.72
409947,409290,359,5.72
409947,410603,359,5.72
409947,409946,359,5.72
407322,406665,359,5.72
407322,407321,359,5.72
409291,409946,359,5.72
409291,409290,359,5.72
408635,409290,359,5.72
407978,407321,359,5.72
408634,409290,359,5.72
407320,406665,359,0.6
407320,407321,359,0.6
409289,409946,359,0.6
409289,409290,359,0.6
407977,407321,359,0.6
408633,409290,359,0.6
407976,407321,359,0.6
