data/asc/Kitral/Portillo/slope.asc
ncols 500
nrows 500
xllcorner 335983.8501
yllcorner 6142463.5042
cellsize 30
NODATA_value -9999                                                                              
[rows 210 to 230 of 500, columns 336 to 383 of 500]
51.5388221740723 49.8121452331543 49.8121452331543 47.4341659545898 47.4341659545898 45.9619407653809 43.6606216430664 40.3887367248535 40.3887367248535 38.0788650512695 32.5 32.5 27.9508495330811 24.6221446990967 24.6221446990967 19.0394325256348 16.7705097198486 16.0078105926514 12.5 9.01387786865234 5.59016990661621 5 5.59016990661621 7.07106781005859 9.01387786865234 9.01387786865234 13.462911605835 12.7475490570068 15.2069063186646 17.6776695251465 20.1556434631348 20.1556434631348 20.1556434631348 22.6384620666504 25.1246891021729 26.1007671356201 29.2617492675781 29.2617492675781 30.2076148986816 33.5410194396973 36.9120559692383 39.5284690856934 43.0116271972656 43.0116271972656 44.5112342834473 46.0977210998535 50 51.5388221740723
51.5388221740723 52.2015342712402 52.974048614502 52.974048614502 49.8121452331543 48.2830200195313 49.2442893981934 45.9619407653809 42.7200202941895 43.6606216430664 41.3823623657227 35.7945518493652 35.7945518493652 32.5 30.2076148986816 27.9508495330811 22.3606796264648 20.1556434631348 18.0277557373047 16.0078105926514 14.1421356201172 9.01387786865234 7.90569400787354 7.5 5.59016990661621 9.01387786865234 9.01387786865234 9.01387786865234 11.1803398132324 13.462911605835 15.2069063186646 15 15 17.5 17.6776695251465 20.6155281066895 23.7170829772949 26.9258232116699 26.9258232116699 30.2076148986816 32.5960121154785 34.0036773681641 37.5 41.0030479431152 42.5734672546387 44.5112342834473 44.5112342834473 49.6235847473145
57.0087699890137 57.0087699890137 54.6008224487305 55.3398590087891 53.8516464233398 51.5388221740723 51.5388221740723 51.5388221740723 48.2830200195313 43.6606216430664 44.7213592529297 41.3823623657227 38.0788650512695 38.0788650512695 33.5410194396973 31.3249111175537 29.1547603607178 27.0416355133057 23.5849533081055 20.1556434631348 19.5256233215332 17.6776695251465 12.5 12.5 10.3077640533447 7.5 7.5 7.90569400787354 9.01387786865234 10.6066017150879 9.01387786865234 10.3077640533447 12.5 15 15 17.6776695251465 18.2002754211426 21.3600101470947 24.6221446990967 25.7390747070313 28.5043849945068 32.0156211853027 32.0156211853027 35.5316772460938 39.0512466430664 42.5734672546387 42.5734672546387 42.5734672546387
59.4243202209473 60.104076385498 60.878978729248 58.5234985351563 56.1805114746094 56.1805114746094 56.1805114746094 53.8516464233398 52.5594902038574 50.3115310668945 46.9707374572754 46.9707374572754 43.6606216430664 39.1311912536621 38.1608428955078 34.7311096191406 31.3249111175537 31.3249111175537 29.1547603607178 25 23.0488605499268 23.0488605499268 19.5256233215332 17.6776695251465 16.0078105926514 12.5 10.3077640533447 10.3077640533447 10 7.90569400787354 5.59016990661621 7.07106781005859 9.01387786865234 10.3077640533447 12.5 12.7475490570068 15.8113880157471 15.8113880157471 19.0394325256348 21.5058135986328 25 28.5043849945068 32.0156211853027 32.0156211853027 35.5316772460938 37.1651725769043 40.6970520019531 42.4264068603516
59.4243202209473 59.4243202209473 60.104076385498 61.7454452514648 61.7454452514648 58.5234985351563 59.4243202209473 58.1485176086426 54.8292808532715 54.8292808532715 52.5594902038574 49.2442893981934 48.0884590148926 45.8938980102539 42.5 42.5 36.9120559692383 34.7311096191406 34.0036773681641 30.5163898468018 27.0416355133057 25 25 21.2132034301758 21.2132034301758 18.0277557373047 14.5773801803589 12.5 13.462911605835 10.3077640533447 7.5 7.90569400787354 5.59016990661621 7.07106781005859 7.90569400787354 7.5 10.3077640533447 13.462911605835 14.5773801803589 18.0277557373047 21.5058135986328 23.0488605499268 28.5043849945068 30.1039867401123 31.8198051452637 35.355339050293 35.355339050293 39.0512466430664
64.9037780761719 62.5 60.878978729248 60.878978729248 61.7454452514648 61.7454452514648 59.4243202209473 60.4152297973633 58.1485176086426 55.9016990661621 55.9016990661621 53.6772766113281 50.3115310668945 50.3115310668945 48.0884590148926 45.8938980102539 43.7321395874023 38.1608428955078 38.1608428955078 36.0555114746094 34.0036773681641 28.5043849945068 26.5753650665283 24.7487373352051 24.7487373352051 23.0488605499268 17.6776695251465 16.0078105926514 16.7705097198486 14.5773801803589 10.3077640533447 7.90569400787354 7.5 7.5 3.5355339050293 5 5 7.90569400787354 11.1803398132324 14.5773801803589 17.6776695251465 19.5256233215332 23.0488605499268 28.2842712402344 28.2842712402344 31.8198051452637 33.6340599060059 35.355339050293
64.9037780761719 63.2455520629883 63.2455520629883 64.0800247192383 61.7454452514648 61.7454452514648 60.4152297973633 61.491870880127 59.2663497924805 58.1485176086426 55.9016990661621 55.9016990661621 53.6772766113281 51.4781494140625 51.4781494140625 47.1699066162109 47.1699066162109 43.7321395874023 41.6082916259766 39.5284690856934 37.5 35.5316772460938 32.0156211853027 28.5043849945068 26.5753650665283 28.2842712402344 24.7487373352051 19.5256233215332 19.5256233215332 19.5256233215332 16.0078105926514 12.5 7.90569400787354 7.90569400787354 7.90569400787354 3.5355339050293 2.5 5 7.90569400787354 10.6066017150879 14.1421356201172 16.0078105926514 17.6776695251465 24.7487373352051 28.2842712402344 28.2842712402344 31.8198051452637 31.8198051452637
62.5 65.6220245361328 65.6220245361328 64.0800247192383 65 62.6996803283691 62.6996803283691 61.491870880127 63.7377433776855 61.491870880127 59.2663497924805 57.0635604858398 54.8862457275391 53.6772766113281 52.7375564575195 50.6211433410645 49.3077087402344 47.1699066162109 45.0693893432617 43.0116271972656 41.0030479431152 39.5284690856934 37.5 35.5316772460938 30.1039867401123 30.1039867401123 28.2842712402344 24.7487373352051 21.2132034301758 21.2132034301758 19.5256233215332 18.0277557373047 14.5773801803589 9.01387786865234 9.01387786865234 5.59016990661621 2.5 3.5355339050293 3.5355339050293 7.07106781005859 10.6066017150879 14.1421356201172 14.1421356201172 17.6776695251465 23.0488605499268 26.5753650665283 28.2842712402344 31.8198051452637
64.9037780761719 64.9037780761719 66.4266510009766 65 65 65 63.7377433776855 63.7377433776855 63.7377433776855 62.6498222351074 62.6498222351074 60.4669342041016 59.2663497924805 57.0635604858398 54.0832710266113 52.7375564575195 52.7375564575195 50.6211433410645 48.5412178039551 46.5026893615723 43.0116271972656 43.0116271972656 41.0030479431152 39.0512466430664 35.5316772460938 33.6340599060059 31.8198051452637 30.1039867401123 26.5753650665283 24.7487373352051 23.0488605499268 19.5256233215332 17.6776695251465 14.1421356201172 12.5 10.6066017150879 5.59016990661621 3.5355339050293 0 3.5355339050293 7.07106781005859 10.6066017150879 14.1421356201172 16.0078105926514 19.5256233215332 21.2132034301758 24.7487373352051 28.2842712402344
64.9037780761719 63.2455520629883 64.0800247192383 65 65 66.0018920898438 63.7377433776855 63.7377433776855 62.6498222351074 62.6498222351074 62.6498222351074 60.4669342041016 60.4669342041016 59.6343040466309 57.5543212890625 54.8862457275391 52.7375564575195 54.0832710266113 50 50 46.5026893615723 43.0116271972656 44.5112342834473 42.5734672546387 41.0030479431152 37.1651725769043 35.5316772460938 32.0156211853027 30.1039867401123 28.2842712402344 28.2842712402344 24.7487373352051 21.2132034301758 17.6776695251465 14.1421356201172 12.5 9.01387786865234 7.07106781005859 3.5355339050293 0 3.5355339050293 7.07106781005859 10.6066017150879 14.1421356201172 17.6776695251465 19.5256233215332 21.2132034301758 24.7487373352051
62.5 63.2455520629883 64.0800247192383 65 65 63.7377433776855 67.0820388793945 64.8556060791016 64.8556060791016 62.6498222351074 63.8846626281738 61.7454452514648 60.4669342041016 59.6343040466309 59.6343040466309 58.3095207214355 54.0832710266113 55.5090065002441 53.5023345947266 52.0216293334961 52.0216293334961 46.5026893615723 44.5112342834473 44.5112342834473 42.5734672546387 42.5734672546387 39.0512466430664 37.1651725769043 33.6340599060059 30.1039867401123 28.2842712402344 28.2842712402344 24.7487373352051 21.2132034301758 19.5256233215332 16.0078105926514 10.6066017150879 7.07106781005859 7.07106781005859 3.5355339050293 0 3.5355339050293 7.07106781005859 10.6066017150879 14.5773801803589 16.0078105926514 17.6776695251465 21.5058135986328
60.104076385498 63.2455520629883 61.7454452514648 65 66.0018920898438 63.7377433776855 63.7377433776855 64.8556060791016 66.0492248535156 63.8846626281738 63.8846626281738 63.8846626281738 61.7454452514648 63.0971488952637 61.7454452514648 59.6343040466309 57.5543212890625 55.5090065002441 57.5543212890625 54.0832710266113 53.5023345947266 53.5023345947266 48.0234336853027 48.0234336853027 44.5112342834473 44.5112342834473 42.5734672546387 39.0512466430664 39.0512466430664 35.355339050293 31.8198051452637 30.1039867401123 28.2842712402344 24.7487373352051 21.2132034301758 21.2132034301758 17.6776695251465 12.5 9.01387786865234 7.07106781005859 3.5355339050293 0 3.5355339050293 7.90569400787354 11.1803398132324 14.1421356201172 16.0078105926514 19.5256233215332
59.4243202209473 60.878978729248 61.7454452514648 64.0800247192383 63.7377433776855 67.0820388793945 64.8556060791016 64.8556060791016 63.8846626281738 66.0492248535156 63.8846626281738 65.192024230957 61.7454452514648 61.7454452514648 63.0971488952637 61.0327796936035 61.0327796936035 57.5543212890625 57.5543212890625 57.0087699890137 53.5023345947266 55.5090065002441 53.5023345947266 50 50 46.0977210998535 46.0977210998535 42.5734672546387 40.6970520019531 38.8908729553223 35.5316772460938 33.6340599060059 31.8198051452637 30.1039867401123 26.5753650665283 23.0488605499268 19.5256233215332 16.0078105926514 14.1421356201172 10.6066017150879 9.01387786865234 5.59016990661621 3.5355339050293 5 5.59016990661621 9.01387786865234 12.5 16.0078105926514
62.5 60.878978729248 63.2455520629883 62.6996803283691 63.7377433776855 66.0018920898438 67.0820388793945 68.2367172241211 66.0492248535156 66.0492248535156 67.3145599365234 67.3145599365234 67.3145599365234 63.0971488952637 63.0971488952637 63.0971488952637 63.0971488952637 63.0971488952637 59.0021171569824 59.0021171569824 57.5543212890625 55.5090065002441 57.0087699890137 53.5023345947266 51.5388221740723 49.6235847473145 48.0234336853027 46.0977210998535 44.2295150756836 42.5734672546387 39.0512466430664 37.1651725769043 35.5316772460938 32.0156211853027 30.1039867401123 28.2842712402344 24.7487373352051 19.5256233215332 16.0078105926514 14.5773801803589 11.1803398132324 9.01387786865234 5.59016990661621 3.5355339050293 5 5.59016990661621 9.01387786865234 11.1803398132324
62.5 63.2455520629883 64.0800247192383 62.6996803283691 65 66.0018920898438 67.0820388793945 68.2367172241211 69.4622192382813 66.0492248535156 66.0492248535156 67.3145599365234 68.6476516723633 68.6476516723633 67.3145599365234 65.192024230957 65.192024230957 64.5174407958984 64.5174407958984 61.0327796936035 61.0327796936035 59.0021171569824 57.0087699890137 57.0087699890137 55.0567893981934 53.5023345947266 51.5388221740723 49.6235847473145 48.0234336853027 46.0977210998535 42.5734672546387 39.0512466430664 39.0512466430664 37.1651725769043 33.6340599060059 30.1039867401123 28.5043849945068 25 21.5058135986328 18.0277557373047 14.1421356201172 10.6066017150879 7.90569400787354 5 2.5 2.5 7.90569400787354 9.01387786865234
59.4243202209473 63.2455520629883 64.0800247192383 65 65 66.0018920898438 67.0820388793945 68.2367172241211 69.4622192382813 69.4622192382813 67.3145599365234 67.3145599365234 67.3145599365234 69.4622192382813 68.6476516723633 68.6476516723633 66.5676345825195 64.5174407958984 66.5676345825195 64.5174407958984 63.0971488952637 62.5 60.5185928344727 59.0021171569824 59.0021171569824 57.0087699890137 55.0567893981934 53.5023345947266 51.5388221740723 49.6235847473145 48.0234336853027 44.5112342834473 41.0030479431152 39.0512466430664 39.0512466430664 35.5316772460938 32.0156211853027 28.5043849945068 25 23.0488605499268 19.5256233215332 14.5773801803589 13.462911605835 7.90569400787354 5 5 3.5355339050293 7.90569400787354
59.4243202209473 62.5 64.0800247192383 67.3145599365234 67.3145599365234 66.0018920898438 67.0820388793945 68.2367172241211 71.6327438354492 71.6327438354492 71.6327438354492 71.6327438354492 69.4622192382813 70.7548599243164 68.6476516723633 70.7548599243164 70.0446319580078 68.6476516723633 66.5676345825195 66.5676345825195 66.5676345825195 66.0018920898438 64.5174407958984 61.0327796936035 62.5 60.5185928344727 59.0021171569824 57.0087699890137 55.0567893981934 53.5023345947266 50 50 46.0977210998535 42.5734672546387 39.0512466430664 39.0512466430664 35.5316772460938 32.0156211853027 28.5043849945068 25 25 20.1556434631348 16.7705097198486 14.5773801803589 10.3077640533447 7.5 5 3.5355339050293
64.2748031616211 62.5 65.6220245361328 66.4266510009766 68.2825012207031 69.3271255493164 69.3271255493164 69.3271255493164 70.4450149536133 71.6327438354492 71.6327438354492 72.8869018554688 72.8869018554688 70.7548599243164 72.8869018554688 70.7548599243164 72.1110229492188 72.1110229492188 70.0446319580078 68.6476516723633 66.5676345825195 68.0073547363281 68.0073547363281 64.5174407958984 62.5 62.5 62.5 60.5185928344727 59.0021171569824 57.0087699890137 53.5023345947266 51.5388221740723 49.6235847473145 48.0234336853027 44.5112342834473 41.0030479431152 41.0030479431152 37.5 34.0036773681641 30.5163898468018 27.0416355133057 25.7390747070313 20.1556434631348 16.7705097198486 15.8113880157471 11.1803398132324 7.90569400787354 7.90569400787354
64.2748031616211 64.9037780761719 65.6220245361328 67.3145599365234 67.3145599365234 70.5779724121094 71.5891036987305 72.6722106933594 71.6327438354492 73.8241119384766 73.8241119384766 71.6327438354492 75.0416564941406 72.8869018554688 72.8869018554688 74.2041091918945 74.2041091918945 74.2041091918945 74.2041091918945 72.1110229492188 70.0446319580078 70.0446319580078 70.0446319580078 70.0446319580078 68.0073547363281 64.5174407958984 62.5 62.5 62.5 60.5185928344727 59.0021171569824 55.0567893981934 53.5023345947266 50 50 46.5026893615723 43.0116271972656 41.0030479431152 37.5 36.0555114746094 30.5163898468018 29.1547603607178 25 22.3606796264648 16.7705097198486 16.7705097198486 12.7475490570068 10
64.2748031616211 67.3145599365234 65.6220245361328 68.7840805053711 71.9809036254883 70.5779724121094 73.8664321899414 72.6722106933594 74.916618347168 74.916618347168 77.2172241210938 77.2172241210938 75.0416564941406 78.4617767333984 75.0416564941406 75.0416564941406 76.3216857910156 76.3216857910156 75.5810852050781 75.5810852050781 74.2041091918945 72.1110229492188 72.1110229492188 72.1110229492188 71.5017471313477 71.5017471313477 68.0073547363281 66.5676345825195 62.5 62.5 62.5 60.5185928344727 59.0021171569824 55.5090065002441 52.0216293334961 50 48.0234336853027 44.5112342834473 41.6082916259766 39.5284690856934 36.0555114746094 32.5960121154785 29.1547603607178 27.9508495330811 22.3606796264648 21.3600101470947 19.0394325256348 15.2069063186646
66.1910095214844 67.3145599365234 70.4006423950195 70.4006423950195 71.9809036254883 72.8869018554688 73.8664321899414 74.916618347168 77.1767425537109 76.0345306396484 76.0345306396484 79.4119033813477 77.2172241210938 77.2172241210938 80.6225738525391 78.4617767333984 78.4617767333984 77.6611251831055 77.6611251831055 76.3216857910156 77.6611251831055 75.5810852050781 74.2041091918945 73.5272064208984 73.5272064208984 72.1110229492188 72.1110229492188 71.5017471313477 69.507194519043 66.5676345825195 64.5174407958984 64.5174407958984 61.0327796936035 61.0327796936035 57.0087699890137 53.5023345947266 52.0216293334961 50.6211433410645 47.1699066162109 43.0116271972656 41.6082916259766 38.1608428955078 34.7311096191406 31.3249111175537 27.9508495330811 24.6221446990967 23.7170829772949 20.6155281066895
