data/asc/Kitral/Portillo/slope.asc
ncols 500
nrows 500
xllcorner 335983.8501
yllcorner 6142463.5042
cellsize 30
NODATA_value -9999                                                                              
[rows 378 to 398 of 500, columns 96 to 143 of 500]
17.6776695251465 17.6776695251465 19.5256233215332 21.2132034301758 21.2132034301758 21.2132034301758 19.5256233215332 18.0277557373047 21.5058135986328 19.5256233215332 16.7705097198486 15.8113880157471 13.462911605835 13.462911605835 15.2069063186646 12.5 12.5 12.7475490570068 13.462911605835 13.462911605835 12.5 14.5773801803589 14.1421356201172 14.5773801803589 16.0078105926514 16.7705097198486 16.7705097198486 19.0394325256348 19.0394325256348 19.0394325256348 20.6155281066895 20.6155281066895 20.6155281066895 23.7170829772949 23.7170829772949 21.3600101470947 21.3600101470947 20.6155281066895 21.3600101470947 19.0394325256348 18.2002754211426 19.0394325256348 14.5773801803589 13.462911605835 13.462911605835 13.462911605835 14.5773801803589 7.90569400787354
17.6776695251465 21.2132034301758 21.2132034301758 21.2132034301758 21.2132034301758 21.2132034301758 19.5256233215332 19.5256233215332 21.5058135986328 18.0277557373047 16.7705097198486 15.8113880157471 15.8113880157471 15.8113880157471 15.2069063186646 15 12.7475490570068 12.7475490570068 12.7475490570068 14.5773801803589 12.5 14.5773801803589 16.0078105926514 16.0078105926514 16.0078105926514 18.0277557373047 18.0277557373047 19.0394325256348 22.3606796264648 21.3600101470947 21.3600101470947 21.3600101470947 21.3600101470947 21.3600101470947 21.3600101470947 21.3600101470947 23.7170829772949 21.3600101470947 19.0394325256348 21.3600101470947 19.0394325256348 16.7705097198486 16.7705097198486 15.8113880157471 14.5773801803589 11.1803398132324 14.5773801803589 12.5
21.2132034301758 21.2132034301758 21.2132034301758 21.2132034301758 21.2132034301758 21.2132034301758 19.5256233215332 19.5256233215332 19.5256233215332 18.0277557373047 14.5773801803589 15.8113880157471 15.8113880157471 15.8113880157471 12.7475490570068 12.7475490570068 12.7475490570068 12.7475490570068 13.462911605835 12.5 14.5773801803589 12.5 16.0078105926514 16.0078105926514 16.0078105926514 18.0277557373047 20.1556434631348 19.0394325256348 20.1556434631348 22.3606796264648 22.3606796264648 22.3606796264648 22.3606796264648 24.6221446990967 23.7170829772949 21.3600101470947 21.3600101470947 22.3606796264648 21.3600101470947 19.0394325256348 20.1556434631348 19.0394325256348 16.7705097198486 14.5773801803589 14.5773801803589 14.5773801803589 11.1803398132324 12.5
21.2132034301758 21.2132034301758 21.2132034301758 21.2132034301758 21.2132034301758 21.2132034301758 19.5256233215332 19.5256233215332 19.5256233215332 16.7705097198486 14.5773801803589 16.7705097198486 15.8113880157471 15.2069063186646 12.5 12.5 15.2069063186646 12.7475490570068 13.462911605835 14.5773801803589 14.5773801803589 14.1421356201172 16.0078105926514 17.6776695251465 16.0078105926514 18.0277557373047 20.1556434631348 20.1556434631348 20.1556434631348 22.3606796264648 22.3606796264648 22.3606796264648 22.3606796264648 24.6221446990967 24.6221446990967 22.3606796264648 22.3606796264648 22.3606796264648 22.3606796264648 20.1556434631348 20.1556434631348 20.1556434631348 18.0277557373047 18.0277557373047 14.5773801803589 16.0078105926514 14.5773801803589 12.5
21.2132034301758 21.2132034301758 21.2132034301758 21.2132034301758 21.2132034301758 21.2132034301758 19.5256233215332 19.5256233215332 19.5256233215332 16.7705097198486 16.7705097198486 16.7705097198486 15.8113880157471 12.7475490570068 15 15 12.7475490570068 15.8113880157471 13.462911605835 14.5773801803589 16.0078105926514 16.0078105926514 14.1421356201172 17.6776695251465 18.0277557373047 18.0277557373047 20.1556434631348 21.5058135986328 20.1556434631348 22.3606796264648 22.3606796264648 22.3606796264648 22.3606796264648 24.6221446990967 25.7390747070313 23.5849533081055 22.3606796264648 22.3606796264648 22.3606796264648 21.5058135986328 20.1556434631348 20.1556434631348 18.0277557373047 18.0277557373047 16.0078105926514 16.0078105926514 16.0078105926514 14.1421356201172
23.0488605499268 21.2132034301758 21.2132034301758 21.2132034301758 21.2132034301758 21.2132034301758 19.5256233215332 19.5256233215332 17.6776695251465 14.5773801803589 16.7705097198486 14.5773801803589 12.7475490570068 12.7475490570068 12.7475490570068 12.7475490570068 12.7475490570068 12.7475490570068 14.5773801803589 14.5773801803589 14.5773801803589 17.6776695251465 17.6776695251465 16.0078105926514 19.5256233215332 19.5256233215332 18.0277557373047 21.5058135986328 22.3606796264648 23.5849533081055 23.5849533081055 23.5849533081055 23.5849533081055 22.3606796264648 23.5849533081055 25.7390747070313 25.7390747070313 23.5849533081055 21.5058135986328 21.5058135986328 22.3606796264648 21.5058135986328 19.5256233215332 19.5256233215332 17.6776695251465 16.0078105926514 17.6776695251465 14.1421356201172
21.5058135986328 21.5058135986328 23.0488605499268 21.2132034301758 21.2132034301758 21.2132034301758 19.5256233215332 18.0277557373047 16.0078105926514 16.0078105926514 16.7705097198486 13.462911605835 13.462911605835 15.2069063186646 12.5 12.5 12.7475490570068 13.462911605835 13.462911605835 14.5773801803589 14.1421356201172 16.0078105926514 17.6776695251465 17.6776695251465 17.6776695251465 21.5058135986328 21.5058135986328 21.5058135986328 21.5058135986328 21.5058135986328 23.5849533081055 23.5849533081055 25.7390747070313 25.7390747070313 23.5849533081055 23.5849533081055 25 25 25 23.5849533081055 21.5058135986328 21.2132034301758 21.2132034301758 19.5256233215332 21.2132034301758 17.6776695251465 17.6776695251465 17.6776695251465
21.2132034301758 23.0488605499268 21.5058135986328 21.5058135986328 21.2132034301758 21.2132034301758 17.6776695251465 18.0277557373047 18.0277557373047 18.0277557373047 14.5773801803589 15.8113880157471 15.8113880157471 12.7475490570068 12.5 12.7475490570068 12.7475490570068 12.7475490570068 14.5773801803589 16.0078105926514 14.5773801803589 16.0078105926514 17.6776695251465 17.6776695251465 19.5256233215332 19.5256233215332 21.2132034301758 21.5058135986328 25 23.5849533081055 23.5849533081055 23.5849533081055 23.5849533081055 25 25 25 25 25 25 25 23.0488605499268 21.2132034301758 21.5058135986328 19.5256233215332 17.6776695251465 21.2132034301758 17.6776695251465 18.0277557373047
23.0488605499268 21.2132034301758 21.2132034301758 21.5058135986328 19.5256233215332 19.5256233215332 17.6776695251465 19.5256233215332 18.0277557373047 14.5773801803589 14.5773801803589 14.5773801803589 12.7475490570068 12.5 12.5 12.5 12.7475490570068 11.1803398132324 11.1803398132324 14.5773801803589 16.0078105926514 16.0078105926514 17.6776695251465 17.6776695251465 17.6776695251465 19.5256233215332 21.5058135986328 21.5058135986328 21.5058135986328 25 25 25 25 25 25 25 25 25 25 25 23.0488605499268 23.0488605499268 23.0488605499268 21.2132034301758 17.6776695251465 19.5256233215332 19.5256233215332 19.5256233215332
21.5058135986328 21.5058135986328 21.2132034301758 19.5256233215332 19.5256233215332 19.5256233215332 19.5256233215332 17.6776695251465 14.5773801803589 14.5773801803589 14.5773801803589 13.462911605835 11.1803398132324 12.7475490570068 12.5 12.7475490570068 13.462911605835 13.462911605835 13.462911605835 12.5 14.5773801803589 16.0078105926514 17.6776695251465 19.5256233215332 19.5256233215332 19.5256233215332 19.5256233215332 23.0488605499268 21.5058135986328 23.0488605499268 25 25 25 25 25 25 25 25 25 25 24.7487373352051 21.2132034301758 24.7487373352051 24.7487373352051 21.5058135986328 19.5256233215332 19.5256233215332 19.5256233215332
21.5058135986328 21.5058135986328 21.5058135986328 19.5256233215332 19.5256233215332 19.5256233215332 18.0277557373047 16.0078105926514 16.0078105926514 14.5773801803589 14.5773801803589 13.462911605835 12.7475490570068 10.3077640533447 10 10 12.7475490570068 13.462911605835 14.5773801803589 14.5773801803589 14.5773801803589 16.0078105926514 16.0078105926514 17.6776695251465 21.2132034301758 21.2132034301758 21.2132034301758 23.0488605499268 23.0488605499268 23.0488605499268 25 25 25 25 25 25 25 26.5753650665283 26.5753650665283 24.7487373352051 24.7487373352051 24.7487373352051 21.2132034301758 23.0488605499268 23.0488605499268 21.2132034301758 19.5256233215332 19.5256233215332
21.5058135986328 19.5256233215332 21.5058135986328 18.0277557373047 19.5256233215332 19.5256233215332 18.0277557373047 18.0277557373047 14.5773801803589 14.5773801803589 14.5773801803589 11.1803398132324 12.7475490570068 10 12.5 10 10.3077640533447 11.1803398132324 11.1803398132324 14.5773801803589 14.5773801803589 16.0078105926514 17.6776695251465 16.0078105926514 17.6776695251465 21.2132034301758 21.2132034301758 23.0488605499268 23.0488605499268 23.0488605499268 25 26.5753650665283 26.5753650665283 26.5753650665283 26.5753650665283 26.5753650665283 24.7487373352051 24.7487373352051 26.5753650665283 26.5753650665283 24.7487373352051 24.7487373352051 24.7487373352051 23.0488605499268 23.0488605499268 23.0488605499268 21.5058135986328 19.5256233215332
20.1556434631348 21.5058135986328 19.5256233215332 18.0277557373047 19.5256233215332 17.6776695251465 16.0078105926514 14.5773801803589 14.5773801803589 14.5773801803589 11.1803398132324 11.1803398132324 10.3077640533447 12.7475490570068 12.5 12.7475490570068 10.3077640533447 13.462911605835 13.462911605835 13.462911605835 14.5773801803589 16.0078105926514 18.0277557373047 19.5256233215332 17.6776695251465 19.5256233215332 21.2132034301758 23.0488605499268 24.7487373352051 23.0488605499268 24.7487373352051 24.7487373352051 26.5753650665283 26.5753650665283 26.5753650665283 26.5753650665283 28.2842712402344 26.5753650665283 26.5753650665283 24.7487373352051 24.7487373352051 24.7487373352051 23.0488605499268 23.0488605499268 23.0488605499268 23.0488605499268 23.0488605499268 21.5058135986328
21.5058135986328 20.1556434631348 18.0277557373047 18.0277557373047 18.0277557373047 16.0078105926514 16.0078105926514 16.0078105926514 14.5773801803589 13.462911605835 13.462911605835 13.462911605835 11.1803398132324 12.7475490570068 10 12.7475490570068 10.3077640533447 12.7475490570068 13.462911605835 14.5773801803589 14.5773801803589 14.5773801803589 16.0078105926514 17.6776695251465 19.5256233215332 17.6776695251465 21.2132034301758 21.2132034301758 24.7487373352051 23.0488605499268 24.7487373352051 25 25 26.5753650665283 26.5753650665283 24.7487373352051 24.7487373352051 26.5753650665283 26.5753650665283 28.2842712402344 24.7487373352051 26.5753650665283 24.7487373352051 23.0488605499268 23.0488605499268 23.0488605499268 21.5058135986328 21.5058135986328
18.0277557373047 18.0277557373047 18.0277557373047 18.0277557373047 18.0277557373047 18.0277557373047 18.0277557373047 14.5773801803589 14.5773801803589 14.5773801803589 13.462911605835 12.7475490570068 10.3077640533447 10.3077640533447 10 10.3077640533447 12.7475490570068 10.3077640533447 11.1803398132324 11.1803398132324 14.5773801803589 16.0078105926514 16.0078105926514 16.0078105926514 19.5256233215332 17.6776695251465 19.5256233215332 21.2132034301758 23.0488605499268 23.0488605499268 23.0488605499268 25 24.7487373352051 24.7487373352051 26.5753650665283 26.5753650665283 26.5753650665283 26.5753650665283 24.7487373352051 24.7487373352051 26.5753650665283 24.7487373352051 26.5753650665283 25 25 25 25 21.5058135986328
19.0394325256348 20.1556434631348 18.0277557373047 18.0277557373047 18.0277557373047 18.0277557373047 14.5773801803589 14.5773801803589 14.5773801803589 11.1803398132324 11.1803398132324 10.3077640533447 12.7475490570068 10.3077640533447 10 10 12.7475490570068 11.1803398132324 11.1803398132324 13.462911605835 11.1803398132324 14.5773801803589 16.0078105926514 16.0078105926514 17.6776695251465 19.5256233215332 17.6776695251465 21.2132034301758 23.0488605499268 24.7487373352051 23.0488605499268 24.7487373352051 24.7487373352051 25 26.5753650665283 24.7487373352051 24.7487373352051 26.5753650665283 28.2842712402344 24.7487373352051 24.7487373352051 24.7487373352051 25 23.0488605499268 23.0488605499268 23.0488605499268 25 23.5849533081055
20.1556434631348 19.0394325256348 16.7705097198486 18.0277557373047 18.0277557373047 14.5773801803589 14.5773801803589 14.5773801803589 11.1803398132324 11.1803398132324 11.1803398132324 11.1803398132324 12.7475490570068 10 10 10 10.3077640533447 11.1803398132324 12.7475490570068 13.462911605835 14.5773801803589 12.5 16.0078105926514 16.0078105926514 16.0078105926514 19.5256233215332 17.6776695251465 19.5256233215332 21.2132034301758 24.7487373352051 23.0488605499268 24.7487373352051 25 24.7487373352051 24.7487373352051 26.5753650665283 26.5753650665283 24.7487373352051 24.7487373352051 28.2842712402344 24.7487373352051 25 24.7487373352051 24.7487373352051 23.0488605499268 21.5058135986328 21.5058135986328 25
16.7705097198486 16.7705097198486 16.7705097198486 18.0277557373047 14.5773801803589 14.5773801803589 14.5773801803589 11.1803398132324 11.1803398132324 11.1803398132324 11.1803398132324 11.1803398132324 10.3077640533447 10 10 10 10.3077640533447 10.3077640533447 12.7475490570068 11.1803398132324 14.5773801803589 14.5773801803589 14.5773801803589 18.0277557373047 18.0277557373047 17.6776695251465 19.5256233215332 17.6776695251465 21.2132034301758 23.0488605499268 23.0488605499268 23.0488605499268 24.7487373352051 24.7487373352051 25 24.7487373352051 24.7487373352051 26.5753650665283 24.7487373352051 24.7487373352051 26.5753650665283 24.7487373352051 24.7487373352051 25 25 25 21.5058135986328 23.5849533081055
16.7705097198486 16.7705097198486 16.7705097198486 16.7705097198486 14.5773801803589 14.5773801803589 11.1803398132324 13.462911605835 13.462911605835 13.462911605835 11.1803398132324 11.1803398132324 10.3077640533447 10 10 10 10.3077640533447 12.7475490570068 10.3077640533447 11.1803398132324 11.1803398132324 14.5773801803589 14.5773801803589 14.5773801803589 17.6776695251465 17.6776695251465 19.5256233215332 17.6776695251465 17.6776695251465 21.5058135986328 23.0488605499268 21.2132034301758 24.7487373352051 25 24.7487373352051 24.7487373352051 25 24.7487373352051 24.7487373352051 24.7487373352051 24.7487373352051 24.7487373352051 25 23.0488605499268 25 25 23.5849533081055 21.5058135986328
16.7705097198486 16.7705097198486 16.7705097198486 14.5773801803589 15.8113880157471 13.462911605835 14.5773801803589 14.5773801803589 13.462911605835 12.7475490570068 12.7475490570068 11.1803398132324 10.3077640533447 10 10 10 10 12.7475490570068 11.1803398132324 11.1803398132324 11.1803398132324 11.1803398132324 14.5773801803589 14.1421356201172 16.0078105926514 18.0277557373047 17.6776695251465 21.2132034301758 19.5256233215332 19.5256233215332 21.2132034301758 21.2132034301758 23.0488605499268 23.0488605499268 24.7487373352051 25 24.7487373352051 24.7487373352051 24.7487373352051 24.7487373352051 24.7487373352051 23.0488605499268 24.7487373352051 23.0488605499268 21.5058135986328 23.0488605499268 25 21.5058135986328
16.7705097198486 14.5773801803589 15.8113880157471 14.5773801803589 14.5773801803589 13.462911605835 13.462911605835 11.1803398132324 11.1803398132324 11.1803398132324 12.7475490570068 10.3077640533447 10.3077640533447 10 10 10 10 10.3077640533447 11.1803398132324 13.462911605835 13.462911605835 13.462911605835 12.5 14.5773801803589 14.5773801803589 17.6776695251465 17.6776695251465 17.6776695251465 21.2132034301758 21.2132034301758 21.2132034301758 21.2132034301758 21.5058135986328 23.0488605499268 23.0488605499268 23.0488605499268 24.7487373352051 23.0488605499268 24.7487373352051 23.0488605499268 24.7487373352051 24.7487373352051 23.0488605499268 25 23.0488605499268 21.5058135986328 21.5058135986328 23.5849533081055
