data/asc/Kitral/Portillo/slope.asc
ncols 500
nrows 500
xllcorner 335983.8501
yllcorner 6142463.5042
cellsize 30
NODATA_value -9999                                                                              
[rows 147 to 167 of 500, columns 144 to 191 of 500]
25.7390747070313 24.6221446990967 22.3606796264648 19.0394325256348 15.8113880157471 12.7475490570068 7.90569400787354 2.5 0 5.59016990661621 10.3077640533447 12.7475490570068 15.2069063186646 18.2002754211426 20.6155281066895 23.0488605499268 25.4950981140137 25.4950981140137 28.5043849945068 28.5043849945068 26.1007671356201 28.5043849945068 28.5043849945068 23.7170829772949 23.7170829772949 26.1007671356201 23.7170829772949 22.3606796264648 23.7170829772949 23.7170829772949 23.7170829772949 26.1007671356201 26.1007671356201 28.5043849945068 30.9232921600342 33.3541603088379 35.355339050293 37.8318634033203 42.7931060791016 45.0693893432617 45.0693893432617 47.5657424926758 52.5 52.5594902038574 50.0624618530273 50.2493782043457 50.2493782043457 50.5593719482422
26.9258232116699 24.6221446990967 21.3600101470947 21.3600101470947 18.2002754211426 13.462911605835 11.1803398132324 5.59016990661621 0 2.5 7.90569400787354 12.7475490570068 15.8113880157471 18.2002754211426 20.6155281066895 23.0488605499268 25.4950981140137 25.4950981140137 25.4950981140137 28.5043849945068 28.5043849945068 25.4950981140137 26.1007671356201 26.1007671356201 25.4950981140137 23.7170829772949 21.3600101470947 23.7170829772949 23.0488605499268 23.7170829772949 25.4950981140137 26.1007671356201 25.4950981140137 27.9508495330811 30.4138126373291 32.8823661804199 35.355339050293 37.5832405090332 42.5734672546387 45.0693893432617 47.5657424926758 50 52.5 52.5 52.5594902038574 52.5594902038574 52.7375564575195 50.2493782043457
26.9258232116699 26.9258232116699 23.7170829772949 21.3600101470947 18.2002754211426 13.462911605835 10.3077640533447 7.90569400787354 2.5 2.5 7.5 10.3077640533447 12.7475490570068 17.6776695251465 20.6155281066895 23.0488605499268 25.4950981140137 25.4950981140137 25.4950981140137 25.4950981140137 28.5043849945068 27.9508495330811 25.4950981140137 25.4950981140137 23.7170829772949 23.7170829772949 23.7170829772949 23.0488605499268 23.7170829772949 23.0488605499268 23.7170829772949 26.1007671356201 28.5043849945068 27.9508495330811 30.4138126373291 32.8823661804199 37.8318634033203 40.0780487060547 42.5734672546387 45.0693893432617 47.5 50 52.5 55 52.5594902038574 52.5594902038574 52.7375564575195 52.5594902038574
30.2076148986816 26.9258232116699 24.6221446990967 23.7170829772949 21.3600101470947 15.8113880157471 12.7475490570068 7.90569400787354 3.5355339050293 2.5 5 10.3077640533447 15 15.2069063186646 17.6776695251465 22.6384620666504 25.4950981140137 25.4950981140137 25.4950981140137 25.4950981140137 27.9508495330811 27.9508495330811 25.4950981140137 23.0488605499268 23.7170829772949 23.0488605499268 23.7170829772949 23.0488605499268 23.7170829772949 23.0488605499268 23.7170829772949 25.4950981140137 28.5043849945068 30.4138126373291 30.4138126373291 32.8823661804199 37.8318634033203 40.3112869262695 42.7931060791016 47.7624320983887 50.0624618530273 50.0624618530273 52.5 55 55 55.0567893981934 52.5594902038574 52.7375564575195
30.2076148986816 29.2617492675781 26.9258232116699 23.7170829772949 21.3600101470947 18.2002754211426 13.462911605835 7.90569400787354 5.59016990661621 2.5 5 10 12.7475490570068 15.2069063186646 20.1556434631348 20.1556434631348 22.6384620666504 25.4950981140137 25.4950981140137 25.4950981140137 27.9508495330811 27.9508495330811 25.4950981140137 23.0488605499268 23.0488605499268 23.0488605499268 23.0488605499268 23.0488605499268 23.0488605499268 23.0488605499268 23.0488605499268 25.4950981140137 27.9508495330811 30.4138126373291 30.4138126373291 32.5960121154785 37.5832405090332 40.3112869262695 42.5734672546387 47.5657424926758 50.0624618530273 52.5594902038574 55 55 55 55 55 52.5594902038574
31.6227760314941 29.2617492675781 26.9258232116699 26.1007671356201 23.0488605499268 18.2002754211426 15.8113880157471 10.3077640533447 3.5355339050293 2.5 2.5 7.5 12.7475490570068 15 17.6776695251465 22.6384620666504 22.6384620666504 22.6384620666504 25.4950981140137 25.4950981140137 27.9508495330811 27.9508495330811 25.4950981140137 23.0488605499268 23.0488605499268 23.0488605499268 23.0488605499268 23.0488605499268 23.0488605499268 23.0488605499268 23.0488605499268 25.4950981140137 27.9508495330811 30.4138126373291 32.8823661804199 35.0891723632813 35.0891723632813 40.0780487060547 45.0693893432617 47.5657424926758 50.0624618530273 52.5594902038574 55.0567893981934 55.0567893981934 55 55 55 55
31.6227760314941 29.2617492675781 28.5043849945068 28.5043849945068 23.7170829772949 19.0394325256348 15.8113880157471 11.1803398132324 5.59016990661621 2.5 3.5355339050293 7.5 12.5 15 17.5 20.1556434631348 23.0488605499268 22.6384620666504 22.6384620666504 25.4950981140137 27.6134033203125 27.9508495330811 25.4950981140137 23.7170829772949 23.0488605499268 23.0488605499268 23.0488605499268 23.7170829772949 23.0488605499268 23.7170829772949 23.0488605499268 25.4950981140137 27.9508495330811 30.4138126373291 32.8823661804199 35.355339050293 37.8318634033203 40.0780487060547 42.7931060791016 47.5657424926758 50.0624618530273 52.5594902038574 55.0567893981934 57.5543212890625 57.5543212890625 55 55 55
34.820972442627 31.6227760314941 28.5043849945068 26.9258232116699 24.6221446990967 21.3600101470947 18.2002754211426 13.462911605835 7.90569400787354 2.5 3.5355339050293 5.59016990661621 12.5 15 15.2069063186646 17.6776695251465 22.6384620666504 25.4950981140137 22.6384620666504 25.1246891021729 27.6134033203125 25.4950981140137 23.7170829772949 23.7170829772949 25.4950981140137 23.7170829772949 20.6155281066895 23.7170829772949 23.0488605499268 23.7170829772949 25.4950981140137 25.4950981140137 27.9508495330811 30.4138126373291 32.8823661804199 35.355339050293 37.8318634033203 40.3112869262695 45.0693893432617 50.0624618530273 50.0624618530273 52.5594902038574 55.0567893981934 55.0567893981934 57.5543212890625 57.5543212890625 55 55
34.820972442627 34.820972442627 30.2076148986816 26.9258232116699 26.1007671356201 23.7170829772949 18.2002754211426 13.462911605835 9.01387786865234 5.59016990661621 2.5 5.59016990661621 10 12.5 15.2069063186646 20 20.1556434631348 22.6384620666504 25.4950981140137 25.1246891021729 26.1007671356201 23.7170829772949 23.7170829772949 25.4950981140137 23.0488605499268 23.7170829772949 23.7170829772949 23.0488605499268 23.7170829772949 23.0488605499268 25.4950981140137 25.4950981140137 27.9508495330811 30.4138126373291 32.8823661804199 35.355339050293 37.8318634033203 42.7931060791016 45.0693893432617 47.7624320983887 50.2493782043457 52.5594902038574 55.226806640625 57.5543212890625 57.5543212890625 57.5543212890625 57.5543212890625 55
34.820972442627 32.5 32.5 31.6227760314941 26.1007671356201 23.7170829772949 21.3600101470947 13.462911605835 9.01387786865234 5.59016990661621 2.5 5 10.3077640533447 12.7475490570068 15 17.6776695251465 20.1556434631348 22.6384620666504 23.0488605499268 23.0488605499268 23.7170829772949 26.1007671356201 25.4950981140137 25.4950981140137 23.7170829772949 21.3600101470947 23.7170829772949 23.7170829772949 23.7170829772949 26.1007671356201 26.1007671356201 26.1007671356201 27.9508495330811 30.9232921600342 32.8823661804199 35.7945518493652 37.8318634033203 42.7931060791016 45.2769241333008 47.7624320983887 52.7375564575195 52.5594902038574 55.0567893981934 57.5543212890625 57.716983795166 57.5543212890625 57.5543212890625 57.5543212890625
37.1651725769043 34.820972442627 31.6227760314941 31.6227760314941 29.2617492675781 23.7170829772949 21.3600101470947 16.7705097198486 11.1803398132324 5.59016990661621 5 5.59016990661621 7.90569400787354 10.3077640533447 15 17.6776695251465 20.1556434631348 20.6155281066895 23.0488605499268 23.7170829772949 23.0488605499268 25.4950981140137 26.1007671356201 23.7170829772949 22.3606796264648 23.7170829772949 23.7170829772949 24.6221446990967 23.7170829772949 23.7170829772949 26.9258232116699 28.5043849945068 28.5043849945068 30.9232921600342 33.3541603088379 35.7945518493652 40.3112869262695 42.7931060791016 45.620719909668 47.7624320983887 52.7375564575195 55.226806640625 55.0567893981934 55.226806640625 57.5543212890625 60.2079734802246 57.5543212890625 55.226806640625
34.820972442627 34.820972442627 34.820972442627 31.6227760314941 29.2617492675781 26.9258232116699 21.3600101470947 16.7705097198486 13.462911605835 7.07106781005859 2.5 3.5355339050293 5 10 15.2069063186646 15.2069063186646 18.2002754211426 20.6155281066895 20.6155281066895 23.7170829772949 25.4950981140137 23.7170829772949 23.7170829772949 24.6221446990967 24.6221446990967 23.7170829772949 22.3606796264648 23.7170829772949 26.9258232116699 23.7170829772949 26.1007671356201 28.5043849945068 29.2617492675781 30.9232921600342 33.3541603088379 37.8318634033203 40.6970520019531 40.6970520019531 45.620719909668 50.2493782043457 52.7375564575195 55.5090065002441 55.5090065002441 57.716983795166 57.5543212890625 57.716983795166 57.716983795166 57.5543212890625
38.0788650512695 34.820972442627 34.820972442627 34.0036773681641 29.2617492675781 26.9258232116699 24.6221446990967 19.0394325256348 13.462911605835 9.01387786865234 3.5355339050293 3.5355339050293 5 7.5 12.7475490570068 15.2069063186646 17.6776695251465 20.6155281066895 20.6155281066895 23.0488605499268 23.7170829772949 24.6221446990967 23.7170829772949 22.3606796264648 24.6221446990967 24.6221446990967 24.6221446990967 24.6221446990967 24.6221446990967 27.9508495330811 26.9258232116699 26.9258232116699 29.2617492675781 34.0036773681641 35.7945518493652 35.7945518493652 38.8104362487793 43.6606216430664 48.0884590148926 50.5593719482422 50.5593719482422 53.0330085754395 57.9870681762695 60.2079734802246 57.9870681762695 57.716983795166 60.2079734802246 57.716983795166
38.0788650512695 38.0788650512695 37.1651725769043 34.820972442627 30.2076148986816 26.9258232116699 24.6221446990967 21.3600101470947 16.7705097198486 9.01387786865234 5.59016990661621 2.5 2.5 7.5 12.5 15.2069063186646 15.2069063186646 18.2002754211426 21.3600101470947 21.3600101470947 22.3606796264648 24.6221446990967 25.7390747070313 22.3606796264648 24.6221446990967 25.7390747070313 23.5849533081055 25.7390747070313 25.7390747070313 25.7390747070313 30.2076148986816 30.2076148986816 29.2617492675781 34.0036773681641 36.4005508422852 36.4005508422852 38.8104362487793 43.1566925048828 48.0884590148926 50.9901962280273 53.0330085754395 55.5090065002441 57.716983795166 57.9870681762695 57.9870681762695 60.2079734802246 57.716983795166 57.9870681762695
40.3887367248535 38.0788650512695 38.0788650512695 35.7945518493652 32.5 29.2617492675781 26.9258232116699 21.3600101470947 16.7705097198486 11.1803398132324 7.07106781005859 3.5355339050293 3.5355339050293 7.5 10.3077640533447 13.462911605835 15.8113880157471 16.7705097198486 19.0394325256348 22.3606796264648 22.3606796264648 22.3606796264648 25.7390747070313 25.7390747070313 23.5849533081055 25 25.7390747070313 25.7390747070313 27.0416355133057 27.9508495330811 27.9508495330811 30.2076148986816 32.5 34.0036773681641 37.1651725769043 37.1651725769043 41.2310562133789 45.620719909668 45.620719909668 50.9901962280273 53.0330085754395 55.5090065002441 57.9870681762695 57.9870681762695 60.4669342041016 60.4669342041016 57.9870681762695 57.716983795166
41.3823623657227 38.0788650512695 37.1651725769043 37.1651725769043 34.820972442627 29.2617492675781 26.9258232116699 24.6221446990967 19.0394325256348 12.5 7.07106781005859 3.5355339050293 2.5 2.5 7.90569400787354 13.462911605835 13.462911605835 16.7705097198486 19.0394325256348 20.1556434631348 22.3606796264648 22.3606796264648 23.5849533081055 25 25 27.0416355133057 25.7390747070313 25 25.7390747070313 29.1547603607178 31.3249111175537 30.2076148986816 32.5 34.820972442627 34.820972442627 39.5284690856934 43.6606216430664 46.7038536071777 46.0977210998535 50.9901962280273 55.9016990661621 55.5090065002441 58.3630867004395 57.9870681762695 57.9870681762695 60.4669342041016 60.4669342041016 57.9870681762695
41.3823623657227 42.7200202941895 40.3887367248535 34.820972442627 34.820972442627 32.5 26.9258232116699 24.6221446990967 19.0394325256348 14.5773801803589 10.3077640533447 5.59016990661621 0 2.5 5 10.3077640533447 14.5773801803589 13.462911605835 18.0277557373047 20.1556434631348 22.3606796264648 21.5058135986328 21.5058135986328 23.5849533081055 25 27.0416355133057 27.0416355133057 27.0416355133057 27.0416355133057 27.0416355133057 31.3249111175537 33.5410194396973 32.5 35.7945518493652 37.1651725769043 39.5284690856934 41.9076347351074 46.7038536071777 49.1172065734863 50.9901962280273 55.9016990661621 55.9016990661621 58.3630867004395 60.8276252746582 60.4669342041016 60.4669342041016 57.9870681762695 57.9870681762695
42.7200202941895 40.3887367248535 41.3823623657227 40.3887367248535 34.820972442627 32.5 29.2617492675781 26.9258232116699 21.3600101470947 15.8113880157471 11.1803398132324 7.07106781005859 2.5 2.5 5.59016990661621 5.59016990661621 12.5 14.5773801803589 14.5773801803589 20.1556434631348 21.5058135986328 21.5058135986328 23.5849533081055 21.5058135986328 23.0488605499268 27.0416355133057 28.5043849945068 25 28.5043849945068 29.1547603607178 31.3249111175537 33.5410194396973 33.5410194396973 35.7945518493652 38.0788650512695 39.5284690856934 44.3001136779785 46.7038536071777 49.1172065734863 53.4438972473145 56.4025726318359 56.4025726318359 58.3630867004395 60.8276252746582 60.8276252746582 60.8276252746582 60.8276252746582 57.9870681762695
43.6606216430664 41.3823623657227 40.3887367248535 40.3887367248535 38.0788650512695 34.820972442627 29.2617492675781 26.9258232116699 24.6221446990967 16.7705097198486 12.5 10.3077640533447 5.59016990661621 0 3.5355339050293 7.07106781005859 9.01387786865234 14.5773801803589 14.5773801803589 16.0078105926514 21.5058135986328 21.5058135986328 23.0488605499268 23.0488605499268 23.0488605499268 25 28.5043849945068 28.5043849945068 27.0416355133057 29.1547603607178 31.3249111175537 33.5410194396973 33.5410194396973 35.7945518493652 40.3887367248535 41.9076347351074 41.9076347351074 46.7038536071777 51.5388221740723 51.5388221740723 53.9675827026367 58.8430099487305 60.8276252746582 61.2882537841797 61.2882537841797 61.2882537841797 61.2882537841797 58.8430099487305
43.6606216430664 43.6606216430664 42.7200202941895 40.3887367248535 38.0788650512695 37.1651725769043 32.5 26.9258232116699 24.6221446990967 19.0394325256348 15.8113880157471 10.3077640533447 7.07106781005859 2.5 0 3.5355339050293 7.90569400787354 11.1803398132324 14.1421356201172 16.0078105926514 18.0277557373047 19.5256233215332 21.5058135986328 23.0488605499268 23.0488605499268 25 25 28.5043849945068 29.1547603607178 30.5163898468018 31.3249111175537 34.7311096191406 34.7311096191406 35.7945518493652 40.3887367248535 42.7200202941895 45.0693893432617 46.7038536071777 49.8121452331543 53.9675827026367 56.4025726318359 58.8430099487305 58.8430099487305 58.8430099487305 61.2882537841797 61.2882537841797 61.2882537841797 61.2882537841797
43.6606216430664 43.6606216430664 42.7200202941895 40.3887367248535 39.5284690856934 37.1651725769043 32.5 29.2617492675781 26.9258232116699 21.3600101470947 15.8113880157471 11.1803398132324 7.90569400787354 5.59016990661621 0 2.5 5.59016990661621 7.07106781005859 10.6066017150879 14.5773801803589 18.0277557373047 19.5256233215332 19.5256233215332 21.2132034301758 23.0488605499268 25 25 27.0416355133057 28.5043849945068 30.5163898468018 32.5960121154785 32.5960121154785 36.9120559692383 38.0788650512695 40.3887367248535 42.7200202941895 45.0693893432617 47.4341659545898 52.2015342712402 53.9675827026367 54.6008224487305 58.8430099487305 61.8465843200684 61.2882537841797 61.2882537841797 61.2882537841797 61.2882537841797 61.2882537841797
