data/asc/Kitral/Portillo/slope.asc
ncols 500
nrows 500
xllcorner 335983.8501
yllcorner 6142463.5042
cellsize 30
NODATA_value -9999                                                                              
[rows 399 to 419 of 500, columns 240 to 287 of 500]
22.3606796264648 21.3600101470947 18.2002754211426 18.2002754211426 15.2069063186646 15.2069063186646 12.7475490570068 12.5 12.7475490570068 10.3077640533447 10 7.90569400787354 7.90569400787354 5 5 5.59016990661621 3.5355339050293 3.5355339050293 5.59016990661621 7.90569400787354 7.90569400787354 7.5 7.90569400787354 7.5 7.90569400787354 7.5 7.90569400787354 5.59016990661621 5.59016990661621 3.5355339050293 5 5 3.5355339050293 7.07106781005859 7.07106781005859 7.90569400787354 7.90569400787354 7.90569400787354 10.3077640533447 10 10 7.5 7.5 10.3077640533447 7.90569400787354 5.59016990661621 5.59016990661621 3.5355339050293
24.6221446990967 22.3606796264648 19.0394325256348 18.2002754211426 17.6776695251465 15.2069063186646 15.2069063186646 15 12.5 10 10 10 7.5 7.5 7.5 5.59016990661621 7.07106781005859 5.59016990661621 5.59016990661621 5.59016990661621 7.90569400787354 10 7.90569400787354 7.5 7.5 7.90569400787354 7.5 5 5.59016990661621 5 3.5355339050293 3.5355339050293 3.5355339050293 3.5355339050293 7.90569400787354 7.5 7.90569400787354 10 10 10 10.3077640533447 10.3077640533447 11.1803398132324 9.01387786865234 9.01387786865234 9.01387786865234 5.59016990661621 7.90569400787354
25.7390747070313 25.7390747070313 21.3600101470947 20.6155281066895 18.2002754211426 15.8113880157471 15.2069063186646 15.2069063186646 12.7475490570068 12.5 12.5 10 10 10 7.90569400787354 9.01387786865234 9.01387786865234 9.01387786865234 7.07106781005859 9.01387786865234 10.3077640533447 7.90569400787354 7.90569400787354 10 10.3077640533447 7.5 5 7.5 5 2.5 2.5 0 2.5 5 7.5 7.5 7.90569400787354 10.3077640533447 10.3077640533447 12.7475490570068 13.462911605835 11.1803398132324 11.1803398132324 11.1803398132324 10.6066017150879 9.01387786865234 9.01387786865234 11.1803398132324
25.7390747070313 25.7390747070313 24.6221446990967 21.3600101470947 19.0394325256348 18.2002754211426 17.6776695251465 15.2069063186646 15.2069063186646 15 12.7475490570068 12.7475490570068 10 10.3077640533447 7.90569400787354 7.90569400787354 9.01387786865234 10.6066017150879 10.6066017150879 9.01387786865234 11.1803398132324 11.1803398132324 10.3077640533447 7.90569400787354 7.90569400787354 10.3077640533447 7.90569400787354 5 5.59016990661621 5 3.5355339050293 3.5355339050293 3.5355339050293 3.5355339050293 7.90569400787354 10.3077640533447 11.1803398132324 11.1803398132324 11.1803398132324 13.462911605835 13.462911605835 11.1803398132324 12.5 12.5 12.5 12.5 11.1803398132324 13.462911605835
27.0416355133057 23.5849533081055 24.6221446990967 22.3606796264648 21.3600101470947 20.6155281066895 20.6155281066895 18.2002754211426 17.6776695251465 15.2069063186646 12.7475490570068 15.2069063186646 12.7475490570068 10.3077640533447 11.1803398132324 9.01387786865234 9.01387786865234 9.01387786865234 10.6066017150879 11.1803398132324 11.1803398132324 11.1803398132324 11.1803398132324 11.1803398132324 10.3077640533447 7.90569400787354 9.01387786865234 7.90569400787354 5.59016990661621 3.5355339050293 2.5 2.5 3.5355339050293 7.07106781005859 9.01387786865234 11.1803398132324 11.1803398132324 11.1803398132324 11.1803398132324 14.5773801803589 13.462911605835 14.5773801803589 16.0078105926514 14.1421356201172 14.1421356201172 12.5 14.5773801803589 13.462911605835
27.0416355133057 25.7390747070313 22.3606796264648 22.3606796264648 21.3600101470947 20.6155281066895 18.2002754211426 18.2002754211426 18.2002754211426 15.8113880157471 15.2069063186646 12.7475490570068 15.8113880157471 13.462911605835 13.462911605835 13.462911605835 11.1803398132324 12.5 12.5 12.5 12.5 12.5 12.5 11.1803398132324 11.1803398132324 9.01387786865234 9.01387786865234 9.01387786865234 7.07106781005859 7.07106781005859 5.59016990661621 5.59016990661621 7.07106781005859 7.07106781005859 9.01387786865234 11.1803398132324 11.1803398132324 11.1803398132324 14.5773801803589 16.0078105926514 14.5773801803589 18.0277557373047 16.0078105926514 14.1421356201172 16.0078105926514 16.0078105926514 16.7705097198486 13.462911605835
27.0416355133057 27.0416355133057 25.7390747070313 22.3606796264648 21.3600101470947 21.3600101470947 19.0394325256348 18.2002754211426 18.2002754211426 18.2002754211426 18.2002754211426 15.2069063186646 15.2069063186646 15.8113880157471 13.462911605835 14.5773801803589 14.5773801803589 12.5 14.1421356201172 14.1421356201172 14.1421356201172 14.1421356201172 14.5773801803589 14.5773801803589 12.5 10.6066017150879 9.01387786865234 10.6066017150879 7.07106781005859 7.90569400787354 7.5 7.5 7.90569400787354 9.01387786865234 10.6066017150879 12.5 12.5 14.5773801803589 18.0277557373047 16.0078105926514 16.0078105926514 18.0277557373047 16.0078105926514 17.6776695251465 17.6776695251465 18.0277557373047 16.7705097198486 15.8113880157471
28.5043849945068 25.7390747070313 25.7390747070313 25.7390747070313 23.7170829772949 21.3600101470947 21.3600101470947 20.6155281066895 18.2002754211426 18.2002754211426 18.2002754211426 18.2002754211426 15.8113880157471 16.7705097198486 14.5773801803589 13.462911605835 14.5773801803589 14.1421356201172 14.1421356201172 14.1421356201172 14.1421356201172 16.0078105926514 14.5773801803589 14.1421356201172 14.1421356201172 14.1421356201172 10.6066017150879 10.6066017150879 9.01387786865234 7.90569400787354 7.90569400787354 7.90569400787354 9.01387786865234 9.01387786865234 12.5 14.1421356201172 14.1421356201172 16.0078105926514 18.0277557373047 16.0078105926514 17.6776695251465 18.0277557373047 18.0277557373047 17.6776695251465 17.6776695251465 17.6776695251465 16.7705097198486 16.7705097198486
29.1547603607178 29.1547603607178 25.7390747070313 24.6221446990967 24.6221446990967 22.3606796264648 21.3600101470947 21.3600101470947 19.0394325256348 18.2002754211426 18.2002754211426 15.8113880157471 15.8113880157471 16.7705097198486 16.7705097198486 16.7705097198486 16.0078105926514 16.0078105926514 16.0078105926514 16.0078105926514 14.1421356201172 16.0078105926514 17.6776695251465 14.1421356201172 14.1421356201172 14.1421356201172 14.1421356201172 12.5 11.1803398132324 10.3077640533447 10 10 10.3077640533447 12.5 14.1421356201172 14.1421356201172 14.1421356201172 16.0078105926514 18.0277557373047 18.0277557373047 17.6776695251465 17.6776695251465 19.5256233215332 19.5256233215332 19.5256233215332 17.6776695251465 16.0078105926514 16.7705097198486
27.0416355133057 27.0416355133057 27.0416355133057 25.7390747070313 24.6221446990967 24.6221446990967 23.7170829772949 21.3600101470947 21.3600101470947 20.6155281066895 19.0394325256348 19.0394325256348 18.2002754211426 16.7705097198486 19.0394325256348 16.7705097198486 18.0277557373047 18.0277557373047 18.0277557373047 19.5256233215332 17.6776695251465 16.0078105926514 17.6776695251465 17.6776695251465 16.0078105926514 16.0078105926514 14.5773801803589 14.5773801803589 13.462911605835 12.7475490570068 12.7475490570068 10.3077640533447 13.462911605835 13.462911605835 12.5 14.1421356201172 14.1421356201172 17.6776695251465 19.5256233215332 18.0277557373047 18.0277557373047 19.5256233215332 19.5256233215332 19.5256233215332 17.6776695251465 18.0277557373047 16.0078105926514 18.0277557373047
28.5043849945068 27.0416355133057 25.7390747070313 24.6221446990967 24.6221446990967 24.6221446990967 24.6221446990967 22.3606796264648 23.7170829772949 21.3600101470947 19.0394325256348 20.6155281066895 19.0394325256348 19.0394325256348 19.0394325256348 18.0277557373047 18.0277557373047 18.0277557373047 18.0277557373047 19.5256233215332 19.5256233215332 19.5256233215332 17.6776695251465 18.0277557373047 18.0277557373047 18.0277557373047 18.0277557373047 14.5773801803589 15.8113880157471 12.7475490570068 12.7475490570068 12.5 13.462911605835 13.462911605835 14.5773801803589 16.0078105926514 17.6776695251465 19.5256233215332 17.6776695251465 17.6776695251465 19.5256233215332 19.5256233215332 19.5256233215332 19.5256233215332 19.5256233215332 17.6776695251465 18.0277557373047 18.0277557373047
27.0416355133057 27.0416355133057 29.1547603607178 25.7390747070313 24.6221446990967 24.6221446990967 24.6221446990967 23.7170829772949 23.7170829772949 22.3606796264648 23.7170829772949 21.3600101470947 19.0394325256348 21.3600101470947 20.1556434631348 20.1556434631348 20.1556434631348 20.1556434631348 18.0277557373047 19.5256233215332 21.5058135986328 19.5256233215332 21.5058135986328 18.0277557373047 18.0277557373047 18.0277557373047 18.0277557373047 16.7705097198486 15.8113880157471 15.8113880157471 12.7475490570068 15.2069063186646 15.8113880157471 15.8113880157471 16.7705097198486 18.0277557373047 18.0277557373047 17.6776695251465 19.5256233215332 19.5256233215332 19.5256233215332 19.5256233215332 19.5256233215332 19.5256233215332 17.6776695251465 17.6776695251465 19.5256233215332 18.0277557373047
28.5043849945068 25.7390747070313 25.7390747070313 27.9508495330811 24.6221446990967 24.6221446990967 24.6221446990967 24.6221446990967 22.3606796264648 23.7170829772949 23.7170829772949 22.3606796264648 21.3600101470947 21.3600101470947 22.3606796264648 22.3606796264648 22.3606796264648 23.5849533081055 21.5058135986328 20.1556434631348 21.5058135986328 21.5058135986328 21.5058135986328 21.5058135986328 20.1556434631348 18.0277557373047 20.1556434631348 19.0394325256348 18.2002754211426 18.2002754211426 17.6776695251465 17.6776695251465 15.8113880157471 15.8113880157471 16.7705097198486 18.0277557373047 18.0277557373047 19.5256233215332 17.6776695251465 17.6776695251465 19.5256233215332 19.5256233215332 19.5256233215332 18.0277557373047 18.0277557373047 19.5256233215332 17.6776695251465 16.0078105926514
27.0416355133057 27.0416355133057 25.7390747070313 25.7390747070313 25.7390747070313 24.6221446990967 24.6221446990967 24.6221446990967 23.7170829772949 23.7170829772949 22.3606796264648 22.3606796264648 23.7170829772949 21.3600101470947 22.3606796264648 22.3606796264648 22.3606796264648 23.5849533081055 23.5849533081055 23.5849533081055 21.5058135986328 23.5849533081055 21.5058135986328 22.3606796264648 23.5849533081055 22.3606796264648 21.3600101470947 21.3600101470947 20.6155281066895 18.2002754211426 20.1556434631348 17.5 17.6776695251465 15.8113880157471 16.7705097198486 18.0277557373047 18.0277557373047 18.0277557373047 17.6776695251465 19.5256233215332 19.5256233215332 19.5256233215332 17.6776695251465 16.0078105926514 18.0277557373047 18.0277557373047 14.5773801803589 14.1421356201172
28.5043849945068 25.7390747070313 25.7390747070313 25.7390747070313 24.6221446990967 24.6221446990967 24.6221446990967 24.6221446990967 24.6221446990967 24.6221446990967 24.6221446990967 23.7170829772949 23.7170829772949 22.3606796264648 22.3606796264648 22.3606796264648 22.3606796264648 23.5849533081055 25.7390747070313 23.5849533081055 25.7390747070313 23.5849533081055 25.7390747070313 22.3606796264648 22.3606796264648 24.6221446990967 22.3606796264648 21.3600101470947 21.3600101470947 20.6155281066895 20.1556434631348 20 20.1556434631348 17.6776695251465 19.0394325256348 18.0277557373047 18.0277557373047 18.0277557373047 18.0277557373047 17.6776695251465 18.0277557373047 18.0277557373047 14.5773801803589 16.0078105926514 18.0277557373047 14.5773801803589 14.5773801803589 14.5773801803589
27.0416355133057 27.0416355133057 25.7390747070313 25.7390747070313 25.7390747070313 24.6221446990967 24.6221446990967 24.6221446990967 23.7170829772949 23.7170829772949 24.6221446990967 26.9258232116699 24.6221446990967 24.6221446990967 24.6221446990967 24.6221446990967 24.6221446990967 24.6221446990967 25.7390747070313 25.7390747070313 27.9508495330811 25.7390747070313 27.9508495330811 25.7390747070313 24.6221446990967 24.6221446990967 24.6221446990967 23.7170829772949 23.0488605499268 23.0488605499268 20.1556434631348 22.5 20 20.1556434631348 20.6155281066895 19.0394325256348 18.0277557373047 18.0277557373047 16.0078105926514 16.0078105926514 16.0078105926514 16.0078105926514 14.5773801803589 18.0277557373047 14.5773801803589 13.462911605835 14.5773801803589 13.462911605835
25 25.7390747070313 25.7390747070313 25.7390747070313 26.9258232116699 24.6221446990967 24.6221446990967 26.9258232116699 26.9258232116699 24.6221446990967 23.7170829772949 23.7170829772949 26.9258232116699 26.9258232116699 26.9258232116699 26.9258232116699 26.9258232116699 27.9508495330811 27.9508495330811 26.9258232116699 27.9508495330811 27.9508495330811 27.9508495330811 27.9508495330811 26.9258232116699 26.9258232116699 26.9258232116699 26.1007671356201 26.1007671356201 23.7170829772949 22.6384620666504 22.5 20 20.1556434631348 20.6155281066895 18.2002754211426 16.7705097198486 16.7705097198486 14.5773801803589 16.0078105926514 17.6776695251465 16.0078105926514 16.0078105926514 14.5773801803589 11.1803398132324 13.462911605835 13.462911605835 11.1803398132324
25.7390747070313 25.7390747070313 25.7390747070313 24.6221446990967 25.7390747070313 25.7390747070313 23.7170829772949 23.7170829772949 26.9258232116699 26.9258232116699 26.9258232116699 26.1007671356201 26.1007671356201 26.9258232116699 26.9258232116699 26.9258232116699 26.9258232116699 26.9258232116699 30.2076148986816 30.2076148986816 27.9508495330811 30.2076148986816 27.9508495330811 30.2076148986816 29.2617492675781 29.2617492675781 29.2617492675781 28.5043849945068 26.1007671356201 28.5043849945068 27.6134033203125 25.1246891021729 22.6384620666504 22.6384620666504 20.1556434631348 17.6776695251465 19.0394325256348 16.7705097198486 16.7705097198486 16.0078105926514 16.0078105926514 12.5 12.5 11.1803398132324 11.1803398132324 13.462911605835 12.7475490570068 10.3077640533447
25.7390747070313 25.7390747070313 25.7390747070313 25.7390747070313 24.6221446990967 26.9258232116699 26.9258232116699 26.1007671356201 26.1007671356201 26.9258232116699 26.1007671356201 28.5043849945068 26.9258232116699 26.9258232116699 29.2617492675781 29.2617492675781 29.2617492675781 29.2617492675781 29.2617492675781 30.2076148986816 30.2076148986816 32.5 32.5 31.6227760314941 31.6227760314941 31.6227760314941 31.6227760314941 31.6227760314941 28.5043849945068 30.4138126373291 27.9508495330811 25.4950981140137 25.1246891021729 25 22.5 22.6384620666504 20.6155281066895 18.2002754211426 15.8113880157471 14.5773801803589 12.5 12.5 12.5 11.1803398132324 11.1803398132324 11.1803398132324 10.3077640533447 10
25.7390747070313 25.7390747070313 25.7390747070313 26.9258232116699 26.9258232116699 26.9258232116699 26.1007671356201 28.5043849945068 26.9258232116699 29.2617492675781 28.5043849945068 26.1007671356201 29.2617492675781 28.5043849945068 30.9232921600342 31.6227760314941 31.6227760314941 31.6227760314941 32.5 32.5 34.0036773681641 31.6227760314941 34.820972442627 34.820972442627 34.0036773681641 31.6227760314941 31.6227760314941 31.6227760314941 33.3541603088379 30.9232921600342 28.5043849945068 27.9508495330811 27.6134033203125 25 25 22.5 20.1556434631348 17.6776695251465 17.6776695251465 15.8113880157471 14.5773801803589 14.5773801803589 11.1803398132324 10.6066017150879 11.1803398132324 11.1803398132324 7.90569400787354 7.90569400787354
25.7390747070313 25.7390747070313 26.9258232116699 26.9258232116699 26.9258232116699 26.9258232116699 28.5043849945068 26.1007671356201 28.5043849945068 28.5043849945068 31.6227760314941 28.5043849945068 30.9232921600342 30.9232921600342 30.9232921600342 31.6227760314941 31.6227760314941 31.6227760314941 34.0036773681641 34.0036773681641 34.820972442627 34.820972442627 34.0036773681641 36.4005508422852 37.1651725769043 34.820972442627 34.0036773681641 33.3541603088379 33.3541603088379 34.0036773681641 33.3541603088379 32.8823661804199 30.4138126373291 27.6134033203125 25.1246891021729 25.1246891021729 22.5 20.1556434631348 20.1556434631348 17.6776695251465 15.8113880157471 11.1803398132324 11.1803398132324 11.1803398132324 10.6066017150879 9.01387786865234 7.90569400787354 10.3077640533447
