Scenario,datetime,WS,WD,FireScenario
test,2007-03-09,13,207,1
test,2007-03-09,13,207,1
test,2007-03-09,13,207,1
test,2007-03-09,13,207,1
test,2007-03-09,13,207,1
test,2007-03-09,13,207,1
test,2007-03-09,13,207,1
test,2007-03-09,13,207,1
test,2007-03-09,13,207,1
test,2007-03-09,13,207,1
test,2007-03-09,13,207,1
test,2007-03-09,13,207,1
test,2007-03-09,13,207,1
test,2007-03-09,13,207,1
test,2007-03-09,13,207,1
test,2007-03-09,13,207,1
test,2007-03-09,13,207,1
test,2007-03-09,13,207,1
test,2007-03-09,13,207,1
test,2007-03-09,13,207,1
test,2007-03-09,13,207,1
test,2007-03-09,13,207,1
test,2007-03-09,13,207,1
test,2007-03-09,13,207,1
