Scenario,datetime,WS,WD,FireScenario
test,2007-03-09,16,163,1
test,2007-03-09,16,163,1
test,2007-03-09,16,163,1
test,2007-03-09,16,163,1
test,2007-03-09,16,163,1
test,2007-03-09,16,163,1
test,2007-03-09,16,163,1
test,2007-03-09,16,163,1
test,2007-03-09,16,163,1
test,2007-03-09,16,163,1
test,2007-03-09,16,163,1
test,2007-03-09,16,163,1
test,2007-03-09,16,163,1
test,2007-03-09,16,163,1
test,2007-03-09,16,163,1
test,2007-03-09,16,163,1
test,2007-03-09,16,163,1
test,2007-03-09,16,163,1
test,2007-03-09,16,163,1
test,2007-03-09,16,163,1
test,2007-03-09,16,163,1
test,2007-03-09,16,163,1
test,2007-03-09,16,163,1
test,2007-03-09,16,163,1
