data/handson/Instances_Belgium/Case3_Arlon/elevation.asc
ncols         601
nrows         601
xllcorner     746858.5234000001
yllcorner     538836.1043
cellsize      10.0
NODATA_value  -9999.0
[rows 546 to 587 of 601, columns 470 to 563 of 601]
406 406 406 406 406 406 406 405 404 404 403 402 402 401 400 399 398 398 397 397 396 396 395 395 394 393 392 392 391 391 390 390 390 390 390 391 391 391 392 392 393 394 394 395 395 396 396 397 397 397 397 397 397 397 396 395 394 393 392 390 389 387 385 384 383 382 382 382 383 383 384 386 388 390 391 392 393 395 396 398 399 401 402 404 405 406 406 406 406 406 406 406 405 405
405 405 405 405 405 405 404 404 403 403 402 401 400 400 399 398 397 397 396 396 395 395 395 394 393 392 392 391 390 390 390 389 389 389 390 390 390 391 391 392 392 393 393 394 394 395 395 396 396 396 396 396 396 396 395 394 393 392 391 389 389 387 384 383 382 381 381 382 382 382 383 384 386 388 389 391 392 394 395 396 398 400 401 403 404 405 405 405 405 405 405 405 405 404
405 404 404 404 403 403 403 403 402 401 401 400 399 398 398 397 396 396 395 395 394 394 394 393 392 392 391 390 390 389 389 389 388 389 389 389 389 390 390 391 391 392 392 393 394 394 394 395 395 395 395 395 395 395 394 393 392 391 390 389 387 386 384 382 381 380 380 381 381 381 382 383 385 387 388 390 391 393 394 396 397 399 400 402 403 404 404 404 404 404 404 404 404 403
403 403 403 402 402 401 401 401 401 400 399 399 398 397 396 396 395 395 394 394 393 393 393 392 391 391 390 390 389 388 388 388 388 388 388 388 389 389 390 390 391 391 392 392 393 393 393 394 394 394 394 394 394 393 393 392 391 390 389 387 386 385 384 382 380 380 380 380 380 380 380 382 384 386 387 389 390 392 393 395 396 398 399 401 402 403 404 404 403 403 403 403 403 402
402 401 401 400 400 400 399 399 399 398 398 397 396 396 395 394 394 394 393 393 393 392 392 391 391 390 390 389 388 388 387 387 387 387 387 387 388 388 389 389 390 390 391 391 392 392 392 392 393 393 393 393 392 392 392 391 390 389 388 386 385 384 383 381 379 379 379 379 379 379 379 381 383 385 386 388 389 391 393 394 396 397 399 400 402 402 403 403 403 403 402 402 402 401
400 400 399 398 398 398 398 397 397 397 396 396 395 394 394 393 393 392 392 392 392 391 391 390 390 389 389 388 388 387 386 386 386 386 386 387 387 387 388 388 389 389 390 390 390 391 391 391 392 392 392 391 391 391 390 390 389 388 387 385 384 383 382 381 378 378 377 378 378 378 379 380 382 384 385 387 389 390 391 393 395 397 399 400 401 402 402 402 402 402 402 401 401 401
399 398 397 397 396 396 396 396 395 395 395 394 394 393 392 392 392 391 391 391 391 390 390 390 389 388 388 388 387 386 386 385 385 385 385 386 386 386 387 387 388 388 389 389 389 390 390 390 390 390 390 390 390 389 389 388 387 386 385 384 383 382 381 380 378 377 377 377 377 377 378 380 382 383 384 386 388 389 390 392 395 397 398 400 401 401 401 401 401 401 401 400 400 400
397 396 396 395 395 394 394 394 394 394 393 393 392 392 391 391 390 390 390 390 390 389 389 389 388 388 387 387 386 385 385 385 384 384 385 385 385 385 386 386 387 387 388 388 389 389 389 389 389 389 389 389 389 388 388 387 386 385 384 383 382 381 380 379 377 376 376 376 376 377 378 379 381 382 384 385 386 388 390 392 394 396 398 399 400 400 400 400 400 400 400 400 399 399
395 394 394 393 393 393 393 393 392 392 392 391 391 390 390 390 389 389 389 389 389 389 388 388 387 387 387 386 385 385 384 384 383 383 384 384 384 385 385 385 386 386 387 387 388 388 388 388 388 388 388 388 387 387 386 386 385 384 383 382 381 380 379 378 376 376 375 375 375 376 377 378 380 382 383 384 385 387 389 391 394 396 398 399 399 400 400 399 399 399 399 399 399 398
393 393 392 392 392 391 391 391 391 391 390 390 390 389 389 389 388 388 388 388 388 388 387 387 386 386 386 385 385 384 384 383 382 382 383 383 383 384 384 384 385 385 385 386 386 387 387 387 387 387 387 386 386 386 385 384 384 383 382 381 380 379 378 377 376 375 375 374 375 375 376 378 379 381 382 383 385 386 388 391 393 395 397 398 399 399 399 399 399 399 398 398 398 397
392 391 391 391 390 390 390 390 389 389 389 389 388 388 388 387 387 387 387 387 387 387 387 386 386 385 385 385 384 383 383 382 382 382 382 382 383 383 383 384 384 384 385 385 385 386 386 386 386 386 385 385 385 384 384 383 382 381 380 379 379 378 377 376 375 374 374 374 374 374 376 377 379 380 381 382 384 385 387 390 393 395 396 397 398 398 398 398 398 398 398 397 397 397
391 390 390 389 389 389 389 388 388 388 388 388 387 387 386 386 386 386 386 386 386 386 386 385 385 385 385 384 383 383 382 382 381 381 381 381 382 382 382 383 383 383 384 384 385 385 385 385 385 385 384 384 384 383 383 382 381 380 379 378 377 377 376 375 375 374 373 373 373 374 375 376 378 379 380 381 383 384 387 389 392 394 396 397 398 398 398 398 398 397 397 397 396 396
389 389 389 388 388 388 388 387 387 387 387 387 386 386 385 385 385 385 385 385 385 385 385 385 384 384 384 383 383 382 382 381 380 380 380 380 381 381 381 382 382 382 383 383 384 384 384 384 384 384 383 383 383 382 382 381 380 379 378 377 376 376 375 375 374 373 373 372 372 373 374 376 377 378 379 381 382 384 386 389 391 393 395 396 397 397 397 397 397 397 396 396 396 395
388 388 387 387 387 387 387 386 386 386 386 386 385 385 384 384 384 384 384 384 384 384 384 384 383 383 383 383 382 381 381 380 379 379 379 379 380 380 381 381 380 381 382 383 383 383 383 383 383 383 382 382 382 381 381 380 379 378 376 376 375 375 375 374 373 373 372 372 372 372 373 375 376 377 378 380 382 384 386 388 391 393 394 395 396 396 396 396 396 396 396 395 395 395
387 387 386 386 386 386 386 385 385 385 385 385 384 384 383 383 383 383 383 383 383 383 383 383 382 382 382 382 381 381 380 380 379 378 378 378 379 379 380 380 379 380 381 381 382 382 382 382 382 382 381 381 381 380 380 379 378 377 376 375 375 374 374 373 373 372 372 371 371 372 373 374 376 377 378 380 382 384 385 388 390 392 394 395 395 395 395 395 395 395 395 395 394 394
386 386 385 385 385 385 384 384 384 384 384 383 383 383 382 382 382 382 382 382 382 383 383 382 382 381 382 381 381 380 380 379 378 378 377 377 378 378 379 379 378 379 380 380 381 381 381 381 381 381 380 380 380 379 379 378 377 376 375 374 374 373 373 372 371 371 371 371 371 372 372 374 375 376 377 379 381 383 385 387 390 392 393 394 394 395 395 395 395 395 394 394 394 393
385 385 384 384 384 384 384 383 383 383 383 382 382 382 381 381 381 381 381 381 381 382 382 381 381 381 381 381 380 380 379 378 378 377 377 377 377 377 378 378 377 378 379 379 380 380 380 380 380 379 379 379 379 378 378 377 376 375 374 374 373 372 372 371 370 370 370 370 371 371 372 373 375 376 377 379 381 383 385 387 389 391 393 394 394 394 394 394 394 394 394 394 393 393
384 384 383 383 383 383 383 382 382 382 382 382 381 381 381 380 380 380 380 380 380 381 381 381 380 380 380 380 379 379 378 378 377 377 376 376 376 376 377 377 376 377 378 379 379 379 379 379 379 378 378 378 378 377 377 376 375 374 373 373 372 372 371 370 370 370 370 370 370 371 372 373 374 376 377 379 381 383 385 387 389 391 393 394 394 394 394 394 394 393 393 393 393 392
383 383 382 382 382 382 382 381 381 381 381 381 380 380 380 379 379 379 379 379 379 380 380 380 379 379 379 379 379 378 378 377 377 376 376 376 375 375 376 376 376 377 377 378 378 378 378 378 378 377 377 377 377 376 376 375 374 373 373 372 372 371 370 370 369 369 369 369 370 371 372 373 374 375 377 379 380 382 384 386 388 390 393 393 393 393 393 393 393 393 393 392 392 392
382 382 382 381 381 381 381 380 380 379 380 380 379 379 379 378 378 378 378 378 378 379 379 379 378 378 379 378 378 378 377 377 376 376 375 375 374 375 375 375 376 376 377 377 377 377 377 377 377 376 376 376 375 375 374 374 373 372 372 371 371 370 369 369 369 368 368 369 370 370 371 373 374 375 377 379 380 382 384 386 388 390 392 393 393 393 393 393 392 392 392 392 391 391
381 381 381 380 380 380 380 379 379 378 379 379 379 378 378 377 377 377 377 377 377 378 378 378 377 377 378 378 377 377 377 376 376 375 375 374 374 374 374 374 375 375 375 375 376 376 376 376 376 375 375 375 374 374 373 373 372 371 371 371 370 370 369 368 368 368 368 368 369 370 371 372 374 375 377 379 380 382 383 385 388 390 391 392 392 392 392 392 392 392 391 391 391 390
380 380 380 379 379 379 379 378 378 378 378 378 378 377 377 376 376 376 376 376 376 377 377 377 377 377 377 376 376 376 376 375 375 375 374 373 373 373 373 374 374 374 373 373 374 375 375 375 375 375 374 374 374 373 372 372 371 371 370 370 369 369 368 368 367 367 367 368 369 370 371 372 374 375 377 378 380 382 383 385 387 389 391 392 392 392 392 392 391 391 391 390 390 390
379 379 379 379 379 378 378 378 377 377 377 377 377 376 376 375 375 375 375 375 376 376 376 376 376 376 376 376 375 375 375 375 374 374 373 373 372 372 372 373 373 373 372 372 373 373 373 373 373 373 373 373 372 372 371 371 370 370 369 369 368 368 368 367 367 367 367 368 369 370 371 372 374 375 377 378 380 382 383 385 387 389 390 391 391 391 391 391 391 390 390 390 390 389
378 378 378 378 378 378 377 377 376 376 376 376 376 375 375 375 374 374 374 374 375 375 375 375 375 375 375 375 374 374 374 374 374 373 372 371 371 371 371 372 372 372 371 371 372 371 371 371 371 371 371 371 371 371 370 369 369 369 368 368 368 367 367 366 366 366 367 367 369 370 371 372 374 375 377 378 380 382 384 386 388 389 390 391 391 391 391 390 390 390 390 389 389 389
377 377 377 377 377 377 377 376 375 375 375 375 375 374 374 374 373 373 373 373 374 374 374 374 374 374 374 374 373 373 373 373 373 372 371 370 370 370 370 371 370 370 370 370 371 370 370 370 370 370 370 370 370 370 369 369 368 368 368 367 367 367 366 366 365 366 366 367 368 370 371 372 374 375 377 378 380 382 384 386 388 389 390 390 390 390 390 390 390 389 389 389 388 388
377 377 377 376 376 376 376 375 375 374 374 374 374 373 373 373 372 372 372 372 373 373 373 373 373 373 373 373 372 371 371 371 371 370 370 369 369 369 369 369 369 369 369 369 370 370 370 370 369 369 369 369 369 369 369 368 368 367 367 367 366 366 365 365 365 365 366 367 368 370 371 372 374 375 376 378 380 382 384 386 388 389 389 389 390 389 389 389 389 389 389 388 388 388
376 376 376 376 375 375 375 374 374 373 373 373 373 373 372 372 372 371 371 371 372 372 372 372 373 373 372 372 371 370 370 370 370 369 369 368 368 368 368 368 368 368 369 369 369 369 369 369 369 369 369 369 368 368 368 367 367 367 366 366 365 365 364 364 364 365 366 367 368 369 371 372 373 375 376 378 380 382 384 386 388 388 388 389 389 389 388 388 388 388 388 388 387 387
375 375 375 375 375 374 374 373 373 372 372 372 372 372 371 371 371 370 370 371 371 371 371 372 372 372 371 371 371 370 370 369 369 368 368 368 367 367 367 366 366 367 368 369 369 369 369 369 369 369 368 368 368 367 367 367 366 366 365 364 364 364 363 363 363 364 365 367 368 369 370 372 373 374 376 378 379 381 384 386 387 388 388 388 388 388 387 387 388 388 387 387 387 386
375 374 374 374 374 373 373 372 372 371 371 371 371 371 370 370 370 370 370 370 370 370 371 371 372 371 370 370 370 369 369 368 368 367 367 367 367 366 366 365 365 366 367 368 368 368 368 368 367 367 367 367 367 366 366 366 365 365 364 363 363 363 363 363 363 364 365 366 368 369 370 371 373 374 376 378 379 381 384 385 387 387 387 387 387 387 386 386 387 387 387 387 386 386
374 374 373 373 373 373 372 371 371 370 370 370 370 370 370 369 369 369 369 369 369 370 371 371 371 371 369 369 368 368 368 367 367 366 366 366 366 365 365 364 364 365 366 367 367 367 367 366 365 365 366 366 366 365 365 365 364 364 363 363 362 362 362 362 362 363 364 366 367 368 369 371 372 374 376 377 379 381 384 385 387 387 387 387 386 386 386 386 386 386 386 386 386 385
373 373 373 372 372 372 371 371 370 369 369 369 369 369 369 368 368 368 368 368 368 369 370 370 370 370 369 368 367 367 367 366 366 365 365 365 365 364 364 363 363 364 365 365 365 365 365 364 363 364 365 365 365 364 364 364 363 363 362 362 362 362 362 362 362 363 364 365 366 367 369 370 372 374 375 377 379 382 384 385 386 386 386 386 385 385 385 385 385 386 386 385 385 385
373 372 372 371 371 371 370 370 369 369 368 368 368 368 368 367 367 367 367 367 367 368 369 369 369 368 368 367 366 366 366 366 365 364 364 363 363 363 363 363 362 362 363 362 362 362 362 362 362 363 364 364 364 364 363 363 362 362 361 361 361 361 361 361 361 362 363 364 366 367 368 370 372 374 375 377 379 382 384 385 385 386 386 386 385 385 384 385 385 385 385 385 385 384
372 372 371 371 370 370 369 369 368 368 367 367 367 367 367 367 366 366 366 367 367 367 367 368 368 367 367 366 365 365 365 365 364 363 363 362 362 362 362 362 361 361 361 361 360 360 360 361 361 362 363 363 363 363 362 362 361 361 361 360 360 361 361 361 361 361 362 364 365 366 368 370 372 373 375 377 380 382 384 385 385 385 385 385 384 384 384 384 384 384 384 384 384 384
372 371 371 370 370 369 369 368 368 367 367 367 366 366 366 366 366 366 366 366 366 366 366 366 366 366 366 365 365 364 364 364 363 362 362 361 361 361 361 361 360 360 360 360 359 359 360 360 362 362 362 362 362 362 361 361 361 360 360 360 360 360 360 360 360 361 362 363 365 366 368 369 371 373 375 377 380 382 384 384 384 385 384 384 384 384 384 384 384 384 384 384 384 383
371 371 370 370 369 369 368 368 367 367 367 366 366 365 365 365 365 365 365 365 365 365 365 365 365 365 365 364 364 364 363 363 362 362 361 361 360 360 360 360 360 359 359 359 359 359 359 360 361 362 362 361 361 361 360 360 360 360 359 359 359 360 360 360 360 361 361 363 364 366 368 369 371 373 375 378 380 382 383 384 384 384 384 384 383 383 383 383 383 383 383 383 383 383
371 370 370 369 369 368 368 368 367 367 366 366 365 365 365 364 365 364 364 364 364 364 364 364 364 364 364 364 363 363 362 362 362 361 361 360 360 359 359 359 359 359 358 358 358 358 358 359 361 361 361 360 360 360 360 359 359 359 359 359 359 359 359 359 360 360 361 363 364 366 368 369 371 373 375 378 380 381 383 383 384 384 383 383 383 383 383 383 383 383 383 383 383 382
370 370 369 369 368 368 368 367 367 366 365 365 365 364 364 364 364 364 364 364 363 363 363 363 363 363 363 363 362 362 362 362 362 361 361 360 359 359 359 358 358 358 358 358 358 358 358 359 360 360 360 360 359 359 359 359 358 358 358 358 358 359 359 359 359 360 361 363 364 366 368 369 371 373 375 377 379 381 382 382 383 383 383 382 382 382 383 382 382 382 382 382 382 382
370 369 369 368 368 368 367 367 366 365 365 364 364 363 363 363 363 363 363 363 363 363 362 362 363 363 362 362 362 361 361 361 361 361 360 360 359 359 358 358 357 357 357 357 357 357 357 358 358 358 359 359 359 358 358 358 358 358 358 358 358 358 358 359 359 361 362 363 365 366 368 369 371 373 376 377 379 380 381 382 382 382 382 382 382 382 382 382 382 382 382 382 382 382
369 369 369 368 368 367 367 366 366 365 364 364 363 363 362 362 362 362 362 362 362 362 361 361 361 361 361 361 361 361 361 361 361 360 360 360 359 358 358 357 357 357 357 357 357 357 357 357 357 358 358 358 358 358 357 357 357 357 357 357 357 358 358 359 360 361 362 363 365 366 368 370 371 373 375 377 378 379 380 381 381 381 381 381 381 382 382 382 381 381 381 381 381 381
369 369 368 368 368 367 366 366 365 365 364 363 363 362 362 362 362 362 362 362 361 361 361 361 360 360 360 360 360 360 360 360 360 360 360 359 358 358 357 357 356 356 356 356 356 356 356 356 357 357 357 357 357 357 357 356 356 356 357 357 357 357 358 359 360 361 362 364 365 367 368 370 371 373 375 376 378 379 380 380 381 381 381 381 381 381 381 381 381 381 381 381 381 381
368 368 368 367 367 366 366 365 365 364 363 363 362 362 361 361 361 361 361 361 361 361 360 360 359 359 359 359 359 360 360 360 360 360 359 359 358 357 357 356 356 356 355 356 356 356 356 356 356 356 357 357 356 356 356 356 356 356 356 356 356 357 358 359 360 361 362 364 366 367 368 370 371 373 375 376 377 378 379 380 380 380 380 380 381 381 381 381 381 380 380 381 381 381
368 368 367 367 366 366 365 365 364 364 363 362 362 361 361 360 360 360 360 360 360 360 360 359 359 358 358 358 359 359 359 359 359 359 359 358 357 357 356 356 355 355 355 355 355 355 355 355 356 356 356 356 356 355 355 355 355 355 355 356 356 357 358 359 360 361 362 364 365 367 368 369 371 373 374 376 377 378 379 379 380 380 380 380 380 381 381 381 381 380 380 380 380 380
