data/handson/Instances_Belgium/Case3_Arlon/elevation.asc
ncols         601
nrows         601
xllcorner     746858.5234000001
yllcorner     538836.1043
cellsize      10.0
NODATA_value  -9999.0
[rows 546 to 587 of 601, columns 282 to 375 of 601]
379 378 378 378 379 380 381 381 381 382 382 383 384 385 385 386 386 386 386 386 386 386 387 389 390 391 392 393 394 394 394 395 395 395 396 396 396 396 397 397 397 398 398 397 397 397 397 397 397 396 396 395 395 394 394 393 393 393 392 392 392 391 391 391 391 390 390 390 390 390 390 390 389 389 389 388 388 388 387 387 387 386 386 386 385 385 384 384 383 382 380 380 379 378
380 379 379 379 379 380 381 382 382 382 383 384 385 386 386 387 387 387 388 388 387 388 389 390 392 393 393 394 394 395 395 396 396 396 397 397 397 397 398 398 398 399 399 398 398 398 398 398 398 397 397 396 396 395 394 394 393 393 392 392 391 391 391 390 390 390 390 390 390 389 389 389 389 389 388 388 388 387 387 387 386 386 385 385 385 384 384 383 382 381 380 379 378 378
380 380 379 379 379 380 381 382 382 383 384 385 385 386 387 387 387 388 389 389 389 389 390 391 393 393 394 394 394 395 396 396 397 397 398 398 398 399 399 399 400 400 400 400 399 399 399 399 399 398 398 397 397 396 395 395 394 393 392 392 391 391 390 390 390 390 390 389 389 389 389 389 388 388 388 388 387 387 387 386 386 385 385 385 384 384 383 382 381 380 379 379 378 377
380 380 379 379 380 381 382 382 382 383 384 385 386 386 387 388 388 389 389 390 390 391 391 392 393 394 394 394 395 396 396 397 397 398 399 399 400 400 400 400 401 401 401 401 401 400 400 400 400 399 399 399 398 397 397 396 395 394 393 392 391 390 390 390 390 389 389 389 389 388 388 388 388 388 388 387 387 387 386 386 385 385 384 384 384 383 382 381 380 379 379 378 378 377
380 380 380 380 380 381 382 383 383 383 384 385 386 387 388 389 390 391 391 391 392 392 393 393 394 394 394 395 396 396 397 397 398 399 399 400 401 401 401 402 402 402 402 402 402 402 401 401 401 401 400 400 400 399 398 397 396 395 393 392 391 390 390 389 389 389 389 389 388 388 388 388 388 388 387 387 387 386 386 386 385 384 384 383 383 382 381 380 379 379 378 378 377 377
380 380 380 380 381 381 382 383 383 384 385 386 387 388 390 391 393 393 393 394 393 394 394 394 395 395 395 395 396 397 397 398 399 400 400 401 401 402 402 403 403 404 404 403 403 403 403 402 402 402 402 402 401 401 400 399 398 396 394 392 391 390 390 389 389 389 388 388 388 388 388 387 387 387 387 387 386 386 386 385 385 384 383 383 382 381 380 379 379 378 378 377 377 376
379 379 380 380 381 381 382 383 383 384 385 386 387 389 391 392 394 394 395 394 394 394 395 395 395 395 395 396 397 397 398 399 400 400 401 402 402 403 403 404 404 405 405 405 405 404 404 404 404 403 403 403 403 402 401 400 398 396 394 392 391 390 389 389 389 388 388 388 388 387 387 387 387 387 387 386 386 386 385 385 384 383 383 382 381 380 379 379 378 378 377 377 376 376
377 378 379 380 381 381 382 383 384 384 385 386 388 389 391 392 394 394 395 394 394 394 395 395 395 395 396 397 397 398 399 399 400 401 402 402 403 403 404 405 405 405 406 406 406 406 405 405 405 405 405 404 404 403 402 401 399 397 395 393 391 390 389 389 388 388 388 388 387 387 387 387 387 386 386 386 386 385 385 384 384 383 382 381 380 379 378 378 378 377 377 376 376 376
377 378 379 380 381 382 383 384 384 385 386 387 388 389 391 392 393 394 394 394 394 394 395 395 395 396 396 397 398 399 399 400 401 402 402 403 404 404 405 405 406 406 407 407 407 407 406 406 406 406 406 405 405 404 402 401 399 397 395 393 391 390 389 389 388 388 388 387 387 387 386 386 386 386 386 386 385 385 384 384 383 382 381 380 379 378 378 378 377 377 376 376 376 375
378 379 380 381 382 383 384 385 385 386 387 388 389 390 391 392 393 393 393 394 394 395 395 395 396 397 397 398 398 399 400 401 402 402 403 404 404 405 405 406 406 407 407 408 408 408 408 407 407 407 407 406 405 404 402 400 398 396 394 393 391 390 389 388 388 388 387 387 387 386 386 386 386 385 385 385 385 384 384 383 382 381 380 379 378 378 377 377 377 376 376 376 375 375
378 379 381 382 383 384 385 385 386 387 387 388 389 390 391 392 392 393 393 394 394 395 395 396 396 397 398 398 399 400 401 401 402 403 404 404 405 405 406 407 407 408 408 408 408 408 408 408 408 407 407 406 405 404 401 399 397 395 394 392 391 390 389 388 388 387 387 387 386 386 386 385 385 385 385 385 384 384 383 382 381 380 379 378 378 377 377 377 376 376 376 375 375 375
378 379 381 382 383 384 385 386 387 387 388 389 390 390 391 392 392 393 394 394 395 395 396 396 397 398 398 399 400 400 401 402 403 403 404 405 405 406 407 407 408 408 409 409 409 409 409 409 408 408 408 407 405 403 401 399 397 395 393 392 390 389 388 388 387 387 387 386 386 386 385 385 385 385 384 384 384 383 383 381 380 379 378 378 377 377 377 376 376 376 375 375 375 375
379 380 381 383 384 385 386 387 388 388 389 389 390 391 392 392 393 393 394 395 395 396 396 397 397 398 399 400 400 401 402 403 403 404 405 405 406 407 407 408 408 409 409 409 409 409 409 409 409 408 408 407 405 403 400 398 397 395 393 391 390 389 388 387 387 387 386 386 386 385 385 385 384 384 384 384 383 382 382 380 379 378 378 377 377 377 376 376 376 376 375 375 375 374
379 380 382 384 385 386 387 388 389 389 390 390 391 391 392 393 393 394 394 395 396 396 397 397 398 399 400 400 401 402 402 403 404 405 405 406 407 407 408 408 409 409 410 410 410 410 410 409 409 408 408 406 404 402 400 398 397 395 393 391 390 389 388 387 386 386 386 386 385 385 385 384 384 384 383 383 382 381 380 379 379 378 377 377 377 376 376 376 376 375 375 375 374 374
381 382 383 385 386 387 388 389 390 390 390 391 391 392 392 393 394 394 395 395 396 397 397 398 399 399 400 401 402 402 403 404 404 405 406 406 407 408 408 409 409 410 410 410 410 410 410 410 409 408 407 406 404 401 399 398 397 395 393 391 390 388 387 386 386 386 386 385 385 385 384 384 384 383 383 382 381 380 380 379 378 378 377 377 376 376 376 376 375 375 375 375 374 374
383 384 384 385 386 388 389 390 390 391 391 391 392 392 393 394 394 395 395 396 396 397 398 399 399 400 401 401 402 403 404 404 405 406 406 407 408 408 409 409 410 410 410 410 410 410 410 410 409 408 407 405 402 401 399 398 396 395 393 391 390 388 387 386 386 385 385 385 385 384 384 384 383 383 382 381 380 380 379 379 378 378 377 377 376 376 376 375 375 375 375 374 374 374
386 386 386 387 388 389 390 390 391 391 391 392 392 393 394 394 395 395 396 396 397 398 398 399 400 401 401 402 403 403 404 405 405 406 407 407 408 409 409 410 410 410 411 411 411 411 410 410 409 407 406 404 401 400 398 397 395 394 392 391 389 388 386 386 385 385 385 385 384 384 384 383 383 382 381 381 380 379 379 378 378 377 377 377 376 376 376 375 375 375 375 374 374 374
389 389 388 389 389 390 390 390 391 391 392 393 393 393 394 394 395 396 396 397 397 398 399 400 400 401 402 402 403 404 405 405 406 407 407 408 409 409 410 410 410 411 411 411 411 411 410 409 408 406 404 402 400 399 398 396 394 393 392 390 389 387 386 385 385 384 384 384 384 384 383 383 382 381 381 380 379 379 378 378 377 377 377 377 376 376 375 375 375 375 374 374 374 374
390 390 389 390 390 391 391 391 391 392 393 393 393 394 394 395 395 396 397 397 398 399 399 400 401 402 402 403 404 404 405 406 406 407 408 408 409 410 410 410 411 411 411 411 411 411 410 409 407 405 403 401 399 398 397 395 394 392 391 390 388 387 385 385 384 384 384 384 384 383 383 382 382 381 380 379 379 378 378 378 377 377 377 376 376 376 375 375 375 375 374 374 374 374
389 389 390 390 390 391 391 392 392 392 393 393 394 394 395 395 396 397 397 398 398 399 400 401 401 402 403 404 404 405 406 406 407 407 408 409 409 410 410 411 411 411 412 412 411 411 410 409 407 405 402 400 398 397 396 395 393 392 390 389 388 386 385 384 384 384 384 383 383 383 382 382 381 380 380 379 378 378 378 377 377 377 376 376 376 376 376 375 375 375 375 374 374 374
389 390 390 390 391 391 392 392 392 393 393 394 394 395 395 396 396 397 398 398 399 400 400 401 402 402 403 404 405 405 406 407 407 408 409 409 410 410 411 411 411 412 412 412 411 411 410 408 406 404 401 399 397 396 395 393 392 391 389 388 387 386 384 384 383 383 383 383 383 382 382 381 381 380 379 378 378 378 377 377 377 377 376 376 376 376 376 375 375 375 375 374 374 374
390 390 390 391 391 391 392 392 392 393 393 394 394 395 396 396 397 397 398 399 399 400 401 401 402 403 404 404 405 406 406 407 408 408 409 409 410 410 411 411 412 412 412 412 411 411 410 408 406 404 401 398 396 395 394 392 391 390 389 387 386 385 384 383 383 382 382 382 382 382 381 381 380 379 379 378 378 377 377 377 377 376 376 376 376 376 375 375 375 375 375 375 374 374
390 390 390 391 391 391 392 392 393 393 394 394 395 395 396 396 397 398 398 399 400 400 401 402 403 403 404 405 405 406 407 407 408 409 409 410 410 411 411 411 412 412 412 412 411 410 409 408 406 403 401 398 396 395 393 392 391 389 388 386 385 384 383 382 382 382 382 381 381 381 381 380 379 379 378 378 377 377 377 376 376 376 376 376 376 376 375 375 375 375 375 375 374 374
390 390 390 391 391 392 392 392 393 393 394 394 395 396 396 397 397 398 399 399 400 401 401 402 403 404 404 405 406 406 407 408 408 409 410 410 411 411 411 411 412 412 412 412 411 410 409 407 405 403 401 398 396 395 393 391 390 388 387 386 384 383 382 382 381 381 381 381 381 380 380 379 379 378 378 377 377 376 376 376 376 376 376 376 376 375 375 375 375 375 375 375 375 375
390 390 390 391 391 392 392 393 393 394 394 395 395 396 396 397 398 398 399 400 400 401 402 403 403 404 405 405 406 407 407 408 409 409 410 410 411 411 411 411 411 412 412 411 410 409 408 407 405 403 401 399 397 395 394 392 390 388 387 385 384 383 382 381 381 380 380 380 380 379 379 379 378 377 377 376 376 376 376 376 376 376 376 375 375 375 375 375 375 375 375 375 375 375
390 390 390 391 391 392 392 393 393 394 394 395 395 396 397 397 398 399 399 400 401 402 402 403 404 404 405 406 406 407 408 408 409 409 410 410 411 411 411 411 411 411 411 410 409 409 408 406 405 404 402 400 399 397 394 392 391 389 387 386 384 383 382 381 380 380 379 379 379 378 378 378 377 376 376 376 375 375 375 375 375 375 375 375 375 375 375 375 375 375 375 374 374 374
390 390 391 391 391 392 392 393 393 394 394 395 396 396 397 398 398 399 400 400 401 402 402 403 404 405 405 406 407 407 408 408 409 409 410 410 411 411 411 411 410 410 410 409 409 408 407 406 405 404 402 401 399 397 395 393 391 389 387 386 384 383 382 381 380 379 379 378 378 377 377 377 376 376 375 375 375 375 374 374 375 375 375 375 375 375 375 375 374 374 374 374 374 374
390 390 391 391 391 392 392 393 393 394 394 395 396 396 397 398 398 399 400 401 401 402 403 403 404 405 405 406 407 407 408 409 409 409 410 410 410 410 410 410 410 409 409 408 408 407 406 406 405 403 402 401 399 397 395 393 391 389 387 386 384 383 382 381 380 379 378 378 377 376 376 376 375 375 375 374 374 374 374 374 374 374 374 374 374 374 374 374 374 374 374 374 374 374
390 390 391 391 391 392 393 393 394 394 395 395 396 397 397 398 399 399 400 401 401 402 403 404 404 405 406 406 407 408 408 409 409 409 410 410 410 410 410 409 408 408 408 407 407 406 406 405 404 403 402 400 399 397 395 393 391 389 387 385 384 382 381 380 379 379 378 377 376 376 375 375 375 374 374 374 374 373 373 373 373 374 374 374 374 374 374 374 373 373 373 373 373 374
390 390 391 391 391 392 393 393 394 394 395 395 396 397 397 398 399 400 400 401 402 402 403 404 405 405 406 407 407 408 408 409 409 409 410 410 409 409 409 408 407 407 406 406 406 405 405 404 404 402 401 400 398 396 394 392 390 388 386 384 383 381 380 379 379 378 377 377 376 375 375 374 374 374 373 373 373 373 373 373 373 373 373 373 373 373 373 373 373 373 373 373 373 373
390 390 391 391 391 392 393 393 394 394 395 395 396 397 398 398 399 400 400 401 402 402 403 404 405 405 406 407 407 408 408 409 409 409 409 409 408 408 407 406 405 405 405 404 404 404 404 403 403 402 401 399 397 395 393 391 390 388 385 384 382 381 380 379 378 377 377 376 375 375 374 374 374 373 373 373 373 373 373 373 372 372 372 372 373 373 373 373 372 372 372 372 372 373
390 390 391 391 391 392 393 393 394 394 395 396 396 397 398 398 399 400 401 401 402 403 403 404 405 405 406 407 407 408 408 409 409 409 408 408 407 406 405 404 404 403 403 403 403 403 403 402 402 401 400 399 397 395 392 391 390 388 385 383 381 380 379 378 377 377 376 375 375 374 374 373 373 373 373 372 372 372 372 372 372 372 372 372 372 372 372 372 372 372 372 372 372 372
389 390 390 391 391 392 393 393 394 394 395 396 396 397 398 399 399 400 401 401 402 403 404 404 405 405 406 407 407 408 408 408 408 408 407 406 405 404 403 403 402 401 401 401 401 401 401 401 401 400 399 398 397 394 392 391 390 388 385 383 382 380 379 378 377 377 376 375 375 374 374 373 373 372 372 372 372 372 372 372 372 372 371 371 371 371 371 371 371 371 371 371 371 372
389 390 390 391 391 392 393 393 394 395 395 396 397 397 398 399 399 400 401 402 402 403 404 404 405 406 406 407 407 408 408 408 408 407 406 404 403 402 402 401 400 400 399 399 400 400 400 400 400 399 398 397 396 394 392 391 390 388 385 383 382 381 380 379 378 377 376 375 374 374 373 373 372 372 372 371 371 372 372 372 372 371 371 371 371 371 371 371 371 371 371 371 371 371
389 390 390 391 391 392 393 393 394 395 395 396 397 397 398 399 399 400 401 402 402 403 404 404 405 406 406 407 407 407 407 407 407 405 404 403 401 401 400 400 399 398 398 398 398 398 398 398 398 398 398 397 396 394 392 391 390 388 386 384 383 382 381 380 378 377 376 375 374 374 373 372 372 372 371 371 371 371 372 372 371 371 371 370 370 370 370 370 370 370 370 370 370 370
389 390 390 391 392 392 392 393 394 395 395 396 397 397 398 399 400 400 401 402 402 403 404 404 405 405 406 406 406 407 407 406 405 404 402 401 400 399 399 398 398 397 396 396 396 397 397 397 397 397 397 396 395 394 392 391 390 388 387 386 385 383 382 381 379 378 376 375 374 373 373 372 372 371 371 371 371 371 371 371 371 371 370 370 370 369 369 369 369 369 369 370 370 370
389 390 390 391 392 392 393 393 394 395 395 396 397 398 398 399 400 400 401 402 402 403 404 404 405 405 406 406 406 406 406 405 404 402 401 400 399 398 398 397 397 396 395 395 395 395 395 395 396 396 396 395 394 393 392 391 389 388 387 386 385 384 382 381 379 378 376 375 374 373 373 372 372 371 371 370 370 371 371 371 371 371 370 369 369 369 369 369 369 369 369 369 369 369
389 390 390 391 392 392 393 394 394 395 396 396 397 398 398 399 400 400 401 402 402 403 404 404 405 405 405 405 405 405 405 404 402 401 399 399 398 398 397 396 396 395 394 394 394 394 394 394 394 394 394 394 393 392 391 390 389 388 386 385 384 383 382 380 379 377 376 375 374 373 372 372 371 371 370 370 370 370 371 371 371 370 370 369 368 368 368 368 368 368 368 368 368 368
389 390 391 391 392 392 393 394 394 395 396 396 397 398 398 399 400 400 401 402 402 403 403 404 404 404 405 405 404 404 403 402 401 399 398 398 397 397 396 395 394 394 393 393 392 392 392 393 393 393 393 393 392 391 390 389 388 387 386 385 384 382 381 380 378 377 376 375 374 373 372 372 371 371 370 370 370 370 370 370 370 370 369 369 368 367 367 367 367 367 367 367 367 367
389 390 391 391 392 392 393 394 394 395 396 396 397 398 398 399 400 400 401 402 402 403 403 403 404 404 404 404 403 403 402 401 399 398 397 397 396 395 394 393 393 392 392 391 391 391 391 392 392 392 392 391 391 390 389 387 386 385 385 384 383 381 380 379 378 377 376 375 373 373 372 371 371 370 370 369 369 369 370 370 370 369 369 368 367 367 366 366 366 367 367 367 367 367
390 390 391 391 392 393 393 394 394 395 396 396 397 398 398 399 400 400 401 402 402 402 403 403 403 403 403 403 402 401 400 399 398 397 396 395 395 394 393 392 392 391 391 390 390 390 390 391 391 391 391 390 389 388 387 386 385 384 383 382 381 380 379 378 377 376 375 374 373 372 372 371 370 370 370 369 369 369 369 369 369 369 368 367 367 366 366 366 366 366 366 366 366 366
390 390 391 391 392 393 393 394 395 395 396 396 397 398 398 399 400 400 401 401 402 402 402 402 402 402 402 401 401 400 399 398 397 396 394 394 393 392 392 391 390 390 389 389 389 389 389 389 390 390 389 389 387 386 385 384 383 382 381 381 380 379 378 377 376 376 375 374 373 372 371 371 370 370 369 369 368 368 369 369 369 368 368 367 366 366 365 365 365 365 365 366 366 366
