data/handson/Instances_Belgium/Case3_Arlon/elevation.asc
ncols         601
nrows         601
xllcorner     746858.5234000001
yllcorner     538836.1043
cellsize      10.0
NODATA_value  -9999.0
[rows 252 to 293 of 601, columns 282 to 375 of 601]
374 373 373 372 370 369 368 368 367 367 367 366 366 366 365 366 367 369 371 372 373 373 373 373 372 370 368 366 365 364 364 363 362 361 360 359 358 358 358 357 357 358 359 360 362 364 366 368 369 370 370 370 371 371 371 371 371 371 370 370 370 369 369 368 368 367 367 366 366 366 366 365 365 364 363 363 362 361 360 360 361 361 361 361 362 363 364 364 365 366 366 367 367 367
375 375 373 372 371 370 368 368 367 367 367 366 366 366 365 365 365 367 369 370 372 373 373 373 373 372 371 369 366 364 363 362 361 360 359 359 359 358 358 358 358 358 359 361 363 365 367 368 369 370 370 371 371 371 371 371 371 371 370 369 369 369 368 368 368 367 367 367 367 367 367 366 365 364 364 363 362 362 361 361 361 361 362 362 363 363 364 365 366 366 367 367 367 368
376 375 374 373 372 370 369 368 368 367 367 367 366 366 366 365 365 366 367 369 371 372 373 373 374 373 373 371 368 366 364 362 361 360 359 359 359 358 358 358 358 359 360 362 364 366 368 369 370 370 371 371 371 371 371 371 372 371 370 369 369 368 368 368 368 368 368 368 368 367 367 366 365 365 364 363 363 362 361 361 362 362 362 363 363 364 365 366 366 367 367 368 368 368
377 376 375 374 372 371 370 369 368 368 367 367 367 367 366 366 366 366 367 368 369 371 373 374 374 374 374 373 372 369 366 364 361 360 360 359 359 358 358 358 358 359 360 363 365 367 369 369 370 370 371 371 371 371 371 372 372 371 370 369 369 369 368 368 368 368 368 369 368 368 367 367 366 365 364 364 364 363 362 362 362 362 362 363 364 365 366 366 367 367 368 368 368 369
377 377 376 374 373 372 370 370 369 368 368 368 368 367 367 367 367 367 368 368 369 370 372 373 374 374 374 374 373 372 369 366 363 361 360 359 359 359 359 359 358 359 361 363 366 367 369 370 370 371 371 371 371 371 372 372 372 371 370 370 370 370 369 369 369 369 369 369 369 368 368 367 366 365 365 364 364 364 363 363 362 362 363 364 365 366 366 367 367 368 368 368 369 369
377 377 376 375 374 372 371 370 369 369 369 368 368 368 368 368 368 369 369 370 370 370 370 371 373 374 374 374 374 373 372 369 366 363 361 360 360 359 359 359 359 360 361 363 366 368 369 370 370 371 371 371 371 371 372 371 371 370 370 370 372 372 371 371 371 371 371 370 369 369 368 367 366 366 365 365 365 364 363 363 362 362 363 364 365 366 367 367 368 368 369 369 369 370
378 377 377 376 374 373 372 371 370 370 369 369 369 369 369 369 370 370 370 370 370 370 369 370 372 373 374 374 374 374 374 372 369 366 363 361 360 360 360 360 359 360 361 363 366 368 369 370 370 371 371 371 371 372 372 372 371 371 371 372 373 373 372 372 372 372 371 370 370 369 368 368 367 366 366 365 365 364 364 363 363 363 364 365 366 367 367 368 368 369 369 370 370 370
379 378 377 376 375 374 373 372 371 371 370 370 370 370 371 371 371 371 371 371 370 370 369 369 369 371 373 374 374 374 374 373 372 369 366 363 361 360 360 360 360 360 362 364 366 368 369 370 370 371 371 371 372 372 372 373 373 373 373 373 374 374 373 373 372 372 371 370 370 369 368 368 367 367 366 366 365 365 364 364 363 363 364 365 366 367 368 368 369 369 370 370 370 371
379 378 378 377 376 375 374 373 372 372 372 372 372 372 372 372 372 372 371 371 370 369 368 368 368 369 371 373 374 375 375 374 374 372 369 366 363 362 361 360 360 361 362 364 367 368 369 370 371 371 371 372 372 372 373 373 374 374 374 374 374 374 374 373 373 372 371 371 370 370 369 368 368 367 367 366 365 365 364 364 364 364 365 366 367 368 368 369 369 370 370 371 371 371
380 379 378 377 376 375 375 374 374 373 373 373 373 373 373 373 373 372 372 371 370 369 367 367 366 367 369 371 374 375 375 375 375 374 372 370 366 364 362 361 361 361 363 365 367 369 369 370 371 371 371 372 372 372 373 373 374 374 374 374 374 374 374 374 373 373 372 371 371 370 370 369 368 367 367 366 366 365 365 364 364 364 365 366 367 368 368 369 370 370 370 371 371 372
380 380 379 378 377 376 376 375 375 374 374 374 374 374 374 373 373 372 372 371 369 368 367 366 365 366 367 369 371 373 374 375 375 375 374 372 370 367 364 362 362 362 363 365 367 369 369 370 371 371 372 372 372 373 373 373 374 374 374 374 374 374 374 374 374 373 373 372 371 371 370 370 369 368 367 367 366 366 365 364 364 364 365 366 367 368 369 369 370 370 371 371 372 373
381 380 379 379 378 377 376 376 376 375 375 375 375 374 374 374 373 372 371 370 369 368 367 366 365 365 365 367 368 371 373 375 375 375 375 374 373 370 367 365 363 362 363 365 367 368 369 370 370 371 371 372 372 373 373 373 374 374 374 374 375 375 375 374 374 374 373 372 372 371 371 370 369 368 367 367 366 366 365 365 364 365 366 367 368 368 369 370 370 371 371 372 373 373
381 380 380 379 378 378 377 377 376 376 376 376 375 375 374 374 373 372 371 370 369 368 367 367 366 366 366 366 367 369 371 373 375 375 375 375 374 373 370 368 365 364 363 364 367 368 369 370 370 371 371 372 372 373 373 373 374 374 374 374 375 375 375 375 375 374 373 373 372 371 371 370 369 368 368 367 367 366 366 365 364 365 366 367 368 369 369 370 371 371 372 372 373 374
381 381 380 379 379 378 378 377 377 377 376 376 376 375 374 374 373 372 371 370 369 368 368 367 367 368 368 367 367 367 369 371 374 375 375 376 375 374 373 371 368 366 364 364 366 368 369 369 370 370 371 372 372 373 373 373 374 374 374 375 375 375 375 375 375 374 374 373 372 371 371 370 369 368 368 367 367 366 366 365 365 365 366 367 368 369 370 370 371 372 372 373 374 374
382 381 380 380 379 379 378 378 378 377 377 376 376 375 375 374 373 372 371 370 369 369 369 369 369 369 370 369 368 367 367 369 371 373 375 375 376 376 375 373 371 368 365 365 366 367 368 369 370 370 371 371 372 373 373 373 374 374 374 375 375 375 375 375 375 375 374 373 372 372 371 370 369 369 368 368 367 367 366 366 365 366 367 368 369 369 370 371 372 372 373 374 374 375
382 381 381 380 380 379 379 379 378 378 377 377 376 376 375 374 373 372 371 371 370 370 370 371 371 371 371 370 369 368 366 367 369 371 374 375 376 376 376 375 374 371 368 367 366 367 368 368 369 370 371 371 372 372 373 373 374 374 374 375 375 375 375 375 375 375 374 373 372 372 371 371 370 369 369 368 368 367 367 366 366 366 367 368 369 370 371 372 372 373 374 375 375 376
382 382 381 381 380 380 380 379 379 378 378 377 377 376 375 374 373 372 372 371 370 371 372 372 372 372 372 371 370 368 366 366 367 369 372 374 375 376 376 376 375 374 371 369 367 367 368 368 369 370 371 371 372 372 373 374 374 374 375 375 375 375 375 375 375 375 374 374 373 372 372 371 370 370 369 368 368 367 367 367 366 366 367 368 369 370 371 372 373 374 375 375 376 376
383 382 382 381 381 380 380 380 379 379 378 378 377 376 375 374 373 373 372 372 371 372 373 373 373 373 373 372 371 369 367 366 366 367 369 371 374 375 376 376 376 375 374 372 369 368 368 368 369 370 370 371 372 372 373 374 374 374 375 375 375 375 376 375 375 375 374 374 373 373 372 371 371 370 369 369 368 368 367 367 367 367 368 369 370 371 371 373 374 375 375 376 376 377
383 383 382 382 381 381 381 380 380 379 379 378 377 376 375 375 374 373 373 372 372 372 373 374 374 373 373 372 372 370 367 367 366 367 368 369 372 374 375 376 377 376 376 374 372 370 369 369 369 370 371 371 372 373 373 374 374 375 375 375 375 376 376 376 375 375 374 374 373 373 372 372 371 370 370 369 369 368 368 367 367 367 368 369 370 371 372 373 374 375 375 376 376 377
384 384 383 382 382 382 381 381 380 380 379 378 377 376 376 375 374 374 373 373 373 373 374 374 374 374 373 373 372 370 368 368 367 367 367 368 369 371 374 376 377 377 377 376 375 373 370 369 369 370 371 371 372 373 373 374 374 375 375 375 376 376 376 376 376 375 374 374 373 373 372 372 371 371 370 370 369 369 369 368 367 367 368 369 370 371 372 373 374 375 375 376 376 377
385 384 383 383 382 382 382 381 380 380 380 379 378 377 376 375 375 374 374 374 374 374 374 374 374 374 373 373 372 371 369 368 368 368 368 368 368 370 372 374 376 377 377 377 377 375 372 371 370 370 371 371 372 373 373 374 374 375 375 376 376 376 376 376 376 375 375 374 374 373 373 372 372 371 371 370 370 369 369 368 368 368 369 370 370 371 372 373 374 375 375 376 376 377
386 385 384 383 383 383 382 382 381 380 380 379 378 377 377 376 375 375 374 374 375 375 375 375 374 374 374 373 372 371 370 369 369 369 369 368 368 369 370 372 374 376 377 377 377 376 375 374 371 370 371 371 372 373 373 374 374 375 375 376 376 376 376 376 376 376 375 374 374 373 373 372 372 371 371 371 370 370 370 369 368 369 369 370 371 372 372 373 374 374 375 376 376 377
386 385 385 384 384 383 383 382 381 381 380 379 378 378 377 376 376 375 375 375 375 375 375 375 375 374 373 372 372 371 370 370 370 370 370 369 369 369 369 371 373 375 376 377 377 377 377 375 373 372 371 372 372 373 374 374 374 375 375 376 376 376 377 377 377 376 376 375 374 373 373 372 372 372 371 371 371 370 370 369 369 369 370 370 371 372 373 373 374 375 375 376 377 377
387 386 385 385 384 384 383 382 382 381 380 380 379 378 378 377 376 376 376 376 376 376 376 376 375 374 372 372 371 371 371 371 371 371 371 370 370 370 370 370 371 373 375 376 377 378 378 377 376 374 372 372 373 373 374 374 375 375 375 376 376 377 377 377 377 377 377 376 374 374 373 373 372 372 372 371 371 371 370 370 369 369 370 371 372 372 373 374 374 375 376 377 377 378
388 387 386 386 385 384 383 383 382 382 381 380 379 379 379 378 377 377 377 377 377 377 377 376 375 374 373 372 372 372 372 372 372 372 371 371 371 371 371 371 371 372 373 375 376 377 378 378 378 376 374 373 373 373 374 374 375 375 376 376 377 377 378 378 378 378 377 376 375 374 373 373 373 372 372 372 371 371 371 370 370 370 370 371 372 373 373 374 375 376 377 378 378 379
389 388 387 387 386 385 384 383 383 382 381 381 380 380 379 379 378 378 378 377 377 377 377 376 375 374 375 374 373 373 373 373 373 372 372 372 372 372 372 371 371 371 372 373 375 376 378 378 378 377 377 375 374 374 374 375 375 376 376 377 378 378 378 379 379 379 378 377 376 375 374 373 373 373 373 372 372 371 371 371 370 370 370 371 372 373 374 375 376 377 378 378 379 379
390 389 388 387 387 385 384 384 383 383 382 381 381 380 380 379 379 378 378 378 378 378 377 376 375 375 376 375 375 374 374 374 374 373 373 373 373 373 372 372 372 372 372 372 374 375 377 378 378 378 378 377 375 375 375 375 376 376 377 377 378 379 379 379 379 379 378 377 376 375 374 374 373 373 373 373 372 372 372 371 371 371 370 371 372 373 374 375 376 377 378 379 379 380
390 390 389 388 387 386 385 384 384 383 382 382 381 381 380 380 379 379 379 379 379 378 377 377 376 376 376 376 375 375 375 375 374 374 374 374 373 373 373 373 372 372 372 372 373 374 375 377 378 378 378 378 377 376 376 375 376 376 377 378 379 379 380 380 380 379 378 377 376 375 375 374 374 374 373 373 373 372 372 372 371 371 370 371 372 373 374 375 376 377 378 379 379 380
391 390 389 389 388 387 385 385 384 383 383 382 382 381 381 380 380 380 380 379 379 378 377 377 377 377 377 377 376 376 375 375 375 375 375 374 374 374 374 373 373 373 372 372 372 373 374 376 377 378 378 379 378 378 377 376 376 377 378 378 379 380 380 380 380 379 379 378 377 376 375 375 374 374 374 373 373 373 373 372 372 371 370 371 373 374 375 375 376 377 378 379 379 380
391 391 390 389 388 387 386 385 385 384 383 383 382 382 381 381 381 380 380 380 379 379 378 378 378 378 378 377 377 376 376 376 376 376 375 375 375 375 375 374 373 373 373 373 373 373 373 374 376 377 378 379 379 379 378 378 377 377 378 379 379 380 380 380 380 380 379 378 377 376 376 375 375 374 374 374 374 373 373 373 372 372 371 372 373 374 375 376 376 377 378 379 379 380
391 391 390 389 388 387 386 386 385 384 384 383 383 383 382 382 382 381 381 380 380 379 379 379 379 379 378 378 377 377 377 377 376 376 376 376 376 376 376 375 374 374 373 373 373 373 373 374 375 376 377 378 379 379 379 379 378 378 378 379 380 380 380 380 380 380 380 379 378 377 376 376 375 375 375 374 374 374 374 373 373 372 372 372 373 374 375 376 377 377 378 379 380 380
391 391 390 390 389 388 387 386 385 385 384 384 384 383 383 383 382 382 382 381 381 380 380 380 379 379 379 379 378 378 378 377 377 377 377 377 377 377 377 376 375 374 374 374 374 374 374 374 375 375 376 377 379 379 379 379 379 379 379 379 380 380 381 381 381 380 380 379 378 378 377 376 376 375 375 375 375 374 374 374 374 373 372 373 374 375 376 376 377 377 378 379 380 380
392 391 391 390 389 388 387 387 386 385 385 385 384 384 384 384 384 384 384 383 383 382 381 381 380 380 380 379 379 379 378 378 378 378 378 378 378 378 378 377 376 375 375 374 374 374 374 374 375 375 376 377 378 379 379 379 379 379 379 379 380 380 381 381 381 381 381 380 379 378 378 377 376 376 375 375 375 375 375 374 374 374 373 373 374 375 376 377 377 378 379 379 380 381
392 391 391 390 390 389 388 387 387 386 386 385 385 385 385 385 385 385 386 385 385 384 383 382 381 381 380 380 380 380 379 379 379 379 379 379 379 379 379 378 377 376 375 375 375 375 375 375 375 376 376 377 377 378 379 380 380 380 380 380 380 381 381 382 382 382 381 381 380 379 378 377 377 376 376 376 376 375 375 375 375 375 374 374 373 374 376 377 377 378 379 379 380 381
392 392 391 391 390 389 388 388 387 387 387 386 386 386 386 386 387 387 387 387 386 385 384 383 382 381 381 381 380 380 380 380 380 379 379 379 380 379 379 378 377 377 376 376 375 375 375 375 376 376 377 377 377 378 379 379 380 380 380 380 380 381 382 382 383 382 382 382 381 380 379 378 377 377 376 376 376 376 375 375 375 375 375 375 374 375 376 377 378 378 379 380 380 381
393 392 392 391 390 389 389 388 388 388 387 387 387 387 387 387 388 388 388 388 387 387 386 385 383 382 382 381 381 381 381 380 380 380 380 380 380 380 380 379 378 377 377 376 376 376 376 376 377 377 377 378 378 378 379 379 380 380 380 380 380 381 382 383 383 383 383 382 381 380 379 379 378 377 377 377 377 376 376 376 376 376 376 376 376 376 376 377 378 379 379 380 380 381
393 393 392 392 391 390 390 389 389 388 388 388 388 388 388 388 389 389 389 389 388 387 387 385 384 383 383 382 382 381 381 381 381 381 381 381 381 381 380 380 379 378 377 377 377 377 376 377 378 378 378 378 378 379 379 379 380 380 380 380 380 381 382 383 384 384 383 382 382 381 380 379 378 378 378 377 377 377 377 376 376 376 376 376 377 377 377 377 378 379 379 380 381 381
394 394 393 393 392 391 391 390 389 389 389 389 389 389 389 390 390 390 390 390 389 388 387 386 385 384 384 383 383 382 382 382 382 382 382 382 382 381 381 380 379 378 378 378 377 377 377 378 378 379 379 379 379 379 379 380 380 380 380 380 380 381 381 382 384 384 384 383 382 381 381 380 379 378 378 378 378 377 377 377 377 377 377 377 377 377 377 377 378 378 379 380 381 381
395 394 394 394 393 392 391 391 390 390 389 389 389 390 390 391 391 391 391 390 389 388 388 387 386 385 385 384 384 383 383 383 383 383 383 383 383 382 382 381 380 379 378 378 378 378 378 378 379 379 379 379 379 380 380 380 381 381 381 381 381 381 381 382 383 384 384 384 383 382 381 380 379 379 379 378 378 378 377 377 377 377 378 378 378 378 378 378 378 379 379 380 381 381
395 395 395 394 394 393 392 391 391 390 390 390 391 391 391 392 392 392 391 390 389 388 388 387 386 386 385 385 385 384 384 385 385 384 384 384 383 383 382 381 380 379 379 378 378 378 378 379 379 379 380 380 380 380 380 381 381 382 382 382 381 381 381 381 381 383 384 384 383 382 382 381 380 379 379 379 378 378 378 378 378 378 378 378 378 378 379 379 379 379 380 380 381 382
396 396 395 395 394 394 393 393 392 391 391 391 392 393 393 393 393 392 391 390 389 389 388 388 387 386 386 386 386 386 385 386 386 386 385 385 384 384 383 382 381 380 379 379 379 379 379 379 379 380 380 380 381 381 381 382 382 383 384 383 382 381 381 381 381 382 383 384 384 383 382 381 381 380 380 379 379 379 378 378 378 378 378 378 379 379 379 379 379 380 380 380 381 382
396 396 396 396 395 395 395 394 393 392 392 393 394 395 395 395 394 393 392 391 390 389 388 388 387 387 387 387 387 387 386 387 388 387 386 386 385 385 384 383 381 380 380 380 380 380 379 380 380 380 380 381 381 382 382 383 384 385 385 384 383 382 381 381 381 381 382 383 384 384 383 382 382 381 381 380 380 379 379 379 378 378 378 378 379 379 380 380 380 380 380 381 381 382
