data/handson/Instances_Belgium/Case3_Arlon/elevation.asc
ncols         601
nrows         601
xllcorner     746858.5234000001
yllcorner     538836.1043
cellsize      10.0
NODATA_value  -9999.0
[rows 336 to 377 of 601, columns 94 to 187 of 601]
385 385 385 385 385 384 384 385 385 385 385 386 386 386 386 386 386 386 386 386 386 386 385 385 384 384 383 382 382 382 382 383 384 385 386 386 387 387 388 389 389 390 390 391 391 392 392 392 393 393 393 394 394 394 394 394 394 394 394 394 394 394 394 394 394 395 395 395 395 395 396 396 397 397 398 398 398 398 399 399 398 398 399 399 398 397 395 395 394 394 394 393 394 394
385 385 385 385 385 385 385 385 386 386 386 386 386 386 387 387 387 387 387 387 387 386 386 386 385 385 384 383 383 383 383 384 384 385 386 387 387 388 389 389 390 390 391 391 392 392 392 393 393 393 393 393 394 394 394 394 393 393 393 394 394 394 394 394 394 394 394 395 395 395 395 396 396 397 398 398 398 398 398 397 397 397 397 397 396 396 395 394 394 394 393 393 393 393
385 385 385 386 386 386 386 386 386 386 386 387 387 387 387 387 387 387 387 387 387 387 387 386 386 386 385 384 383 383 384 384 385 386 386 387 388 388 389 390 390 391 391 391 392 392 392 393 393 393 393 393 393 393 393 393 393 393 393 393 393 393 393 393 394 394 394 394 394 394 394 395 395 396 396 397 397 397 396 396 395 395 395 395 395 394 394 393 393 393 393 393 393 393
385 386 386 386 386 386 386 386 386 386 387 387 387 387 387 387 387 387 387 387 387 387 387 387 387 386 385 385 384 384 385 385 386 386 387 387 388 389 389 390 390 391 391 392 392 392 392 392 393 393 393 393 393 393 393 393 393 392 393 393 393 393 393 393 394 394 394 393 393 393 393 393 394 394 395 395 395 395 395 394 394 394 394 394 394 393 393 393 393 392 392 392 392 393
385 386 386 386 386 386 386 386 386 387 387 387 387 387 388 388 388 388 388 388 388 387 387 387 387 387 386 386 385 385 386 386 386 387 387 388 388 389 390 390 390 391 391 392 392 392 392 392 392 392 393 393 392 392 392 392 392 392 392 392 392 392 392 393 393 393 393 393 392 391 391 392 392 393 393 393 393 393 393 393 393 393 393 392 392 392 392 392 392 392 392 392 392 392
385 386 386 386 386 386 386 387 387 387 387 388 388 388 388 388 388 388 388 388 388 388 388 388 387 387 387 386 386 386 386 387 387 387 388 388 389 389 390 390 391 391 391 392 392 392 392 392 392 392 392 392 391 391 391 391 391 391 391 392 392 392 392 392 393 393 393 392 390 390 390 390 391 391 392 392 392 392 392 392 392 392 391 391 391 391 391 391 392 392 392 392 392 392
385 385 386 386 386 386 387 387 387 387 387 388 388 388 388 388 388 388 388 388 388 388 388 388 388 388 387 387 387 387 387 387 388 388 388 389 389 389 390 390 391 391 391 392 392 392 392 392 392 392 392 391 390 390 390 390 390 391 391 391 391 391 392 392 392 391 391 390 389 388 389 389 390 390 391 391 391 391 391 391 391 391 390 390 390 390 391 391 391 392 392 392 392 392
385 385 386 386 386 386 387 387 387 387 387 388 388 388 388 388 388 388 388 388 389 389 389 389 388 388 388 388 388 388 388 388 388 388 388 389 389 390 390 390 391 391 391 391 391 391 391 391 391 391 391 390 389 389 389 389 389 390 390 391 391 391 391 391 391 390 389 388 387 387 387 388 389 389 390 390 390 390 390 390 390 389 389 389 390 390 390 391 391 391 391 391 392 392
385 385 386 386 386 386 387 387 387 387 387 387 387 387 387 387 388 388 388 388 389 389 389 389 389 388 388 388 388 388 388 388 388 388 389 389 389 390 390 390 391 391 391 391 391 391 391 391 391 391 390 390 389 388 388 389 389 389 390 390 390 390 391 390 389 388 388 387 386 386 386 387 388 388 389 389 389 388 388 389 389 389 389 389 389 390 390 391 391 391 391 391 392 392
385 385 385 386 386 386 387 387 387 387 387 387 387 387 387 387 388 388 388 388 389 389 389 389 389 389 389 389 389 389 388 388 388 388 389 389 389 390 390 390 391 391 391 391 391 390 390 390 390 390 390 389 388 388 388 388 389 389 389 389 390 390 390 389 388 387 386 385 385 385 386 386 387 387 387 387 387 387 387 388 388 389 388 389 389 390 390 391 391 391 391 391 392 392
384 385 385 386 386 386 386 387 387 387 387 387 387 387 387 387 388 388 388 389 389 389 389 389 389 389 389 389 389 389 388 388 388 388 389 389 389 389 390 390 391 391 391 390 390 390 390 390 390 389 389 389 388 387 387 387 388 388 389 389 389 389 389 388 386 385 385 384 384 385 385 385 386 386 386 386 386 386 387 387 388 388 388 389 389 390 391 391 391 391 391 392 392 392
384 384 385 385 386 386 386 386 386 386 386 386 387 387 387 387 388 388 389 389 389 389 389 389 389 389 389 389 389 389 388 388 388 388 388 389 389 389 389 390 390 390 390 390 389 389 389 389 389 389 389 388 387 387 386 387 387 388 388 389 389 388 388 387 385 384 384 384 384 384 384 385 385 385 385 385 386 386 386 387 387 388 388 389 390 390 391 391 391 392 392 392 393 393
383 384 384 385 385 385 386 386 386 386 386 386 386 387 387 387 388 388 389 389 390 390 390 390 389 389 389 389 389 388 388 388 388 388 388 388 388 389 389 389 389 389 389 389 389 388 388 389 389 388 388 388 387 386 386 386 386 387 388 388 388 387 386 385 384 384 383 383 383 383 384 384 384 384 384 385 385 385 386 386 387 387 388 389 390 391 391 392 392 392 392 393 393 393
383 383 384 384 385 385 385 385 385 386 386 386 386 386 387 387 388 388 389 389 390 390 390 390 390 389 389 389 388 388 388 388 388 388 388 388 388 388 388 389 389 389 389 389 388 388 388 388 388 388 388 387 386 386 385 385 386 386 387 387 387 386 385 384 383 383 383 383 383 383 384 384 384 384 384 384 384 385 385 386 386 387 388 389 390 391 392 392 393 393 393 393 393 393
383 383 384 384 384 385 385 385 385 385 385 386 386 386 387 387 388 388 389 389 390 390 390 390 390 389 389 388 388 388 387 387 387 387 387 387 388 388 388 388 388 388 388 388 388 388 388 388 388 387 387 387 386 385 385 385 385 385 386 386 386 385 384 383 383 382 382 382 382 383 383 383 383 383 383 383 384 384 385 386 386 387 388 389 390 391 392 393 394 394 394 394 394 394
382 383 383 384 384 384 385 385 385 385 385 385 386 386 387 387 388 388 389 390 391 391 391 390 390 389 388 388 387 387 387 387 387 387 387 387 387 387 387 387 387 387 387 387 387 387 387 387 387 387 387 386 385 384 384 384 384 384 385 385 384 383 382 382 382 382 382 382 382 382 382 382 382 383 383 383 383 384 385 385 386 387 388 389 391 392 393 394 395 395 394 394 394 395
382 383 383 384 384 384 384 384 384 384 385 385 385 386 387 387 388 389 390 390 391 391 391 390 389 389 388 387 387 387 386 386 386 386 386 387 387 387 387 387 387 387 387 387 387 387 387 387 387 387 387 386 384 384 383 383 383 383 384 384 383 382 382 381 381 381 381 381 381 381 382 382 382 382 382 383 383 384 384 385 386 387 388 390 391 392 393 394 395 395 395 395 395 395
382 383 383 383 384 384 384 384 384 384 384 385 385 386 387 387 388 389 390 391 392 391 391 390 389 388 387 387 386 386 386 386 386 386 386 386 386 386 386 386 386 386 386 386 386 386 387 387 387 386 386 385 383 383 383 382 382 382 382 382 382 381 381 381 381 381 381 381 381 381 381 381 381 381 382 382 383 384 385 386 387 388 389 390 391 392 394 395 396 396 396 396 396 396
382 382 383 383 383 383 383 383 383 384 384 385 385 386 387 387 388 389 390 391 391 391 391 390 389 388 387 386 386 385 385 385 385 385 385 385 385 386 386 386 386 386 386 386 386 386 386 386 386 386 386 385 383 382 382 381 381 381 381 381 381 381 380 380 380 380 380 380 380 380 380 380 381 381 381 382 383 384 385 386 387 388 389 390 391 392 393 394 395 396 396 396 396 395
382 382 382 383 383 383 382 382 383 383 384 385 385 386 386 387 388 389 389 390 391 390 390 389 388 387 386 385 385 385 385 385 385 385 385 385 385 385 385 385 385 385 385 385 385 385 385 386 386 386 386 385 384 383 381 380 380 380 380 380 380 380 380 380 380 380 380 379 379 379 379 380 380 380 381 382 383 384 385 386 387 388 389 390 391 392 393 394 394 395 394 394 394 394
381 382 382 382 382 382 382 382 383 383 384 384 385 385 386 386 387 388 389 389 390 389 389 388 387 386 385 385 385 384 384 384 384 384 384 384 384 384 384 384 384 384 384 384 385 385 385 385 385 385 385 385 384 382 380 380 380 380 379 379 379 379 379 379 379 379 379 379 378 379 379 379 379 380 381 381 383 384 385 386 387 388 389 390 390 391 392 393 393 393 393 393 393 393
381 381 382 382 382 382 381 382 382 383 383 384 384 385 385 386 387 387 388 388 388 388 387 387 386 385 385 385 384 384 384 384 383 383 383 383 383 383 384 384 383 383 383 384 384 384 384 385 385 385 385 384 383 381 379 379 379 379 379 379 378 378 378 378 378 378 378 378 378 378 378 378 379 379 380 381 382 384 385 386 387 388 389 389 390 390 391 392 392 392 392 392 392 392
381 381 381 381 381 381 381 381 382 382 383 383 384 384 385 385 386 386 387 387 387 387 386 386 385 385 384 384 384 384 383 383 383 383 383 383 383 383 383 383 383 383 383 383 383 384 384 384 384 384 384 383 381 380 379 378 378 378 378 378 378 378 377 377 377 377 377 377 377 377 377 378 378 379 380 381 382 384 385 386 387 388 388 389 389 390 390 391 391 391 391 391 391 391
380 381 381 381 380 380 381 381 381 382 382 383 383 384 384 385 385 385 386 386 386 386 385 385 385 384 384 384 383 383 383 382 382 382 382 382 382 382 382 382 382 382 382 382 383 383 383 383 384 383 383 382 380 379 378 377 377 377 377 377 377 377 377 376 376 376 376 376 376 377 377 377 378 379 380 381 382 384 385 386 387 387 388 388 388 389 389 390 390 391 391 390 390 389
380 380 380 380 379 380 380 381 381 381 382 382 383 383 384 384 384 385 385 385 385 385 385 384 384 384 384 383 383 383 382 382 382 381 381 381 381 381 381 381 381 381 381 382 382 382 383 383 383 382 382 380 379 378 377 377 377 377 377 376 376 376 376 376 376 375 375 375 376 376 376 377 378 378 379 381 382 384 385 386 386 387 388 388 388 388 389 389 389 389 389 389 389 388
380 380 380 379 379 379 379 380 380 381 381 382 382 383 383 383 384 384 384 384 384 384 384 384 384 384 383 383 382 382 381 381 381 381 381 380 381 380 380 380 380 381 381 381 382 382 382 382 382 381 380 379 378 377 376 376 376 376 376 376 375 375 375 375 375 375 375 375 375 375 376 376 377 378 379 381 383 384 385 385 386 386 387 387 387 387 388 388 388 388 388 388 388 387
380 379 379 378 378 378 378 379 380 380 381 381 381 382 382 383 383 383 384 384 384 384 384 384 383 383 383 383 382 382 381 381 380 380 380 380 380 380 380 380 380 380 380 381 381 381 382 382 381 381 379 378 377 376 376 375 375 375 375 375 375 374 374 374 374 374 374 374 374 375 375 376 377 378 379 381 382 383 384 385 385 385 386 386 387 387 387 387 388 388 387 387 387 386
379 379 379 378 377 377 377 378 379 379 380 380 380 381 382 382 383 383 383 383 383 383 383 383 383 383 383 382 382 381 380 380 380 380 379 379 379 379 379 379 379 379 380 380 381 381 381 381 380 380 379 377 376 375 375 375 375 374 374 374 374 374 373 373 373 373 373 374 374 374 375 375 376 377 379 381 382 383 383 384 384 385 385 386 386 387 387 387 387 387 387 387 386 385
379 379 378 377 376 375 376 376 377 378 379 380 380 381 381 382 382 383 383 383 383 383 383 383 383 382 382 382 381 381 380 380 379 379 379 378 378 378 378 378 378 379 379 379 380 380 380 380 380 379 378 377 375 375 374 374 374 374 374 373 373 373 373 373 373 373 373 373 373 374 374 375 376 377 379 380 381 382 383 383 384 384 385 385 386 386 387 387 387 387 387 386 385 385
379 378 378 377 375 374 374 375 375 377 378 379 380 380 381 382 382 382 382 382 382 382 382 382 382 382 382 381 381 380 380 379 379 379 378 378 377 377 377 377 377 378 378 379 379 380 380 379 379 379 378 377 375 374 374 373 373 373 373 373 372 372 372 372 372 372 372 372 373 373 374 374 375 376 378 379 381 382 382 383 383 383 384 385 385 386 386 387 387 387 386 386 385 384
378 378 378 376 374 373 373 374 375 376 377 379 379 380 381 381 381 382 382 382 382 382 382 382 382 381 381 381 380 380 380 379 379 378 378 377 377 376 376 376 377 377 378 378 379 379 379 379 379 378 378 376 375 374 373 373 372 372 372 372 372 371 371 371 371 371 372 372 372 373 373 374 375 376 378 379 380 381 381 382 382 383 384 384 385 386 386 386 386 386 386 386 385 384
378 378 377 376 374 372 372 373 375 376 377 378 379 380 380 380 381 381 381 381 382 381 381 381 381 381 380 380 380 380 379 379 379 378 378 377 376 376 375 376 376 376 377 377 378 378 378 378 378 378 377 376 375 374 373 372 372 371 371 371 371 371 371 371 371 371 371 371 372 372 372 373 374 376 377 378 379 380 381 382 382 383 383 384 385 385 386 386 386 386 386 386 385 384
377 377 376 375 373 372 371 373 374 376 377 378 378 379 379 380 380 381 381 381 381 381 381 381 381 380 380 380 379 379 379 379 378 378 377 376 375 375 375 375 375 376 376 377 377 378 378 378 377 377 377 376 375 373 372 371 371 371 371 370 370 370 370 370 370 370 370 371 371 372 372 373 374 375 376 378 379 380 380 381 382 382 383 384 385 385 385 385 386 386 386 385 385 384
376 375 375 374 372 371 371 372 374 375 376 377 378 378 379 379 380 380 380 380 381 380 380 380 380 380 379 379 379 379 378 378 378 377 376 375 374 374 374 374 375 375 376 376 377 377 377 377 377 377 376 376 375 373 372 371 370 370 370 370 369 369 369 369 369 370 370 370 370 371 372 372 373 374 376 377 378 379 380 381 382 382 383 384 384 385 385 385 385 385 385 385 385 385
374 373 373 372 370 370 370 371 373 374 375 376 377 378 378 379 379 380 380 380 380 380 380 380 379 379 379 379 378 378 378 377 377 376 375 374 374 374 374 374 374 375 375 376 376 377 377 377 376 376 376 375 374 373 371 370 369 369 369 369 369 369 369 369 369 369 369 370 370 371 371 372 373 374 375 376 378 379 379 380 381 382 383 383 384 384 385 385 385 385 385 385 385 385
372 371 370 370 369 369 369 370 371 372 373 375 376 377 378 379 379 379 379 380 380 380 379 379 379 379 378 378 378 378 377 377 376 375 374 374 373 373 373 373 374 374 375 375 376 376 376 376 376 376 375 375 374 373 371 370 369 368 368 368 368 368 368 368 368 369 369 369 370 370 371 372 373 374 375 376 377 378 379 380 381 382 383 383 384 384 384 385 385 385 385 385 385 384
370 370 369 368 368 368 368 369 370 371 373 374 376 377 378 378 378 379 379 379 379 379 379 379 378 378 378 378 377 377 376 376 375 374 373 373 372 372 372 373 373 374 375 375 375 375 376 375 375 375 375 374 374 373 371 370 369 368 367 367 367 368 368 368 368 368 368 369 369 370 371 372 372 373 374 376 377 378 379 380 381 382 383 383 384 384 384 384 385 385 384 384 384 384
369 368 368 367 367 367 367 368 369 371 373 374 375 376 377 377 378 378 379 379 379 379 378 378 378 378 377 377 377 376 375 375 374 373 373 372 372 372 372 372 373 373 374 374 375 375 375 375 375 375 374 374 373 372 371 370 369 368 367 367 367 367 367 367 367 368 368 369 369 370 371 371 372 373 374 376 377 378 379 380 381 382 382 383 383 384 384 384 384 384 384 384 384 384
368 367 367 367 367 367 367 367 369 370 372 373 374 375 376 376 377 378 378 378 378 378 378 377 377 377 377 376 376 375 374 374 373 372 372 372 371 371 371 372 373 373 374 374 374 374 375 374 374 374 374 373 373 372 371 370 368 367 366 366 366 366 366 367 367 367 368 368 369 370 370 371 372 373 374 375 377 378 379 380 381 381 382 383 383 383 384 384 384 384 383 383 383 383
367 366 366 366 366 366 366 367 368 370 371 372 373 374 374 375 376 377 377 377 378 377 377 377 376 376 376 375 374 374 373 373 372 372 372 371 371 371 371 371 372 373 373 374 374 374 374 374 374 373 373 373 372 371 370 369 368 367 366 366 366 366 366 366 366 367 368 368 369 369 370 371 372 373 374 375 377 378 379 380 381 381 382 383 383 383 383 383 384 383 383 383 383 383
366 366 365 365 365 366 366 367 368 369 370 371 372 372 373 374 375 376 377 377 377 377 376 376 375 375 375 374 373 373 372 372 372 371 371 371 371 371 371 371 372 372 373 373 373 373 373 373 373 373 372 372 371 371 370 368 367 366 365 365 365 365 365 366 366 367 368 368 369 369 370 370 371 373 374 375 376 378 379 380 381 381 382 383 383 383 383 383 383 383 383 382 382 382
365 365 365 365 365 365 365 366 367 368 369 370 370 371 372 374 375 375 376 376 376 376 375 375 374 374 373 373 372 372 372 371 371 371 371 370 370 370 370 371 371 372 372 373 373 373 373 373 372 372 372 371 371 370 369 368 366 365 365 365 365 365 365 365 365 366 367 368 369 369 369 370 371 372 374 375 376 377 378 380 381 381 382 383 383 383 383 383 383 383 382 382 382 382
