data/handson/Instances_Belgium/Case3_Arlon/saz.asc
ncols         601
nrows         601
xllcorner     746858.5234000001
yllcorner     538836.1043
cellsize      10.0
NODATA_value  -9999.0
[rows 230 to 275 of 601, columns 0 to 95 of 601]
10 2 0 24 35 38 268 269 274 283 235 235 209 181 137 80 27 284 221 214 192 164 164 229 258 262 250 97 58 40 15 352 342 335 326 353 3 8 350 331 332 338 345 349 346 341 343 347 343 335 326 319 308 304 312 322 327 327 319 307 304 324 341 345 348 350 347 344 349 2 19 44 78 89 93 323 64 85 93 94 92 95 97 90 78 58 37 29 32 33 315 296 306 309 280 268
11 9 16 37 53 59 267 260 248 196 168 177 183 190 192 184 57 46 21 350 339 332 299 287 290 282 270 325 351 354 357 359 3 9 354 338 347 358 349 339 340 340 344 351 348 340 340 345 345 342 335 328 316 304 304 314 322 325 324 314 304 315 328 330 337 351 352 344 357 38 67 86 100 102 111 192 142 112 107 105 99 98 98 88 70 47 31 28 25 17 318 293 297 312 283 267
17 18 28 47 59 70 191 229 208 181 176 182 190 201 209 223 268 333 348 352 359 10 12 342 332 330 318 326 339 345 354 5 7 359 347 338 345 355 343 332 340 347 351 354 353 348 339 336 338 339 335 331 328 315 301 300 307 314 320 319 312 317 331 337 332 342 358 41 150 136 125 119 116 112 112 153 153 135 123 116 107 97 87 75 57 38 29 25 12 358 322 296 290 309 295 266
31 35 43 56 61 62 62 277 224 158 218 311 332 338 339 342 329 321 329 342 2 26 32 0 346 352 346 338 341 348 357 7 3 350 343 338 344 354 340 325 335 352 358 357 359 1 351 336 333 333 328 323 326 329 314 300 298 302 309 315 309 303 322 16 37 0 15 68 106 116 107 101 97 95 94 110 128 126 107 88 71 56 47 41 31 22 15 10 359 347 330 306 293 309 311 270
60 57 55 59 56 47 24 347 348 356 350 342 346 351 350 347 344 337 332 336 1 33 34 6 342 338 343 345 347 351 357 4 0 352 346 342 342 346 339 327 333 351 358 358 356 355 351 345 341 338 330 317 311 321 324 314 304 298 294 296 293 278 259 5 9 358 8 28 31 28 34 43 50 59 72 73 65 46 32 26 22 18 17 17 14 10 7 4 359 353 343 326 313 328 330 289
85 82 76 68 52 35 4 333 336 348 341 331 338 349 346 338 342 351 344 330 357 42 37 10 337 320 329 342 348 351 356 1 358 351 347 344 337 333 332 326 330 346 354 356 350 342 345 349 349 347 340 326 308 304 314 317 309 297 284 286 297 291 272 279 305 340 35 57 53 56 65 71 73 75 76 63 41 24 17 17 17 15 16 16 13 11 8 5 2 359 352 334 251 198 200 204
99 107 124 90 36 16 356 335 330 340 324 309 318 338 336 322 326 347 347 331 2 54 30 0 338 319 314 327 339 345 350 354 350 344 343 343 331 321 322 320 322 335 343 347 344 336 338 348 351 349 342 333 320 306 302 304 298 288 278 288 308 322 332 314 188 174 170 166 160 154 150 144 137 122 104 80 50 26 28 56 97 129 148 156 159 161 164 169 171 173 175 177 180 182 183 184
128 117 110 354 348 352 351 345 343 348 328 308 313 330 334 325 320 328 343 358 33 32 1 341 336 329 321 320 327 340 343 343 341 337 339 343 330 314 314 317 317 322 325 327 331 332 335 347 349 345 340 333 324 310 296 294 298 295 286 283 286 292 341 99 134 155 164 167 162 151 144 139 132 109 64 47 32 15 47 81 102 121 138 152 158 160 164 168 171 172 175 178 182 186 187 186
171 169 336 333 339 346 351 355 351 345 334 321 322 335 339 337 336 337 348 13 13 355 344 334 329 329 331 331 329 335 337 337 337 336 338 343 333 316 310 313 315 317 315 310 309 311 313 327 335 336 340 340 328 307 288 290 305 312 309 283 245 219 177 135 126 131 73 0 7 17 19 20 18 12 14 21 21 15 51 73 77 78 78 87 104 119 136 149 155 159 166 175 184 192 194 194
240 270 306 324 335 344 354 3 354 338 330 322 323 332 336 336 341 350 2 15 356 333 331 330 321 314 321 334 329 324 327 327 329 331 335 338 331 317 306 302 302 305 308 302 294 300 308 312 318 321 336 357 354 331 316 305 305 310 318 316 205 194 173 128 33 347 343 345 351 2 10 18 18 13 18 31 33 28 53 67 64 58 53 55 64 75 86 98 113 124 138 158 179 194 200 204
333 309 307 317 328 338 350 1 355 342 332 323 322 327 328 323 328 350 3 6 345 323 313 314 311 299 290 302 305 306 316 319 314 315 326 333 327 312 301 288 272 276 290 296 290 303 319 322 320 316 325 357 352 338 337 334 323 311 295 329 350 349 348 351 352 351 352 355 0 7 19 32 34 29 37 46 41 34 52 62 57 49 47 50 55 61 63 65 79 98 120 145 168 187 199 209
1 337 312 312 317 324 337 353 353 345 333 321 318 327 326 315 316 332 337 340 337 329 319 310 307 298 279 289 298 298 307 319 311 301 309 328 328 318 319 319 298 285 286 290 284 295 315 329 331 326 325 337 332 320 332 357 8 357 340 331 337 344 339 333 342 355 4 15 23 28 38 49 50 46 49 49 41 37 55 61 55 50 52 58 62 64 63 63 68 73 78 82 88 178 223 230
10 356 327 311 306 304 305 326 343 347 327 295 283 287 296 304 321 336 327 323 324 326 330 327 316 308 297 301 307 301 301 315 317 303 291 305 315 318 330 341 337 320 301 292 281 287 307 329 339 339 338 338 325 299 277 356 355 338 342 342 344 348 343 332 334 0 24 40 45 45 51 57 55 48 45 44 43 49 67 68 61 64 74 78 78 75 69 64 60 54 44 29 17 10 357 327
19 15 359 318 296 284 273 286 321 5 356 308 298 312 319 313 320 339 325 309 304 305 320 337 328 309 297 294 298 297 292 299 311 311 298 298 301 299 308 333 347 350 340 327 300 290 297 319 337 345 347 348 336 317 308 323 320 315 327 341 348 352 353 349 355 22 44 54 54 53 57 59 54 46 44 48 58 70 81 78 73 78 85 86 83 77 68 61 55 47 37 24 17 16 12 7
55 47 16 330 277 260 263 273 292 351 353 336 330 334 339 339 338 349 330 304 290 282 282 304 309 299 293 284 279 277 275 279 286 301 312 310 303 283 256 277 324 349 348 340 322 301 293 303 327 352 9 346 279 311 333 342 336 321 318 331 343 349 355 1 13 29 43 52 55 56 59 58 51 47 52 65 83 91 94 92 87 87 88 84 78 71 63 59 54 49 43 30 22 15 5 356
39 22 359 1 331 296 289 286 291 313 326 328 330 329 339 358 8 4 340 313 296 280 265 267 286 288 287 280 273 271 271 272 273 284 299 308 313 297 252 270 296 327 335 330 322 305 293 290 296 81 112 2 302 299 315 338 344 336 326 329 336 342 351 1 13 27 34 41 47 51 54 52 48 51 61 74 86 92 94 95 95 92 90 86 78 71 65 62 58 54 47 34 20 6 350 340
20 11 0 8 356 333 321 309 309 317 273 286 313 321 333 25 35 357 333 319 313 297 277 276 284 281 277 277 279 278 277 274 271 272 276 287 307 333 295 284 290 309 314 304 298 289 286 276 206 148 212 313 320 307 299 315 334 337 331 328 330 334 345 356 7 18 25 34 42 46 49 48 50 57 68 75 78 81 84 90 95 95 93 90 84 78 72 69 65 57 46 32 13 351 338 332
18 14 5 9 356 334 325 317 326 13 338 303 312 335 359 26 15 336 321 312 310 307 294 290 291 283 273 272 274 275 273 271 268 266 264 272 289 317 303 286 283 301 314 300 289 279 272 234 171 172 297 298 310 312 294 290 307 326 328 326 328 330 339 350 0 9 22 39 48 52 56 57 60 67 73 74 73 75 79 84 89 90 88 84 79 75 71 70 68 59 46 33 5 333 324 320
23 25 27 28 8 325 317 313 310 342 343 332 332 352 8 19 13 349 329 309 289 292 302 303 302 292 275 268 265 263 263 263 265 263 259 265 276 296 296 281 272 287 318 318 307 284 251 202 221 305 316 302 293 292 283 279 286 307 319 322 326 329 337 347 358 10 28 47 56 62 72 74 74 75 74 72 70 72 77 79 80 79 76 70 66 65 67 70 69 62 51 35 355 320 310 306
29 33 39 39 26 322 313 319 304 308 327 342 351 2 13 22 19 6 353 337 309 297 300 307 314 312 291 274 263 259 258 259 263 262 259 261 263 273 285 280 274 282 302 314 313 288 236 228 270 287 303 301 278 266 268 270 272 292 310 316 322 325 333 342 358 19 41 59 68 74 80 80 79 77 73 69 68 71 74 73 74 74 71 66 63 65 69 72 69 61 48 28 346 314 303 297
31 37 45 47 46 335 312 320 314 301 303 326 351 9 20 24 21 16 7 350 336 320 305 306 317 326 316 291 267 259 257 259 263 263 262 258 251 255 271 278 285 285 283 282 267 260 262 278 283 276 270 263 255 255 260 263 266 284 303 312 319 324 332 343 5 36 60 75 82 84 82 78 78 75 70 67 67 69 70 69 71 73 70 68 69 72 75 73 66 54 39 19 343 313 300 292
67 65 62 57 53 357 315 310 307 298 290 302 336 15 25 21 19 21 11 349 341 338 317 303 311 325 328 320 298 281 273 270 270 268 265 257 250 265 286 288 290 287 270 234 213 221 236 255 276 267 252 246 250 255 261 265 270 282 296 305 313 319 330 349 25 62 78 85 87 85 80 75 75 74 71 70 70 71 71 71 73 73 70 67 68 70 69 66 57 46 31 13 343 315 300 291
156 137 75 57 50 12 335 314 289 283 287 294 317 9 19 18 20 21 13 0 351 348 327 306 303 315 323 328 327 316 302 291 283 276 268 262 260 281 304 306 298 287 247 182 188 204 216 231 253 257 249 250 255 260 266 272 276 283 292 298 307 313 327 5 67 86 92 90 85 81 75 71 73 75 76 76 77 77 76 76 78 75 68 64 63 61 57 54 49 38 25 11 347 320 302 292
187 200 240 61 56 30 4 334 264 260 259 269 293 346 10 20 22 19 16 14 9 355 335 314 306 310 314 319 328 333 330 317 301 288 276 291 294 291 300 305 273 217 172 148 170 208 226 242 255 257 254 258 262 268 273 279 280 281 286 290 297 305 327 56 90 96 99 94 86 80 75 72 72 73 76 77 79 78 76 76 76 74 69 66 63 59 55 53 48 37 24 13 352 325 304 292
220 241 245 91 68 55 67 125 221 227 226 244 269 310 355 17 21 21 21 21 14 3 344 324 312 311 311 313 319 330 340 344 331 308 283 302 316 307 298 257 180 185 179 160 176 241 251 259 264 265 265 268 271 275 281 285 283 280 279 280 283 287 308 90 95 97 101 97 89 83 79 74 70 70 72 73 75 74 72 72 71 73 77 74 68 63 59 57 49 37 26 16 357 330 305 292
252 253 230 154 103 97 112 134 167 200 240 261 274 296 336 8 20 26 27 22 17 11 355 333 319 314 312 314 317 321 338 3 3 347 313 300 310 316 322 111 146 188 203 211 269 281 274 272 272 273 273 273 273 277 282 286 285 280 278 276 274 267 195 111 102 99 100 96 88 82 76 70 67 68 70 72 73 72 70 69 69 72 74 70 64 61 59 56 48 37 29 22 3 333 303 288
263 244 208 177 155 141 143 165 244 316 305 291 288 301 329 4 21 29 29 26 21 12 357 339 323 316 312 313 320 322 332 355 354 346 334 313 299 299 61 90 86 294 282 292 303 303 292 283 281 281 278 275 273 275 278 283 285 282 280 275 267 246 171 125 111 102 97 92 85 77 68 64 66 68 70 71 72 71 70 68 66 67 63 58 57 56 56 54 47 41 38 33 13 334 296 281
260 216 190 186 177 159 168 226 271 297 307 301 299 305 322 5 25 31 30 29 22 8 354 342 326 316 310 306 312 324 331 337 335 331 333 328 301 262 149 90 57 334 316 316 316 315 304 291 287 287 283 278 274 273 275 278 280 277 276 270 256 221 161 128 114 102 93 86 80 72 63 62 63 66 70 71 71 69 68 65 63 63 61 57 57 57 56 55 52 51 50 44 25 342 297 281
229 207 199 226 207 132 185 260 272 282 290 294 304 313 320 1 21 26 27 26 19 6 355 345 328 317 313 304 293 307 327 335 330 316 311 314 276 221 163 112 67 310 314 319 321 321 313 299 292 291 288 282 276 273 271 271 270 269 266 258 241 206 160 129 111 98 87 79 74 67 61 60 60 65 71 71 68 67 66 62 60 64 64 61 59 60 61 62 63 62 57 48 28 351 305 287
234 242 297 316 359 69 11 281 276 290 303 302 308 328 340 347 5 18 23 25 19 7 356 347 327 314 317 317 301 295 309 334 341 326 304 292 298 238 138 86 347 304 306 315 318 321 316 305 297 295 291 284 276 271 268 267 267 265 259 251 234 203 163 130 108 92 80 73 68 62 59 58 59 64 67 64 62 63 62 59 62 68 68 65 63 63 63 63 61 57 51 41 23 356 312 290
235 241 273 299 11 57 355 298 278 295 316 322 325 354 9 339 352 15 26 30 17 352 351 354 330 310 314 323 321 303 287 301 332 336 337 339 349 5 10 5 343 318 308 310 309 311 314 308 302 299 293 283 274 269 265 266 268 264 256 247 235 209 169 128 100 83 71 66 62 57 57 58 60 62 59 55 57 59 59 61 69 73 71 68 68 66 62 56 50 46 41 34 22 4 322 293
266 246 257 253 216 49 331 285 268 281 304 330 354 27 25 334 342 19 33 34 5 333 344 2 341 311 308 312 319 319 299 298 318 334 343 349 356 4 356 344 340 331 320 315 307 304 309 309 306 304 299 291 281 272 265 262 260 257 253 248 239 219 184 130 90 73 64 61 57 55 56 57 59 59 56 54 56 59 62 69 79 80 74 69 67 62 56 49 44 43 40 34 25 12 335 301
10 241 242 225 215 191 259 222 253 267 278 306 6 36 28 344 343 24 31 23 348 323 338 3 349 319 311 305 294 305 319 319 327 341 349 355 0 4 354 339 335 333 329 324 313 304 305 308 308 308 307 302 295 281 266 254 245 249 255 253 243 231 215 141 71 62 57 56 54 53 55 56 57 58 56 56 58 62 69 79 91 88 76 67 60 55 51 45 43 44 42 35 27 16 345 311
60 132 237 226 217 197 166 151 256 266 269 278 341 47 47 2 358 20 15 3 335 314 326 0 351 321 312 308 278 289 311 321 330 346 356 1 3 5 356 342 336 334 333 331 319 305 301 305 308 310 311 309 307 298 283 266 256 257 257 248 234 228 235 273 31 46 52 57 57 59 61 61 61 63 64 66 70 75 81 85 88 83 71 63 58 55 51 45 45 47 43 37 28 16 350 321
78 93 240 222 207 199 190 161 276 272 271 273 303 94 120 238 324 0 358 348 333 313 312 354 347 314 301 302 280 286 304 320 331 347 358 3 4 2 356 346 340 337 337 338 327 309 297 298 304 308 312 313 313 313 310 306 296 276 254 233 221 228 248 280 352 37 57 65 67 70 72 72 72 75 79 84 90 93 94 88 76 67 63 62 62 58 53 49 50 49 43 35 26 14 354 329
83 88 231 207 205 221 252 295 283 271 260 246 179 87 65 300 302 335 342 334 328 314 298 342 346 331 329 337 315 298 303 322 338 348 356 3 2 358 354 351 346 341 341 344 336 318 302 297 299 302 305 307 308 311 313 313 313 306 292 282 272 274 284 298 335 41 67 75 79 82 83 85 87 91 94 96 98 96 93 81 63 57 60 61 59 55 51 50 51 47 39 34 25 15 356 333
85 88 211 223 262 290 307 312 289 263 238 227 235 17 5 345 325 326 333 328 316 293 260 301 330 336 339 342 335 319 312 328 344 351 357 2 0 356 353 352 350 348 349 353 344 326 312 303 300 298 293 293 292 298 306 308 308 316 329 339 337 327 323 330 357 57 78 86 91 93 94 98 103 105 108 105 99 91 78 61 50 53 58 56 52 50 49 50 48 43 38 35 28 18 357 331
92 88 201 249 266 290 313 321 304 263 234 240 255 286 341 15 21 315 312 324 302 278 270 291 313 327 331 332 336 334 330 336 345 354 359 1 359 355 351 349 352 357 0 3 354 336 323 311 306 302 295 291 288 290 298 305 304 307 321 335 343 346 350 4 43 80 94 100 102 102 100 101 103 102 102 97 87 75 59 45 45 54 56 50 45 45 45 46 45 42 40 40 33 22 358 331
104 87 116 241 247 275 305 322 321 293 258 259 262 260 248 104 66 283 227 209 233 287 291 293 306 320 324 322 327 336 340 342 347 354 359 1 358 354 349 346 350 358 2 5 359 348 336 324 315 312 306 300 293 290 291 299 303 302 312 328 342 356 14 43 80 99 109 112 113 110 105 100 94 87 78 69 60 52 45 40 48 55 51 42 38 39 40 43 44 46 49 47 37 19 354 332
101 69 46 215 251 274 295 319 331 325 283 269 263 247 216 187 158 156 190 220 248 295 306 299 302 315 322 320 322 333 342 350 352 352 356 0 358 352 347 342 346 354 359 4 2 357 349 339 331 326 318 310 298 294 293 297 299 298 305 324 346 11 38 68 95 106 112 115 115 112 105 97 89 78 65 55 48 42 39 39 44 48 43 35 34 37 39 43 46 49 51 46 32 7 344 329
63 47 50 58 266 276 289 312 334 347 300 273 262 242 215 199 191 189 249 265 261 293 313 309 303 310 321 323 324 334 345 355 358 356 357 0 354 344 340 337 340 347 354 0 0 358 355 350 345 340 333 323 304 297 298 299 297 293 298 317 350 25 54 80 101 110 111 112 113 110 100 92 85 74 61 49 40 36 35 35 37 39 37 32 32 36 39 44 46 48 47 42 30 5 338 321
60 52 51 42 274 276 287 306 331 1 329 286 265 242 218 204 208 241 300 339 293 291 303 311 305 303 312 322 328 336 346 359 6 9 7 0 342 328 327 328 331 337 345 352 355 356 356 356 354 351 347 344 328 314 311 309 303 295 294 310 350 35 61 78 91 99 102 104 105 102 91 82 75 64 51 39 33 34 34 35 39 42 40 35 36 40 44 48 49 50 48 43 32 10 339 316
91 51 39 43 277 276 287 304 325 354 344 312 277 251 232 220 238 271 300 329 315 296 291 297 300 296 297 308 319 330 344 3 14 21 16 359 331 313 311 315 320 326 334 342 347 350 353 357 355 351 347 344 338 329 326 324 316 304 296 305 346 37 59 71 76 78 86 90 90 85 76 69 60 50 40 32 33 36 38 44 50 52 48 43 45 48 51 53 52 53 50 43 31 13 344 317
316 0 23 35 331 290 288 298 309 326 338 332 296 277 293 309 293 289 293 302 303 291 281 282 289 289 288 293 301 314 334 7 27 34 19 357 327 307 303 304 309 315 321 329 335 339 346 354 352 346 340 334 334 332 333 336 332 321 312 313 338 38 65 74 74 74 79 79 75 64 57 52 44 35 30 28 32 36 43 53 58 58 56 56 59 61 63 62 60 60 56 46 32 16 350 322
333 334 352 5 344 314 296 292 287 281 280 288 286 301 322 337 327 307 297 282 264 265 268 272 277 279 282 285 284 279 249 145 105 45 1 341 324 309 302 300 303 307 310 316 322 327 335 346 343 337 332 328 327 328 332 339 342 340 338 341 6 66 84 83 78 75 75 69 60 47 40 35 29 24 23 27 33 40 51 59 60 63 68 73 78 81 82 80 77 72 63 47 30 14 351 327
329 311 309 325 335 329 308 285 258 240 234 250 275 287 302 324 327 312 300 282 260 265 270 272 275 275 275 273 255 217 187 175 180 215 292 306 307 300 294 290 290 295 300 303 307 313 322 333 330 325 324 323 322 323 327 336 345 354 1 13 38 71 93 91 85 80 75 66 55 42 33 23 18 17 23 33 42 53 67 74 77 82 86 90 94 96 96 92 87 77 60 40 21 7 349 331
