data/handson/Instances_Belgium/Case3_Arlon/saz.asc
ncols         601
nrows         601
xllcorner     746858.5234000001
yllcorner     538836.1043
cellsize      10.0
NODATA_value  -9999.0
[rows 322 to 367 of 601, columns 480 to 575 of 601]
293 296 295 292 289 287 282 287 297 303 306 305 306 307 317 343 18 39 33 20 20 38 89 102 102 107 103 86 65 50 31 358 299 258 255 239 223 223 231 239 250 258 267 298 2 43 51 36 53 92 121 110 71 82 103 98 81 76 87 103 125 139 125 111 109 87 59 50 42 350 30 46 30 18 8 358 2 19 29 31 38 52 60 60 60 60 60 55 44 32 26 28 39 50 45 16
288 291 288 281 271 271 276 281 288 294 298 296 292 286 284 320 55 43 21 6 31 70 99 106 96 87 76 43 23 22 16 4 346 295 253 218 219 231 234 235 239 249 280 300 338 50 61 83 123 118 128 154 115 101 106 109 98 96 98 99 108 137 112 87 92 63 41 51 51 25 6 8 9 13 12 9 21 39 41 33 44 60 63 59 57 57 53 44 34 28 29 38 44 46 37 13
273 262 256 249 246 261 279 282 283 285 288 284 273 261 244 222 295 358 6 20 75 93 103 109 98 72 28 359 2 11 15 21 28 11 294 215 241 237 226 225 228 244 284 309 359 93 98 130 151 151 148 167 157 128 106 112 129 129 115 95 70 23 18 58 65 41 43 56 48 29 10 344 2 39 45 45 57 54 41 41 61 68 63 56 54 51 45 42 42 36 38 41 38 39 34 16
265 254 250 246 250 263 274 278 278 279 280 277 267 257 244 241 261 292 358 76 111 108 105 107 94 35 345 333 349 9 20 29 25 12 356 323 284 228 220 227 231 242 248 206 163 151 136 128 141 166 170 154 154 144 105 96 103 110 108 77 38 18 23 39 36 18 25 39 32 22 16 13 56 70 41 44 94 75 54 64 71 70 64 63 66 54 39 42 48 41 35 31 32 38 34 20
267 268 266 265 266 267 268 270 274 274 273 275 278 278 275 266 256 257 131 114 128 124 107 95 65 353 322 314 331 358 9 14 15 22 30 14 335 232 239 234 229 230 214 182 172 172 166 150 137 178 183 133 119 114 93 69 48 44 51 38 20 12 16 24 21 14 16 22 19 13 16 31 57 1 8 37 89 136 131 96 71 69 73 81 95 50 23 41 53 40 26 24 30 36 30 24
263 266 265 265 267 265 263 264 265 263 260 258 257 256 250 220 212 218 148 116 123 132 114 79 30 338 318 309 316 335 347 354 15 45 65 54 11 347 290 227 222 222 202 176 173 183 189 197 234 291 175 92 59 57 61 31 30 42 40 20 7 1 7 16 17 16 17 16 13 9 21 44 44 331 356 48 58 59 127 131 79 77 78 78 68 330 359 50 61 42 24 25 28 29 28 29
254 252 252 251 256 258 259 257 252 248 243 233 223 219 208 187 187 195 159 119 107 107 96 54 354 326 319 312 314 323 332 338 41 79 95 52 353 12 23 219 236 226 202 180 187 241 282 297 305 335 11 26 33 39 31 11 32 41 26 10 2 358 3 13 17 19 20 17 14 9 24 44 31 345 355 38 34 38 64 103 114 93 77 58 25 346 8 64 66 45 27 24 24 27 29 28
253 245 239 239 249 255 257 254 247 241 231 217 210 208 197 180 179 184 166 131 101 82 76 33 327 311 312 310 313 322 333 328 111 100 98 283 316 44 67 21 291 228 208 217 251 269 280 300 330 2 18 19 27 34 28 21 24 14 7 5 1 355 2 14 19 24 24 20 16 10 23 39 28 6 1 12 30 55 72 81 104 95 70 37 17 13 60 76 63 39 21 14 14 20 20 15
257 233 225 231 246 254 258 254 248 235 219 208 204 200 189 177 177 184 175 150 109 84 82 354 309 300 302 303 307 318 1 106 137 118 82 291 247 110 82 7 330 317 253 243 239 235 222 220 244 312 24 20 28 33 28 27 14 349 352 0 358 351 356 6 15 25 26 21 17 14 24 35 28 16 13 18 59 77 76 69 73 77 71 73 90 105 109 83 50 26 13 4 7 15 16 16
285 221 225 236 243 246 246 242 234 218 208 205 198 189 181 175 179 190 193 186 127 106 150 195 232 246 245 258 284 269 136 118 131 139 65 301 196 144 80 329 324 334 330 248 219 215 217 229 232 209 181 169 46 27 28 35 23 348 340 345 346 345 328 325 0 31 31 27 29 33 46 49 38 30 39 63 92 91 83 76 78 82 86 97 114 121 117 65 26 19 10 359 3 15 19 22
314 352 246 237 231 230 227 224 217 206 202 200 192 184 178 173 187 220 261 295 52 114 152 184 198 202 208 227 251 168 155 140 128 151 207 215 186 147 349 310 315 329 349 86 221 223 231 230 214 202 202 210 237 338 36 49 25 335 336 343 346 348 311 277 245 58 43 60 93 115 127 112 72 72 90 101 108 102 95 94 97 99 99 93 83 66 41 11 10 17 8 352 357 10 17 24
264 14 12 251 226 225 222 220 214 205 198 191 186 183 179 174 203 248 278 320 71 102 132 180 196 196 227 251 245 120 132 151 157 181 213 234 247 319 329 310 314 345 18 29 338 264 240 214 207 215 220 223 225 208 142 64 8 316 328 350 4 14 347 237 203 232 48 83 110 131 150 165 121 95 97 105 114 110 105 105 106 105 100 89 70 45 19 0 2 7 2 350 349 358 14 30
240 257 353 11 270 231 222 218 209 199 192 187 184 184 183 181 222 257 273 309 80 94 110 176 226 274 311 292 235 99 54 37 55 218 284 289 292 317 331 324 323 357 13 10 356 331 283 221 232 231 222 219 214 213 224 276 330 307 321 1 26 28 23 68 220 269 52 89 107 128 155 193 181 94 83 94 110 114 113 114 111 103 87 82 85 60 310 323 345 0 5 6 7 5 19 34
243 258 297 36 36 315 221 217 206 193 188 186 187 188 191 201 258 270 275 274 108 100 100 167 272 286 309 334 331 355 11 33 53 22 318 311 301 304 322 336 344 359 3 0 357 351 277 194 188 190 203 217 219 225 227 214 235 253 227 152 89 113 148 138 212 267 61 85 92 102 137 231 232 115 89 95 106 113 111 110 100 78 56 53 40 7 317 306 325 356 13 27 34 25 23 25
268 256 233 236 13 22 16 242 221 197 192 195 198 198 220 270 296 286 283 140 131 117 101 313 298 287 281 320 337 331 1 39 55 35 354 336 307 293 301 327 348 358 356 350 7 59 105 143 173 197 225 234 227 224 215 209 212 199 190 194 187 142 161 171 219 262 53 77 71 61 44 307 236 137 107 101 104 108 100 84 55 28 21 20 3 348 332 313 315 351 22 42 43 30 23 22
290 254 231 255 313 45 54 327 282 241 219 233 236 225 260 287 305 298 295 108 128 130 90 303 305 296 276 295 316 321 357 37 33 17 13 10 329 293 286 301 330 350 337 320 39 121 113 115 152 225 235 215 201 203 209 219 212 179 186 212 203 147 155 187 233 258 250 80 70 63 57 53 150 140 120 106 102 100 83 51 22 7 1 358 344 333 332 327 331 352 22 44 42 29 23 26
300 286 263 257 234 121 64 344 331 0 324 280 282 302 277 288 306 311 347 100 120 144 303 302 304 305 292 297 305 310 337 10 15 27 52 64 3 306 281 278 301 116 180 220 102 124 128 105 66 251 213 198 199 210 229 228 204 179 187 208 192 163 166 204 239 252 218 99 90 90 95 120 144 144 132 112 98 86 59 21 3 357 351 347 334 324 324 327 342 5 28 41 36 25 25 41
305 313 311 274 224 194 331 320 333 25 9 309 292 310 283 284 298 321 70 94 106 223 291 295 297 306 300 296 297 301 311 331 10 45 52 33 9 341 291 271 254 119 157 188 147 126 131 94 25 39 163 209 222 232 231 209 192 188 193 197 186 174 191 229 243 242 198 125 114 112 113 122 130 132 129 111 88 60 25 359 350 349 343 337 327 315 308 313 340 19 41 39 29 21 32 50
324 312 330 333 287 265 293 291 279 27 1 326 286 300 286 279 283 311 86 89 87 294 288 287 282 293 300 296 291 292 299 306 2 47 37 34 53 74 338 281 153 112 102 142 154 146 147 312 358 25 21 0 288 233 212 211 228 237 223 205 192 191 245 250 239 220 180 144 135 133 129 126 108 100 103 91 66 29 9 4 357 346 333 324 321 308 287 292 327 31 48 32 22 24 36 41
359 301 315 1 13 333 320 315 298 320 341 346 292 303 296 283 279 272 108 94 78 309 289 288 282 290 299 292 276 278 288 292 306 23 33 52 63 50 9 189 155 155 125 124 146 168 251 298 332 5 14 22 30 41 220 247 261 255 207 198 228 281 286 250 212 184 163 143 139 142 140 145 110 92 87 74 47 9 5 16 10 354 337 327 331 334 311 294 310 41 49 19 14 24 26 21
357 304 274 337 4 346 342 345 338 329 338 353 292 301 306 293 287 124 127 110 74 310 290 292 291 294 304 289 251 261 274 279 277 337 58 67 57 44 59 107 124 139 138 128 143 218 280 296 320 352 12 27 32 25 359 308 279 218 185 206 241 264 248 216 174 153 144 129 124 127 102 112 130 108 84 63 34 2 355 1 0 359 344 330 334 341 336 318 312 49 37 4 3 13 16 21
334 326 263 272 314 336 345 350 344 333 335 352 287 294 307 301 302 102 124 124 43 307 290 287 284 282 290 217 239 262 274 279 272 262 90 70 51 49 54 50 129 132 135 129 152 261 281 289 304 337 10 34 37 25 11 356 353 72 162 252 269 282 296 180 132 120 119 107 94 73 61 81 94 88 67 48 24 3 336 327 344 1 346 322 319 325 337 343 1 44 17 349 350 2 23 43
301 322 319 295 277 287 314 331 340 338 326 332 284 288 304 310 354 96 113 135 313 302 293 281 268 259 239 161 253 272 283 293 283 262 91 61 45 47 44 54 114 136 138 131 200 275 280 281 286 310 10 49 49 31 19 15 22 32 14 324 300 316 0 17 58 74 78 72 55 45 84 66 38 41 51 32 13 6 332 308 320 349 344 323 299 292 308 355 33 33 8 340 348 76 127 79
327 324 333 337 303 286 296 305 323 349 327 323 287 284 296 317 64 92 102 178 288 291 284 270 255 247 226 191 261 272 281 296 299 240 101 43 41 47 48 62 81 99 128 136 265 275 276 276 277 288 4 64 61 42 33 37 41 40 25 1 342 346 4 17 47 58 55 48 40 43 44 357 15 51 61 18 2 9 338 301 295 313 332 336 298 277 274 309 22 25 15 356 97 108 138 263
348 341 347 2 355 322 314 307 296 325 307 312 294 283 285 309 76 87 89 286 281 275 257 246 248 248 234 208 260 268 272 279 295 161 143 48 63 53 51 58 54 49 62 72 274 270 269 270 273 277 354 82 79 87 119 127 120 104 76 51 45 35 42 29 53 50 39 29 27 33 27 11 41 74 68 350 351 13 353 302 281 277 283 310 305 285 274 287 12 50 83 129 129 96 37 303
352 348 357 18 13 340 333 336 302 294 285 301 298 285 281 288 94 91 85 323 286 277 249 243 249 251 241 233 272 271 270 271 260 114 114 116 103 46 51 55 48 48 49 37 317 276 273 269 262 245 178 123 114 125 145 161 166 159 122 48 122 155 179 251 11 28 19 12 20 32 33 35 50 58 33 332 340 19 12 315 257 253 264 292 311 300 284 289 9 69 88 110 136 95 353 315
1 0 11 31 20 346 344 1 344 297 272 290 300 290 285 223 116 101 86 320 297 303 269 256 255 255 251 285 289 278 273 273 334 66 62 67 71 26 63 55 45 44 39 36 16 293 285 269 243 206 173 150 142 142 156 177 192 211 286 12 80 146 210 266 315 20 10 345 18 36 35 34 33 33 18 348 348 23 25 31 211 248 280 302 320 323 309 306 6 59 63 74 93 169 286 243
13 17 28 36 20 346 346 18 13 336 275 286 299 295 293 104 120 109 83 318 314 340 315 263 254 260 268 294 299 284 274 266 175 164 136 121 124 131 102 51 42 44 41 47 40 306 279 251 212 184 168 155 147 142 156 194 219 241 268 35 80 80 283 278 286 62 10 305 341 24 28 27 28 30 22 9 13 30 37 58 42 277 286 297 317 341 345 318 5 63 72 79 82 100 180 189
25 32 39 38 25 3 2 31 5 338 281 285 298 301 312 99 118 115 64 313 326 10 33 260 248 267 280 295 305 292 273 245 174 173 166 158 159 163 157 115 71 55 49 55 45 353 237 211 191 171 164 157 151 141 147 225 241 252 255 189 73 29 346 305 246 10 340 316 325 8 25 31 34 32 27 34 57 34 31 42 5 310 296 295 309 3 47 301 40 95 106 101 92 93 123 154
41 46 47 40 31 30 31 5 332 328 285 284 295 306 27 95 113 123 324 306 329 26 40 19 278 288 294 296 304 299 274 228 170 167 162 156 157 162 161 155 130 65 55 59 49 45 102 204 187 151 152 155 156 153 196 278 272 268 262 268 13 10 12 10 343 323 329 326 330 359 27 43 45 28 36 55 56 359 356 17 356 325 308 297 303 46 73 237 145 111 111 105 88 74 76 118
56 56 50 40 34 34 27 5 315 313 289 283 290 308 64 92 106 149 303 304 326 22 30 23 315 300 306 301 303 304 278 216 161 156 150 144 145 150 152 150 146 115 81 63 45 46 47 1 11 74 95 103 95 31 305 303 306 295 283 304 354 18 33 19 356 339 338 341 349 10 47 77 94 48 54 55 31 359 352 4 351 329 317 304 295 76 73 107 149 128 108 91 68 51 60 100
58 50 40 33 32 34 29 16 306 306 293 284 286 306 81 91 95 282 293 299 321 10 17 16 344 312 309 304 301 308 278 182 155 147 141 136 136 140 141 140 139 137 118 56 43 52 44 10 18 58 64 54 37 15 316 301 309 312 307 309 340 46 57 27 356 346 348 358 13 30 48 69 79 332 28 33 15 7 2 359 343 324 319 309 228 116 92 103 129 134 110 80 56 51 73 99
49 37 30 32 37 41 40 23 295 299 298 286 283 299 95 90 80 303 286 291 306 340 357 4 352 330 320 310 295 284 162 162 153 145 138 133 133 136 138 137 135 132 132 84 68 58 37 22 40 65 63 57 56 357 314 299 302 312 327 336 96 102 70 27 357 347 354 14 25 15 27 46 44 15 348 6 11 18 13 358 323 297 301 254 163 149 129 112 100 97 99 77 55 66 88 101
42 34 36 45 50 51 49 24 289 293 299 290 285 321 106 94 74 312 289 291 296 310 333 353 352 340 333 327 296 203 161 161 154 145 136 129 129 131 132 132 131 129 129 129 112 51 33 43 59 63 57 55 49 335 316 304 300 303 326 42 95 113 62 20 2 350 0 27 24 344 18 51 47 37 30 0 2 22 26 24 290 267 244 139 142 152 145 117 79 73 81 66 60 75 86 90
42 45 58 62 56 56 52 17 286 289 299 295 293 97 115 103 74 306 293 293 296 296 306 334 345 335 326 330 194 163 157 157 154 147 135 127 125 126 125 125 126 125 126 128 130 83 65 67 62 55 49 50 34 331 322 314 308 299 289 83 71 58 67 8 346 347 5 34 35 357 104 77 50 36 23 4 8 37 67 83 271 239 199 154 128 120 71 66 71 73 68 56 73 76 75 69
48 54 61 56 51 56 52 7 288 287 298 300 310 95 114 108 45 300 294 293 296 293 289 302 323 307 256 203 177 163 155 152 151 149 138 126 123 123 121 120 121 120 121 123 124 128 113 82 60 53 50 50 26 327 320 320 319 316 208 96 59 58 62 342 325 341 11 45 49 57 110 94 41 33 22 12 30 61 74 76 76 189 187 189 200 276 39 67 81 78 64 60 80 76 70 61
50 53 50 44 49 57 49 348 290 286 296 305 2 94 109 110 325 299 295 293 296 293 283 278 276 247 207 189 176 164 157 151 147 145 139 129 122 120 118 116 117 116 113 114 115 119 116 90 68 59 52 46 16 333 321 324 328 351 49 71 65 62 43 357 340 354 31 55 51 55 63 69 97 40 20 29 60 70 60 50 58 53 3 251 209 213 162 98 99 87 63 63 80 83 81 79
51 54 52 55 67 71 50 335 298 287 292 309 58 93 109 136 296 294 292 291 294 293 277 255 225 210 199 189 178 165 156 149 138 132 130 123 114 111 109 108 110 110 107 106 104 106 109 94 76 63 50 38 10 338 326 331 344 30 62 72 74 61 35 13 12 36 57 54 47 56 67 66 44 336 359 43 66 67 58 56 46 350 2 61 154 209 194 129 118 113 81 84 94 102 104 98
60 66 68 78 93 90 6 314 305 291 288 307 73 92 109 210 283 288 289 287 289 290 269 238 215 209 203 194 182 168 154 141 122 110 106 102 97 96 96 96 97 99 102 100 94 92 91 87 82 68 52 40 13 336 317 324 53 93 92 87 79 65 47 46 75 83 64 43 46 66 81 39 2 352 8 47 57 64 73 63 29 352 27 85 123 196 189 154 142 154 131 113 112 120 127 114
67 72 77 85 95 90 294 299 305 295 288 299 89 93 100 256 276 281 284 282 282 283 253 223 212 211 208 199 191 179 152 115 95 85 78 77 80 82 84 84 83 86 92 91 87 82 77 75 75 63 49 41 21 350 309 196 132 111 98 89 80 71 65 69 71 49 21 16 44 63 51 339 342 7 35 54 60 71 84 74 26 20 92 99 111 169 183 167 160 170 146 121 112 110 116 121
68 74 79 82 82 61 288 291 303 299 293 302 107 95 85 286 273 275 279 277 273 266 229 213 209 211 211 210 214 229 319 36 59 56 52 58 66 70 72 72 70 74 79 81 81 73 63 59 54 44 37 33 24 25 65 138 109 89 82 80 79 78 79 63 37 20 14 11 35 44 20 350 349 30 54 64 69 79 89 109 138 145 133 114 109 145 179 176 169 163 145 122 108 90 71 88
71 75 76 73 61 26 294 288 299 303 306 97 111 98 79 299 277 271 267 264 261 244 210 205 205 213 221 231 246 267 308 16 32 30 42 56 62 63 63 62 62 65 66 63 61 54 48 47 43 35 31 27 32 49 57 26 14 56 71 75 75 76 79 38 19 26 28 19 19 14 9 10 18 29 40 47 52 61 62 53 70 103 116 106 95 103 169 202 178 121 107 101 98 78 67 85
76 75 67 57 37 13 305 288 295 307 346 94 109 102 84 295 287 269 248 247 250 233 207 202 207 224 242 256 270 282 301 355 16 26 49 60 60 57 55 54 54 55 51 45 40 37 39 43 40 34 31 29 40 48 36 20 24 48 69 72 67 69 67 11 10 35 34 23 0 344 356 9 16 23 29 29 33 41 38 31 33 42 56 65 62 50 35 342 206 27 33 56 74 87 95 88
79 69 51 40 26 13 309 287 291 308 47 94 109 106 92 281 284 265 243 248 245 223 202 199 214 240 255 262 268 276 290 326 9 37 51 51 48 46 45 45 47 46 41 36 34 33 37 40 38 34 33 34 40 38 30 30 37 42 43 46 65 71 54 1 0 27 28 20 345 315 329 359 17 31 34 25 28 36 34 32 33 34 38 45 47 35 23 16 354 333 6 41 52 58 75 83
80 53 33 34 27 8 308 285 284 302 70 94 109 113 119 269 267 262 264 255 236 213 205 212 234 253 260 260 255 261 276 298 356 37 37 33 33 35 37 38 39 39 35 33 32 33 35 37 36 34 34 37 39 35 33 33 30 28 29 44 77 77 27 355 359 19 22 20 354 306 273 306 11 38 37 27 29 34 32 32 32 30 32 41 44 27 15 12 359 340 358 28 34 36 49 77
67 28 24 40 31 355 312 288 283 297 80 94 106 116 211 268 260 259 268 254 232 222 228 242 256 264 269 272 270 275 288 312 342 2 11 16 23 29 31 32 32 32 32 32 33 33 33 34 34 33 35 38 38 32 28 21 19 21 33 50 48 18 355 351 1 20 26 26 17 354 274 278 321 40 41 32 31 31 33 38 38 34 39 50 47 25 13 14 2 342 354 21 30 36 54 86
