data/handson/Instances_Belgium/Case3_Arlon/saz.asc
ncols         601
nrows         601
xllcorner     746858.5234000001
yllcorner     538836.1043
cellsize      10.0
NODATA_value  -9999.0
[rows 506 to 551 of 601, columns 0 to 95 of 601]
282 317 297 279 278 99 117 185 254 291 306 300 293 294 296 296 292 289 289 286 283 147 138 149 156 155 159 171 176 177 182 190 221 239 237 235 242 247 245 242 251 253 247 241 245 251 256 266 278 291 304 315 319 322 321 311 309 336 347 342 330 323 321 313 312 334 349 349 352 355 343 325 324 334 353 16 22 27 48 60 53 64 117 97 65 34 34 48 51 48 48 45 47 46 41 39
261 255 255 256 213 108 104 175 265 277 288 286 272 269 272 274 273 267 256 238 202 161 147 143 151 161 163 164 174 188 196 205 229 239 234 233 238 242 239 239 246 247 241 237 241 244 250 259 267 277 293 307 309 305 303 291 267 267 299 312 310 307 314 315 314 335 348 342 338 338 333 324 325 334 347 5 27 49 58 59 61 75 96 85 34 16 33 52 56 55 54 49 50 46 42 43
229 205 212 233 208 110 81 355 274 265 255 243 235 237 236 237 244 238 220 203 182 163 154 148 150 161 166 166 174 189 199 212 228 231 227 228 233 238 239 239 240 237 232 227 228 232 241 251 257 264 276 284 276 255 234 221 213 218 249 282 296 297 304 311 312 334 344 335 327 323 319 315 324 338 355 24 69 66 49 47 53 50 37 28 27 16 39 59 59 54 48 46 48 43 43 51
194 187 207 227 211 153 125 240 268 250 232 221 219 224 226 229 228 211 196 186 176 165 161 159 159 162 167 173 178 184 197 215 223 222 229 230 230 234 235 233 230 226 223 220 224 230 239 247 247 248 247 226 203 196 196 201 211 229 254 274 287 288 291 297 285 291 317 318 315 313 309 306 316 336 22 55 48 28 35 50 49 31 27 37 38 19 36 59 59 54 53 56 56 47 53 65
181 181 202 216 200 176 174 192 236 229 214 206 209 219 223 223 215 195 183 177 174 170 168 167 168 171 174 178 180 181 195 213 219 228 248 234 221 228 227 223 219 218 219 222 229 233 239 239 233 231 221 200 190 191 196 208 227 247 263 274 282 281 275 256 212 217 246 277 295 302 305 301 310 354 117 11 10 23 56 64 44 25 30 38 31 24 42 59 60 65 74 75 69 65 76 80
182 178 190 203 193 180 184 199 212 204 197 195 210 224 224 218 205 187 177 172 172 174 174 171 174 182 184 181 180 179 194 216 229 245 258 221 211 230 228 224 226 231 236 243 251 253 254 247 237 232 218 199 194 199 209 222 234 242 251 260 267 264 249 205 194 221 245 265 281 289 295 292 295 64 341 300 347 52 73 59 30 23 26 28 31 45 64 70 69 78 91 91 80 81 91 88
158 167 190 216 219 249 324 328 199 185 192 196 228 231 218 206 193 182 177 173 174 177 177 176 180 188 188 183 183 188 208 234 250 258 257 230 247 249 238 245 259 268 274 279 285 292 295 288 277 250 218 202 203 211 220 225 226 227 232 242 247 242 225 199 204 235 253 266 276 280 283 273 241 350 342 307 248 91 72 40 21 19 24 39 64 80 87 87 82 89 101 103 87 88 96 92
130 151 211 257 276 295 331 26 93 235 305 273 255 222 201 191 184 180 178 178 178 178 180 184 190 195 192 185 193 214 240 255 260 260 253 244 293 276 257 263 271 278 283 288 293 297 300 298 300 273 212 214 222 230 233 231 229 229 235 241 239 228 216 206 216 234 239 244 251 254 251 243 253 287 326 0 108 93 55 29 19 17 34 62 82 89 92 91 87 88 92 93 88 94 100 97
161 171 231 267 284 290 321 68 115 241 305 332 259 225 197 178 175 175 179 185 186 181 190 205 212 208 204 214 258 275 276 270 262 257 248 247 283 300 287 275 269 271 276 282 289 291 287 282 281 303 313 288 272 264 257 253 252 250 250 244 231 220 214 212 219 221 219 223 227 227 225 240 282 287 291 20 43 47 41 25 20 26 54 73 79 83 86 85 84 81 70 64 85 97 103 102
356 353 325 285 273 267 245 98 101 270 289 2 294 272 270 115 124 130 196 262 258 276 298 285 257 203 226 262 290 299 296 283 267 259 250 252 269 283 284 276 270 273 281 285 289 300 308 310 316 332 341 341 329 311 291 281 276 271 265 251 235 230 229 232 237 226 223 231 232 229 236 254 275 283 277 304 21 54 54 30 26 42 64 73 74 79 84 94 106 95 77 79 99 106 111 110
9 16 27 4 241 226 196 133 58 298 276 359 315 273 240 133 132 154 309 292 272 257 246 245 237 200 266 277 287 297 301 294 279 267 257 255 256 252 255 265 273 281 291 294 292 305 322 330 337 344 350 356 354 345 328 309 295 287 282 278 274 269 262 265 272 277 271 261 250 250 260 263 260 266 287 293 133 100 79 33 30 50 64 68 69 76 85 105 130 131 109 106 114 117 121 121
26 37 48 38 16 341 331 346 348 339 326 343 336 298 237 103 71 321 323 331 333 308 237 238 236 268 283 283 289 296 300 299 289 274 262 258 256 252 261 273 281 285 292 300 299 305 319 331 339 347 355 4 6 3 354 339 324 313 306 302 303 303 296 291 295 311 315 302 288 284 285 279 272 271 279 101 124 122 119 294 37 63 70 68 67 75 83 92 106 124 109 105 112 118 125 131
41 48 46 26 8 356 355 359 3 8 10 3 354 343 348 19 1 343 335 338 353 17 32 231 232 266 284 285 292 298 295 295 292 280 267 265 266 275 284 287 291 290 290 299 303 305 316 328 338 346 355 5 9 12 9 358 344 332 325 320 318 319 317 311 311 325 328 323 320 314 307 302 301 291 260 137 94 103 142 206 178 91 84 71 66 73 78 73 57 44 68 90 101 110 122 134
47 50 39 17 3 354 358 8 15 18 16 6 2 2 359 353 351 352 346 337 356 43 67 157 251 276 284 281 284 292 291 286 284 278 271 273 280 290 289 287 290 290 289 295 299 299 305 318 329 339 351 3 13 23 21 8 355 343 337 334 329 327 327 325 325 335 333 324 323 323 315 306 308 312 245 5 14 25 18 344 331 62 55 49 64 73 73 65 56 63 84 90 90 95 105 121
49 45 26 11 2 355 358 8 12 12 10 6 3 0 2 7 8 0 356 354 18 61 67 28 286 286 286 277 270 270 281 277 264 266 273 281 294 302 291 284 283 285 286 291 295 291 288 295 307 321 338 0 17 27 19 5 357 350 347 347 341 334 334 336 336 339 339 331 324 321 317 305 295 308 282 318 349 8 13 16 30 27 22 37 68 76 70 76 97 109 113 99 78 77 81 93
48 28 10 7 2 357 359 4 6 6 7 8 5 359 5 21 22 6 3 15 41 64 63 9 307 295 291 280 268 266 275 280 275 275 276 282 296 308 295 282 277 278 281 283 287 284 278 279 287 298 315 347 8 15 6 356 353 353 354 358 352 339 337 344 344 339 340 342 335 326 327 324 312 323 286 289 315 5 33 48 44 14 13 44 67 75 77 87 103 113 117 118 104 92 85 88
28 3 357 2 359 353 354 358 1 3 6 10 9 4 11 25 22 13 17 32 50 63 57 343 313 302 299 289 277 273 274 288 303 296 280 281 293 309 301 283 272 271 274 274 275 273 271 272 276 282 292 321 344 354 354 350 350 352 356 1 356 345 339 344 345 343 343 346 339 328 336 348 348 342 299 270 242 167 141 81 22 16 30 52 64 76 90 95 98 99 91 117 140 132 107 93
331 341 348 356 353 346 347 351 356 2 7 14 16 15 19 23 23 25 33 43 50 52 29 329 302 294 294 294 294 291 286 293 307 311 288 279 281 293 292 277 266 265 265 266 268 268 267 267 267 268 270 286 307 322 335 343 345 347 351 357 357 354 345 337 342 350 352 350 337 322 332 2 5 349 332 280 202 160 180 268 335 36 59 62 66 80 98 100 95 92 89 101 122 143 122 95
317 328 339 350 349 344 344 348 355 3 12 21 23 22 23 28 34 36 39 43 43 36 19 356 293 276 278 289 306 313 305 301 308 317 300 279 264 256 263 262 259 258 256 260 265 266 265 263 260 256 255 262 276 285 296 311 318 321 336 355 344 332 333 330 330 339 351 1 354 326 322 2 350 334 346 1 154 128 329 294 257 98 78 69 69 84 101 105 91 91 99 92 81 72 92 91
300 314 328 341 345 343 344 347 355 8 18 26 26 22 27 38 43 40 41 45 42 32 27 35 334 275 272 280 296 317 318 309 309 317 311 286 262 256 269 267 261 257 254 257 260 260 260 257 250 242 239 242 247 250 247 242 246 248 227 128 295 303 320 327 320 315 339 19 23 354 338 341 310 302 338 49 85 301 330 344 134 113 76 78 92 96 101 104 92 94 105 93 72 69 90 94
274 293 311 328 336 339 343 347 357 10 19 26 26 25 34 44 44 43 49 55 53 46 49 54 6 287 272 273 279 299 318 316 311 316 316 300 278 280 294 289 272 261 256 255 252 251 252 249 239 230 226 227 228 229 227 223 222 209 200 222 303 308 320 333 327 306 303 47 30 357 354 8 285 266 254 93 85 287 308 4 33 44 63 96 119 113 100 96 96 99 106 104 97 97 103 101
261 277 293 313 328 334 340 349 359 9 19 27 30 34 42 47 48 53 61 62 57 54 60 62 8 285 272 271 273 284 302 313 313 313 317 314 296 288 292 296 282 267 258 253 247 244 241 233 224 217 217 219 220 220 218 215 207 186 214 263 291 297 308 330 338 326 304 11 358 346 0 25 13 269 227 101 13 292 294 335 61 89 98 105 117 120 105 99 101 103 107 110 110 109 108 106
255 267 277 295 319 333 341 350 1 11 22 31 36 43 50 55 59 65 70 63 51 54 64 78 127 260 269 272 275 277 279 291 305 309 315 321 313 294 277 279 290 277 261 251 241 234 227 219 213 212 214 216 215 214 211 211 211 217 274 285 287 283 276 286 316 329 338 346 334 330 355 26 30 336 268 44 345 306 302 123 143 146 134 118 110 112 110 110 109 107 109 112 113 111 107 106
253 260 268 282 305 332 347 353 3 14 22 27 33 43 52 59 65 70 67 53 48 59 69 79 95 267 272 275 281 284 281 285 295 302 307 314 318 308 279 277 287 284 270 255 242 234 226 219 217 217 217 215 213 209 209 215 226 250 283 292 293 286 272 276 294 310 326 342 329 311 337 49 55 34 350 335 336 316 332 115 128 143 141 125 109 105 109 114 114 108 106 109 114 114 108 108
253 256 264 274 290 322 347 355 1 5 11 17 28 42 53 61 68 67 57 46 54 66 72 72 43 292 276 279 289 298 299 295 293 295 299 303 310 314 299 286 282 285 286 274 260 250 239 231 226 222 218 214 211 207 210 226 246 264 281 292 300 303 297 297 303 308 309 323 335 322 180 114 89 49 336 321 339 1 130 119 111 116 119 111 105 104 106 112 117 110 100 101 110 115 110 111
259 262 272 280 291 321 347 356 356 350 359 12 32 52 62 68 72 67 56 54 62 70 72 68 34 301 276 277 286 301 310 308 302 299 301 304 309 318 314 300 288 288 292 285 272 261 250 241 233 226 222 220 215 213 230 251 265 273 280 286 293 303 306 304 306 318 315 303 322 75 130 134 95 342 310 298 334 86 118 122 104 99 103 101 98 99 100 105 113 113 105 102 104 109 106 106
269 272 285 292 301 327 349 358 0 0 7 20 49 67 73 75 75 71 67 64 66 71 72 69 41 300 272 273 279 295 313 318 315 310 310 311 315 322 323 315 303 296 295 287 272 263 256 249 245 246 248 242 235 252 277 281 282 282 281 279 278 286 298 302 299 312 330 319 178 134 121 103 357 340 309 265 178 119 114 115 101 98 104 101 93 91 92 96 102 110 117 110 99 96 96 98
278 279 284 293 308 331 348 359 9 22 32 33 61 75 76 76 74 69 65 58 59 69 76 73 50 307 270 269 270 278 295 311 314 310 308 310 315 320 325 326 320 311 307 300 279 271 269 267 265 267 269 268 267 276 286 288 288 287 282 279 276 283 294 309 308 299 320 79 132 150 130 325 337 354 0 185 155 129 116 116 107 102 105 104 96 92 90 92 96 102 112 112 98 92 94 95
286 285 278 285 307 336 355 6 19 35 40 40 66 76 75 73 70 61 51 44 52 69 82 81 57 321 271 265 260 259 265 277 293 296 293 298 307 314 321 326 328 325 325 327 296 283 285 287 286 281 274 285 294 287 281 281 286 288 283 282 284 289 292 307 323 308 193 121 112 51 328 331 334 5 42 98 129 122 113 118 119 111 107 107 105 100 93 93 95 95 95 97 97 97 96 95
292 296 290 289 302 338 7 17 32 44 48 53 70 75 73 70 64 52 43 41 56 70 73 62 35 353 290 272 263 259 258 263 280 289 288 290 295 304 313 318 325 329 338 355 333 301 294 295 296 298 297 303 310 304 291 286 291 296 291 289 290 300 301 295 309 75 139 134 63 321 327 352 5 8 75 100 113 116 113 116 117 111 107 107 108 105 99 97 98 97 93 93 97 99 97 95
294 303 309 303 302 336 12 30 48 57 60 62 69 72 69 65 56 46 44 48 64 67 55 40 21 350 316 291 279 270 260 263 277 288 293 289 285 292 304 311 316 324 336 352 346 326 306 298 294 303 312 314 319 321 310 300 302 310 306 299 294 303 317 297 205 144 134 126 338 326 327 354 14 45 105 111 110 113 117 117 110 104 102 104 105 106 106 104 105 104 101 99 98 98 97 95
293 298 307 309 307 330 15 49 64 64 60 58 63 66 65 62 55 48 47 53 62 59 47 40 20 340 315 295 281 269 257 256 258 259 266 269 269 278 291 299 301 309 321 335 344 346 332 321 313 308 309 311 318 325 319 305 302 315 316 312 307 298 307 86 149 159 205 298 319 334 340 342 34 83 102 110 111 112 114 118 111 104 103 104 106 108 108 105 104 104 102 100 99 98 96 93
295 293 294 297 303 325 34 69 72 62 50 49 56 62 63 63 59 50 47 51 55 55 50 42 18 341 309 284 266 255 250 243 233 227 231 239 252 265 277 281 277 284 299 314 330 344 336 328 328 322 311 305 308 317 321 309 293 299 304 310 323 311 210 138 126 272 312 306 305 323 350 26 114 111 98 101 113 114 108 112 116 110 107 108 111 111 109 103 98 96 95 95 97 97 95 89
295 291 287 289 302 335 54 74 70 53 45 52 58 64 67 67 63 52 50 55 57 58 55 45 23 350 294 267 254 251 253 242 231 231 236 244 256 263 265 272 284 292 302 309 318 333 329 318 321 328 313 299 299 303 311 312 289 297 305 298 312 60 139 158 311 311 312 311 304 299 349 83 109 121 111 105 110 115 105 106 113 111 107 106 107 109 108 101 94 90 89 90 94 96 97 91
293 289 286 289 306 353 57 70 62 51 54 61 64 69 73 72 66 61 64 66 63 63 62 66 79 136 226 244 250 260 271 269 259 256 256 260 266 264 257 270 299 308 315 319 317 323 329 319 298 296 294 289 291 289 283 284 280 297 317 303 215 137 125 289 319 320 304 301 312 288 160 114 95 105 125 119 111 111 104 103 109 108 103 100 99 100 103 99 90 85 84 85 89 95 101 98
291 288 288 289 302 12 60 66 59 55 63 66 67 72 74 72 68 64 66 65 63 66 68 76 89 118 218 252 263 274 288 303 305 298 290 286 285 284 281 284 292 298 305 315 312 310 326 345 322 293 291 287 288 284 266 267 277 282 300 44 144 158 273 295 309 330 312 293 311 90 138 126 85 92 113 121 114 111 105 101 102 102 99 95 91 92 95 94 91 88 87 87 89 92 96 93
289 289 292 291 296 26 60 62 59 60 68 67 68 72 73 70 67 60 56 57 61 68 72 74 71 65 290 279 282 287 298 317 326 325 320 312 306 308 314 307 290 277 268 280 297 298 311 350 348 323 307 293 288 285 271 274 280 266 237 147 107 336 313 296 282 302 316 295 288 98 107 100 75 84 93 101 106 112 109 100 94 93 94 90 84 83 84 88 95 97 95 93 91 89 86 78
290 290 294 296 302 26 58 64 65 68 70 67 71 74 72 68 63 54 52 58 67 73 75 74 68 52 333 298 295 294 299 313 324 329 328 324 317 311 319 332 322 296 276 278 288 289 293 326 339 330 317 300 290 288 278 276 279 257 220 205 290 317 319 307 282 286 305 300 214 97 84 69 83 88 90 94 101 110 112 103 95 92 93 90 85 83 82 85 92 95 95 93 89 85 80 71
292 292 296 301 317 31 63 72 76 74 68 68 78 78 72 65 57 50 54 66 77 80 78 77 72 36 329 307 305 301 299 306 317 325 324 323 323 317 318 337 343 335 315 297 289 283 279 296 319 323 319 306 295 295 287 276 270 261 251 257 278 291 298 304 304 298 299 297 123 88 67 76 103 99 97 99 101 108 114 109 103 98 95 93 92 88 83 83 85 87 88 86 83 81 79 72
297 297 303 309 330 42 69 77 81 76 69 70 77 75 68 62 58 56 62 73 83 85 85 80 63 358 318 305 306 305 303 306 314 322 318 314 321 325 322 328 338 344 335 315 299 290 285 291 303 311 314 308 300 306 307 296 287 281 275 281 294 296 291 294 303 303 305 317 80 77 67 91 112 105 100 100 97 99 103 103 102 97 91 87 85 78 69 71 77 79 78 77 77 76 73 70
304 303 312 325 354 54 73 79 80 76 71 70 69 67 63 65 69 67 68 78 86 91 94 79 34 338 313 302 301 304 306 308 314 323 315 306 315 328 328 324 331 342 340 328 312 303 303 302 302 304 303 301 298 308 316 316 318 311 281 285 308 318 305 293 291 295 311 350 47 70 80 100 116 111 101 96 90 86 85 88 93 89 80 74 68 53 47 60 72 72 67 68 73 71 64 69
310 308 316 340 28 68 78 80 79 76 75 74 71 71 72 79 86 91 93 95 97 95 91 63 356 325 309 299 295 297 300 302 310 324 317 304 309 329 334 326 328 336 340 338 323 309 308 309 306 306 304 303 300 301 307 309 320 342 305 286 295 322 325 306 300 295 299 2 55 78 93 101 111 110 99 91 84 79 77 81 86 84 78 48 23 16 39 66 73 67 60 63 67 64 64 66
320 316 321 3 59 78 82 81 77 77 82 84 84 87 92 96 102 117 124 117 114 103 75 26 334 315 306 296 289 288 288 291 296 313 318 308 305 323 333 331 330 334 339 342 332 316 309 309 306 308 312 313 309 302 297 293 295 332 325 293 269 280 316 317 320 316 280 195 67 91 103 101 104 103 91 83 79 76 75 79 82 84 81 341 0 23 61 78 74 62 56 59 61 62 68 51
330 327 341 39 76 84 84 82 80 83 90 97 101 104 107 108 110 117 123 117 109 84 26 1 329 308 300 290 281 279 280 286 294 303 311 310 305 312 324 330 331 332 335 340 335 322 313 312 309 306 307 311 313 307 299 291 285 303 322 313 278 281 301 308 319 1 33 306 76 100 108 103 99 93 79 71 73 75 78 81 81 81 284 288 337 59 81 83 70 57 55 61 64 66 62 17
343 345 15 63 84 88 84 84 87 91 96 106 116 119 119 118 117 116 114 97 60 16 0 355 335 311 293 280 269 270 273 284 299 305 303 302 304 306 313 321 327 328 329 333 332 323 313 312 314 309 301 302 309 309 305 300 296 300 312 323 314 301 304 302 257 293 8 8 87 105 113 106 95 81 62 62 69 77 87 87 82 75 307 260 204 115 95 82 64 55 59 67 71 68 50 359
2 15 56 81 92 94 90 95 104 111 116 118 121 121 120 114 107 96 76 40 11 358 354 354 343 322 299 284 274 275 278 282 292 304 304 299 299 302 304 308 314 321 320 323 328 327 318 312 316 319 309 301 304 309 309 307 306 305 308 314 313 301 298 314 205 258 320 71 111 111 115 112 104 93 74 75 80 91 105 101 87 75 31 221 177 134 77 52 50 52 60 67 69 62 40 358
