data/handson/Instances_Belgium/Case3_Arlon/saz.asc
ncols         601
nrows         601
xllcorner     746858.5234000001
yllcorner     538836.1043
cellsize      10.0
NODATA_value  -9999.0
[rows 368 to 413 of 601, columns 288 to 383 of 601]
220 217 222 221 208 192 178 163 159 168 159 143 120 108 101 98 99 103 115 151 164 152 157 174 223 240 231 221 215 199 182 167 160 166 159 147 145 149 145 136 131 132 137 142 148 157 162 164 170 180 186 189 182 169 154 138 133 133 131 137 150 159 175 202 244 255 252 232 194 160 159 175 171 156 145 154 165 169 192 206 188 172 170 176 174 168 168 173 176 178 189 204 194 170 170 183
224 230 234 223 206 196 186 164 159 165 157 143 118 105 97 94 95 98 109 142 160 152 156 171 213 233 228 225 216 189 178 178 171 160 155 148 147 150 146 137 132 131 135 142 148 157 164 168 172 176 181 186 176 162 152 140 133 133 131 131 145 163 184 204 241 247 235 210 186 166 156 154 164 175 177 166 177 200 184 150 163 176 181 180 177 173 174 179 183 187 196 206 192 164 167 188
239 243 238 211 198 210 224 183 133 137 124 122 117 105 95 92 92 96 105 133 155 154 157 167 203 228 228 222 207 188 181 183 176 164 156 149 147 149 146 139 134 131 133 140 147 155 162 168 173 176 178 179 172 161 151 141 135 135 135 132 143 171 197 212 241 241 221 198 179 165 161 157 165 199 203 163 171 191 180 155 153 178 186 183 181 178 180 184 187 191 199 210 198 161 162 195
250 251 242 198 206 241 254 239 129 130 119 116 115 109 99 94 92 94 99 118 144 152 156 160 197 225 221 210 199 193 189 185 178 170 161 153 149 148 144 138 135 132 134 141 147 154 160 165 171 178 176 170 166 162 155 147 143 141 139 134 143 186 207 208 225 225 206 188 171 156 160 175 200 231 212 145 151 174 178 174 172 180 183 184 186 189 190 188 189 191 206 222 209 170 161 205
255 258 254 260 302 281 263 223 152 145 136 125 116 113 106 98 93 92 93 103 125 141 150 154 186 210 204 200 198 197 194 188 182 177 167 157 151 148 144 139 134 132 135 143 149 156 158 161 168 177 176 169 164 160 152 146 150 153 150 144 145 186 196 194 202 207 197 184 170 150 150 207 242 248 212 130 135 161 177 185 188 188 191 194 200 205 203 196 197 206 229 231 211 197 218 248
259 260 260 273 302 292 255 200 149 138 137 132 120 113 106 96 89 88 88 95 111 128 141 154 166 178 189 199 201 201 197 191 187 184 175 161 154 151 147 141 135 131 133 141 149 158 160 157 163 174 176 173 166 158 149 140 145 157 163 163 160 166 177 183 194 202 194 184 178 172 192 255 252 250 203 116 120 154 183 185 194 211 224 226 226 220 212 203 206 217 222 211 210 228 244 217
261 260 260 259 261 254 231 197 145 128 131 132 125 114 102 90 81 82 85 91 104 118 126 140 158 170 183 195 197 197 195 192 191 190 183 170 160 154 150 146 140 133 129 135 142 152 159 160 163 170 173 173 164 155 152 145 142 156 169 178 177 165 162 172 194 206 197 188 190 199 217 229 237 247 214 101 99 122 212 189 228 254 263 253 231 222 208 182 189 201 203 207 228 238 223 194
257 256 258 254 245 239 228 202 156 129 127 131 132 124 110 94 82 82 82 86 97 112 116 122 146 180 186 177 181 188 191 194 196 198 192 179 167 156 151 149 145 138 132 133 136 140 151 164 168 168 169 171 159 145 149 156 157 162 170 191 195 198 196 144 183 219 209 209 212 211 221 230 239 253 245 91 84 50 339 355 326 298 296 306 285 274 315 92 124 222 241 258 271 262 231 213
250 252 257 254 246 240 224 188 160 140 128 128 134 134 126 111 94 86 79 82 92 106 115 113 121 160 174 176 178 180 188 199 204 207 200 184 171 159 153 151 146 141 137 136 136 135 139 154 163 165 167 169 160 144 144 160 180 216 316 4 98 220 218 207 338 323 302 274 249 251 265 253 251 260 264 84 74 22 344 352 343 324 320 339 341 332 347 9 3 351 340 325 315 318 325 332
252 256 259 258 255 244 212 168 155 149 135 129 134 138 136 127 109 93 82 83 90 100 112 108 101 115 148 182 184 173 185 208 215 215 206 185 172 165 159 155 150 144 141 139 140 143 142 144 154 162 165 165 160 147 140 156 212 257 281 47 79 137 225 246 283 314 335 342 309 297 307 302 273 271 274 67 48 5 342 344 343 336 336 343 341 333 332 340 346 346 347 347 337 324 331 346
261 263 263 263 271 247 186 158 149 148 139 131 135 140 141 138 125 106 91 88 89 96 107 104 89 80 69 118 169 177 198 222 222 219 208 188 176 169 162 157 153 149 146 143 143 146 149 149 154 163 167 166 162 150 134 116 288 265 234 165 103 82 225 237 241 267 313 347 329 311 317 328 302 283 281 25 21 13 9 352 338 332 336 343 343 337 324 317 322 328 335 350 327 298 299 326
260 261 260 256 247 188 160 156 151 146 137 131 133 141 143 142 135 120 102 95 94 98 107 109 98 76 64 85 122 195 219 215 210 212 207 193 181 172 163 156 153 154 155 153 148 147 151 153 156 165 172 174 176 179 216 299 308 261 211 201 213 28 2 329 309 303 318 345 335 319 322 331 317 296 288 325 7 33 41 14 344 329 334 343 348 350 339 321 322 329 330 336 311 292 291 307
251 254 254 241 213 181 158 151 152 151 139 129 130 137 143 145 141 131 114 104 102 104 108 118 126 121 99 86 69 101 192 194 200 212 215 197 183 175 165 155 147 147 156 162 158 152 157 167 171 176 184 194 211 227 239 251 257 225 213 230 247 304 337 340 339 333 337 352 342 324 325 332 325 309 299 306 2 52 43 16 353 336 339 349 354 356 347 334 338 352 358 359 337 311 312 323
245 250 248 227 201 188 167 147 149 156 146 135 136 139 142 146 147 142 126 112 108 108 109 115 124 131 121 93 68 85 133 178 205 224 222 198 183 178 170 160 147 137 145 162 160 147 157 203 228 230 247 270 285 283 255 278 304 334 328 315 313 319 326 331 339 345 351 359 349 335 335 340 339 334 333 338 1 38 25 11 358 343 345 359 2 356 348 338 343 1 8 9 353 331 336 345
243 247 242 218 196 186 171 152 148 154 147 139 144 149 146 145 148 149 137 121 113 111 109 109 109 115 117 112 106 99 98 135 212 228 216 201 189 177 166 160 154 143 138 155 155 117 45 295 259 248 263 271 260 294 301 310 326 339 344 342 341 340 335 332 337 345 350 353 346 337 338 343 346 348 354 6 17 16 11 11 4 350 351 2 2 356 353 350 353 4 7 8 350 333 341 352
240 243 235 211 192 182 171 160 152 150 142 134 142 156 152 142 144 149 142 128 119 115 113 113 112 117 119 116 117 110 97 103 173 217 210 209 198 172 158 151 154 158 155 164 174 8 359 354 302 276 295 327 336 337 327 320 325 334 342 347 351 354 349 340 339 341 343 346 342 335 335 339 344 351 5 28 33 9 4 14 11 356 354 1 0 355 358 5 8 4 3 4 341 320 330 353
236 237 228 207 191 180 172 165 156 149 141 132 136 156 153 139 139 145 142 132 124 120 116 120 124 128 128 121 113 112 120 127 144 201 206 208 195 176 162 149 147 168 189 207 247 283 318 6 334 307 315 336 339 338 335 330 327 329 341 353 358 1 357 348 345 346 336 331 336 336 338 342 347 357 20 43 35 3 3 21 22 2 356 0 0 359 5 15 16 8 4 2 335 307 306 340
234 235 226 207 192 180 172 167 158 149 142 133 134 154 154 140 137 141 141 134 129 127 123 123 126 128 132 131 122 116 124 142 152 170 189 197 191 183 176 165 157 191 226 246 258 284 315 337 332 322 324 334 335 333 333 335 332 330 341 358 4 4 0 353 352 355 332 315 322 333 341 350 1 16 37 49 33 356 5 37 32 8 357 357 1 8 15 21 20 16 11 2 338 308 295 315
236 235 224 205 191 182 173 166 160 152 145 136 132 147 154 148 140 139 139 136 132 132 131 128 126 126 130 136 136 127 125 151 170 147 163 197 192 183 184 192 221 264 269 257 247 284 320 335 335 330 329 333 334 332 328 329 332 332 342 358 6 9 9 6 3 359 336 311 306 316 333 357 19 35 47 53 41 14 45 46 22 15 12 0 3 15 22 24 23 23 17 0 341 318 301 310
234 232 219 200 190 184 174 162 158 155 150 143 135 135 145 155 154 147 142 141 139 139 138 138 134 131 131 133 137 134 131 172 192 181 191 253 148 123 175 242 268 300 330 340 310 303 316 330 335 334 332 329 330 331 323 318 323 327 338 356 8 19 24 25 18 1 342 321 309 309 324 7 30 33 41 50 46 47 61 332 359 27 34 7 4 21 27 25 24 26 17 359 346 333 315 307
230 226 213 199 192 188 174 157 155 155 153 150 142 134 130 142 156 160 153 146 146 147 144 144 143 140 139 137 136 136 127 159 184 199 221 231 168 76 356 295 280 301 327 339 334 322 322 330 333 333 334 332 325 324 318 312 317 321 331 351 13 35 43 37 21 1 344 330 325 323 333 7 20 22 31 42 43 43 23 327 349 40 46 16 8 27 30 20 17 17 9 1 354 349 333 314
230 221 210 201 195 191 175 155 152 155 155 152 148 142 125 122 141 169 168 150 144 147 145 140 140 140 143 143 143 148 125 119 165 228 248 246 237 336 343 333 321 318 323 329 331 328 328 332 330 327 332 336 323 314 309 303 306 314 324 345 20 48 49 32 14 359 347 335 334 340 348 1 13 21 33 43 43 41 20 332 349 60 56 25 16 33 28 11 5 4 4 4 2 359 348 327
232 219 206 196 190 186 176 161 156 157 157 155 152 148 133 116 111 144 165 163 149 139 141 138 133 132 138 147 150 163 140 99 39 282 268 257 256 295 318 327 332 331 331 332 329 326 329 333 330 324 328 336 321 306 300 292 287 292 306 330 23 48 37 22 11 3 354 343 342 350 359 10 22 29 39 44 41 39 27 359 88 89 60 29 24 34 26 10 0 353 355 359 3 9 3 340
227 211 197 186 182 180 175 167 162 160 160 158 155 151 142 125 106 113 142 180 171 137 138 142 136 128 133 155 173 173 157 70 349 308 287 287 283 302 313 317 325 331 335 339 334 327 330 337 336 328 328 337 323 303 293 283 273 274 287 307 11 40 28 21 15 10 2 353 351 356 6 23 35 34 38 40 38 41 39 49 97 93 42 27 30 31 23 15 1 345 341 343 358 18 16 355
218 206 196 185 178 174 170 166 161 157 159 162 158 153 148 139 123 108 102 162 164 140 139 147 147 137 135 181 237 274 344 358 318 299 300 315 299 304 317 320 321 327 330 335 334 329 331 338 342 341 337 337 328 308 286 273 264 267 276 285 289 28 21 21 16 6 1 359 0 3 14 32 42 38 38 38 41 48 53 64 78 48 17 28 36 30 19 10 358 345 339 336 352 15 11 358
214 209 201 190 181 172 166 163 157 153 157 165 162 155 151 146 140 125 107 127 146 141 138 145 150 147 154 246 263 280 334 3 337 324 330 339 320 306 313 323 327 329 327 327 329 332 337 341 348 356 354 341 334 323 295 278 271 272 277 285 264 314 355 15 7 351 354 2 7 11 27 49 56 49 42 38 42 50 53 60 56 11 6 42 50 33 13 358 351 346 340 336 344 1 1 356
216 207 196 187 180 173 169 166 159 152 157 168 165 155 152 150 148 145 138 139 148 150 144 140 140 142 287 277 258 248 266 318 328 329 336 344 335 318 313 321 328 331 328 324 321 325 334 341 351 4 7 2 354 341 315 296 290 284 285 306 308 301 329 5 359 340 347 5 17 29 52 68 69 57 43 35 38 42 43 49 43 23 36 67 62 28 1 350 347 346 340 334 338 351 354 352
216 198 187 181 178 175 172 169 162 153 157 170 167 158 155 154 152 149 144 137 145 166 174 157 137 332 314 289 256 275 292 307 318 321 329 339 338 330 322 321 326 330 326 320 309 308 319 331 349 11 19 22 18 358 327 302 291 284 283 315 324 297 302 347 349 332 341 8 30 52 72 78 73 60 46 37 35 34 41 51 49 48 65 71 51 7 346 341 342 345 337 327 329 341 344 343
213 193 181 177 175 174 171 167 163 156 156 165 165 159 158 159 157 153 150 140 136 177 201 199 252 307 283 271 267 298 304 307 316 319 323 331 332 329 326 324 328 332 325 315 301 294 298 309 335 12 22 24 20 14 356 311 280 271 270 295 327 303 270 281 317 313 328 9 45 67 80 81 74 64 57 43 36 40 55 65 64 64 67 58 34 8 345 329 333 342 330 312 309 321 328 329
210 190 179 173 173 175 170 164 163 162 159 159 160 157 158 161 159 152 152 153 139 190 221 243 266 335 349 343 332 324 314 307 311 319 324 329 328 325 324 323 327 336 328 314 297 285 282 287 305 353 14 22 26 31 24 353 296 276 277 293 324 337 312 291 293 298 318 5 48 68 75 75 68 59 51 32 32 48 64 69 64 60 53 39 28 22 5 325 324 343 332 310 305 309 314 320
198 186 178 173 172 173 169 162 164 167 164 159 160 161 158 158 162 163 157 165 345 355 314 275 258 302 330 337 340 339 330 316 309 314 323 330 330 326 322 319 322 332 330 318 295 279 270 271 281 317 6 28 35 33 22 15 345 297 294 305 321 344 349 337 307 295 315 354 39 61 65 64 58 49 39 28 36 49 60 59 51 46 39 35 37 36 23 339 322 338 331 317 314 314 311 315
183 182 179 175 173 172 167 160 162 168 164 155 157 166 162 150 164 212 259 305 348 2 353 344 321 314 319 324 333 341 339 331 322 319 326 334 338 336 330 323 320 325 329 325 298 277 266 263 263 275 344 34 33 18 20 33 16 314 297 304 317 327 345 8 344 305 313 343 37 61 61 58 52 43 38 36 46 53 55 52 47 46 44 48 52 46 31 1 335 329 323 316 316 320 315 309
181 180 177 174 173 172 169 164 165 173 169 154 143 153 159 148 178 270 258 235 224 298 322 331 334 330 325 322 326 336 336 332 330 327 331 338 345 349 346 339 325 319 328 333 305 280 268 260 250 253 291 25 30 19 38 44 17 338 295 287 309 319 318 3 342 318 321 349 48 65 59 53 46 42 42 47 57 57 55 59 64 64 63 63 59 46 31 18 0 331 320 314 313 318 321 313
187 180 175 170 169 171 171 169 174 186 187 177 155 131 142 214 304 291 244 250 316 314 307 311 325 333 332 328 326 332 330 326 327 327 331 336 346 359 3 358 339 319 327 343 314 280 266 256 247 251 260 352 40 46 50 14 6 8 344 302 309 348 346 319 322 316 323 18 69 67 55 48 44 45 49 54 59 54 57 69 77 78 76 71 60 49 45 44 25 336 319 313 308 306 311 314
163 175 174 168 167 169 170 170 186 219 207 162 165 162 36 306 289 261 239 292 329 337 316 304 312 327 330 328 324 327 327 324 325 327 330 335 347 10 15 5 344 323 331 0 335 278 259 253 251 251 243 231 29 40 18 346 354 11 0 334 324 351 353 338 326 311 291 99 94 66 46 45 46 50 53 56 57 53 63 75 81 82 81 74 63 67 88 82 15 334 319 312 309 298 282 279
112 156 179 179 181 188 194 194 245 261 117 109 145 232 287 317 292 238 263 286 315 346 332 307 309 324 330 330 325 321 322 321 323 325 329 338 356 23 20 359 343 329 340 14 6 328 297 280 271 262 249 253 308 5 357 335 341 356 358 355 344 333 343 357 359 345 157 114 75 33 40 54 59 64 67 69 69 69 76 82 83 82 79 72 66 70 69 19 341 334 325 315 313 310 285 273
103 106 173 196 212 224 227 206 221 239 149 86 42 301 283 284 241 296 284 284 298 336 335 314 312 323 330 331 329 324 322 320 319 321 325 338 1 22 7 347 342 337 344 3 1 352 340 324 308 290 270 279 314 357 354 326 329 343 358 15 18 328 240 243 9 42 118 43 11 27 78 90 91 92 93 92 91 91 90 87 83 78 72 68 67 55 31 9 354 345 338 328 319 323 324 306
103 75 149 189 214 217 199 179 202 235 206 45 7 344 340 355 349 335 309 292 293 316 325 315 310 316 322 323 324 323 322 320 319 321 326 343 356 1 346 334 337 342 344 348 353 356 354 348 340 329 307 298 317 2 2 326 320 331 1 38 45 53 176 243 288 58 46 314 352 69 103 109 107 105 105 104 102 99 92 86 82 75 66 65 65 37 20 21 17 356 346 344 330 317 328 353
343 97 148 192 210 188 185 196 226 247 244 313 339 343 350 359 356 346 329 308 300 310 314 307 304 307 312 313 312 311 314 315 317 321 328 344 344 341 333 325 330 339 341 340 347 355 358 358 355 350 335 317 325 4 7 344 327 323 2 44 39 45 43 283 265 24 7 339 54 102 111 115 113 109 108 107 105 99 82 80 82 72 59 65 70 47 35 50 45 19 337 322 327 318 298 325
336 76 93 257 276 40 348 295 307 325 312 310 320 329 343 0 359 348 336 320 308 309 305 298 294 294 298 301 300 298 301 305 307 315 324 335 330 325 320 315 319 331 337 337 344 353 358 2 1 357 347 331 334 5 15 10 3 331 217 31 32 49 49 349 296 312 349 26 100 109 114 116 112 105 102 98 93 82 70 75 75 61 55 68 74 67 69 60 38 24 355 317 326 339 302 295
327 44 29 349 336 353 353 345 341 344 336 323 322 325 336 356 357 348 337 324 314 310 300 288 281 278 278 282 287 286 288 288 283 290 306 321 317 312 311 306 301 313 328 334 342 351 358 4 5 3 358 347 350 21 37 43 53 101 182 246 16 55 52 3 333 323 356 79 106 111 115 115 107 96 85 76 64 52 61 69 63 49 57 72 74 66 57 13 9 16 6 337 335 346 328 287
322 15 14 1 349 340 346 355 352 344 337 328 326 328 334 347 351 349 342 330 324 322 307 290 279 272 267 267 269 270 272 269 260 270 290 307 308 304 303 302 293 296 309 322 334 347 357 6 10 12 11 8 17 37 42 44 56 69 21 282 315 60 49 359 344 346 39 81 90 91 90 87 81 77 70 64 58 54 62 64 55 47 61 73 72 56 4 325 348 19 15 345 337 342 349 349
340 8 10 1 350 338 341 355 353 342 334 325 324 329 333 341 343 343 342 337 335 335 324 304 286 273 263 256 250 252 256 252 249 264 281 296 301 298 296 298 294 288 289 295 304 325 351 12 22 25 23 18 24 31 32 39 49 32 1 331 320 68 34 352 351 10 53 67 62 58 49 44 48 57 62 66 67 64 63 58 49 49 66 73 67 37 354 325 338 28 22 346 330 331 353 24
8 15 6 353 348 345 345 350 348 342 334 326 325 330 335 341 339 334 336 338 338 341 332 315 296 278 264 253 247 250 250 239 238 250 258 264 271 277 282 285 285 278 271 269 272 286 327 17 28 26 21 15 18 23 31 44 44 9 359 21 59 49 6 340 355 36 60 56 47 46 44 47 57 64 68 70 70 66 62 56 53 64 81 82 70 24 348 332 347 30 17 348 328 319 345 27
31 6 355 350 350 351 350 349 345 339 334 329 328 332 335 338 340 337 338 342 341 340 328 312 303 288 272 262 258 255 245 226 224 233 233 229 233 248 262 267 267 262 254 253 259 273 307 359 15 21 20 13 14 18 30 45 42 35 87 103 40 21 356 326 358 55 63 51 48 56 62 71 81 81 74 71 68 64 65 66 70 86 102 100 84 26 323 316 336 10 5 353 337 320 330 11
31 343 340 350 354 356 354 350 343 336 333 331 330 333 334 333 339 345 351 358 358 351 337 320 311 301 287 276 269 259 243 223 225 235 233 226 231 244 251 254 257 254 248 249 252 259 275 325 8 24 23 12 8 9 28 47 50 61 84 229 325 29 29 293 0 62 52 40 50 67 76 83 89 86 77 72 65 62 64 68 81 89 96 93 70 7 314 307 321 341 352 356 348 333 324 335
