data/Kitral/Portillo-asc/elevation.asc
ncols         500
nrows         500
xllcorner     335983.8501
yllcorner     6142463.5042
cellsize      30
NODATA_value -9999                                                                              
[rows 320 to 359 of 500, columns 0 to 88 of 500]
1115 1115 1114 1112 1110 1107 1103 1099 1094 1089 1083 1078 1072 1066 1060 1054 1048 1043 1037 1033 1028 1024 1019 1015 1011 1007 1003 999 995 990 985 980 975 969 963 957 950 943 936 929 923 916 910 904 898 893 889 885 882 880 879 878 877 877 878 879 880 882 883 885 886 888 889 891 892 893 894 894 895 896 897 898 899 900 901 903 905 908 911 914 918 922 926 931 935 940 945 950 955
1121 1121 1120 1118 1116 1113 1109 1105 1100 1095 1090 1084 1078 1072 1066 1060 1054 1049 1043 1038 1034 1029 1025 1020 1016 1012 1008 1003 999 994 989 984 978 972 966 959 953 946 939 932 925 918 912 906 900 895 891 887 884 882 880 879 879 879 879 880 881 883 884 886 888 889 891 892 893 894 895 896 896 897 898 899 900 902 903 905 907 910 912 916 919 923 928 932 937 942 946 951 957
1126 1126 1125 1124 1122 1119 1115 1111 1106 1101 1095 1090 1084 1078 1072 1066 1060 1054 1049 1044 1039 1034 1030 1025 1021 1016 1012 1007 1003 998 993 987 982 975 969 962 955 948 941 934 927 920 914 908 902 897 892 888 885 883 881 880 880 880 881 881 883 884 885 887 889 890 892 893 894 895 896 897 898 899 900 901 902 903 905 907 909 911 914 917 921 925 929 934 938 943 948 953 958
1132 1132 1131 1129 1127 1124 1120 1116 1112 1106 1101 1095 1090 1084 1078 1072 1066 1060 1054 1049 1044 1039 1035 1030 1025 1021 1016 1011 1007 1002 996 991 985 978 972 965 958 950 943 936 929 922 916 909 904 898 894 890 887 884 883 882 881 881 882 883 884 885 887 888 890 891 893 894 895 896 897 898 899 900 901 902 903 905 906 908 910 913 916 919 923 927 931 935 940 944 949 954 959
1137 1137 1136 1134 1132 1129 1126 1122 1117 1112 1107 1101 1095 1089 1083 1077 1071 1065 1060 1054 1049 1044 1040 1035 1030 1025 1020 1015 1010 1005 1000 994 988 981 974 967 960 953 945 938 931 924 917 911 905 900 895 892 888 886 884 883 883 883 883 884 885 886 888 889 891 893 894 895 897 898 899 900 900 901 902 903 905 906 908 910 912 914 917 921 924 928 932 937 941 946 951 956 960
1141 1141 1141 1139 1137 1134 1131 1126 1122 1117 1112 1106 1100 1094 1088 1082 1076 1071 1065 1060 1054 1049 1044 1039 1034 1029 1024 1019 1014 1008 1003 997 990 984 977 970 962 955 947 940 933 926 919 913 907 902 897 893 890 887 886 884 884 884 884 885 886 887 889 891 892 894 895 897 898 899 900 901 902 903 904 905 906 908 909 911 914 916 919 922 926 930 934 938 943 947 952 957 962
1146 1146 1145 1144 1141 1139 1135 1131 1127 1122 1116 1111 1105 1099 1093 1087 1081 1076 1070 1064 1059 1054 1049 1043 1038 1033 1028 1023 1017 1012 1006 1000 993 986 979 972 965 957 949 942 935 928 921 915 909 903 899 895 891 889 887 886 885 885 886 886 887 889 890 892 893 895 896 898 899 900 901 902 903 904 905 906 908 909 911 913 915 918 921 924 928 932 936 940 945 949 954 959 964
1150 1150 1149 1147 1145 1143 1139 1135 1131 1126 1121 1115 1110 1104 1098 1092 1086 1080 1074 1069 1063 1058 1053 1047 1042 1037 1031 1026 1020 1014 1008 1002 996 989 981 974 967 959 951 944 936 929 923 916 910 905 900 896 893 890 888 887 887 887 887 888 889 890 891 893 895 896 898 899 900 901 903 904 905 906 907 908 909 911 913 915 917 920 923 926 929 933 937 942 946 951 956 960 965
1153 1153 1152 1151 1149 1146 1143 1139 1135 1130 1125 1119 1114 1108 1102 1096 1090 1084 1079 1073 1067 1062 1056 1051 1046 1040 1035 1029 1023 1017 1011 1005 998 991 984 976 968 961 953 946 938 931 924 918 912 906 902 898 894 892 890 889 888 888 888 889 890 891 893 894 896 898 899 900 902 903 904 905 906 907 908 910 911 913 914 916 919 921 924 928 931 935 939 944 948 953 957 962 967
1156 1156 1155 1154 1152 1149 1146 1142 1138 1133 1128 1123 1117 1112 1106 1100 1094 1088 1082 1077 1071 1065 1060 1054 1049 1043 1037 1032 1026 1020 1013 1007 1000 993 985 978 970 962 955 947 940 933 926 919 913 908 903 899 896 893 891 890 890 890 890 890 892 893 894 896 897 899 901 902 903 904 906 907 908 909 910 911 913 914 916 918 921 923 926 929 933 937 941 945 950 954 959 964 969
1158 1158 1158 1156 1154 1152 1149 1145 1141 1136 1131 1126 1121 1115 1109 1103 1097 1091 1086 1080 1074 1068 1063 1057 1051 1046 1040 1034 1028 1022 1015 1009 1002 994 987 979 972 964 956 949 941 934 927 921 915 910 905 901 898 895 893 892 891 891 892 892 893 894 896 897 899 901 902 904 905 906 907 908 909 911 912 913 915 916 918 920 922 925 928 931 935 939 943 947 952 956 961 966 971
1160 1160 1160 1158 1156 1154 1151 1147 1143 1138 1134 1128 1123 1117 1112 1106 1100 1094 1088 1082 1077 1071 1065 1060 1054 1048 1042 1036 1030 1023 1017 1010 1003 996 988 981 973 965 958 950 943 936 929 923 917 911 907 903 899 897 895 894 893 893 893 894 895 896 898 899 901 902 904 905 907 908 909 910 911 912 914 915 917 918 920 922 924 927 930 933 937 941 945 949 954 958 963 968 973
1162 1161 1161 1159 1158 1155 1152 1148 1144 1140 1135 1130 1125 1119 1114 1108 1102 1096 1090 1084 1079 1073 1067 1061 1056 1050 1044 1037 1031 1025 1018 1011 1004 997 990 982 974 967 959 952 944 937 931 924 919 913 909 905 901 899 897 896 895 895 895 896 897 898 900 901 903 904 906 907 909 910 911 912 913 915 916 917 919 920 922 924 927 929 932 935 939 943 947 951 956 960 965 970 974
1162 1162 1161 1160 1158 1156 1153 1149 1145 1141 1136 1131 1126 1121 1115 1109 1103 1098 1092 1086 1080 1074 1069 1063 1057 1051 1045 1038 1032 1026 1019 1012 1005 998 991 983 975 968 960 953 946 939 932 926 920 915 911 907 904 901 899 898 898 897 898 898 899 901 902 903 905 907 908 910 911 912 913 914 916 917 918 919 921 923 924 926 929 931 934 938 941 945 949 953 958 962 967 972 976
1162 1162 1161 1160 1158 1155 1152 1149 1145 1141 1136 1131 1126 1121 1115 1110 1104 1098 1092 1087 1081 1075 1069 1063 1057 1051 1045 1039 1033 1026 1020 1013 1006 999 991 984 976 969 961 954 947 940 934 928 922 917 913 909 906 904 902 901 900 900 900 901 902 903 905 906 908 909 911 912 913 915 916 917 918 919 920 922 923 925 927 929 931 934 937 940 943 947 951 955 960 964 969 973 978
1161 1161 1160 1159 1157 1154 1151 1148 1144 1140 1136 1131 1126 1121 1115 1110 1104 1098 1092 1087 1081 1075 1069 1063 1057 1051 1045 1039 1033 1026 1020 1013 1006 999 992 984 977 970 962 955 949 942 936 930 924 920 915 912 909 906 905 904 903 903 903 904 905 906 907 909 910 912 913 915 916 917 918 920 921 922 923 924 926 928 929 931 934 936 939 942 946 949 953 957 962 966 971 975 980
1159 1159 1158 1157 1155 1153 1150 1146 1143 1139 1134 1129 1124 1119 1114 1108 1103 1097 1091 1086 1080 1074 1068 1063 1057 1051 1045 1038 1032 1026 1019 1013 1006 999 992 985 977 970 963 957 950 944 938 932 927 922 918 914 912 909 908 907 906 906 906 907 908 909 911 912 914 915 917 918 919 920 921 923 924 925 926 927 929 930 932 934 936 939 942 945 948 952 956 960 964 968 973 977 982
1157 1156 1156 1154 1152 1150 1147 1144 1140 1136 1132 1127 1122 1117 1112 1106 1101 1095 1090 1084 1078 1073 1067 1061 1055 1049 1043 1037 1031 1025 1018 1012 1005 998 992 985 978 971 964 958 951 945 939 934 929 925 921 917 915 913 911 910 910 910 910 911 912 913 914 916 917 919 920 921 923 924 925 926 927 928 929 930 932 933 935 937 939 942 944 947 951 954 958 962 966 970 974 979 984
1153 1153 1152 1151 1149 1146 1143 1140 1136 1132 1128 1124 1119 1114 1109 1103 1098 1093 1087 1081 1076 1070 1065 1059 1053 1047 1041 1035 1029 1023 1017 1011 1004 998 991 984 978 971 965 959 953 947 941 936 932 927 924 921 918 916 915 914 914 914 914 915 916 917 918 919 921 922 924 925 926 927 928 929 930 932 933 934 935 937 938 940 942 945 947 950 953 957 960 964 968 972 976 981 985
1149 1149 1147 1146 1144 1142 1139 1135 1132 1128 1124 1119 1115 1110 1105 1099 1094 1089 1083 1078 1072 1067 1061 1056 1050 1044 1039 1033 1027 1021 1015 1009 1003 997 990 984 978 972 966 960 954 949 943 939 934 930 927 924 922 920 919 918 918 918 918 919 920 921 922 924 925 927 928 929 930 931 932 933 934 935 936 938 939 940 942 944 946 948 950 953 956 959 963 966 970 974 978 982 987
1144 1143 1142 1140 1138 1136 1133 1130 1126 1122 1118 1114 1109 1104 1099 1094 1089 1084 1079 1073 1068 1063 1057 1052 1046 1041 1035 1030 1024 1018 1013 1007 1001 995 989 983 977 972 966 961 955 950 946 941 937 934 931 928 926 924 923 923 923 923 923 924 925 926 927 929 930 931 933 934 935 936 937 938 939 939 940 942 943 944 945 947 949 951 953 956 959 962 965 969 972 976 980 984 988
1138 1137 1136 1134 1132 1130 1127 1123 1120 1116 1112 1108 1103 1098 1093 1088 1083 1078 1073 1068 1063 1058 1052 1047 1042 1036 1031 1026 1020 1015 1010 1004 999 993 988 982 977 972 966 961 957 952 948 944 940 937 934 932 930 929 928 928 928 928 928 929 930 931 932 934 935 936 937 939 940 940 941 942 943 944 945 946 947 948 949 951 953 955 957 959 962 965 968 971 974 978 982 986 990
1131 1130 1129 1127 1125 1122 1119 1116 1113 1109 1105 1100 1096 1091 1087 1082 1077 1072 1067 1062 1057 1052 1047 1042 1037 1032 1027 1022 1017 1011 1006 1001 996 991 986 981 976 972 967 962 958 954 950 947 944 941 938 937 935 934 933 933 933 933 934 935 936 937 938 939 940 942 943 944 945 945 946 947 948 949 949 950 951 952 953 955 956 958 960 962 965 967 970 973 977 980 983 987 991
1124 1123 1121 1120 1117 1115 1112 1108 1105 1101 1097 1093 1088 1084 1079 1075 1070 1065 1060 1055 1050 1046 1041 1036 1031 1026 1022 1017 1012 1008 1003 998 994 989 984 980 976 971 967 963 960 956 953 950 947 945 943 941 940 939 939 938 939 939 940 940 941 942 944 945 946 947 948 949 950 951 951 952 953 953 954 955 956 957 958 959 960 962 964 966 968 970 973 976 979 982 985 989 992
1117 1115 1114 1112 1109 1107 1104 1100 1097 1093 1089 1085 1080 1076 1071 1067 1062 1057 1053 1048 1043 1039 1034 1030 1025 1021 1016 1012 1008 1003 999 995 991 987 983 979 975 971 968 964 961 958 955 953 951 949 947 946 945 944 944 944 944 945 946 946 947 948 950 951 952 953 954 955 956 956 957 957 958 958 959 960 960 961 962 963 964 966 967 969 971 973 976 978 981 984 987 990 994
1109 1107 1105 1103 1101 1098 1095 1092 1088 1084 1080 1076 1072 1068 1063 1059 1054 1050 1045 1041 1036 1032 1028 1023 1019 1015 1011 1007 1003 999 995 991 988 984 981 977 974 971 968 965 962 960 958 956 954 953 951 951 950 950 950 950 950 951 952 953 954 955 956 957 958 959 960 961 961 962 962 963 963 964 964 965 965 966 967 967 968 970 971 973 974 976 978 981 983 986 989 992 995
1101 1099 1097 1095 1092 1089 1086 1083 1079 1076 1072 1068 1063 1059 1055 1050 1046 1042 1037 1033 1029 1025 1021 1017 1013 1009 1005 1002 998 995 991 988 985 982 979 976 973 971 968 966 964 962 960 959 958 957 956 955 955 955 955 956 956 957 958 959 960 961 962 963 964 965 966 966 967 968 968 968 969 969 969 970 970 971 971 972 973 974 975 976 978 979 981 983 985 988 990 993 996
1093 1091 1089 1086 1084 1081 1077 1074 1070 1067 1063 1059 1055 1050 1046 1042 1038 1034 1029 1025 1021 1018 1014 1010 1007 1003 1000 996 993 990 987 984 982 979 977 974 972 970 969 967 965 964 963 962 961 961 960 960 960 961 961 962 962 963 964 965 966 967 968 969 970 971 972 972 973 973 974 974 974 974 975 975 975 975 976 976 977 978 979 980 981 982 984 986 988 990 992 995 998
1085 1083 1080 1078 1075 1072 1069 1065 1062 1058 1054 1050 1046 1042 1038 1034 1030 1026 1022 1018 1014 1010 1007 1004 1000 997 994 991 988 986 983 981 979 977 975 973 972 970 969 968 967 966 966 965 965 965 965 965 966 966 967 968 968 969 970 971 973 974 975 976 976 977 978 978 979 979 979 980 980 980 980 980 980 980 980 981 981 982 982 983 984 985 987 988 990 992 994 996 999
1077 1075 1072 1070 1067 1064 1060 1057 1053 1049 1046 1042 1038 1034 1030 1026 1022 1018 1014 1010 1007 1004 1000 997 994 991 989 986 984 982 980 978 976 974 973 972 971 970 969 969 969 968 968 968 969 969 969 970 971 971 972 973 974 976 977 978 979 980 981 982 983 983 984 985 985 985 985 985 985 985 985 985 985 985 985 985 985 986 986 987 988 989 990 991 992 994 996 998 1000
1069 1067 1064 1062 1059 1055 1052 1049 1045 1041 1037 1033 1029 1026 1022 1018 1014 1010 1007 1003 1000 997 994 991 988 986 984 981 979 978 976 975 973 972 972 971 970 970 970 970 970 970 971 971 972 973 974 975 976 977 978 979 980 982 983 984 985 986 987 988 989 990 990 991 991 991 991 991 991 991 990 990 990 990 990 990 990 990 990 990 991 992 993 994 995 996 998 1000 1002
1062 1059 1057 1054 1051 1048 1044 1041 1037 1033 1030 1026 1022 1018 1014 1010 1007 1003 1000 997 994 991 988 985 983 981 979 977 975 974 973 972 971 971 970 970 970 970 971 971 972 973 974 975 976 977 978 979 981 982 983 985 986 987 989 990 991 992 993 994 995 996 996 996 997 997 997 996 996 996 996 995 995 995 994 994 994 994 994 994 994 995 995 996 997 998 1000 1001 1003
1055 1053 1050 1047 1044 1041 1037 1034 1030 1026 1022 1019 1015 1011 1007 1004 1000 997 994 991 988 985 983 980 978 976 975 973 972 971 970 970 969 969 969 969 970 971 971 972 974 975 976 978 979 981 982 984 985 987 989 990 992 993 994 996 997 998 999 1000 1001 1001 1002 1002 1002 1002 1002 1002 1002 1001 1001 1000 1000 999 999 999 998 998 998 998 998 998 998 999 1000 1001 1002 1003 1005
1049 1047 1044 1041 1038 1034 1031 1027 1023 1020 1016 1012 1008 1005 1001 998 994 991 988 985 983 980 978 976 974 972 971 970 969 968 968 968 968 968 968 969 970 971 972 974 975 977 979 981 982 984 986 988 990 992 994 995 997 999 1000 1001 1003 1004 1005 1006 1007 1007 1008 1008 1008 1008 1008 1007 1007 1006 1006 1005 1005 1004 1003 1003 1002 1002 1001 1001 1001 1001 1001 1002 1002 1003 1004 1005 1007
1044 1041 1038 1035 1032 1029 1025 1021 1018 1014 1010 1007 1003 999 996 993 989 986 983 981 978 976 974 972 971 969 968 967 967 966 966 966 966 967 968 969 970 972 973 975 977 979 981 983 986 988 990 992 994 996 998 1000 1002 1004 1005 1007 1008 1009 1010 1011 1012 1013 1013 1013 1013 1013 1013 1012 1012 1011 1011 1010 1009 1008 1008 1007 1006 1006 1005 1005 1004 1004 1004 1005 1005 1005 1006 1007 1009
1040 1037 1034 1031 1027 1024 1020 1017 1013 1009 1006 1002 998 995 992 988 985 982 979 977 975 973 971 969 968 967 966 965 965 965 965 965 966 967 968 969 971 973 975 977 979 981 984 986 989 991 994 996 998 1000 1003 1005 1007 1008 1010 1012 1013 1014 1015 1016 1017 1018 1018 1018 1018 1018 1018 1017 1017 1016 1015 1014 1014 1013 1012 1011 1010 1009 1009 1008 1008 1007 1007 1007 1008 1008 1009 1009 1011
1036 1033 1030 1027 1023 1020 1016 1013 1009 1006 1002 998 995 991 988 985 982 979 976 974 972 970 968 967 966 965 964 964 964 964 964 965 966 967 968 970 972 974 976 978 981 984 986 989 992 994 997 999 1002 1004 1007 1009 1011 1013 1015 1016 1018 1019 1020 1021 1022 1023 1023 1023 1023 1023 1023 1022 1021 1021 1020 1019 1018 1017 1016 1015 1014 1013 1012 1012 1011 1011 1010 1010 1010 1010 1011 1012 1013
1033 1030 1027 1024 1020 1017 1013 1010 1006 1002 999 995 992 988 985 982 979 977 974 972 970 968 967 965 964 964 963 963 963 963 964 965 966 967 969 971 973 975 978 980 983 986 989 991 994 997 1000 1003 1005 1008 1010 1013 1015 1017 1019 1021 1022 1024 1025 1026 1027 1027 1028 1028 1028 1028 1027 1027 1026 1025 1024 1023 1022 1021 1020 1019 1018 1017 1016 1015 1014 1014 1013 1013 1013 1013 1013 1014 1015
1030 1027 1024 1021 1018 1014 1011 1007 1004 1000 997 993 990 986 983 980 977 975 972 970 968 967 966 964 964 963 963 963 963 963 964 965 966 968 970 972 974 977 979 982 985 988 991 994 997 1000 1003 1006 1009 1011 1014 1016 1019 1021 1023 1025 1026 1028 1029 1030 1031 1032 1032 1032 1032 1032 1032 1031 1030 1029 1028 1027 1026 1025 1024 1022 1021 1020 1019 1018 1017 1017 1016 1016 1016 1016 1016 1016 1017
1029 1026 1023 1019 1016 1012 1009 1005 1002 998 995 991 988 985 982 979 976 974 971 969 968 966 965 964 963 963 963 963 963 964 965 966 967 969 971 973 976 978 981 984 987 990 993 996 1000 1003 1006 1009 1012 1015 1017 1020 1022 1025 1027 1029 1030 1032 1033 1034 1035 1036 1036 1037 1036 1036 1036 1035 1034 1033 1032 1031 1030 1028 1027 1026 1025 1023 1022 1021 1020 1020 1019 1019 1018 1018 1018 1019 1019
