data/Kitral/Portillo-asc/elevation.asc
ncols         500
nrows         500
xllcorner     335983.8501
yllcorner     6142463.5042
cellsize      30
NODATA_value -9999                                                                              
[rows 400 to 439 of 500, columns 0 to 88 of 500]
1112 1109 1106 1103 1101 1099 1097 1096 1095 1094 1094 1094 1095 1095 1096 1098 1099 1101 1104 1106 1109 1112 1115 1118 1122 1126 1129 1133 1137 1140 1144 1148 1151 1154 1157 1160 1163 1166 1168 1171 1173 1175 1177 1179 1180 1182 1183 1184 1185 1186 1187 1188 1188 1188 1188 1188 1188 1187 1186 1185 1184 1183 1181 1179 1177 1175 1172 1170 1167 1164 1162 1159 1156 1154 1151 1149 1147 1145 1144 1142 1141 1140 1140 1139 1139 1139 1139 1139 1139
1113 1110 1107 1104 1102 1101 1099 1098 1097 1097 1097 1097 1098 1099 1100 1102 1104 1106 1108 1111 1114 1117 1120 1124 1128 1131 1135 1139 1143 1147 1150 1154 1157 1161 1164 1167 1170 1173 1175 1178 1180 1182 1184 1186 1188 1189 1190 1191 1192 1193 1194 1194 1194 1194 1194 1194 1193 1193 1192 1190 1189 1188 1186 1184 1182 1179 1177 1174 1171 1169 1166 1163 1160 1158 1155 1153 1151 1149 1147 1146 1145 1144 1143 1143 1142 1142 1142 1142 1142
1114 1111 1108 1106 1104 1102 1101 1100 1100 1100 1100 1100 1101 1102 1104 1106 1108 1110 1113 1116 1119 1122 1126 1129 1133 1137 1141 1145 1149 1153 1156 1160 1164 1167 1171 1174 1177 1180 1182 1185 1187 1189 1191 1193 1195 1196 1197 1198 1199 1200 1200 1200 1201 1200 1200 1200 1199 1198 1197 1196 1194 1192 1190 1188 1186 1183 1181 1178 1175 1172 1170 1167 1164 1162 1159 1157 1155 1153 1151 1149 1148 1147 1146 1146 1145 1145 1145 1145 1145
1115 1112 1109 1107 1105 1104 1103 1102 1102 1102 1103 1103 1104 1106 1108 1110 1112 1114 1117 1120 1124 1127 1131 1135 1139 1142 1146 1151 1155 1159 1162 1166 1170 1174 1177 1180 1183 1186 1189 1191 1194 1196 1198 1200 1201 1203 1204 1205 1206 1206 1207 1207 1207 1206 1206 1205 1204 1203 1202 1200 1199 1197 1195 1193 1190 1187 1185 1182 1179 1176 1173 1171 1168 1165 1163 1160 1158 1156 1154 1153 1151 1150 1150 1149 1148 1148 1148 1148 1148
1115 1112 1110 1108 1106 1105 1105 1104 1104 1104 1105 1106 1108 1109 1111 1113 1116 1119 1122 1125 1128 1132 1136 1140 1144 1148 1152 1156 1160 1164 1168 1172 1176 1180 1183 1187 1190 1193 1196 1198 1201 1203 1205 1207 1208 1210 1211 1212 1212 1213 1213 1213 1213 1212 1212 1211 1210 1208 1207 1205 1203 1201 1199 1197 1194 1192 1189 1186 1183 1180 1177 1174 1171 1169 1166 1164 1161 1159 1157 1156 1155 1153 1153 1152 1151 1151 1151 1151 1151
1115 1113 1110 1109 1107 1107 1106 1106 1106 1107 1108 1109 1111 1112 1115 1117 1120 1123 1126 1130 1133 1137 1141 1145 1149 1153 1158 1162 1166 1170 1174 1178 1182 1186 1190 1193 1196 1199 1202 1205 1207 1209 1211 1213 1215 1216 1217 1218 1219 1219 1219 1219 1219 1218 1217 1216 1215 1214 1212 1210 1208 1206 1204 1201 1198 1196 1193 1190 1187 1184 1181 1178 1175 1172 1169 1167 1165 1163 1161 1159 1158 1156 1155 1155 1154 1154 1153 1153 1153
1115 1113 1111 1109 1108 1108 1107 1107 1108 1109 1110 1112 1113 1116 1118 1121 1124 1127 1130 1134 1138 1142 1146 1150 1154 1159 1163 1167 1172 1176 1180 1184 1188 1192 1196 1199 1202 1206 1208 1211 1214 1216 1218 1220 1221 1223 1224 1225 1225 1225 1225 1225 1225 1224 1223 1222 1220 1219 1217 1215 1213 1210 1208 1205 1202 1199 1196 1193 1190 1187 1184 1181 1178 1175 1173 1170 1168 1166 1164 1162 1161 1159 1158 1157 1157 1156 1156 1156 1156
1115 1113 1111 1110 1109 1109 1109 1109 1110 1111 1112 1114 1116 1119 1121 1124 1127 1131 1134 1138 1142 1146 1151 1155 1159 1164 1168 1173 1177 1182 1186 1190 1194 1198 1202 1205 1209 1212 1215 1218 1220 1222 1225 1226 1228 1229 1230 1231 1231 1232 1231 1231 1230 1230 1228 1227 1225 1224 1222 1219 1217 1215 1212 1209 1206 1203 1200 1197 1194 1191 1188 1185 1182 1179 1176 1173 1171 1169 1167 1165 1163 1162 1161 1160 1159 1159 1158 1158 1158
1115 1113 1111 1110 1110 1109 1110 1110 1111 1113 1114 1116 1119 1121 1124 1127 1131 1134 1138 1142 1146 1151 1155 1160 1164 1169 1173 1178 1183 1187 1192 1196 1200 1204 1208 1211 1215 1218 1221 1224 1227 1229 1231 1233 1234 1236 1237 1237 1238 1238 1238 1237 1236 1235 1234 1232 1231 1229 1226 1224 1222 1219 1216 1213 1210 1207 1204 1201 1198 1194 1191 1188 1185 1182 1179 1176 1174 1172 1170 1168 1166 1165 1164 1162 1162 1161 1161 1160 1160
1114 1113 1111 1111 1110 1110 1111 1112 1113 1114 1116 1119 1121 1124 1127 1131 1134 1138 1142 1146 1151 1155 1160 1164 1169 1174 1179 1183 1188 1193 1197 1202 1206 1210 1214 1218 1221 1224 1228 1230 1233 1235 1237 1239 1241 1242 1243 1244 1244 1244 1243 1243 1242 1241 1239 1238 1236 1234 1231 1229 1226 1223 1220 1217 1214 1211 1208 1204 1201 1198 1195 1191 1188 1185 1182 1180 1177 1175 1173 1171 1169 1167 1166 1165 1164 1163 1163 1162 1162
1114 1112 1111 1111 1111 1111 1112 1113 1114 1116 1118 1121 1124 1127 1130 1134 1137 1142 1146 1150 1155 1159 1164 1169 1174 1179 1184 1189 1193 1198 1203 1207 1212 1216 1220 1224 1227 1231 1234 1237 1239 1242 1244 1246 1247 1248 1249 1250 1250 1250 1249 1249 1248 1246 1245 1243 1241 1238 1236 1233 1231 1228 1225 1221 1218 1215 1211 1208 1205 1201 1198 1195 1192 1188 1186 1183 1180 1178 1175 1173 1172 1170 1169 1168 1167 1166 1165 1165 1164
1113 1112 1111 1111 1111 1111 1112 1114 1115 1117 1120 1123 1126 1129 1133 1136 1141 1145 1149 1154 1159 1164 1168 1174 1179 1184 1189 1194 1199 1204 1208 1213 1218 1222 1226 1230 1234 1237 1240 1243 1246 1248 1250 1252 1254 1255 1256 1256 1256 1256 1255 1254 1253 1252 1250 1248 1246 1243 1241 1238 1235 1232 1229 1225 1222 1219 1215 1212 1208 1205 1201 1198 1195 1192 1189 1186 1183 1181 1178 1176 1174 1173 1171 1170 1169 1168 1167 1167 1166
1113 1112 1111 1111 1111 1112 1113 1115 1116 1119 1121 1124 1128 1131 1135 1139 1143 1148 1153 1157 1162 1167 1173 1178 1183 1188 1194 1199 1204 1209 1214 1219 1223 1228 1232 1236 1240 1243 1247 1250 1252 1255 1257 1259 1260 1261 1262 1262 1262 1262 1261 1260 1259 1257 1255 1253 1251 1248 1245 1242 1239 1236 1233 1229 1226 1222 1219 1215 1212 1208 1205 1202 1198 1195 1192 1189 1186 1184 1181 1179 1177 1175 1174 1173 1171 1170 1170 1169 1168
1113 1112 1111 1111 1111 1112 1114 1115 1117 1120 1123 1126 1129 1133 1137 1142 1146 1151 1156 1161 1166 1171 1177 1182 1188 1193 1199 1204 1209 1215 1220 1225 1229 1234 1238 1242 1246 1250 1253 1256 1259 1261 1263 1265 1266 1268 1268 1269 1268 1268 1267 1266 1264 1263 1261 1258 1256 1253 1250 1247 1244 1240 1237 1234 1230 1226 1223 1219 1216 1212 1209 1205 1202 1199 1195 1192 1190 1187 1184 1182 1180 1178 1177 1175 1174 1173 1172 1171 1171
1112 1111 1111 1111 1112 1113 1114 1116 1118 1121 1124 1127 1131 1135 1139 1144 1149 1154 1159 1164 1169 1175 1181 1186 1192 1198 1203 1209 1215 1220 1225 1230 1235 1240 1244 1249 1253 1256 1260 1263 1265 1268 1270 1272 1273 1274 1275 1275 1275 1274 1273 1272 1270 1268 1266 1264 1261 1258 1255 1252 1248 1245 1241 1238 1234 1230 1227 1223 1219 1216 1212 1209 1205 1202 1199 1196 1193 1190 1188 1185 1183 1181 1179 1178 1176 1175 1174 1173 1173
1112 1111 1111 1111 1112 1113 1115 1117 1119 1122 1125 1129 1133 1137 1141 1146 1151 1156 1161 1167 1173 1178 1184 1190 1196 1202 1208 1214 1220 1225 1231 1236 1241 1246 1251 1255 1259 1263 1266 1269 1272 1274 1276 1278 1279 1280 1281 1281 1281 1280 1279 1277 1276 1274 1271 1269 1266 1263 1260 1256 1253 1249 1246 1242 1238 1234 1231 1227 1223 1220 1216 1212 1209 1206 1202 1199 1196 1193 1191 1188 1186 1184 1182 1180 1179 1178 1176 1176 1175
1112 1111 1111 1111 1112 1113 1115 1117 1120 1123 1126 1130 1134 1138 1143 1148 1153 1158 1164 1170 1176 1182 1188 1194 1200 1207 1213 1219 1225 1231 1237 1242 1247 1252 1257 1261 1265 1269 1273 1276 1278 1281 1283 1284 1286 1287 1287 1287 1287 1286 1285 1283 1281 1279 1277 1274 1271 1268 1264 1261 1257 1254 1250 1246 1242 1239 1235 1231 1227 1223 1220 1216 1213 1209 1206 1203 1200 1197 1194 1192 1189 1187 1185 1183 1181 1180 1179 1178 1177
1111 1111 1111 1111 1112 1114 1116 1118 1121 1124 1127 1131 1135 1140 1145 1150 1155 1161 1166 1172 1179 1185 1191 1198 1204 1211 1217 1224 1230 1236 1242 1248 1253 1258 1263 1268 1272 1276 1279 1282 1285 1287 1289 1291 1292 1293 1293 1293 1293 1292 1290 1289 1287 1284 1282 1279 1276 1273 1269 1266 1262 1258 1254 1250 1246 1243 1239 1235 1231 1227 1224 1220 1216 1213 1210 1206 1203 1200 1197 1195 1192 1190 1188 1186 1184 1183 1181 1180 1179
1111 1111 1111 1112 1113 1114 1116 1118 1121 1124 1128 1132 1136 1141 1146 1151 1157 1163 1169 1175 1181 1188 1195 1202 1208 1215 1222 1228 1235 1241 1247 1253 1259 1264 1269 1274 1278 1282 1285 1289 1291 1294 1296 1297 1298 1299 1299 1299 1298 1297 1296 1294 1292 1290 1287 1284 1281 1277 1274 1270 1266 1262 1258 1254 1251 1247 1243 1239 1235 1231 1227 1224 1220 1217 1213 1210 1207 1204 1201 1198 1195 1193 1191 1189 1187 1185 1184 1182 1181
1111 1111 1111 1112 1113 1115 1117 1119 1122 1125 1129 1133 1138 1142 1147 1153 1159 1165 1171 1177 1184 1191 1198 1205 1212 1219 1226 1233 1240 1246 1253 1259 1265 1270 1275 1280 1284 1288 1292 1295 1297 1300 1302 1303 1304 1305 1305 1305 1304 1303 1301 1300 1297 1295 1292 1289 1285 1282 1278 1274 1271 1267 1263 1259 1255 1251 1247 1243 1239 1235 1231 1227 1224 1220 1217 1213 1210 1207 1204 1201 1198 1196 1194 1191 1189 1187 1186 1185 1183
1112 1111 1112 1112 1113 1115 1117 1120 1123 1126 1130 1134 1139 1144 1149 1154 1160 1167 1173 1180 1187 1194 1201 1208 1216 1223 1230 1237 1244 1251 1258 1264 1270 1275 1281 1285 1290 1294 1297 1301 1303 1306 1308 1309 1310 1311 1311 1310 1310 1308 1307 1305 1302 1300 1297 1294 1290 1287 1283 1279 1275 1271 1267 1263 1259 1254 1250 1246 1243 1239 1235 1231 1227 1224 1220 1217 1214 1210 1207 1204 1201 1199 1196 1194 1192 1190 1188 1187 1185
1112 1112 1112 1113 1114 1116 1118 1121 1124 1127 1131 1135 1140 1145 1150 1156 1162 1168 1175 1182 1189 1196 1204 1211 1219 1226 1234 1241 1249 1256 1262 1269 1275 1281 1286 1291 1295 1299 1303 1306 1309 1311 1313 1315 1316 1316 1316 1316 1315 1314 1312 1310 1307 1305 1301 1298 1295 1291 1287 1283 1279 1275 1271 1267 1262 1258 1254 1250 1246 1242 1238 1235 1231 1227 1224 1220 1217 1214 1210 1207 1204 1202 1199 1197 1194 1192 1190 1189 1187
1113 1113 1113 1114 1115 1117 1119 1122 1125 1128 1132 1136 1141 1146 1152 1158 1164 1170 1177 1184 1191 1199 1207 1214 1222 1230 1238 1245 1253 1260 1267 1273 1280 1286 1291 1296 1301 1305 1308 1312 1314 1317 1319 1320 1321 1321 1321 1321 1320 1319 1317 1315 1312 1309 1306 1303 1299 1295 1291 1287 1283 1279 1275 1270 1266 1262 1258 1254 1250 1246 1242 1238 1234 1231 1227 1224 1220 1217 1214 1210 1207 1204 1202 1199 1197 1195 1193 1191 1189
1113 1113 1114 1115 1116 1118 1120 1123 1126 1129 1133 1138 1143 1148 1153 1159 1165 1172 1179 1186 1194 1201 1209 1217 1225 1233 1241 1249 1256 1264 1271 1278 1284 1290 1296 1301 1305 1309 1313 1316 1319 1322 1323 1325 1326 1326 1326 1326 1325 1323 1321 1319 1316 1314 1310 1307 1303 1299 1295 1291 1287 1282 1278 1274 1270 1266 1261 1257 1253 1249 1245 1242 1238 1234 1230 1227 1223 1220 1217 1213 1210 1207 1204 1202 1199 1197 1195 1193 1191
1115 1114 1115 1116 1117 1119 1121 1124 1127 1131 1135 1139 1144 1149 1155 1161 1167 1174 1181 1188 1196 1204 1212 1220 1228 1236 1244 1252 1260 1267 1274 1281 1288 1294 1300 1305 1310 1314 1318 1321 1324 1326 1328 1329 1330 1331 1331 1330 1329 1328 1326 1323 1321 1318 1314 1311 1307 1303 1299 1295 1290 1286 1282 1277 1273 1269 1265 1261 1257 1253 1249 1245 1241 1237 1233 1230 1226 1223 1219 1216 1213 1210 1207 1204 1201 1199 1197 1195 1193
1116 1116 1116 1117 1119 1120 1123 1126 1129 1132 1136 1141 1146 1151 1157 1163 1169 1176 1183 1190 1198 1206 1214 1222 1230 1238 1247 1255 1263 1270 1278 1285 1291 1297 1303 1308 1313 1318 1321 1325 1328 1330 1332 1333 1334 1335 1335 1334 1333 1332 1330 1327 1325 1321 1318 1314 1311 1307 1302 1298 1294 1289 1285 1281 1276 1272 1268 1264 1260 1256 1252 1248 1244 1240 1236 1233 1229 1226 1222 1219 1215 1212 1209 1206 1203 1201 1199 1197 1195
1117 1117 1118 1119 1120 1122 1125 1127 1131 1134 1138 1143 1147 1153 1158 1164 1171 1178 1185 1192 1200 1208 1216 1224 1232 1241 1249 1257 1265 1273 1280 1287 1294 1300 1306 1312 1316 1321 1325 1328 1331 1334 1336 1337 1338 1339 1339 1338 1337 1335 1333 1331 1328 1325 1322 1318 1314 1310 1306 1301 1297 1292 1288 1284 1279 1275 1271 1267 1263 1259 1255 1251 1247 1243 1239 1235 1232 1228 1225 1221 1218 1214 1211 1208 1205 1203 1200 1198 1196
1119 1119 1120 1121 1122 1124 1127 1129 1133 1136 1140 1145 1150 1155 1160 1166 1173 1179 1187 1194 1202 1210 1218 1226 1234 1243 1251 1259 1267 1275 1282 1290 1296 1303 1309 1314 1319 1323 1328 1331 1334 1337 1339 1340 1341 1342 1342 1341 1340 1339 1337 1334 1331 1328 1325 1321 1317 1313 1309 1304 1300 1295 1291 1286 1282 1278 1274 1269 1265 1261 1257 1253 1249 1245 1242 1238 1234 1231 1227 1223 1220 1216 1213 1210 1207 1205 1202 1200 1198
1121 1121 1122 1123 1125 1127 1129 1132 1135 1139 1143 1147 1152 1157 1163 1169 1175 1182 1189 1196 1204 1212 1220 1228 1236 1244 1253 1261 1269 1276 1284 1291 1298 1304 1310 1316 1321 1325 1330 1333 1336 1339 1341 1343 1344 1344 1345 1344 1343 1342 1340 1337 1334 1331 1328 1324 1320 1316 1311 1307 1302 1298 1293 1289 1285 1280 1276 1272 1268 1264 1260 1256 1252 1248 1244 1240 1236 1233 1229 1225 1222 1218 1215 1212 1209 1206 1203 1201 1199
1123 1124 1124 1126 1127 1129 1132 1134 1138 1141 1145 1150 1154 1159 1165 1171 1177 1184 1191 1198 1205 1213 1221 1229 1237 1246 1254 1262 1270 1277 1285 1292 1299 1305 1311 1317 1322 1327 1331 1335 1338 1341 1343 1345 1346 1347 1347 1346 1345 1344 1342 1340 1337 1334 1330 1326 1322 1318 1314 1309 1305 1300 1296 1291 1287 1282 1278 1274 1270 1266 1262 1258 1254 1250 1246 1242 1238 1235 1231 1227 1224 1220 1217 1213 1210 1207 1205 1202 1200
1126 1127 1127 1129 1130 1132 1135 1137 1141 1144 1148 1153 1157 1162 1168 1173 1180 1186 1193 1200 1207 1215 1223 1231 1239 1247 1255 1262 1270 1278 1285 1292 1299 1306 1312 1317 1322 1327 1332 1335 1339 1342 1344 1346 1347 1348 1348 1348 1347 1346 1344 1342 1339 1336 1332 1328 1324 1320 1316 1311 1307 1302 1298 1293 1289 1284 1280 1276 1272 1267 1263 1259 1255 1252 1248 1244 1240 1236 1232 1229 1225 1221 1218 1215 1212 1209 1206 1203 1201
1129 1130 1131 1132 1134 1136 1138 1141 1144 1148 1152 1156 1160 1165 1171 1176 1182 1189 1195 1202 1209 1217 1224 1232 1240 1247 1255 1263 1270 1278 1285 1292 1299 1305 1311 1317 1322 1327 1332 1336 1339 1342 1345 1347 1348 1349 1350 1350 1349 1348 1346 1343 1341 1338 1334 1330 1326 1322 1318 1313 1308 1304 1299 1295 1290 1286 1282 1277 1273 1269 1265 1261 1257 1253 1249 1245 1242 1238 1234 1230 1226 1223 1219 1216 1213 1210 1207 1204 1202
1132 1133 1134 1136 1137 1140 1142 1145 1148 1151 1155 1159 1164 1169 1174 1179 1185 1191 1198 1204 1211 1218 1226 1233 1240 1248 1255 1263 1270 1278 1285 1292 1298 1305 1311 1316 1322 1327 1331 1335 1339 1342 1345 1347 1349 1350 1351 1351 1350 1349 1347 1345 1342 1339 1336 1332 1328 1324 1319 1315 1310 1305 1301 1296 1292 1288 1283 1279 1275 1271 1267 1263 1259 1255 1251 1247 1243 1239 1235 1232 1228 1224 1221 1217 1214 1211 1208 1205 1203
1136 1137 1138 1140 1142 1144 1146 1149 1152 1156 1159 1164 1168 1173 1178 1183 1188 1194 1200 1207 1213 1220 1227 1234 1241 1249 1256 1263 1270 1277 1284 1291 1297 1304 1310 1315 1321 1326 1331 1335 1339 1342 1345 1348 1350 1351 1352 1352 1351 1350 1349 1346 1344 1341 1337 1334 1330 1325 1321 1316 1312 1307 1302 1298 1293 1289 1285 1280 1276 1272 1268 1264 1260 1256 1252 1248 1244 1241 1237 1233 1229 1225 1222 1218 1215 1212 1209 1206 1204
1141 1142 1143 1144 1146 1149 1151 1154 1157 1160 1164 1168 1172 1177 1182 1187 1192 1198 1203 1209 1216 1222 1229 1236 1242 1249 1256 1263 1270 1277 1283 1290 1296 1303 1309 1314 1320 1325 1330 1334 1338 1342 1345 1348 1350 1351 1352 1353 1352 1351 1350 1348 1345 1342 1339 1335 1331 1327 1322 1318 1313 1309 1304 1299 1295 1290 1286 1282 1278 1274 1270 1266 1262 1258 1254 1250 1246 1242 1238 1234 1230 1227 1223 1219 1216 1213 1210 1207 1205
1145 1147 1148 1150 1152 1154 1156 1159 1162 1166 1169 1173 1177 1181 1186 1191 1196 1201 1207 1212 1218 1224 1231 1237 1243 1250 1256 1263 1270 1276 1283 1289 1295 1301 1307 1313 1319 1324 1329 1333 1338 1341 1345 1348 1350 1352 1353 1353 1353 1352 1351 1349 1347 1344 1340 1337 1333 1328 1324 1319 1315 1310 1305 1301 1296 1292 1288 1283 1279 1275 1271 1267 1263 1259 1255 1251 1247 1243 1240 1236 1232 1228 1224 1221 1217 1214 1211 1209 1206
1151 1152 1154 1155 1157 1160 1162 1165 1168 1171 1175 1178 1182 1186 1191 1195 1200 1205 1210 1216 1221 1227 1233 1239 1245 1251 1257 1263 1269 1276 1282 1288 1294 1300 1306 1312 1317 1323 1328 1333 1337 1341 1345 1348 1350 1352 1354 1354 1354 1354 1352 1350 1348 1345 1342 1338 1334 1330 1325 1321 1316 1312 1307 1302 1298 1294 1289 1285 1281 1277 1273 1269 1265 1261 1257 1253 1249 1245 1241 1237 1233 1229 1226 1222 1219 1216 1213 1210 1207
1157 1158 1160 1162 1164 1166 1169 1171 1174 1177 1181 1184 1188 1192 1196 1200 1205 1210 1214 1219 1225 1230 1235 1241 1246 1252 1258 1264 1270 1275 1281 1287 1293 1299 1305 1311 1316 1322 1327 1332 1337 1341 1344 1348 1350 1353 1354 1355 1355 1355 1353 1352 1349 1347 1343 1340 1336 1332 1327 1323 1318 1313 1309 1304 1300 1295 1291 1287 1283 1279 1275 1271 1267 1263 1259 1255 1251 1247 1243 1239 1235 1231 1227 1224 1220 1217 1214 1211 1209
1163 1165 1166 1168 1171 1173 1175 1178 1181 1184 1187 1191 1194 1198 1202 1206 1210 1215 1219 1224 1228 1233 1238 1243 1248 1254 1259 1264 1270 1276 1281 1287 1293 1298 1304 1310 1316 1321 1326 1331 1336 1341 1345 1348 1351 1353 1355 1356 1356 1356 1355 1353 1351 1348 1345 1341 1338 1333 1329 1325 1320 1315 1311 1306 1302 1297 1293 1289 1285 1281 1277 1273 1269 1265 1261 1257 1253 1249 1245 1241 1237 1233 1229 1226 1222 1219 1216 1213 1211
1170 1172 1174 1176 1178 1180 1183 1186 1188 1191 1195 1198 1201 1205 1208 1212 1216 1220 1224 1228 1233 1237 1242 1246 1251 1256 1261 1266 1271 1276 1281 1287 1292 1298 1304 1310 1315 1321 1326 1331 1336 1341 1345 1349 1352 1354 1356 1357 1358 1358 1357 1355 1353 1350 1347 1343 1340 1336 1331 1327 1322 1318 1313 1308 1304 1300 1295 1291 1287 1283 1279 1275 1271 1267 1263 1259 1255 1251 1247 1243 1239 1235 1232 1228 1224 1221 1218 1215 1213
