data/Kitral/Portillo-asc/elevation.asc
ncols         500
nrows         500
xllcorner     335983.8501
yllcorner     6142463.5042
cellsize      30
NODATA_value -9999                                                                              
[rows 200 to 239 of 500, columns 89 to 177 of 500]
992 1001 1010 1018 1026 1033 1040 1046 1052 1058 1064 1069 1074 1079 1084 1089 1093 1098 1103 1108 1113 1118 1123 1127 1132 1136 1139 1142 1144 1146 1146 1146 1145 1143 1139 1135 1130 1123 1116 1109 1100 1092 1083 1073 1063 1054 1044 1034 1025 1016 1007 998 990 982 975 967 960 954 947 941 936 930 925 921 917 913 909 906 903 900 897 894 892 889 887 885 882 880 877 875 872 869 867 864 862 860 858 856 854
987 995 1004 1012 1020 1027 1034 1041 1047 1053 1059 1064 1070 1075 1080 1085 1091 1096 1101 1106 1112 1117 1122 1127 1132 1136 1139 1143 1145 1147 1148 1148 1147 1145 1141 1137 1132 1125 1118 1111 1103 1094 1085 1075 1065 1056 1046 1036 1027 1018 1009 1000 992 984 976 969 962 956 949 944 938 933 928 924 920 916 913 909 907 904 901 899 897 895 892 890 888 886 883 880 878 875 872 869 867 864 862 860 858
981 990 998 1006 1014 1021 1028 1035 1041 1048 1054 1060 1065 1071 1077 1082 1088 1093 1099 1104 1110 1116 1121 1126 1131 1136 1140 1143 1146 1148 1149 1149 1148 1146 1143 1139 1133 1127 1120 1113 1104 1096 1086 1077 1067 1057 1048 1038 1028 1019 1010 1002 994 986 978 971 964 958 951 946 940 935 931 926 923 919 916 913 911 908 906 904 902 900 898 896 893 891 889 886 883 880 877 874 872 869 866 864 862
975 984 992 1000 1008 1015 1022 1029 1036 1042 1049 1055 1061 1067 1073 1079 1085 1090 1096 1102 1108 1114 1120 1125 1131 1135 1139 1143 1146 1148 1149 1150 1149 1147 1144 1140 1135 1129 1122 1114 1106 1097 1088 1078 1069 1059 1049 1039 1030 1021 1012 1003 995 987 980 973 966 959 953 948 943 938 933 929 926 922 919 917 914 912 910 908 906 905 903 901 899 896 894 891 888 885 882 879 876 873 871 868 866
970 978 987 994 1002 1010 1017 1024 1031 1037 1044 1050 1057 1063 1069 1075 1081 1088 1094 1100 1106 1112 1118 1124 1130 1135 1139 1143 1146 1148 1150 1150 1149 1148 1145 1141 1136 1129 1123 1115 1107 1098 1089 1079 1070 1060 1050 1040 1031 1022 1013 1004 996 989 981 974 967 961 955 950 945 940 936 932 928 925 923 920 918 916 914 913 911 909 907 906 904 901 899 896 893 890 887 884 881 878 875 872 870
965 973 981 989 997 1004 1012 1019 1026 1033 1039 1046 1052 1059 1065 1072 1078 1085 1091 1098 1104 1111 1117 1123 1128 1134 1138 1142 1145 1148 1149 1150 1150 1148 1145 1141 1136 1130 1123 1116 1107 1099 1089 1080 1070 1061 1051 1041 1032 1023 1014 1005 997 990 982 975 969 963 957 952 947 942 938 934 931 928 926 924 922 920 918 917 915 914 912 910 908 906 904 901 898 895 892 888 885 882 879 876 873
960 968 976 984 992 999 1007 1014 1021 1028 1035 1042 1048 1055 1062 1068 1075 1082 1088 1095 1102 1108 1115 1121 1127 1132 1137 1141 1145 1147 1149 1150 1149 1148 1145 1141 1136 1130 1123 1116 1108 1099 1090 1080 1071 1061 1051 1042 1032 1023 1015 1006 998 991 983 977 970 964 959 953 949 944 940 937 934 931 929 927 925 924 922 921 919 918 916 915 913 911 908 906 903 899 896 893 889 886 882 879 876
955 963 971 979 987 994 1002 1009 1016 1023 1031 1037 1044 1051 1058 1065 1072 1079 1086 1093 1099 1106 1113 1119 1125 1131 1136 1140 1143 1146 1148 1149 1149 1147 1144 1141 1136 1130 1123 1116 1107 1099 1090 1080 1071 1061 1051 1042 1033 1024 1015 1007 999 992 984 978 971 966 960 955 950 946 943 939 936 934 932 930 928 927 926 924 923 922 920 919 917 915 913 910 907 904 900 896 893 889 886 882 879
951 959 967 975 982 990 997 1005 1012 1019 1026 1034 1041 1048 1055 1062 1069 1076 1083 1090 1097 1104 1111 1117 1123 1129 1134 1138 1142 1145 1147 1148 1148 1146 1144 1140 1135 1129 1122 1115 1107 1098 1089 1080 1071 1061 1051 1042 1033 1024 1015 1007 1000 992 985 979 973 967 962 957 952 948 945 942 939 937 935 933 932 930 929 928 927 926 924 923 921 919 917 914 911 907 904 900 896 893 889 885 882
947 955 963 970 978 986 993 1001 1008 1015 1023 1030 1037 1044 1051 1058 1066 1073 1080 1087 1094 1102 1108 1115 1121 1127 1132 1137 1141 1143 1146 1147 1146 1145 1143 1139 1134 1128 1122 1114 1106 1098 1089 1080 1070 1061 1051 1042 1033 1024 1016 1008 1000 993 986 980 974 968 963 958 954 950 947 944 941 939 937 936 935 933 932 931 930 929 928 927 925 923 920 918 914 911 907 903 900 896 892 888 885
943 951 958 966 974 982 989 997 1004 1011 1019 1026 1033 1041 1048 1055 1062 1070 1077 1084 1092 1099 1106 1113 1119 1125 1130 1135 1139 1142 1144 1145 1145 1144 1141 1138 1133 1127 1121 1113 1105 1097 1088 1079 1070 1060 1051 1042 1033 1024 1016 1008 1000 993 987 981 975 969 964 960 956 952 949 946 944 942 940 939 938 937 936 935 934 933 931 930 928 926 924 921 918 914 911 907 903 899 895 891 887
939 947 955 962 970 978 985 993 1000 1008 1015 1023 1030 1037 1045 1052 1059 1067 1074 1082 1089 1096 1104 1110 1117 1123 1128 1133 1137 1140 1142 1143 1143 1142 1140 1136 1132 1126 1119 1112 1104 1096 1087 1078 1069 1060 1050 1041 1032 1024 1016 1008 1001 994 987 981 976 971 966 961 957 954 951 948 946 944 943 941 940 939 939 938 937 936 935 933 932 930 927 924 921 918 914 910 906 901 897 893 889
935 943 951 959 967 974 982 989 997 1004 1012 1019 1027 1034 1042 1049 1056 1064 1071 1079 1086 1094 1101 1108 1114 1120 1126 1131 1135 1138 1140 1141 1142 1140 1138 1135 1130 1125 1118 1111 1103 1095 1086 1077 1068 1059 1050 1041 1032 1024 1016 1008 1001 994 988 982 977 972 967 963 959 956 953 950 948 947 945 944 943 942 942 941 940 939 938 937 935 933 930 928 924 921 917 913 908 904 900 896 892
932 940 948 955 963 971 978 986 993 1001 1009 1016 1023 1031 1038 1046 1053 1061 1069 1076 1084 1091 1098 1105 1112 1118 1124 1128 1132 1136 1138 1139 1140 1139 1136 1133 1128 1123 1117 1110 1102 1094 1085 1076 1067 1058 1049 1040 1032 1024 1016 1008 1001 995 989 983 978 973 968 964 961 958 955 952 950 949 948 947 946 945 944 944 943 942 941 940 938 936 933 931 927 923 919 915 911 907 902 898 894
929 937 944 952 960 967 975 983 990 998 1005 1013 1020 1028 1035 1043 1051 1058 1066 1073 1081 1089 1096 1103 1109 1116 1121 1126 1130 1134 1136 1137 1138 1137 1135 1131 1127 1121 1115 1108 1101 1093 1084 1075 1066 1057 1049 1040 1031 1023 1016 1009 1002 995 989 984 979 974 970 966 962 959 957 954 953 951 950 949 948 948 947 946 946 945 944 943 941 939 936 933 930 926 922 918 913 909 905 900 896
926 933 941 949 957 964 972 980 987 995 1002 1010 1017 1025 1033 1040 1048 1055 1063 1071 1078 1086 1093 1100 1107 1113 1119 1124 1128 1131 1134 1135 1136 1135 1133 1129 1125 1120 1114 1107 1099 1091 1083 1074 1066 1057 1048 1039 1031 1023 1016 1009 1002 996 990 985 980 975 971 967 964 961 959 957 955 953 952 952 951 950 950 949 948 948 947 945 944 942 939 936 933 929 925 920 916 911 907 902 898
923 931 938 946 954 961 969 977 984 992 999 1007 1015 1022 1030 1037 1045 1053 1060 1068 1076 1083 1091 1098 1104 1111 1116 1121 1126 1129 1132 1133 1134 1133 1131 1128 1123 1118 1112 1105 1098 1090 1082 1073 1065 1056 1048 1039 1031 1023 1016 1009 1003 997 991 986 981 977 973 969 966 963 961 959 957 956 955 954 953 953 952 952 951 950 949 948 946 944 942 939 935 931 927 923 918 914 909 904 900
920 928 936 943 951 959 966 974 981 989 997 1004 1012 1019 1027 1035 1042 1050 1058 1065 1073 1081 1088 1095 1102 1108 1114 1119 1123 1127 1129 1131 1132 1131 1129 1126 1122 1117 1111 1104 1097 1089 1081 1073 1064 1056 1047 1039 1031 1023 1016 1010 1003 997 992 987 982 978 974 971 967 965 963 961 959 958 957 956 956 955 955 954 954 953 952 951 949 947 944 941 938 934 929 925 920 916 911 906 902
917 925 933 941 948 956 964 971 979 986 994 1002 1009 1017 1024 1032 1040 1047 1055 1063 1071 1078 1086 1093 1100 1106 1112 1117 1121 1125 1127 1129 1130 1129 1127 1124 1120 1115 1109 1103 1096 1088 1080 1072 1064 1055 1047 1039 1031 1024 1017 1010 1004 998 993 988 983 979 975 972 969 967 964 963 961 960 959 959 958 958 957 957 956 955 954 953 951 949 947 944 940 936 932 927 923 918 913 908 904
915 923 930 938 946 953 961 969 976 984 991 999 1007 1014 1022 1029 1037 1045 1053 1060 1068 1076 1083 1091 1097 1104 1109 1115 1119 1123 1125 1127 1128 1127 1126 1123 1119 1114 1108 1102 1095 1088 1080 1072 1063 1055 1047 1039 1031 1024 1017 1011 1005 999 994 989 985 981 977 974 971 969 966 965 963 962 962 961 961 960 960 959 959 958 957 956 954 952 949 946 942 938 934 929 925 920 915 910 906
913 920 928 936 943 951 958 966 974 981 989 996 1004 1012 1019 1027 1035 1042 1050 1058 1066 1074 1081 1088 1095 1102 1107 1113 1117 1121 1124 1125 1126 1126 1124 1121 1118 1113 1107 1101 1094 1087 1079 1071 1063 1055 1047 1039 1032 1025 1018 1012 1006 1000 995 991 986 982 979 976 973 971 968 967 966 965 964 963 963 962 962 962 961 960 959 958 956 954 951 948 945 941 936 932 927 922 917 912 908
910 918 926 933 941 948 956 964 971 979 986 994 1002 1009 1017 1025 1032 1040 1048 1056 1064 1071 1079 1086 1093 1100 1105 1111 1115 1119 1122 1124 1125 1124 1123 1120 1117 1112 1107 1101 1094 1087 1079 1071 1064 1056 1048 1040 1033 1026 1019 1013 1007 1002 997 992 988 984 981 978 975 972 971 969 968 967 966 966 965 965 964 964 963 963 962 960 959 956 954 951 947 943 938 934 929 924 919 914 910
908 916 923 931 939 946 954 961 969 976 984 992 999 1007 1015 1022 1030 1038 1046 1054 1062 1069 1077 1084 1091 1098 1104 1109 1114 1117 1120 1122 1123 1123 1122 1119 1116 1111 1106 1100 1094 1087 1079 1072 1064 1056 1048 1041 1034 1027 1020 1014 1008 1003 998 994 990 986 982 979 977 974 973 971 970 969 968 968 967 967 967 966 966 965 964 963 961 959 956 953 949 945 941 936 931 926 921 916 911
906 914 921 929 936 944 952 959 967 974 982 989 997 1005 1012 1020 1028 1036 1044 1052 1060 1067 1075 1082 1089 1096 1102 1107 1112 1116 1119 1121 1122 1122 1121 1118 1115 1111 1106 1100 1094 1087 1079 1072 1064 1057 1049 1042 1035 1028 1021 1015 1010 1005 1000 995 991 988 984 981 979 976 975 973 972 971 970 970 970 969 969 968 968 967 966 965 963 961 958 955 951 947 943 938 933 928 923 918 913
904 912 919 927 934 942 949 957 965 972 980 987 995 1003 1010 1018 1026 1034 1042 1050 1058 1065 1073 1081 1088 1094 1100 1106 1111 1115 1118 1120 1121 1121 1120 1118 1114 1110 1105 1100 1093 1087 1080 1072 1065 1057 1050 1043 1036 1029 1023 1017 1011 1006 1001 997 993 989 986 983 981 978 977 975 974 973 973 972 972 971 971 971 970 969 968 967 965 963 960 957 953 949 945 940 935 930 925 920 915
903 910 918 925 933 940 948 955 963 970 978 985 993 1001 1008 1016 1024 1032 1040 1048 1056 1064 1071 1079 1086 1093 1099 1104 1109 1113 1117 1119 1120 1120 1119 1117 1114 1110 1105 1100 1094 1087 1080 1073 1066 1058 1051 1044 1037 1030 1024 1018 1013 1008 1003 999 995 991 988 985 983 980 979 977 976 975 975 974 974 973 973 973 972 971 970 969 967 965 962 959 955 951 947 942 937 932 927 922 917
901 908 916 923 931 938 946 953 961 968 976 984 991 999 1007 1014 1022 1030 1038 1046 1054 1062 1070 1077 1084 1091 1097 1103 1108 1112 1115 1118 1119 1119 1119 1117 1114 1110 1105 1100 1094 1087 1081 1073 1066 1059 1052 1045 1038 1031 1025 1020 1014 1009 1005 1000 996 993 990 987 984 982 980 979 978 977 976 976 976 975 975 975 974 973 972 971 969 967 964 961 957 953 949 944 939 934 929 924 919
900 907 914 922 929 937 944 952 959 967 974 982 990 997 1005 1013 1021 1029 1037 1045 1053 1061 1068 1076 1083 1090 1096 1102 1107 1111 1114 1117 1118 1119 1118 1116 1113 1110 1105 1100 1094 1088 1081 1074 1067 1060 1053 1046 1039 1033 1027 1021 1016 1011 1006 1002 998 995 991 989 986 984 982 981 980 979 978 978 978 977 977 977 976 975 974 973 971 969 966 963 959 955 950 946 941 935 930 925 920
898 906 913 920 928 935 943 950 958 965 973 980 988 996 1003 1011 1019 1027 1035 1043 1051 1059 1067 1075 1082 1089 1095 1101 1106 1110 1114 1116 1118 1118 1118 1116 1113 1109 1105 1100 1094 1088 1082 1075 1068 1061 1054 1047 1040 1034 1028 1022 1017 1012 1008 1004 1000 996 993 990 988 986 984 982 981 981 980 980 979 979 979 978 978 977 976 975 973 971 968 965 961 957 952 947 942 937 932 927 922
897 904 912 919 926 934 941 949 956 964 971 979 987 994 1002 1010 1018 1026 1034 1042 1050 1058 1066 1073 1081 1088 1094 1100 1105 1109 1113 1115 1117 1118 1117 1115 1113 1109 1105 1100 1094 1088 1082 1075 1068 1061 1055 1048 1041 1035 1029 1024 1018 1014 1009 1005 1001 998 994 992 989 987 985 984 983 982 982 981 981 981 980 980 979 979 978 976 975 972 970 966 963 958 954 949 944 939 933 928 923
896 903 911 918 925 933 940 947 955 962 970 978 985 993 1001 1009 1017 1025 1033 1041 1049 1057 1065 1072 1080 1087 1093 1099 1104 1109 1112 1115 1117 1117 1117 1115 1113 1109 1105 1100 1095 1089 1082 1076 1069 1062 1055 1049 1042 1036 1030 1025 1020 1015 1010 1006 1002 999 996 993 991 989 987 985 984 984 983 983 982 982 982 981 981 980 979 978 976 974 971 968 964 960 955 950 945 940 935 930 924
896 903 910 917 924 932 939 946 954 961 969 977 984 992 1000 1008 1016 1024 1032 1040 1048 1056 1064 1072 1079 1086 1092 1098 1103 1108 1112 1114 1116 1117 1116 1115 1112 1109 1105 1100 1095 1089 1083 1076 1070 1063 1056 1049 1043 1037 1031 1026 1021 1016 1011 1007 1004 1000 997 994 992 990 988 987 986 985 984 984 984 983 983 983 982 982 981 979 977 975 973 969 965 961 957 952 947 941 936 931 926
895 902 909 916 924 931 938 946 953 960 968 976 983 991 999 1007 1015 1023 1031 1039 1047 1055 1063 1071 1078 1085 1092 1097 1103 1107 1111 1114 1116 1116 1116 1115 1112 1109 1105 1100 1095 1089 1083 1077 1070 1063 1057 1050 1044 1038 1032 1027 1021 1017 1012 1008 1004 1001 998 995 993 991 989 988 987 986 985 985 985 985 984 984 984 983 982 980 979 976 974 970 967 962 958 953 948 942 937 932 927
895 902 909 916 923 930 938 945 952 960 967 975 983 990 998 1006 1014 1022 1030 1038 1046 1054 1062 1070 1077 1084 1091 1097 1102 1107 1110 1113 1115 1116 1116 1114 1112 1109 1105 1100 1095 1089 1083 1077 1070 1064 1057 1050 1044 1038 1032 1027 1022 1017 1013 1009 1005 1002 999 996 994 992 990 989 988 987 986 986 986 986 985 985 985 984 983 982 980 978 975 971 968 963 959 954 949 943 938 933 928
894 901 908 915 923 930 937 944 952 959 967 974 982 990 998 1005 1013 1021 1029 1038 1046 1054 1062 1070 1077 1084 1090 1096 1102 1106 1110 1113 1115 1116 1115 1114 1112 1108 1105 1100 1095 1089 1083 1077 1070 1064 1057 1051 1044 1038 1033 1027 1022 1018 1013 1009 1006 1002 999 997 994 992 991 989 988 988 987 987 987 986 986 986 985 985 984 982 981 978 976 972 969 964 960 955 949 944 939 933 928
894 901 908 915 922 930 937 944 951 959 966 974 982 989 997 1005 1013 1021 1029 1037 1045 1054 1061 1069 1077 1084 1090 1096 1101 1106 1110 1112 1114 1115 1115 1114 1111 1108 1104 1100 1094 1089 1083 1076 1070 1063 1057 1050 1044 1038 1033 1027 1022 1018 1014 1010 1006 1003 1000 997 995 993 991 990 989 988 988 987 987 987 987 987 986 985 984 983 981 979 976 973 969 965 960 955 950 945 939 934 929
894 901 908 915 922 929 937 944 951 959 966 974 981 989 997 1005 1013 1021 1029 1037 1045 1053 1061 1069 1076 1083 1090 1096 1101 1105 1109 1112 1114 1115 1115 1113 1111 1108 1104 1099 1094 1088 1082 1076 1070 1063 1057 1050 1044 1038 1032 1027 1022 1018 1013 1009 1006 1003 1000 997 995 993 991 990 989 988 988 988 988 988 987 987 987 986 985 984 982 980 977 974 970 965 961 956 951 945 940 934 929
895 902 908 915 922 930 937 944 951 959 966 974 981 989 997 1005 1013 1021 1029 1037 1045 1053 1061 1069 1076 1083 1089 1095 1101 1105 1109 1112 1114 1114 1114 1113 1110 1107 1103 1099 1093 1088 1082 1075 1069 1062 1056 1050 1043 1037 1032 1027 1022 1017 1013 1009 1006 1002 999 997 995 993 991 990 989 989 988 988 988 988 988 987 987 986 985 984 982 980 977 974 970 966 961 956 951 945 940 935 929
895 902 909 916 923 930 937 944 952 959 966 974 982 989 997 1005 1013 1021 1029 1037 1045 1053 1061 1069 1076 1083 1089 1095 1100 1105 1109 1111 1113 1114 1114 1112 1110 1107 1103 1098 1093 1087 1081 1075 1068 1062 1055 1049 1043 1037 1031 1026 1021 1017 1012 1009 1005 1002 999 997 994 993 991 990 989 989 988 988 988 988 988 988 987 987 986 984 983 980 978 974 970 966 961 956 951 946 940 935 929
896 902 909 916 923 930 937 945 952 959 967 974 982 989 997 1005 1013 1021 1029 1037 1045 1053 1061 1068 1076 1083 1089 1095 1100 1104 1108 1111 1113 1113 1113 1112 1109 1106 1102 1097 1092 1086 1080 1074 1067 1061 1054 1048 1042 1036 1030 1025 1020 1016 1012 1008 1004 1001 999 996 994 992 991 990 989 988 988 988 988 988 988 988 987 987 986 984 983 980 978 974 970 966 961 956 951 945 940 934 929
