data/Kitral/Portillo-asc/elevation.asc
ncols         500
nrows         500
xllcorner     335983.8501
yllcorner     6142463.5042
cellsize      30
NODATA_value -9999                                                                              
[rows 0 to 39 of 500, columns 178 to 266 of 500]
998 988 978 968 957 946 935 924 913 902 891 881 870 861 852 844 836 830 824 820 816 814 813 813 813 815 817 820 824 828 833 838 844 850 856 862 869 876 883 890 897 905 913 920 928 937 945 953 962 970 979 988 997 1006 1014 1023 1032 1040 1049 1057 1065 1073 1081 1088 1095 1101 1108 1114 1120 1125 1130 1135 1139 1144 1148 1151 1155 1158 1161 1164 1166 1169 1171 1173 1175 1178 1180 1183 1185
997 987 977 967 956 945 934 923 912 901 890 880 870 860 851 843 836 830 824 820 817 815 815 815 816 818 821 824 828 833 838 844 850 857 863 870 877 884 891 899 906 914 922 930 938 946 954 962 971 979 988 996 1005 1013 1022 1030 1038 1046 1054 1062 1070 1077 1084 1091 1098 1104 1110 1116 1122 1127 1132 1137 1141 1146 1149 1153 1157 1160 1163 1165 1168 1170 1173 1175 1177 1179 1182 1184 1187
995 986 976 965 955 944 933 922 911 900 889 879 869 860 851 843 836 830 825 821 819 817 817 817 819 821 825 829 833 839 844 850 857 864 871 878 885 892 900 908 915 923 931 939 947 955 963 972 980 988 996 1004 1012 1020 1028 1036 1044 1052 1059 1067 1074 1081 1088 1095 1101 1107 1113 1119 1124 1129 1134 1139 1143 1147 1151 1155 1158 1161 1164 1167 1170 1172 1174 1176 1178 1181 1183 1186 1189
994 984 974 964 953 943 932 921 910 899 888 878 868 859 851 843 836 830 826 822 820 819 819 820 822 825 829 833 838 844 850 857 864 871 878 886 893 901 909 916 924 932 940 948 956 964 973 981 989 996 1004 1012 1020 1028 1035 1043 1050 1057 1064 1071 1078 1085 1091 1098 1104 1110 1115 1121 1126 1131 1136 1140 1145 1149 1153 1156 1160 1163 1166 1168 1171 1173 1175 1178 1180 1182 1184 1187 1190
992 983 973 962 952 941 930 919 909 898 887 877 868 859 851 843 837 831 827 823 822 821 821 823 825 829 833 838 843 849 856 863 870 878 885 893 901 909 917 925 933 941 949 957 965 973 981 989 997 1005 1012 1020 1027 1035 1042 1049 1056 1063 1069 1076 1082 1088 1095 1100 1106 1112 1117 1123 1128 1133 1137 1142 1146 1150 1154 1158 1161 1164 1167 1170 1172 1175 1177 1179 1181 1183 1186 1188 1191
990 981 971 961 950 940 929 918 907 897 886 877 867 858 850 843 837 832 828 825 823 823 824 826 828 832 837 842 848 855 862 869 877 885 893 901 909 917 925 933 942 950 958 966 974 982 990 998 1005 1013 1020 1027 1034 1041 1048 1055 1061 1068 1074 1080 1086 1092 1098 1103 1109 1114 1119 1124 1129 1134 1139 1143 1147 1151 1155 1159 1162 1166 1168 1171 1174 1176 1178 1180 1182 1184 1187 1190 1192
988 979 969 959 948 938 927 917 906 896 885 876 867 858 850 843 837 832 828 826 825 825 826 828 832 836 841 847 853 860 867 875 883 891 900 908 916 925 933 942 950 958 966 974 982 990 998 1006 1013 1020 1028 1034 1041 1048 1054 1060 1066 1072 1078 1084 1089 1095 1100 1106 1111 1116 1121 1126 1131 1136 1140 1144 1149 1153 1157 1160 1164 1167 1170 1172 1175 1177 1179 1181 1183 1186 1188 1191 1194
985 976 966 956 946 936 925 915 905 894 884 875 866 858 850 843 838 833 829 827 826 827 828 831 835 839 845 851 858 865 873 881 889 898 906 915 924 932 941 949 958 966 974 982 990 998 1006 1013 1021 1028 1034 1041 1047 1054 1060 1066 1071 1077 1082 1088 1093 1098 1103 1108 1113 1118 1123 1128 1132 1137 1141 1146 1150 1154 1158 1161 1165 1168 1171 1173 1176 1178 1180 1182 1184 1186 1189 1192 1194
982 973 964 954 944 934 923 913 903 893 883 874 865 857 850 843 838 834 830 829 828 829 831 834 838 843 849 855 862 870 878 886 895 904 913 921 930 939 948 956 965 973 982 990 998 1006 1013 1020 1028 1034 1041 1047 1053 1059 1065 1070 1076 1081 1086 1091 1096 1101 1105 1110 1115 1120 1124 1129 1133 1138 1142 1147 1151 1155 1159 1162 1166 1169 1172 1174 1177 1179 1181 1183 1185 1187 1190 1192 1195
979 970 960 951 941 931 921 911 901 891 882 873 864 857 850 843 838 834 831 830 830 831 833 836 841 846 852 859 866 874 883 891 900 909 918 927 936 945 954 963 972 980 988 997 1005 1012 1020 1027 1034 1040 1047 1053 1059 1064 1070 1075 1080 1085 1089 1094 1099 1103 1108 1112 1117 1121 1126 1130 1135 1139 1143 1148 1152 1156 1159 1163 1166 1170 1172 1175 1177 1180 1182 1184 1186 1188 1190 1193 1196
975 966 957 947 938 928 918 908 899 889 880 871 863 856 849 843 839 835 832 831 831 833 835 839 844 849 855 863 870 878 887 896 905 914 924 933 942 951 960 969 978 986 995 1003 1011 1018 1026 1033 1039 1046 1052 1058 1063 1069 1074 1079 1083 1088 1092 1097 1101 1105 1109 1114 1118 1122 1127 1131 1136 1140 1144 1148 1152 1156 1160 1164 1167 1170 1173 1176 1178 1180 1182 1184 1187 1189 1191 1194 1197
970 962 953 944 934 925 915 906 896 887 878 870 862 855 849 843 839 835 833 832 833 834 837 841 846 852 859 866 874 882 891 900 909 919 928 938 947 956 965 974 983 991 1000 1008 1016 1023 1031 1038 1044 1051 1057 1062 1068 1073 1077 1082 1087 1091 1095 1099 1103 1107 1111 1115 1119 1124 1128 1132 1136 1141 1145 1149 1153 1157 1161 1164 1168 1171 1174 1176 1179 1181 1183 1185 1187 1189 1192 1194 1197
965 957 948 939 930 921 912 903 893 885 876 868 861 854 848 843 839 836 834 833 834 836 839 843 848 855 861 869 877 886 895 904 913 923 932 942 951 961 970 979 988 996 1004 1013 1020 1028 1035 1042 1049 1055 1061 1066 1071 1076 1081 1085 1089 1093 1097 1101 1105 1109 1113 1116 1120 1125 1129 1133 1137 1141 1146 1150 1154 1158 1161 1165 1168 1172 1174 1177 1179 1182 1184 1186 1188 1190 1192 1195 1198
960 952 943 935 926 917 908 899 890 882 874 866 859 853 847 842 839 836 834 834 835 837 841 845 851 857 864 872 880 889 898 907 917 926 936 946 955 964 974 983 991 1000 1008 1017 1024 1032 1039 1046 1052 1058 1064 1069 1074 1079 1083 1088 1092 1095 1099 1103 1106 1110 1114 1118 1121 1125 1129 1134 1138 1142 1146 1150 1154 1158 1162 1165 1169 1172 1175 1178 1180 1182 1184 1186 1188 1190 1193 1195 1198
954 946 938 930 921 913 904 896 887 879 872 864 858 852 846 842 839 836 835 835 836 839 843 847 853 859 866 874 883 891 901 910 920 930 939 949 958 968 977 986 995 1004 1012 1020 1028 1035 1042 1049 1055 1061 1067 1072 1077 1081 1086 1090 1093 1097 1101 1104 1108 1111 1115 1118 1122 1126 1130 1134 1138 1142 1146 1151 1155 1158 1162 1166 1169 1172 1175 1178 1180 1182 1185 1187 1189 1191 1193 1196 1199
948 940 932 924 916 908 900 892 884 876 869 862 856 850 846 842 839 837 836 836 838 840 844 849 855 861 869 877 885 894 903 913 923 932 942 952 961 971 980 989 998 1006 1015 1023 1031 1038 1045 1052 1058 1064 1069 1074 1079 1083 1087 1091 1095 1099 1102 1105 1109 1112 1115 1119 1123 1126 1130 1134 1139 1143 1147 1151 1155 1159 1163 1166 1170 1173 1176 1178 1181 1183 1185 1187 1189 1191 1194 1196 1199
941 934 926 919 911 903 895 888 880 873 866 860 854 849 845 841 839 837 836 837 839 842 846 851 857 864 871 879 888 897 906 915 925 935 945 954 964 973 982 992 1000 1009 1017 1025 1033 1040 1047 1054 1060 1066 1071 1076 1081 1085 1089 1093 1096 1100 1103 1106 1109 1113 1116 1119 1123 1127 1131 1135 1139 1143 1147 1151 1155 1159 1163 1166 1170 1173 1176 1179 1181 1183 1185 1187 1189 1192 1194 1197 1200
934 927 920 913 906 898 891 884 877 870 864 858 853 848 844 841 839 837 837 838 840 843 848 853 859 866 873 881 890 899 908 918 927 937 947 957 966 975 985 994 1002 1011 1019 1027 1035 1042 1049 1056 1062 1067 1073 1077 1082 1086 1090 1094 1097 1100 1104 1107 1110 1113 1116 1120 1123 1127 1131 1135 1139 1143 1147 1151 1155 1159 1163 1167 1170 1173 1176 1179 1181 1184 1186 1188 1190 1192 1194 1197 1200
928 921 914 907 900 893 886 880 873 867 861 856 851 847 843 840 839 838 838 839 841 845 849 855 861 868 875 884 892 901 910 920 930 939 949 959 968 977 987 996 1004 1013 1021 1029 1036 1044 1050 1057 1063 1069 1074 1078 1083 1087 1091 1094 1098 1101 1104 1107 1110 1113 1116 1120 1123 1127 1131 1135 1139 1143 1147 1151 1155 1159 1163 1167 1170 1173 1176 1179 1182 1184 1186 1188 1190 1193 1195 1198 1201
921 914 908 901 895 888 882 875 869 864 858 853 849 845 842 840 839 838 839 840 843 847 851 857 863 870 878 886 894 903 913 922 932 942 951 961 970 979 988 997 1006 1014 1022 1030 1038 1045 1052 1058 1064 1069 1074 1079 1083 1087 1091 1094 1098 1101 1104 1107 1110 1113 1116 1120 1123 1127 1131 1135 1139 1143 1147 1151 1155 1159 1163 1167 1170 1174 1177 1179 1182 1184 1186 1189 1191 1193 1196 1198 1201
914 908 901 895 889 883 877 871 866 860 856 851 847 844 842 840 839 839 840 841 844 848 853 859 865 872 880 888 897 906 915 924 934 944 953 963 972 981 990 999 1007 1016 1024 1031 1039 1046 1052 1059 1064 1070 1075 1079 1083 1087 1091 1094 1098 1101 1104 1107 1110 1113 1116 1119 1123 1126 1130 1134 1138 1142 1147 1151 1155 1159 1163 1167 1170 1174 1177 1180 1182 1185 1187 1189 1191 1194 1196 1199 1202
907 901 895 889 884 878 872 867 862 857 853 849 846 843 841 840 839 839 841 843 846 850 855 861 868 875 883 891 899 908 917 927 936 946 955 965 974 983 992 1000 1009 1017 1025 1032 1039 1046 1053 1059 1065 1070 1075 1079 1083 1087 1091 1094 1097 1100 1103 1106 1109 1112 1115 1119 1122 1126 1130 1134 1138 1142 1146 1151 1155 1159 1163 1167 1170 1174 1177 1180 1183 1185 1187 1190 1192 1194 1197 1200 1203
900 894 889 883 878 873 868 863 858 854 850 847 844 842 841 840 840 840 842 844 848 852 858 864 870 877 885 893 902 911 920 929 939 948 957 967 976 984 993 1002 1010 1018 1026 1033 1040 1047 1053 1059 1065 1070 1075 1079 1083 1087 1090 1094 1097 1100 1103 1106 1109 1112 1115 1118 1121 1125 1129 1133 1137 1142 1146 1150 1154 1159 1163 1167 1170 1174 1177 1180 1183 1185 1188 1190 1193 1195 1198 1201 1204
893 888 883 878 873 868 863 859 855 851 848 845 843 841 840 840 840 841 843 846 850 855 860 866 873 880 888 896 905 914 923 932 941 950 960 969 978 986 995 1003 1011 1019 1027 1034 1041 1047 1053 1059 1065 1070 1074 1079 1083 1086 1090 1093 1096 1099 1102 1105 1108 1111 1114 1117 1121 1124 1128 1132 1137 1141 1145 1150 1154 1158 1162 1166 1170 1174 1177 1180 1183 1186 1189 1191 1194 1196 1199 1202 1205
886 882 877 872 867 863 859 855 852 849 846 844 842 841 840 840 841 843 845 848 852 857 863 869 876 883 891 899 908 917 926 935 944 953 962 971 980 988 997 1005 1013 1020 1027 1035 1041 1048 1054 1059 1065 1069 1074 1078 1082 1085 1089 1092 1095 1098 1101 1104 1106 1109 1113 1116 1120 1123 1127 1131 1136 1140 1145 1149 1153 1158 1162 1166 1170 1174 1178 1181 1184 1187 1189 1192 1194 1197 1200 1203 1207
880 875 871 867 862 859 855 852 849 846 844 842 841 840 840 841 842 844 847 850 855 860 866 872 879 887 895 903 911 920 929 938 947 956 965 974 982 990 999 1006 1014 1021 1029 1035 1042 1048 1054 1059 1064 1069 1073 1077 1081 1084 1088 1091 1094 1097 1099 1102 1105 1108 1111 1115 1118 1122 1126 1130 1135 1139 1144 1148 1153 1157 1162 1166 1170 1174 1178 1181 1184 1187 1190 1193 1196 1198 1201 1205 1208
874 870 866 862 858 854 851 848 846 844 842 841 840 840 841 842 843 846 849 853 858 863 869 876 883 890 898 907 915 924 933 942 951 959 968 977 985 993 1001 1008 1016 1023 1030 1036 1042 1048 1054 1059 1064 1069 1073 1077 1080 1083 1086 1089 1092 1095 1098 1101 1104 1107 1110 1113 1117 1121 1125 1129 1134 1138 1143 1148 1152 1157 1161 1166 1170 1174 1178 1182 1185 1188 1191 1194 1197 1200 1203 1206 1210
868 864 860 857 853 850 847 845 843 841 840 840 840 840 841 843 845 848 851 856 861 866 873 879 887 894 902 911 919 928 937 945 954 963 971 980 988 996 1003 1011 1018 1024 1031 1037 1043 1049 1054 1059 1064 1068 1072 1076 1079 1082 1085 1088 1091 1094 1096 1099 1102 1105 1108 1112 1115 1119 1123 1128 1132 1137 1142 1147 1151 1156 1161 1166 1170 1174 1178 1182 1185 1189 1192 1195 1198 1201 1205 1208 1212
863 859 855 852 849 846 844 842 840 839 839 839 839 840 842 844 846 850 854 858 864 870 876 883 891 898 907 915 923 932 941 949 958 967 975 983 991 998 1006 1013 1020 1026 1032 1038 1044 1049 1054 1059 1063 1067 1071 1074 1078 1081 1084 1086 1089 1092 1094 1097 1100 1103 1106 1110 1114 1118 1122 1126 1131 1136 1141 1146 1151 1156 1160 1165 1170 1174 1178 1182 1186 1190 1193 1196 1200 1203 1206 1210 1214
858 854 851 848 845 842 841 839 838 838 837 838 839 840 842 845 848 852 856 861 867 873 880 887 895 903 911 919 928 936 945 954 962 970 978 986 994 1001 1008 1015 1021 1028 1033 1039 1044 1049 1054 1059 1063 1066 1070 1073 1076 1079 1082 1085 1087 1090 1092 1095 1098 1101 1104 1108 1112 1116 1120 1125 1130 1134 1140 1145 1150 1155 1160 1165 1170 1174 1179 1183 1187 1190 1194 1198 1201 1205 1208 1212 1216
853 849 846 843 841 839 837 836 836 836 836 837 839 841 843 846 850 854 859 864 870 877 884 891 899 907 915 924 932 941 949 958 966 974 982 990 997 1004 1011 1017 1023 1029 1035 1040 1045 1050 1054 1058 1062 1065 1069 1072 1075 1077 1080 1083 1085 1088 1090 1093 1096 1099 1102 1106 1110 1114 1118 1123 1128 1133 1138 1143 1149 1154 1159 1164 1169 1174 1179 1183 1187 1191 1195 1199 1203 1206 1210 1214 1219
848 845 842 839 837 836 834 834 834 834 835 837 839 841 844 848 852 856 862 867 874 880 888 895 903 911 920 928 936 945 953 962 970 978 986 993 1000 1007 1013 1019 1025 1030 1036 1041 1045 1050 1054 1057 1061 1064 1067 1070 1073 1076 1078 1080 1083 1085 1088 1091 1094 1097 1100 1104 1108 1112 1116 1121 1126 1132 1137 1142 1148 1153 1159 1164 1169 1174 1179 1184 1188 1192 1196 1200 1204 1208 1212 1216 1221
843 840 838 835 834 832 832 831 832 833 834 836 838 841 845 849 854 859 864 870 877 884 891 899 907 915 924 932 941 949 958 966 974 982 989 996 1003 1009 1015 1021 1026 1032 1036 1041 1045 1049 1053 1057 1060 1063 1066 1068 1071 1073 1076 1078 1081 1083 1086 1088 1091 1094 1098 1101 1105 1110 1115 1119 1125 1130 1135 1141 1146 1152 1158 1163 1169 1174 1179 1184 1188 1193 1197 1201 1206 1210 1214 1219 1223
839 836 834 832 830 829 829 829 830 831 833 836 838 842 846 850 855 861 867 873 880 887 895 903 911 919 928 936 945 953 961 970 977 985 992 999 1005 1012 1017 1023 1028 1033 1037 1041 1045 1049 1052 1055 1058 1061 1064 1066 1069 1071 1073 1076 1078 1081 1083 1086 1089 1092 1095 1099 1103 1108 1112 1117 1123 1128 1134 1139 1145 1151 1157 1163 1168 1174 1179 1184 1189 1193 1198 1202 1207 1211 1216 1221 1225
835 832 830 828 827 826 826 827 828 830 832 835 838 842 847 852 857 863 869 876 883 891 899 907 915 923 932 940 949 957 965 973 981 988 995 1002 1008 1014 1019 1024 1029 1033 1037 1041 1045 1048 1051 1054 1057 1059 1062 1064 1066 1069 1071 1073 1075 1078 1080 1083 1086 1089 1093 1097 1101 1105 1110 1115 1121 1126 1132 1138 1144 1150 1156 1162 1168 1173 1179 1184 1189 1194 1199 1204 1208 1213 1218 1222 1228
831 828 826 825 824 823 824 825 826 828 831 835 838 843 848 853 859 865 872 879 886 894 902 910 918 927 935 944 952 960 968 976 984 991 998 1004 1010 1015 1020 1025 1029 1033 1037 1041 1044 1047 1050 1052 1055 1057 1060 1062 1064 1066 1068 1070 1073 1075 1078 1080 1083 1087 1090 1094 1098 1103 1108 1113 1119 1125 1130 1136 1143 1149 1155 1161 1167 1173 1178 1184 1189 1194 1199 1204 1209 1214 1219 1224 1230
827 824 822 821 820 820 821 823 825 827 830 834 838 843 848 854 860 867 874 881 889 897 905 913 922 930 938 947 955 963 971 979 986 993 1000 1006 1011 1016 1021 1025 1030 1033 1037 1040 1043 1046 1048 1050 1053 1055 1057 1059 1061 1063 1065 1067 1070 1072 1075 1078 1081 1084 1088 1092 1096 1101 1106 1111 1117 1123 1129 1135 1141 1147 1154 1160 1166 1172 1178 1184 1189 1195 1200 1205 1210 1215 1221 1226 1231
823 821 819 818 817 818 819 820 823 826 829 834 838 843 849 855 862 868 876 883 891 899 907 916 924 933 941 950 958 966 974 981 988 995 1001 1007 1012 1017 1021 1025 1029 1033 1036 1039 1041 1044 1046 1048 1050 1052 1054 1056 1058 1060 1062 1064 1067 1069 1072 1075 1078 1081 1085 1089 1094 1098 1104 1109 1115 1121 1127 1133 1139 1146 1152 1159 1165 1171 1177 1183 1189 1195 1200 1206 1211 1216 1222 1227 1233
820 817 816 815 815 815 816 818 821 824 828 833 838 843 849 856 863 870 877 885 893 901 910 918 927 935 944 952 960 968 975 983 990 996 1002 1008 1012 1017 1021 1025 1028 1031 1034 1037 1039 1041 1043 1045 1047 1049 1051 1053 1055 1057 1059 1061 1063 1066 1069 1072 1075 1078 1082 1086 1091 1096 1101 1107 1113 1119 1125 1131 1138 1144 1151 1157 1164 1170 1177 1183 1189 1195 1200 1206 1212 1217 1223 1229 1234
816 814 812 812 812 813 814 816 819 823 827 832 838 843 850 856 864 871 879 887 895 903 912 920 928 937 945 953 961 969 977 984 990 997 1002 1007 1012 1016 1020 1024 1027 1030 1032 1034 1037 1039 1040 1042 1044 1046 1047 1049 1051 1053 1055 1057 1060 1062 1065 1068 1072 1075 1079 1084 1088 1094 1099 1105 1110 1117 1123 1129 1136 1143 1149 1156 1163 1169 1176 1182 1188 1194 1200 1206 1212 1218 1224 1229 1235
