data/Kitral/Portezuelo-asc/elevation.asc
ncols 80
nrows 80
xllcorner 725952.625
yllcorner 5944384.5
cellsize 100.02265625
NODATA_value -9999                                                                              
[rows 21 to 41 of 80, columns 0 to 46 of 80]
131.012664794922 132.012664794922 132.012664794922 131.012664794922 143.69075012207 149.645568847656 142.02082824707 138.085403442383 136.202529907227 136.271743774414 136.405059814453 139.704849243164 145.20622253418 153.694915771484 157.012664794922 156.987335205078 174.063293457031 166.877578735352 156.82438659668 173.487899780273 182.012664794922 197.866851806641 205.612243652344 240.911712646484 264.614959716797 259.162139892578 238.478454589844 214.273361206055 206.531646728516 198.615447998047 196.012664794922 183.776321411133 178.202529907227 196.999359130859 201.582275390625 202.522354125977 196.302200317383 204.810119628906 205.594940185547 207.848098754883 229.029159545898 254.354431152344 282.651672363281 344.56640625 357.474273681641 401.303802490234 438.075958251953
117.493667602539 117.493667602539 117.493667602539 117.493667602539 118.99967956543 125.684349060059 131.265823364258 127.227851867676 127.936706542969 128.987335205078 127.329116821289 133.513534545898 142.240509033203 151.151901245117 151.101272583008 149.16455078125 155.136672973633 153.037979125977 153.631469726563 155.447845458984 172.761093139648 189.523635864258 201.368850708008 224.692520141602 241.39241027832 253.02099609375 245.54638671875 231.957855224609 228.795227050781 210.687545776367 204.109115600586 192.974685668945 190.936706542969 202.759490966797 213.078674316406 207.945846557617 224.151901245117 228.750198364258 228.848098754883 228.848098754883 230.629699707031 251.898727416992 278.784820556641 346.493682861328 375.696197509766 421.711578369141 440.616577148438
105.379745483398 105.379745483398 105.379745483398 106.25316619873 111.563049316406 119.316452026367 122.481010437012 123.358757019043 125.342254638672 125.784812927246 125.379745483398 128.544296264648 131.253158569336 136.367095947266 140.312454223633 144.265823364258 148.126586914063 150 151.086517333984 154.503601074219 171.736587524414 195.784805297852 219.780319213867 229.620254516602 248.884628295898 255.791061401367 254.757888793945 253.490463256836 254.240509033203 234.658233642578 210.194839477539 197.696197509766 202.177215576172 205.158630371094 215.127700805664 234.970993041992 250.548477172852 253.367095947266 254.240509033203 253.759490966797 243.521392822266 253.728729248047 278.544311523438 345.067443847656 358.603912353516 402.176086425781 430.513061523438
99.0886077880859 100.088607788086 100.164558410645 103.113922119141 109.317253112793 116.451530456543 122.455696105957 124.669120788574 124 124.341773986816 126 129 130 133.493667602539 137.531646728516 143.139236450195 148.60758972168 153.55696105957 154.822784423828 171.632263183594 179.822784423828 181.045349121094 199.352508544922 239.530197143555 271.202545166016 278.645568847656 268.784820556641 261.886077880859 260.721527099609 237.282165527344 210.303802490234 204.822784423828 205.215194702148 214.306686401367 218.493667602539 230.316452026367 250.891525268555 257.139251708984 276.240509033203 280.3291015625 259.830810546875 257.720245361328 279.004180908203 326.283935546875 353.725372314453 400.771667480469 427.800354003906
94.0506362915039 97.0360488891602 100.025314331055 104.012657165527 112.210220336914 120.13924407959 126.405059814453 127.417724609375 125.288414001465 126.949363708496 127 128.417724609375 133.405059814453 135.44303894043 139.481018066406 144.547836303711 148.60758972168 160.531646728516 174.848098754883 186.327667236328 183.379745483398 196.582275390625 211.346099853516 227.461944580078 250.632904052734 268.949371337891 271.000640869141 264.898742675781 257.873413085938 245.387283325195 213.924057006836 205.294830322266 212.544296264648 226.405059814453 230.415634155273 250.341766357422 256.316467285156 295.148864746094 306.009765625 324.431335449219 306.848114013672 303.420593261719 304.81494140625 328.310516357422 354.282501220703 401.023223876953 417.582122802734
96.9873428344727 104.974685668945 111.188911437988 123.289695739746 124.810127258301 126.364685058594 132.215194702148 131.72151184082 129.987335205078 129.987335205078 130.974685668945 133.405059814453 138.44303894043 139.987335205078 142.518981933594 145.569625854492 152.202529907227 154.666397094727 171.135238647461 187.180740356445 200.233932495117 204.782241821289 213.331192016602 244.661437988281 256.048400878906 267.784820556641 272.987335205078 269.961700439453 267.83544921875 258.543029785156 235.227844238281 228.759490966797 220.762222290039 228.012664794922 248.430374145508 273.919891357422 280.387756347656 321.784820556641 350.639953613281 354.955444335938 334.316467285156 332.435974121094 330.513854980469 351.367095947266 378.282653808594 424.300109863281 430.936706542969
98.0506362915039 111.19083404541 124.278480529785 132 131.025314331055 130.025314331055 130 133.240509033203 137.625213623047 141.401062011719 143.430374145508 141.643493652344 142.531646728516 145.050628662109 145.568817138672 147.594940185547 151.658233642578 152.025314331055 154.640930175781 171.209579467773 197.494155883789 206.096145629883 223.046463012695 265.712066650391 281.124328613281 280.1025390625 280.025634765625 279.025329589844 280.128173828125 279.870849609375 260.054168701172 236.198852539063 231.126586914063 230.037811279297 232.16455078125 271.620239257813 300.620239257813 346.506317138672 375.797454833984 380.138763427734 379.240509033203 398.367095947266 363.620239257813 359.461639404297 401.236175537109 448.728881835938 452.506317138672
104 122.987342834473 130.147094726563 133 133 133 131.063293457031 130.265823364258 136.974685668945 149.746841430664 151.303802490234 151.507446289063 155.092132568359 155.063293457031 152.501998901367 153.166473388672 163.355392456055 160.316452026367 156.316452026367 155.974685668945 188.891204833984 220.531646728516 253.508575439453 275.683532714844 297.473968505859 296.338562011719 283.102081298828 279.050628662109 299.189880371094 286.291137695313 260.249328613281 255.327667236328 254.73225402832 234.987335205078 239.182983398438 271.688018798828 299.620239257813 347.380401611328 377.939422607422 401.177215576172 405.868286132813 427.227844238281 427.8857421875 416.200439453125 428.130279541016 451.817016601563 449.059936523438
97.7974700927734 110.810127258301 125.202529907227 132 132.151901245117 133 133.898727416992 134.265823364258 140.506332397461 149.582275390625 154.27848815918 155.101272583008 161.468353271484 160.366455078125 155.617050170898 154 171.354431152344 179.658233642578 179.405059814453 180.60758972168 181.188919067383 198.501525878906 240.286499023438 271.847930908203 294.535339355469 304 286.289855957031 279.149322509766 300.126586914063 287.706451416016 261.213745117188 274.936706542969 261.920532226563 235.518661499023 239.265823364258 254.881423950195 277.532440185547 343.291137695313 395.728424072266 417.148040771484 429.299957275391 449.829681396484 453.506317138672 433.974670410156 431.848114013672 454.468353271484 475.506317138672
90.582275390625 97.4124374389648 116.415641784668 128.303802490234 128.303802490234 128.469482421875 129.613998413086 129.897766113281 135.729858398438 140.582275390625 149.4326171875 158.417724609375 165.835601806641 176.126586914063 165.367095947266 155.047271728516 174.915405273438 185 188.544296264648 198.785614013672 203.072265625 204.27848815918 224.407470703125 248.997268676758 291.924377441406 300.969085693359 294.291137695313 282.135711669922 299.316467285156 304.950805664063 286.158630371094 290.898101806641 282.311798095703 249.541580200195 243.541732788086 272.582275390625 282.392395019531 341.006896972656 378.012664794922 440.974670410156 453.553283691406 448.077545166016 455.291137695313 454.924041748047 456.131378173828 477.141815185547 489.6708984375
78.6455688476563 79.6455688476563 86.682746887207 99.0075302124023 105.167762756348 112.025314331055 118.655822753906 125 129.468353271484 128.468353271484 143.059280395508 154.616409301758 162.109115600586 175.303802490234 178.936706542969 169.291137695313 173.791061401367 178.113922119141 179.71061706543 179.822784423828 198.451049804688 213.924057006836 244.346740722656 255.886077880859 292.291137695313 298.983642578125 302.160064697266 287.460174560547 299.482452392578 304.840728759766 306.049987792969 315.531646728516 288.063293457031 260.741058349609 254.707901000977 275.303802490234 302.875183105469 329.210876464844 375.025329589844 423.724884033203 448.601654052734 476.868286132813 480.873413085938 471.086853027344 479.805145263672 491.658233642578 504.632904052734
77 78.037971496582 79.801155090332 79.7848129272461 92.2331390380859 103.559844970703 104.403457641602 111.101264953613 115.658226013184 117.643165588379 125.411956787109 143.125305175781 153.908187866211 170.037979125977 171.645095825195 158.645568847656 154.139236450195 154.493347167969 170.308609008789 179.291137695313 204.431503295898 225.361480712891 255.174652099609 275.808197021484 296.860931396484 293.546081542969 302.161834716797 306.291137695313 305.201568603516 305.891693115234 325.417724609375 330.506164550781 291.755157470703 279.337921142578 261.278472900391 275.435516357422 331.344818115234 355.316467285156 399.379760742188 428.962036132813 454.116180419922 497.443023681641 508.510650634766 508.582275390625 506.5771484375 509.506958007813 527.624084472656
77 77.037971496582 78.0759506225586 80 80.4936676025391 79.4936676025391 93.2840881347656 105.481010437012 105.74683380127 110.68563079834 115.620254516602 118.434867858887 141.39241027832 159.859161376953 158.430374145508 148.037979125977 139.886077880859 147.569625854492 154.924057006836 171.537094116211 197.316452026367 222.075942993164 247.088607788086 269.880157470703 277.547180175781 279.177062988281 308.629699707031 328.265808105469 312.822784423828 323.088287353516 340.680816650391 335.126586914063 310.667053222656 286.810913085938 281.518981933594 282.240509033203 342.012664794922 376.341766357422 422.379760742188 451.261016845703 480.655181884766 505.276733398438 546.874694824219 550.827087402344 532.334411621094 547.9091796875 541.442260742188
77 79 79 79 79 79 88.6202545166016 100.949363708496 104.417724609375 104.417724609375 104.528282165527 118.924049377441 139.27848815918 152.481018066406 154.886077880859 146.305084228516 134.177215576172 129.520904541016 145.611114501953 169.967147827148 196.955291748047 212.869094848633 234.139236450195 241.83544921875 251.126098632813 272.681457519531 317.139251708984 338.734191894531 336.2578125 336.987335205078 353.513854980469 357.215179443359 325.443023681641 308.493682861328 305.662078857422 305.676330566406 346.589324951172 376.83544921875 422.873413085938 452.810119628906 515.606811523438 529.977111816406 549.143249511719 531.088623046875 525.379760742188 527.962036132813 527.544311523438
78 80.6582260131836 82.3414535522461 82.2789611816406 80.6582260131836 79.4564971923828 85.0253143310547 91.6950836181641 95.9746856689453 98.6708831787109 102.555358886719 111.533409118652 140.55696105957 156.506332397461 146.215194702148 140.200134277344 133.048065185547 129 140.509216308594 151.83544921875 188.126586914063 202.55696105957 220.202529907227 227.025314331055 246.780960083008 272.696197509766 316.194030761719 329.755157470703 366.704376220703 397.881439208984 388.825836181641 385.240509033203 343.225433349609 329.650848388672 315.714294433594 314.766540527344 348.424621582031 376.569610595703 423.202545166016 452.696197509766 499.379760742188 525.057189941406 527.83544921875 505.386627197266 482.025329589844 498.253173828125 502.858673095703
80.7341766357422 88.2151870727539 100.301231384277 99.8315963745117 94.1012649536133 87.8987350463867 82.1012649536133 87.8987350463867 93.3037948608398 95.1254577636719 101.13924407959 112.405059814453 140.589492797852 154.772155761719 138.44303894043 128.050155639648 127.754684448242 128.502807617188 138.5673828125 150.532608032227 170.531005859375 177.430374145508 197.686431884766 204.265823364258 240.537094116211 276.127380371094 305.540924072266 322.699554443359 368.352355957031 399.974670410156 421.556976318359 426.634674072266 369.427337646484 334.502014160156 287.468353271484 295.082824707031 340.868927001953 370.531646728516 416.569610595703 446.063293457031 491.367095947266 500.124664306641 499.990539550781 482.565948486328 455.684661865234 451.119537353516 475.438720703125
90.4050598144531 99.5189895629883 105.374298095703 105.405059814453 105.810127258301 104.810127258301 100.126579284668 94.1392440795898 92.7088623046875 97.6835479736328 102.759490966797 117.69620513916 134.886077880859 138.670883178711 130.974685668945 113.57250213623 113.184265136719 120.645568847656 134.01106262207 144.150772094727 152.708862304688 154.189880371094 190.891998291016 207.163909912109 246.369171142578 294.719757080078 306.005126953125 303.736572265625 359.746185302734 394.528594970703 401.708862304688 402.860748291016 362.392395019531 328.680969238281 265.497680664063 252.676818847656 291.544311523438 327.138275146484 374.253173828125 403.746826171875 446.316467285156 453.202545166016 450.088134765625 469.205749511719 429.026123046875 403.734191894531 441.392395019531
95.4430389404297 103.151901245117 108.291137695313 109 111.886077880859 108.169044494629 100.772148132324 97.1772155761719 96.4430389404297 98.6835479736328 102.936706542969 104.789619445801 111.836082458496 109.464828491211 105.202529907227 111.3916015625 118.493667602539 126.97981262207 137.633865356445 144.60758972168 155.184585571289 157.215194702148 190.911392211914 222.070495605469 285.049346923828 305.987335205078 302.676483154297 301.783355712891 341.326385498047 353 369.204132080078 377.648132324219 337.448974609375 286.417724609375 235.569625854492 226.702774047852 251.265823364258 316.113922119141 369.658233642578 398.6708984375 423.706787109375 424.455688476563 409.122100830078 424.251251220703 385.848114013672 359.810119628906 377.021789550781
97.4810104370117 104.614646911621 112.481010437012 115.594940185547 117.481010437012 110.430381774902 101.772148132324 100.127861022949 100.481010437012 100.316612243652 100.197082519531 101.216789245605 103.518989562988 105 105 111.451210021973 125.115043640137 135.107192993164 141.683547973633 149.683547973633 169.229614257813 178.767181396484 194.727935791016 218.647979736328 280.430389404297 302.621215820313 284.151885986328 285.696197509766 315.602478027344 320.736114501953 324.741546630859 347.291137695313 316.128814697266 264.359222412109 214.049835205078 202.240509033203 246.467712402344 295.260864257813 344.987335205078 374 398.151885986328 381.213104248047 395.645568847656 401.481018066406 379.379760742188 354.190673828125 348.830627441406
102.518989562988 108.594940185547 117.153343200684 122.151901245117 122.813011169434 111.759490966797 101.772148132324 103.050636291504 105.361320495605 102.316452026367 99 100 101.455696105957 103.73722076416 105 104.273994445801 118.773277282715 133.069213867188 137.962020874023 139.44303894043 149.086837768555 169.39241027832 179.193084716797 200.41291809082 251.163269042969 276.303802490234 268.493682861328 265.480529785156 274.430389404297 260.318389892578 291.417724609375 319.072570800781 305.023071289063 263.574432373047 211.089401245117 181.373504638672 235.202529907227 273.126586914063 319.759490966797 348.772155761719 371.405059814453 357.947296142578 352.767181396484 369.747467041016 350.594940185547 324.886871337891 303.982543945313
105.55696105957 110.518989562988 122.713188171387 130 130 117.333602905273 102.759170532227 109.059448242188 112.485656738281 104.772148132324 101.211502075195 101.974685668945 102 102.493667602539 103 104.569618225098 104.44303894043 120.202529907227 128.645568847656 129.287933349609 138.29850769043 150.722640991211 170.734176635742 212.754043579102 244.732894897461 262.592041015625 258.468353271484 252.73274230957 251.658233642578 251.929824829102 269.719909667969 275.253173828125 267.132507324219 253.858993530273 190.44303894043 158.512420654297 193.388565063477 241.065536499023 293.974670410156 319.856597900391 331.759490966797 345.183624267578 326.050628662109 325.706939697266 304.405059814453 282.936706542969 277.052398681641
