data/Kitral/Portezuelo-asc/elevation.asc
ncols 80
nrows 80
xllcorner 725952.625
yllcorner 5944384.5
cellsize 100.02265625
NODATA_value -9999                                                                              
[rows 42 to 62 of 80, columns 0 to 46 of 80]
111.594940185547 108.55696105957 118.500885009766 131 125.69620513916 120.328155517578 112.831756591797 120.487419128418 131.291137695313 117.075950622559 108.354431152344 106.287773132324 103 103.088607788086 103.594940185547 103 104 111.74683380127 115.215187072754 124.53052520752 135.329116821289 148 160.72151184082 192.429733276367 219.951446533203 245.126586914063 248.673294067383 230.749237060547 225.55696105957 236.883026123047 245.487899780273 248.07177734375 251.149017333984 231.201248168945 171.86540222168 151.677612304688 172 198.291137695313 260.989593505859 272.784820556641 276.088592529297 294.238250732422 276.481018066406 289.341766357422 270.721527099609 267.383758544922 244.848098754883
116.265823364258 117.898735046387 125.445602416992 131.632904052734 127.425254821777 127.765739440918 131.815093994141 131.898727416992 133.091018676758 134.039093017578 133.784805297852 115.708862304688 103 108.299789428711 108.101264953613 104.063293457031 103 104.645568847656 105.367088317871 116.25316619873 127.518989562988 140.025314331055 151.610473632813 179.915557861328 201.468353271484 221.614318847656 210.544296264648 202.177215576172 200.329116821289 219.874221801758 245.797470092773 251.746841430664 233.098220825195 205.683547973633 180.323501586914 136.91828918457 147.172729492188 171.810119628906 218.204452514648 227.050628662109 247.797470092773 251.455703735352 229.218399047852 221.738662719727 203.354431152344 196.72151184082 178.050628662109
123.341773986816 126.734336853027 130.721832275391 138.354431152344 138.379745483398 139.796661376953 144.012664794922 144.012664794922 151.127868652344 157.341766357422 150.493667602539 121.25316619873 105.797470092773 111.329116821289 114.13924407959 108.14949798584 103.392402648926 104 105 115.886077880859 126.518989562988 146.249801635742 152.658233642578 170.227844238281 191.249313354492 197.962020874023 199.307968139648 181.194198608398 174.430374145508 194.683547973633 217.471405029297 222.265823364258 213.1748046875 186.301712036133 159.582275390625 126.354431152344 126.784812927246 150.898727416992 189.728576660156 196.753082275391 218.215194702148 221.506332397461 199.183944702148 178.222076416016 175.082992553711 157.481018066406 153.987335205078
132.126586914063 132.137634277344 136.936706542969 151.629867553711 161.670883178711 158.140518188477 154 156.794586181641 164.746841430664 167.367095947266 159.569625854492 133.536605834961 118.126579284668 120.620254516602 121.262939453125 112.013938903809 105.708862304688 105 104.683547973633 115.886077880859 127.518989562988 137.118255615234 139.873413085938 158.113922119141 156.695724487305 162.976760864258 166.177215576172 156.822784423828 153.708862304688 166.983016967773 170.784805297852 170.784805297852 170.722152709961 171.331359863281 154.417724609375 120.898735046387 114.974685668945 144.712860107422 150.886077880859 152.708862304688 172.77294921875 175.610000610352 155.772155761719 150.746841430664 152.359878540039 152.667037963867 146.544296264648
143.493667602539 145.202529907227 144.316452026367 164.405059814453 190.44303894043 175.27848815918 160.796020507813 178.329116821289 190.988296508789 177.603424072266 162.354431152344 139.92854309082 132.036529541016 133.365493774414 132.240509033203 122.789779663086 109.177215576172 105 104.683547973633 115.13924407959 125.833038330078 128.506332397461 129.130264282227 146.094543457031 146.772155761719 157.253158569336 162.506332397461 150.177215576172 150.759490966797 132.785125732422 125.243232727051 125.025314331055 125.025314331055 125.025314331055 125.407302856445 108.189872741699 104.713188171387 121.988624572754 125.631149291992 133.85595703125 143.822784423828 144.89697265625 135.93798828125 126.13924407959 137.85546875 139.759490966797 140.506332397461
150.784805297852 157.354431152344 154.784805297852 166.988143920898 195.815414428711 194.784805297852 194.506332397461 222.721038818359 238.213104248047 206.050628662109 175.486785888672 150.479736328125 152.537887573242 147.71110534668 138.847625732422 124.704856872559 108.784812927246 106.291458129883 105.248359680176 109.873420715332 116.189872741699 121.012657165527 126.886077880859 136.365173339844 137.734176635742 148.44303894043 152.658233642578 148.759490966797 145.44303894043 125.063293457031 112.105911254883 106.037971496582 103.645568847656 103.645568847656 103.645568847656 105 105 102.732734680176 102.86075592041 103.341773986816 103.453453063965 103.86075592041 103.86075592041 104.199485778809 122.759490966797 125.075950622559 124.877265930176
155.822784423828 165.822784423828 163.264221191406 173.640441894531 204.808517456055 218.312454223633 214.091018676758 237.866363525391 254.623458862305 224.296585083008 188.544296264648 182.396255493164 183.811889648438 151.544296264648 131.302352905273 120.721519470215 109.107513427734 114.582275390625 112.980133056641 108.468353271484 112.539657592773 120.417724609375 124.970840454102 129.050628662109 129.192916870117 140.62922668457 146.820541381836 153.852584838867 155.696197509766 137.962020874023 130.506332397461 111.759490966797 101.784812927246 98 96.1772155761719 101.131546020508 101.987342834473 91.7215194702148 91.7974700927734 96.6582260131836 98.1772155761719 99.1772155761719 101 102.520751953125 104.296104431152 104.354431152344 105.05640411377
164.582275390625 170.582275390625 183.0927734375 199.939910888672 217.924057006836 244.024200439453 259.328948974609 258.883178710938 240.455703735352 214.180252075195 195.058807373047 199.951766967773 190.734344482422 163.898727416992 138.744918823242 120.582275390625 115.806121826172 121.012657165527 129.898254394531 126.13924407959 122.721519470215 129.316452026367 131.72151184082 132.594940185547 131.72151184082 149.506332397461 154.873413085938 155 154.936706542969 142.83544921875 132.582275390625 115.291137695313 106.569618225098 97.6329116821289 91.8480987548828 89.1344299316406 89.0506362915039 81.3291168212891 85.1645584106445 92.0342864990234 95.5189895629883 97.5569610595703 101.455696105957 104.632911682129 106.814933776855 105.250602722168 104.782089233398
183.493667602539 181.696197509766 197.09358215332 214.394653320313 226.828231811523 248.822784423828 273.529388427734 267.064880371094 243.247711181641 223.481018066406 224.88703918457 215.915725708008 187.058807373047 162.684188842773 138.810119628906 125.329116821289 123.69620513916 129.632904052734 138.265823364258 137.873413085938 133.594940185547 137.39241027832 138.962020874023 143.44303894043 144.696197509766 152.741714477539 155 155 153.91780090332 132.797470092773 125.140686035156 107.736259460449 104.784812927246 98.1392440795898 92.4050598144531 86.9367065429688 80.6700820922852 78 79.4878997802734 90.4430389404297 97.8841552734375 100.455696105957 104.594940185547 110.796669006348 118.333763122559 109.35026550293 110.759811401367
197.936706542969 188.101272583008 206.886077880859 236.716064453125 247.395446777344 263.455688476563 276.025329589844 267.105590820313 259.639495849609 257.746826171875 241.239227294922 216.821670532227 184.316452026367 160.487747192383 139.746841430664 130.873413085938 136.088607788086 140.518981933594 147.113922119141 156.172241210938 148.772155761719 145.810119628906 145.873413085938 151.683547973633 154.936706542969 155 155 153.014266967773 142.873413085938 119.683547973633 106.708862304688 101.988784790039 104.215187072754 106.173851013184 106.854988098145 101.13924407959 83.5316467285156 78 78.4430389404297 89.9240493774414 103.524116516113 105.521713256836 108.063293457031 128.037979125977 135.012664794922 121.665115356445 129.908020019531
189.075942993164 174.101272583008 186.683547973633 200.265823364258 216.160705566406 240.865570068359 249.151901245117 260.506317138672 267.485992431641 259.974670410156 240.341766357422 222.746841430664 194.417724609375 164.037979125977 146.340972900391 141.479248046875 142.939437866211 146.240509033203 163.341766357422 170.924057006836 163.614166259766 156.369491577148 150.16455078125 152.746841430664 155 155 155.962341308594 142.950012207031 131.859161376953 110.518989562988 105 105 110.108474731445 113.936866760254 113.101264953613 90.2954635620117 80.6329116821289 76.5949401855469 77.8860778808594 87.4936676025391 97.6333923339844 103.150459289551 113.415321350098 129.16455078125 147.39241027832 132.146606445313 136.120330810547
168.949371337891 156.848098754883 159.275604248047 175.306686401367 205.582275390625 224.921646118164 226.180099487305 225.971313476563 239.07209777832 250.932388305664 234.270629882813 219.106552124023 193.429260253906 167.069534301758 160.60758972168 162.075942993164 153.820068359375 151.92854309082 176.523635864258 189.110397338867 188.332153320313 168.493667602539 158.088607788086 160.837051391602 157.116165161133 155 150.962341308594 132.823104858398 126.898735046387 109.582275390625 104.13924407959 108.597183227539 126.655502319336 123.518989562988 117.430381774902 107.692039489746 84.1645584106445 77 77 79.4810104370117 79.5189895629883 94.2278518676758 104.372215270996 121.464988708496 123.590766906738 132.857070922852 154.493667602539
148.696197509766 144.634826660156 129.485977172852 134.60758972168 173.199813842773 196.753402709961 205.306045532227 209.227844238281 213.339050292969 217.341766357422 205.633392333984 198.696197509766 186.615768432617 183.708541870117 187.327514648438 182.933181762695 167.155578613281 158.967315673828 190.601669311523 217.302352905273 213.152374267578 193.306198120117 182.324783325195 177.006408691406 157.324630737305 153.994873046875 135.100631713867 124.075950622559 118.98413848877 110.954490661621 109.721519470215 131.240509033203 134.016189575195 130.544296264648 120.79955291748 104.565612792969 85.651496887207 78.6455688476563 77 79.4810104370117 82.1129608154297 94.1996459960938 102.493667602539 102.949363708496 104.598945617676 135.860763549805 148.936706542969
123.379745483398 124.468353271484 109.936706542969 106.762054443359 125.239707946777 152.046310424805 171.242904663086 173.137481689453 173.379745483398 172.468353271484 173.379745483398 172.468353271484 176.270629882813 195.499435424805 210.844573974609 200.050308227539 188.778396606445 185.588851928711 202.693481445313 225.087966918945 224.966033935547 211.005294799805 182.902572631836 159.229293823242 147.346572875977 152.898727416992 141.504089355469 132.037979125977 124.967636108398 123.278480529785 134.100952148438 152.51594543457 142.942962646484 132.174331665039 117.835441589355 99.8607559204102 89.1446914672852 79.5063323974609 77.0392532348633 82.1392440795898 89.1692047119141 95.1531829833984 97 100 101.341773986816 120.392402648926 129.471237182617
100.620254516602 98.1139221191406 83.7848129272461 71.2278518676758 73.8359222412109 99.3835906982422 135.48454284668 148.848098754883 143.353469848633 142.524276733398 146.415161132813 148.837692260742 168.596374511719 196.024520874023 227.02067565918 240.569625854492 216.491744995117 208.960906982422 224.751007080078 232.126586914063 227.035568237305 206.531646728516 166.265823364258 158.347702026367 161.644134521484 161.759490966797 158.142440795898 135.750045776367 132.316452026367 132.569458007813 148.146926879883 149.708862304688 130.632904052734 126.367088317871 113.619132995605 106.341773986816 84.1645584106445 77 77.4430389404297 86.1289825439453 92.4580993652344 99.2965850830078 99.2531661987305 101.679374694824 102 104.291137695313 121.227851867676
89.8354415893555 77.7912216186523 64.455696105957 52.1139259338379 67.8987350463867 88.1198501586914 114.342254638672 131.734176635742 114.177215576172 108.354431152344 120.645568847656 132.759490966797 159.912353515625 183.82487487793 219.040222167969 241.195007324219 217.401214599609 216.627944946289 230.427490234375 237.931900024414 215.240509033203 184.886077880859 165.262298583984 180.101272583008 192.706939697266 190.227523803711 169.063293457031 141.886077880859 143.5673828125 145.641571044922 141.9794921875 132.291137695313 116.86075592041 114.793785095215 103.632911682129 98.4085845947266 83.3233489990234 77.097900390625 76.9270935058594 79.3956069946289 93.5696182250977 103.721519470215 105.097900390625 111.559844970703 111.987342834473 111.987342834473 111.358116149902
85.7974700927734 74.8783874511719 60.6962013244629 52.7974700927734 67.0632934570313 90.2648620605469 112.151901245117 124.518989562988 110.428619384766 97.9181213378906 106.583236694336 118.273834228516 137.882385253906 146.784805297852 161.974685668945 183.794586181641 195.828399658203 196.582275390625 229.960418701172 249.715744018555 229.054473876953 206.414672851563 190.285217285156 204.430053710938 232.868133544922 220.579879760742 188.296264648438 165.739303588867 162.215194702148 156.878219604492 141.009780883789 128.683547973633 107.734176635742 108.797470092773 95.4007339477539 81.3417739868164 78.925651550293 76.9179611206055 76 78.3379287719727 101.594940185547 105 105.189872741699 128.292739868164 134.27848815918 138.126586914063 137.266464233398
79.037971496582 67.6926803588867 58.233455657959 52 65.4303817749023 76.037971496582 87.1645584106445 97.7588500976563 92.1996459960938 82.6580657958984 91.9466400146484 103.277679443359 115.337768554688 122.316452026367 132.997436523438 138.632904052734 160.209426879883 175.724884033203 230.670883178711 268.097595214844 266.106719970703 264.683532714844 231.781600952148 231.984939575195 254.232498168945 244.77311706543 198.60758972168 192.702285766602 190.655670166016 168.950332641602 136.232330322266 115.704216003418 100.925170898438 101.518989562988 93.8860778808594 82.0126571655273 77.3924026489258 74.7594909667969 74.7594909667969 75.8372039794922 97.3544311523438 104.316452026367 105.287292480469 120.329116821289 137.373336791992 147.924057006836 162.921005249023
61.8860740661621 53.7700691223145 53.9240493774414 52.3606796264648 57.8564338684082 62.9389533996582 67.2276916503906 71.3291168212891 72.0506362915039 74.0445404052734 83.3037948608398 93.9065856933594 97.0506362915039 99.1012649536133 101.164558410645 101.171287536621 135.620254516602 169.873413085938 230.670883178711 273.3291015625 286.296417236328 286.372863769531 269.447845458984 262.6708984375 268.936706542969 265.808685302734 230.208145141602 231.707412719727 219.227844238281 187.338882446289 146.038772583008 116.784812927246 102.345138549805 99.3037948608398 88.4885406494141 79.3924026489258 75.8977737426758 73.4292602539063 73 74.962028503418 90.0759506225586 103.392402648926 101.569618225098 104.265823364258 120.104309082031 126.721519470215 162.014419555664
52 53.7215194702148 54 53 52.6835441589355 53.1297874450684 53.6835441589355 53.6835441589355 53.6835441589355 60.500560760498 71.8101272583008 76.1828231811523 78.1392440795898 84.037971496582 94.7668609619141 106.724563598633 144.797470092773 178.976440429688 232.820541381836 278.773101806641 301.342254638672 296.810119628906 289.694763183594 288.215179443359 287.610321044922 288.898742675781 270.2998046875 250.156539916992 234.620254516602 203.317260742188 170.373657226563 142.779357910156 110.957221984863 104.573783874512 82.2531661987305 77 75 72.5949401855469 70.6835479736328 72.4933471679688 83.9746856689453 93.1392440795898 95.5047302246094 99.4832534790039 103.354431152344 111.151901245117 127.021148681641
52 52.0245170593262 52.9730796813965 51.6455688476563 51.6455688476563 51.6455688476563 51.7263259887695 52 52.3037986755371 56.3291130065918 64.159912109375 71.3379287719727 77.455696105957 87.0967788696289 105.493667602539 128.746200561523 172.164398193359 199.06233215332 237.773910522461 285.263244628906 309.326538085938 309.240509033203 308.205261230469 311.910278320313 320.101745605469 317.30908203125 289.451995849609 268.008972167969 245.496551513672 234.202529907227 198.78352355957 176.075469970703 125.315811157227 105.758369445801 91.4595413208008 85.0886077880859 77.8445739746094 73.9493637084961 66.9165191650391 65.6455688476563 69.1645584106445 74.2227172851563 101.185546875 105.059768676758 116.673606872559 122.025314331055 144.570739746094
