data/Kitral/Portezuelo-asc/elevation.asc
ncols 80
nrows 80
xllcorner 725952.625
yllcorner 5944384.5
cellsize 100.02265625
NODATA_value -9999                                                                              
[rows 0 to 20 of 80, columns 0 to 46 of 80]
134 141.037979125977 148.151901245117 152 152 153 153 139.405059814453 127.69620513916 128.341766357422 129.620254516602 129 127.455696105957 128.493667602539 142.126586914063 152.569625854492 160.215194702148 165 158.949371337891 136.949371337891 127 133.594940185547 131.329116821289 130 128.088607788086 129 132.987335205078 129.949371337891 128 128 129 129.177215576172 138.075942993164 169.025314331055 194.746841430664 224.632904052734 251.202529907227 274.025329589844 279.443023681641 296.481018066406 277.924041748047 290.227844238281 298.189880371094 323.16455078125 323.658233642578 306.16455078125 301.506317138672
128.962020874023 137 149.227844238281 154.966354370117 157.341766357422 159.855316162109 157.801467895508 140.405059814453 128.379745483398 128.113922119141 141.027084350586 150.750045776367 135.780166625977 126.455696105957 145.215194702148 167.945678710938 177.128829956055 164.785614013672 142.480377197266 129.508407592773 127.066818237305 137.265823364258 139.208786010742 131.253158569336 128 129 134.974685668945 131.949371337891 129 128 128.27848815918 144.044708251953 159.012664794922 184.55696105957 203.16455078125 226.898727416992 252.126586914063 276.430389404297 295.924041748047 301.057678222656 299.209594726563 312.396575927734 322.417724609375 329.341766357422 346.810272216797 325.985748291016 306.136199951172
128 130.959136962891 133.766387939453 145.46435546875 161.227844238281 166.341766357422 161.16455078125 145.354431152344 144.215194702148 155.191162109375 156.322067260742 155.075942993164 138.493667602539 126.873420715332 144.833038330078 172.265823364258 183.924057006836 178.34016418457 143.732894897461 127.852264404297 142.860763549805 152.243225097656 137.987335205078 128.933670043945 128 129 135.974685668945 131.951293945313 130 129 129.27848815918 149.973876953125 158.186187744141 178.215194702148 201.303802490234 210.329437255859 231.55696105957 273.005462646484 301.215179443359 314.150451660156 323.900177001953 343.725830078125 348.815582275391 340.113922119141 352.493682861328 349.284881591797 334.601013183594
126.886077880859 127.890403747559 129 137.429733276367 151.227844238281 169.970993041992 165.544937133789 152.372055053711 152.610961914063 168.203491210938 175.853393554688 173.797470092773 170.621536254883 169.196929931641 159.792984008789 157.341766357422 169.594940185547 179.605194091797 159.345611572266 141.044387817383 150.151901245117 156.113922119141 142.904815673828 131.254928588867 129.113922119141 129.227844238281 138.189880371094 139.180099487305 137.16455078125 130.797470092773 129.139236450195 142.012664794922 145.897933959961 157.781280517578 181.177215576172 201.569137573242 225.936706542969 272.70068359375 301.658233642578 318.924041748047 329.075958251953 351.848266601563 363.485504150391 370.502471923828 366.822296142578 372.569610595703 353.83544921875
125 126 127 129.827438354492 149.238265991211 174.569625854492 176.917327880859 174.759490966797 168 172.808837890625 192.260208129883 200.405227661133 200.759490966797 188.683547973633 162.890884399414 166.390319824219 184.582275390625 189.509536743164 172.470916748047 155.139236450195 159.341766357422 166.253158569336 156.265823364258 140.962020874023 138.367095947266 139.455703735352 149.417724609375 147.379745483398 141.177215576172 131.797470092773 129 131.202529907227 140.311172485352 152.759490966797 166.398818969727 198.658233642578 226.361953735352 255.976440429688 298.598937988281 319.443023681641 329.594940185547 360.135223388672 376.088592529297 388.088592529297 379.265808105469 387.873413085938 383.683074951172
126 126 128.075942993164 129 144.654708862305 170.415802001953 180.625534057617 180 178.323501586914 177.846496582031 194.468353271484 218.399139404297 214.118087768555 189.131713867188 168.784805297852 173.3095703125 195.343215942383 196.320465087891 174.898727416992 157.83544921875 162.42268371582 174.936233520508 169.006729125977 155.115203857422 156.582275390625 153.860763549805 160.344177246094 163.713668823242 155.304443359375 134.873413085938 129 129.354431152344 139.645568847656 152.506332397461 157.202529907227 179.810928344727 205.987335205078 248.075942993164 281.510803222656 322.078674316406 330.129302978516 354.518981933594 377.897766113281 399.841705322266 400.216003417969 401.894073486328 402.759490966797
128 129.227844238281 128.924057006836 127.113922119141 136.572982788086 152.658233642578 171.507614135742 185.253158569336 196.050628662109 199.594940185547 214.645568847656 235.297225952148 219.022750854492 194.974685668945 180.437591552734 191.55696105957 203.545104980469 204.729370117188 178.148056030273 157.784805297852 170.772155761719 180.07145690918 172.684020996094 165.582275390625 167.367095947266 165.722640991211 166.205413818359 175.461471557617 160.139236450195 150.73193359375 133.63916015625 128.354431152344 139.873413085938 152.506332397461 154.746841430664 175.127548217773 192.523956298828 228.27848815918 256.405059814453 302.924041748047 328.029632568359 352.113922119141 377.569610595703 398.936706542969 410.722473144531 423.490631103516 425.367095947266
129 134.351867675781 133.399932861328 128.531646728516 141.483413696289 153.671051025391 168.367095947266 193.055923461914 211.012664794922 222.012664794922 233.747161865234 249.521865844727 223.341766357422 202.397048950195 200.93879699707 203.481491088867 210.746841430664 208.803070068359 186.713348388672 167.367095947266 175.101913452148 186.275283813477 181.126586914063 177.42204284668 178.063293457031 177.797470092773 177.788177490234 186.848098754883 179.012664794922 159.338562011719 134.83544921875 128.354431152344 148.075942993164 154.506332397461 171.571060180664 179.368209838867 198.632904052734 208.651824951172 247.873413085938 280.83544921875 306.973388671875 340.924041748047 376.056884765625 402.063293457031 424.393524169922 430.292572021484 448.582275390625
129 136.113922119141 146.367095947266 150.518981933594 153.063293457031 154.303802490234 168.601669311523 193.779998779297 218.034286499023 242.012664794922 252.60758972168 255.886077880859 224.379745483398 203.444961547852 218.101272583008 226.518981933594 220.023239135742 209.113922119141 183.703735351563 170.522994995117 176.886077880859 188.696197509766 198.44367980957 200.1650390625 200.518981933594 192.351699829102 189.898727416992 200.265823364258 193.658233642578 179.012664794922 147.198211669922 130.857559204102 133.365005493164 151.065216064453 192.328948974609 201.026596069336 203.901138305664 222.072418212891 250.506332397461 293.936706542969 322.240509033203 349.640930175781 377.177215576172 403.101257324219 428.203826904297 466.215515136719 474.772155761719
128 141.240829467773 157.467712402344 162.49462890625 171.38102722168 175.583877563477 178.17529296875 187.630661010742 202.648132324219 224.025314331055 247.215194702148 256.582275390625 236.349456787109 224.869247436523 228.565139770508 231.316452026367 215.121459960938 198.696197509766 182.841217041016 184.778244018555 197.329116821289 201.575546264648 234.867813110352 232.195159912109 210.498641967773 203.691558837891 202.050628662109 221.101272583008 208.623931884766 185.39241027832 158.376708984375 150.531646728516 133.394805908203 149.27848815918 196.202529907227 223.125137329102 225.884948730469 247.024520874023 289.506317138672 322.075958251953 347.303802490234 355.569610595703 395.241302490234 414.089721679688 443.609039306641 464.56787109375 478.318542480469
128.898727416992 137.300277709961 150.274963378906 163.005294799805 175.303802490234 186.831604003906 184.597015380859 186.177215576172 204.697647094727 223.256362915039 245.514022827148 256.582275390625 239.265823364258 229.685943603516 230.620254516602 217.253158569336 192.455703735352 181.726165771484 194.436782836914 202.346252441406 219.364364624023 231.873413085938 250.352828979492 253.296264648438 231.865081787109 241.47444152832 246.569625854492 251.192916870117 216.822784423828 185.113922119141 177 160.455703735352 134.627136230469 149.27848815918 196.202529907227 226.719909667969 256.000335693359 273.924041748047 301.312774658203 327.126586914063 356.594940185547 363.705169677734 382.573455810547 405.531494140625 439.987335205078 455.097900390625 469.354431152344
174.177215576172 173.743637084961 163.753082275391 160.759490966797 173.455703735352 193.446395874023 202.44303894043 202.088607788086 210.341445922852 237.130111694336 254.215194702148 255.746841430664 244.911880493164 236.79377746582 219.385513305664 192.313888549805 180.836090087891 178.83544921875 196.518981933594 219.744430541992 236.3916015625 242.299789428711 251.924057006836 255.670883178711 251.228805541992 270.316467285156 277.513702392578 260.544311523438 249.013778686523 227.987335205078 205.726638793945 198.050628662109 159.910110473633 153.830963134766 195.658233642578 226.468353271484 260.683532714844 278.367095947266 300.544311523438 317.4541015625 351.178802490234 365.253173828125 378.556976318359 402.645568847656 446.696197509766 437.033020019531 460.79296875
189.455703735352 189.928695678711 183.016021728516 177.340484619141 178.063293457031 193.329116821289 210.10383605957 221.285690307617 227.27848815918 243.489822387695 256.371246337891 241.898254394531 232.473480224609 218.572509765625 192.786575317383 179.778564453125 193.55696105957 201.177215576172 209.106231689453 217.987335205078 243.008651733398 252.569625854492 284.761413574219 298.741241455078 265.333923339844 273.073699951172 296.303802490234 299.025329589844 281.898742675781 257.160064697266 231.518829345703 210.134429931641 165.063293457031 154.644134521484 177.91796875 204.696197509766 231.189880371094 246.113922119141 261.06201171875 300.944732666016 330.746826171875 354.114562988281 367.873413085938 383.319183349609 427.482940673828 430.955932617188 452.938140869141
192 199.08203125 197.177215576172 190.481018066406 190.481018066406 194.159423828125 202.302352905273 219.594940185547 242.506332397461 254.004333496094 242.257965087891 224.066970825195 212.389526367188 192.075942993164 180.287780761719 179.787536621094 189.130432128906 201.936706542969 213.037979125977 224.280242919922 247.182022094727 269.064575195313 313.010589599609 312.379760742188 283.133483886719 295.088287353516 304.487274169922 305.962036132813 286.157836914063 268.987335205078 237.462905883789 210.594940185547 165.063293457031 154.253158569336 157.830963134766 196.314376831055 208.07194519043 227.643005371094 251.81364440918 297.772155761719 335.620239257813 353.446563720703 365.491119384766 378.6708984375 405.225769042969 410.16455078125 449.493682861328
192 210.708862304688 209.367095947266 203.658233642578 203.594940185547 202.695877075195 216.132034301758 229.063293457031 232.689636230469 220.85627746582 208.94873046875 206.924057006836 199.582275390625 171.193237304688 156.873413085938 171.784805297852 194.968597412109 219 234.708862304688 254.370941162109 271.824066162109 279.392395019531 300.707733154297 323.080596923828 308.231384277344 304.406677246094 304.936706542969 295.797454833984 282.683532714844 262.227844238281 218.406982421875 188.132186889648 160.759979248047 155 154.781921386719 178.926300048828 202.195159912109 226.303802490234 269.764465332031 300.83544921875 327.987335205078 351.721527099609 355.873413085938 358.435668945313 380.16455078125 393.708862304688 419.822784423828
192 217.189880371094 228.073867797852 226.327514648438 219.83544921875 221.386642456055 228.465148925781 229.860763549805 223.379745483398 210.257965087891 191.478775024414 182.331680297852 182.696197509766 164.686264038086 152 169.55696105957 188.945037841797 217.670883178711 237.911392211914 258.911407470703 276.141479492188 295.378295898438 319.501190185547 330.51513671875 311.569793701172 304.298187255859 288.222412109375 273.075958251953 260.858825683594 255.272872924805 215.699569702148 167.44303894043 155 154.506332397461 172.760772705078 197.534042358398 222.683547973633 239.073059082031 264.836242675781 282.075958251953 305.265808105469 329.606781005859 333.51611328125 352.025329589844 358.250762939453 380.087310791016 422.400085449219
198.39241027832 206.60758972168 219.995513916016 218.886077880859 211.873413085938 223.746841430664 230.177215576172 215.968109130859 205.323822021484 205.435501098633 190.113922119141 166.088607788086 157.417724609375 154.489822387695 151 169.987335205078 180.630828857422 206.240509033203 227.83544921875 248.83544921875 272.708862304688 297.582275390625 322.797454833984 331.099334716797 312.620239257813 281.327362060547 269.187164306641 258.468353271484 238.214706420898 216.887832641602 206.397048950195 182.797470092773 159.308120727539 154.265823364258 192.83544921875 204.44303894043 225.354431152344 249.430374145508 273.502960205078 270.658233642578 299.417724609375 307.737548828125 317.120971679688 332.126586914063 352.483581542969 368.3291015625 404.837371826172
182.126586914063 193.01106262207 207.090209960938 206.908981323242 192.613998413086 196.742828369141 196.675689697266 170.949371337891 159.493667602539 174.106719970703 168.734176635742 153.291137695313 151.161514282227 151.318695068359 152.822784423828 171.543014526367 180.430221557617 204.455703735352 226.050628662109 253.31901550293 266.538360595703 293.523162841797 306.068267822266 324.266937255859 312.563049316406 285.258453369141 262.066986083984 239.582275390625 231.559844970703 228.634994506836 210.289855957031 193.759490966797 162.215515136719 154.596054077148 177.331039428711 183.101272583008 203.341766357422 228.506332397461 245.096145629883 255.632904052734 279.658233642578 284.265808105469 304.763824462891 319.177215576172 352.012664794922 367.481018066406 401.227844238281
157.582275390625 169.796188354492 194.697479248047 193.223999023438 180.005126953125 182.009460449219 168.987335205078 153.101272583008 150 154.532760620117 155.709014892578 150.582275390625 148.627944946289 159.679214477539 173.160873413086 179.230895996094 194.503921508789 205.216949462891 220.734176635742 251.72151184082 257.911224365234 257.352813720703 274.229278564453 300.736267089844 306.521697998047 286.987335205078 278.421722412109 258.658233642578 252.784805297852 253.829513549805 233.714950561523 191.162796020508 159.387603759766 155 156.623779296875 176.095504760742 200.635147094727 208.253158569336 246.354431152344 264.291137695313 286.594940185547 301.039886474609 333.672485351563 349.683532714844 364.85498046875 378.110412597656 402.92822265625
149.27848815918 156.567535400391 170.814453125 175.018905639648 167.83544921875 162.544296264648 155.708541870117 149.542373657227 146.27848815918 147.620254516602 148.55696105957 148.162155151367 151.632904052734 169.683547973633 179.869567871094 187.271743774414 200.321105957031 212.756927490234 208.975158691406 224.27848815918 233.189880371094 215.44303894043 226.189880371094 284.905944824219 304.987976074219 301.749725341797 292.325592041016 284.6708984375 280.151885986328 267.430389404297 254.708053588867 195.063293457031 159.354431152344 160.696197509766 156.303802490234 193.126586914063 204.734176635742 223.429260253906 249.174011230469 255.24787902832 259.399780273438 298.487274169922 337.721527099609 354.088592529297 375.354431152344 381.650695800781 412.392395019531
149.240509033203 154.240509033203 155.056243896484 156.088607788086 155.72151184082 152.101272583008 147.481018066406 143.949371337891 141.240509033203 141.582275390625 142.240509033203 145.075942993164 151.367095947266 170.44303894043 179.481018066406 186.430374145508 200.005767822266 205.117294311523 188.341766357422 198.493667602539 206.683547973633 204.337921142578 221.012664794922 251.610000610352 277.261810302734 265.49462890625 258.177215576172 240.974685668945 218.291137695313 210.520904541016 227.23681640625 191.311813354492 160.062164306641 166.797470092773 167.158630371094 180.715270996094 201.228164672852 216.223999023438 211.030609130859 228.45393371582 251.594940185547 278.792175292969 322.894897460938 333.506652832031 355.819580078125 398.975494384766 427.204925537109
