data/ScottAndBurgan/Zona_60-asc/hm.asc
ncols 658
nrows 597
xllcorner 325692.38261041
yllcorner 4557715.6527613
cellsize 20
NODATA_value -9999
[rows 159 to 211 of 597, columns 288 to 383 of 658]
11.52 8.89 8.35 9.37 6.88 0 0 0 0 0 0 0 0 0 0 0 0 4.89 7.67 5.89 5.8 5.33 5.34 8.43 6.6 7.92 5.58 0 0 0 0 0 0 0 0 0 0 0 0 0 0 0 6.59 6.36 0 0 0 0 0 0 0 0 0 0 0 0 0 0 0 0 0 0 0 0 0 0 0 0 0 0 0 0 0 0 0 0 0 0 0 0 0 0 0 7.88 8.07 9.47 9.12 9.25 8.84 9.93 9.21 10.05 9.87 10.41 7.32 5.93
0 9.35 8.65 9.59 7.62 9.36 0 0 0 0 0 0 0 0 0 0 0 6.06 4.64 7.83 7.23 5.32 5.75 5.47 6 5.54 6.28 0 0 0 0 0 0 0 0 0 0 0 0 0 5.88 7.39 5.82 6.5 0 0 0 0 0 0 0 0 0 0 0 0 0 0 0 0 0 0 0 0 0 0 0 0 0 0 0 0 0 0 0 0 0 0 0 0 0 8.29 8.04 7.75 8.74 9.23 9.49 9.8 9.87 8.86 7.23 9.08 8.86 8.27 10.89 9.54
0 0 8.39 8.61 6.26 6.56 0 0 0 0 0 0 0 0 0 0 0 5.59 5.22 6.76 5.37 5.36 4.89 5.65 5.34 5.9 6.03 0 0 0 0 0 0 0 0 0 0 0 0 0 0 5.91 5.11 0 0 0 0 0 0 0 0 0 0 0 0 0 0 0 0 0 0 0 0 0 0 0 0 0 0 0 0 0 0 0 0 0 0 0 0 0 0 8.34 8.28 7.76 8.6 8.41 8.07 9.24 9.62 10.35 9.11 9.53 6.41 5.68 4.93 8.42
5.08 11.6 11.08 6.5 6.27 6.4 0 0 0 0 0 0 0 0 0 0 0 0 7.07 5.8 5.53 4.98 5.57 6.44 4.84 5.15 0 0 0 0 0 0 0 0 0 0 0 0 0 6.44 0 5.74 7.37 0 0 0 0 0 0 0 5.22 0 0 0 0 0 0 0 0 0 0 0 0 0 0 0 0 0 0 0 0 0 0 0 0 0 0 0 0 0 0 8.66 8.62 9.2 9.23 9.12 9.08 9.47 9.6 9.9 9.26 8.58 9.42 9.04 6.77 6.47
7.05 5.26 10.9 7.51 7.09 8.35 0 0 0 0 0 4.69 6.77 6.85 6.69 6.51 7.46 10.75 7.98 4.98 5 6.11 5.22 5.4 5.79 0 0 0 0 0 0 0 0 0 0 0 7.56 10.59 10.33 0 5.55 4.99 6.47 0 0 0 0 0 0 5.05 5.01 0 0 0 6.42 0 0 0 0 0 0 0 0 0 0 0 0 0 0 0 0 9.55 0 0 0 0 0 0 0 0 0 8.68 8.35 8.89 9.3 9.13 8.57 9.28 9.51 9.51 9.66 9.46 10.18 9.44 8.05 6.08
4.97 6.76 5.02 6.97 7.38 6.43 0 0 0 5.48 4.62 4.42 4.64 5.37 7.07 0 0 6.33 6.45 5 5.16 6.1 6.66 5.84 7.28 0 0 0 0 0 0 0 0 0 0 0 10.03 9.56 0 5.58 5.75 5.69 0 0 5.68 6.18 0 0 0 4.87 5.19 0 5.05 4.69 5.16 7.45 0 6.87 9.46 7.25 5.98 0 0 0 0 0 0 0 0 0 0 9.68 0 0 0 0 0 0 0 0 8.01 8.85 8.67 8.97 8.69 8.12 7.79 8.44 10.05 10.07 7.76 8.75 9.45 10.04 7.39 8
4.74 5.05 5.35 5.92 6.42 8.15 0 10.35 9.26 9.02 8.1 4.11 4.4 6.32 6.11 5.83 6.59 8.8 8.08 10.21 5.07 5.25 0 6.8 6.41 0 0 0 0 0 0 0 0 0 0 5.23 5.11 5.34 5.42 6.25 6.58 6.55 0 6.01 7.62 5.12 5.23 5.53 5.65 5.2 0 4.99 4.93 6.17 6.9 6.36 5.98 6.03 5.55 6.85 5.6 7.47 7.07 6.07 0 0 0 0 0 0 7.73 6.87 0 0 0 0 0 0 0 0 9.38 10.25 9.32 9.55 8.69 8.4 8.44 7.85 9.41 9.45 8.85 8.9 8.82 7.89 7.63 8.07
4.53 5.07 6.05 6.62 6.06 4.74 6.47 8.69 8.41 9.13 6.7 5.26 4.68 4.54 5.7 7.73 8.08 11.93 10.21 5.27 4.73 5.27 0 6.32 0 0 0 0 0 0 0 0 0 0 0 4.79 4.98 5.68 5.48 6.42 6.78 6.96 6.41 5.26 5.02 4.82 5.72 4.95 5.42 0 0 0 8.14 7.32 6.32 6.5 5.57 5.5 6.76 5.68 0 8.58 5.74 5.75 0 0 5.26 0 0 0 9.92 5.53 0 0 0 0 0 0 0 7.27 10.19 10.34 10.07 9.48 8.87 9.06 9.15 8.93 8.79 8.62 9.09 8.3 6.2 8.74 8.67 9.06
5.26 5.51 5.68 6.11 5.74 5.55 7.52 9.15 10.84 11.58 5.54 5.01 5.26 5.58 5.6 7.58 5.43 6.32 4.95 5.14 6.46 5.28 5.4 0 0 0 0 0 0 0 0 0 0 0 0 6.48 5.63 5.88 6.05 6.23 6.98 6.37 6.43 6.78 5.79 4.93 4.53 9.74 0 0 0 0 7.15 0 8.04 5.98 6.56 7.09 7.16 0 0 0 0 0 0 7.82 8.63 0 0 0 5.71 0 0 0 0 0 0 0 9.27 8.74 10.54 11.92 11.04 10.04 9.24 9 8.37 8.52 9.38 9.41 6.45 8.74 7.3 8.34 8.32 9.31
4.65 5.67 5.21 5.69 5.31 5.9 6.49 8.41 11.25 11.74 9.56 5.11 5.04 4.95 0 8.2 4.94 5.22 0 0 0 6.43 5.85 6.53 0 0 0 0 0 7.39 7.31 5.43 0 0 0 5.2 5.19 5.01 6.57 5.67 6.62 6.78 6.89 10.14 10.46 4.84 5.39 6.61 0 0 0 0 0 0 0 6.57 6.96 6.32 0 0 0 0 0 0 0 9.27 8.68 10.48 0 5.26 8.24 0 9.87 5.63 0 0 0 0 8.52 11.29 11.06 10.87 11.37 9.97 8.74 10.01 9.51 9.42 9.11 8.88 7.73 8.26 8.13 7.87 8.8 8.17
5.73 5.42 4.95 6.1 4.89 5.15 6.98 5.61 9.33 10.62 5.96 6.21 5.65 5.41 0 0 0 0 0 0 0 5.94 0 6.4 7.76 0 0 0 0 5.97 5.36 0 0 5.85 6.07 5.13 6.3 5.59 6.13 6.79 7.38 6.83 7.57 9.26 10.34 8.14 0 0 0 10.04 8.58 9.29 0 0 0 0 6.59 6.5 8.4 0 0 0 0 7.69 8.43 7.99 6.02 7.22 9.02 6.2 12.43 0 9.78 8.89 0 0 0 0 8.96 10.4 11.5 10.98 9.41 6.38 5.89 9.81 9.42 9.84 9.56 8.95 7.44 8.72 8.67 8.66 6.27 7.51
6.58 6.17 5.62 7.29 5.71 5.17 6.36 6.64 7.08 6.45 6.73 6.29 5.6 7.17 0 0 0 0 0 0 5.94 0 0 0 0 0 0 0 0 0 0 0 0 5.2 5.36 5.88 6.3 6.75 6.82 7.04 6.42 7.43 8.29 8.11 5.84 0 0 0 5.61 6.64 6.69 9.19 10.94 0 0 8.16 7.49 8.38 0 0 0 8.41 5.52 4.82 8.94 9.12 7.06 9.62 9.45 10.7 0 0 9.9 9.62 7 8.73 6.41 11.39 0 9.23 8.54 8.33 5.38 5.6 5.72 6.13 8.02 9.15 8.79 8.45 8.19 8.99 7.81 8.8 8.3 10.44
7.11 6.01 5.02 6.94 5.09 7.08 7.56 9.19 11.74 6.5 7.39 6.99 8.6 6.78 0 0 0 0 0 6.11 5.73 0 0 0 9.23 5.84 5.31 0 0 0 0 0 5.05 4.78 7.34 8.16 7.56 6.63 6.61 6.75 6.73 7.58 8.13 9.12 8.13 8.07 8.67 8.15 6.03 8.73 8.14 6.49 8.33 0 0 10.26 8.04 0 0 0 0 8.43 8.68 8.5 9.21 7.21 8.14 10.64 10.19 11.01 0 0 9.21 7.33 8.42 6.4 6.13 8.12 0 0 10.77 7.17 5.9 6.15 5.46 4.73 5.44 9.74 9.57 8.77 9.22 8.9 9.3 10.08 9.83 10.44
5.43 7.17 5.37 6.43 7.18 8.09 8.26 10.14 7.58 7.09 8.34 6.02 12.03 10.38 7.02 6.03 0 0 0 0 6.83 0 0 0 8.59 0 0 0 0 0 0 0 6.7 5.22 7.11 7.98 8.71 8.43 7.02 5.53 6.83 8.9 8.92 10.35 8.33 8.08 6.77 6.46 5.76 5.85 6.22 5.68 6.38 5.37 0 5.7 0 0 0 0 7.88 8.27 8.51 7 9.01 7.92 10.16 10.14 7.27 7.75 0 0 5.81 6.63 8.39 8.19 6.66 6.85 6.27 0 7.23 5.79 6.17 5.01 5.22 5.08 5.49 9.38 9.84 9.15 10.06 9.68 8.07 9.2 7.47 9.77
5.59 5.18 5.33 5.38 6.37 7.31 6.9 5.74 6.08 5.44 6.44 0 0 0 8.66 6.32 6.97 9.55 0 0 6.03 0 11.67 15.84 8.67 0 0 0 0 0 4.9 0 5.38 6.82 6.6 5.88 7.99 6.95 8.23 6.6 6.98 9.64 9.48 8.21 10.2 10.3 7.7 7.39 6.66 6.01 6.63 5.99 5.41 5.41 6.93 6.94 5.5 8.57 5.26 9.51 9.2 7.78 9.65 8.93 9.05 8.65 8.56 6.71 7.18 7.75 0 0 5.7 5.45 7.19 5.59 6.01 5.53 5.88 6.04 6.44 6.3 5.74 5.99 6.07 6.18 11.16 9.36 9.95 9.89 9.89 10.03 7.99 8.31 6.41 8.42
5.28 5.36 6.56 5.29 0 0 4.86 7.5 6.31 5.99 6.22 0 0 0 0 5.7 5.72 6.33 0 0 0 6.76 5.36 18.32 11.78 0 0 0 0 5.47 4.63 5.52 0 5.29 4.69 4.58 4.54 5.12 7.69 7.72 8.1 9.07 7.89 10.09 11.01 7.28 6.14 6.69 9.62 10.22 6.76 6.51 7.67 5.18 6.75 6.81 7.09 8.97 6.2 10.54 10.38 9.85 9.98 9.07 8.98 9.9 7.16 7.34 8.18 7.97 0 0 5.77 6.08 6.1 6.6 7.44 5.25 5.56 5.4 5.62 6.15 5.24 9.28 7.47 11.34 10.66 9.64 10.1 11.02 10.73 10.51 9.18 8.92 7.19 8.83
5.13 6.93 0 0 0 5.63 7.71 9.28 10.55 6.63 0 0 0 0 0 7 7.41 9.4 5.71 0 0 4.58 6.04 6.03 6.23 0 0 0 0 4.87 4.72 4.76 5.21 6.73 4.81 4.9 4.92 4.84 6.12 7.91 9.24 9.51 9.39 9.27 10.39 10.74 6.9 6.24 7.09 6.36 6.98 7.37 7.33 7.26 5.35 7.53 9.01 7.92 9.18 9.63 9.99 9.1 10.79 11.29 9.83 8.89 7.07 7.45 7.34 0 0 0 5.37 6.08 5.96 6.01 5.4 6.3 5.01 5.62 5.45 6.22 6.93 8.34 10.6 10.71 9.77 9.36 9.52 10 7.37 8.27 0 7.06 8.29 10.15
0 5.49 0 0 0 7.33 10.03 6.44 10.65 0 0 0 0 0 0 6.33 7.65 9.39 6.86 7.02 6.43 6.83 5.98 0 0 0 0 4.81 0 4.79 4.85 4.89 4.95 7.05 5.09 4.59 4.21 4.22 0 0 10.03 7.85 7.61 8.53 8.71 7.27 7.41 7.54 5.57 7.33 7.36 5.83 8.05 7.52 7.75 9.83 8.26 9.84 9.88 6.89 5.23 5.79 6.44 9.27 9.81 7.83 7.45 6.9 7.54 0 0 0 6.21 10.51 10.9 5.87 12.2 12.09 0 5.77 6.1 8.39 8.07 8.99 9 10.61 9.38 6.1 9.01 9.49 8.93 9.51 0 8.74 9.03 10.39
0 6.43 7.18 0 0 0 7.04 8.73 8.12 0 0 0 0 0 0 0 0 9.95 6.15 6.65 6.28 5.18 6.2 0 0 0 5.25 4.45 4.83 5.18 4.7 6.76 9.17 11.59 7.15 5.37 4.59 0 0 9.94 6.38 9 6.89 7.63 7.54 6.28 7.06 6.6 5.92 7.6 6.87 6.54 8.88 9.54 9.6 9.52 8.52 10.04 10.51 7.85 6.16 8.09 7.13 10.32 6.98 7.02 5.84 5.56 6.58 6.66 0 0 12.7 11.1 11.07 9.04 12.61 0 0 0 6.59 11.24 9.07 8.56 8.59 8.24 5.93 6.86 6.88 9.85 9.37 8.69 8.65 9.38 8.73 9.82
5.6 5.97 6 6.2 6.7 7.4 7.68 8.35 8.59 7.55 7.8 6.41 7.18 7.02 5.59 5.02 6.49 5.75 6.13 6.73 6.23 5.38 6.38 0 0 5.27 5.59 4.79 4.87 4.66 4.92 6.44 9.66 8.18 5.99 5.85 4.79 0 0 0 0 8.09 6.69 7.89 8.72 8.38 7.55 8.49 7.64 6.94 7.31 8.42 9.02 9.63 9.1 9.35 8.49 8.84 7.44 6.72 8.87 8.04 0 0 6.59 6.51 6.43 5.95 6.73 0 0 0 12.43 12.88 0 0 0 0 0 0 6.89 7.78 6.84 8.21 9.24 6.95 5.52 6.32 6.46 7.11 9 9.15 8.23 9.85 9.73 9.6
5.99 4.96 5.96 5.67 6.47 6.69 6.15 7.67 5.79 8.48 6.2 7.87 8.45 7.67 6.07 4.97 5.81 4.81 5.84 6.24 6.43 5.73 7.11 0 0 6.63 5.18 5.56 4.92 5.71 4.45 4.8 6.36 4.85 5.67 7.11 6.29 0 0 0 0 9.83 8.68 7.77 7.65 7.67 8.17 7.44 7.92 8.15 7.76 8.81 9.4 8.73 8.41 10.14 8.87 6.44 6.7 6.25 0 0 0 0 7.54 8.34 7.91 6.38 5.87 0 0 0 0 0 0 0 0 0 0 0 5.21 5.24 6.63 8.34 8.72 9.57 8.24 5.79 6.66 6.96 5.88 7.81 9.56 10.07 9.65 8.99
0 0 5.4 5.58 5.61 6.29 5.32 6.5 5.56 0 7.95 7.32 5.66 6.35 5.15 5.01 4.73 6.45 7.28 7.84 5.46 6.51 8.46 7.06 7.69 9.84 4.78 6.43 7.41 4.8 5.15 5.27 0 5.62 6.55 0 0 0 0 0 0 9.31 5.74 5.65 7.55 7.32 7.69 9.08 8.59 8.39 7.65 8.94 8.85 8.65 9.08 9.22 8.93 6.66 6.27 5.71 7.72 0 0 7.17 6.41 6.89 7.35 6.01 6.48 0 0 0 0 0 0 0 0 0 0 0 5.64 8.28 10.06 9.09 9.63 8.91 9.23 7.56 6.59 6.92 6.78 7.19 9.49 8.85 7.34 6.15
0 0 0 6.43 6.09 7.04 0 0 0 0 5.81 5.94 5.49 5.24 5.36 9.57 5.92 9.08 7.91 7.75 6.11 4.79 7.03 8.29 7.77 10.46 5.51 5.76 6.74 9.46 5.47 5.76 0 0 6.65 6.72 7.03 5.16 6.84 8.63 0 6.41 6.25 5.03 7.13 7.18 8.82 8.92 8.44 7.94 7.82 9.46 9.43 8.73 7.39 9.48 9.51 6.42 6.43 5.63 10.62 0 0 6 6.53 6.21 6.45 6.89 7.09 0 0 0 0 0 0 0 0 0 0 0 0 6.83 8.61 7.43 7.96 7.81 8.49 0 0 0 6.51 6.57 8.23 8.67 9.37 9.23
0 0 5.51 4.51 5.32 4.32 4.84 6.24 4.37 4.56 6.72 5.04 4.62 4.93 7.07 5.79 6.65 5.62 5.77 5.86 5.64 4.7 4.67 8.14 6.6 8.93 4.97 4.91 4.96 10.68 11.49 0 0 0 0 5.74 6.44 6.94 7.01 6.14 0 0 6.34 7.9 6.99 6.49 5.97 5.72 7.43 7.58 8.09 9.15 10.16 7.78 8.98 8.92 6.62 5.67 8.04 7.08 7.84 6.07 0 6.03 6.22 8.26 6.2 5.74 8.32 6.4 0 0 0 5.28 5.96 0 0 0 4.93 5.82 6.69 7.76 6.07 7.64 0 0 0 0 0 7.88 6.4 6.11 6.2 8.23 8.41 7.55
6.21 6.1 5.58 5.09 5.11 4.6 6.34 5.55 4.27 6.15 6.72 6.29 6.56 6.99 6.01 7.7 6.15 5.9 5.51 5.23 6.04 6.42 6.35 4.63 6.82 6.87 6.72 4.46 5.05 6.52 8.37 7.2 0 0 0 5.61 6.93 4.93 6.14 6.27 0 0 0 7.7 7.48 6.32 6.17 6.58 6.67 7.77 7.54 8.34 8.53 7.33 8.39 8.15 7.16 7.7 7.34 7.54 6.4 8 0 0 0 0 0 0 0 0 0 5.64 7.92 7.74 5.12 5.24 5.57 6.87 9.01 8.43 8.56 9.65 5.86 0 0 0 0 0 6.35 7.04 6.9 5.93 11.92 11.71 8.35 7.35
7.66 5.56 6.29 5.36 4.05 5.23 5.98 5.05 4.42 4.84 5.12 4.72 5.4 5.42 5.96 6.14 5.64 6.41 5.14 4.91 6.25 5.62 6.53 5.51 7.84 6.76 5.09 7.92 4.59 8.49 5.44 5.79 0 0 0 5.63 5.82 5.28 7.53 7.75 5.27 0 0 0 0 0 0 5.94 8.43 7.54 8.22 7.37 9.23 6.39 8.4 9.17 7.8 7.82 5.67 5.83 5.76 6.25 5.5 0 0 0 0 0 0 0 14.79 11.19 10.33 8.96 9.37 9.4 8 8.28 9.79 10.17 11.76 10.77 11.71 8.18 6.07 6.51 5.86 6.09 8.73 7.81 9.09 8.42 9.05 8.56 7.67 7.6
6.53 5.88 6.01 5.55 5.2 5.03 0 4.83 4.88 4.69 4.31 4.92 4.52 4.97 7.21 7.43 5.67 0 4.65 7.05 6.31 7.95 6.41 8.8 7.35 7.29 6.52 5.89 8.11 6.52 6.28 5.26 5.78 0 0 5.3 5.66 6 8.18 7.41 5.83 11.34 0 0 0 0 0 7.79 6.91 7.43 7.77 8.3 10.28 7.39 6.57 7.49 8 7.39 6.03 5.84 5.57 5.72 5.63 6.71 0 0 0 0 0 0 16.67 11.9 9.32 8.31 9.75 11.88 9.65 5.74 10.3 11.13 10.6 11.69 12.62 10.33 7.38 7.24 9.86 9.45 8.58 9.51 8.61 8.88 8.16 8.19 8.36 8.14
5.08 5.54 0 5.26 4.93 5.02 0 4.69 4.39 4.26 4.4 5.05 4.91 4.85 7.47 5.97 0 0 6.08 5.78 4.97 7.36 11.23 10.52 8.2 8.08 6.56 7.72 8.69 8.36 5.48 5.12 6.47 0 5.21 5.86 5.97 6.6 5.53 7.11 6.82 10.52 0 0 0 0 0 6.17 6.45 6.71 6.52 8.08 9.72 10.03 6.84 5.96 7.09 5.85 5.88 6.21 6.04 6.07 5.62 6.42 7.49 0 0 0 0 0 10.64 9.69 9.69 10.24 10.02 10.26 8.41 9.62 10.09 9.41 11.12 11.07 12.72 12.94 11.88 10.23 9.79 9.56 9.38 9.38 8.34 8.65 8.31 8.66 8.63 8.69
4.97 6.44 6.41 4.52 4.65 4.9 5.54 0 5.89 5.9 5.13 4.85 4.66 0 4.65 5.32 0 0 0 5.62 10.43 10.67 11.45 11.8 10.9 5.14 6.89 5.23 9.09 7.84 6.84 8.14 7.3 0 5.85 5.95 5.11 5.56 5.38 11.2 13.27 0 0 0 0 0 0 5.46 5.2 6.49 8.41 9.84 10.6 10.51 6.99 7.52 0 0 5.92 6.35 6.75 6.32 6.39 6 6.62 0 0 0 0 12.83 7.75 5.99 9.86 10.04 12.06 12.47 10.07 10.37 6.97 9.5 10.71 11.72 11.64 12.07 12.3 7.38 6.71 8.23 7.91 7.49 9.05 8.82 8.4 8.79 9.1 8.34
0 4.34 6.55 4.22 4.48 4.56 4.51 4.76 4.52 4.98 4.43 4.48 4.35 4.62 0 6.27 0 0 0 7.07 10.28 10.75 12.07 10.95 6 10.34 5.18 5.35 8.67 8.63 7.7 8.56 8.83 0 5.08 5.61 5.58 0 5.82 5.41 0 6.2 0 0 5.74 5.31 6.68 5.46 6.74 9.21 10.28 10.6 10.27 10.67 5.15 0 0 0 7.96 6.67 7.34 6.9 5.47 5.28 7.01 0 0 0 0 10.29 8.66 7.87 10.17 9.6 11.84 10.76 12.4 11.24 10.33 10.68 11 11.43 10.33 10.17 11.56 7.72 8.2 8.34 8.38 6.34 7.29 8.38 7.29 7.32 9.06 8.17
0 4.7 4.64 4.72 4.9 4.45 0 4.85 8.51 5.19 5.9 4.69 4.59 4.64 0 0 0 6.7 5.87 7.11 6.7 10.64 9.54 5.39 11.17 6.97 6.84 4.72 7.14 9.53 6.9 9.07 8.5 5.7 5.99 6.12 5.69 6.42 0 0 0 5.51 5.41 6.38 5.83 7.5 6.96 7.28 7.51 11.13 12.03 12.05 12.97 6.75 0 0 0 0 0 0 6.46 5.88 6.01 5.9 0 0 0 0 0 0 0 0 0 9.32 9.4 9.21 12.44 12.73 10.49 9.63 10.53 11.9 9.27 9.82 10.21 8.29 7.92 7.57 8.47 8.69 7.53 8.26 8.39 9.14 9.11 9.36
0 0 0 0 0 0 0 0 8.77 6.67 6.26 5.54 4.35 6.18 6.82 0 0 0 0 6.41 5.73 9.28 7.52 8.22 11.37 6.83 6.26 5.27 10.55 6.15 7.56 9.32 10.29 9.03 6.12 5.66 5.26 0 0 0 0 5.21 6.19 5.16 5.11 6.45 8.85 7.71 7.83 7.3 10.25 6.59 6.64 7.93 7.75 0 0 0 0 0 0 0 5.37 0 0 0 0 0 0 0 0 0 10.08 11.62 10.02 8.01 11.18 12.89 11.32 11.08 10.55 11.31 8.7 10 8.75 8.44 7.51 8.42 7.67 7.27 8.11 8.49 8.66 8.5 9.83 9.09
0 0 0 0 0 0 0 0 0 6.14 8.22 9.29 7.98 8.83 9.79 10.75 11.32 8.65 7.44 10.71 6.98 8.44 7.06 6.96 9.47 6.47 6.25 6.66 11.45 6.79 5.62 7.77 10.26 10.63 6.86 5.95 6.01 0 0 0 5.16 5.45 5.62 4.95 5.32 8.15 6.94 7.71 7.76 8.13 9.02 9.92 5.64 7.02 5.96 0 0 0 5.87 5.18 0 5.76 6.22 0 0 0 0 0 0 5.56 9.34 8.9 8.09 7.21 9.01 8.62 10.88 11.61 12.05 11.04 7.35 9.35 10.06 8.62 7.92 8.14 8.09 8.94 8.36 9.45 8.59 8.94 8.33 6.8 10.08 10.12
0 0 0 0 0 0 0 0 5.91 8.05 7.74 11.18 10.85 11.4 11.39 10.47 7.66 10.22 9.09 8.33 5.67 5.96 10.08 11.27 6.83 6.43 6.13 5.76 7.28 7.1 8.39 7.37 9.43 10.31 10.51 6.46 8.09 6.03 0 5.46 5.19 6.52 7.19 5.09 4.71 8.57 7.89 8.11 5.66 10.32 6.43 8.05 6.31 8.85 8.39 6.58 7.31 6.04 7.52 0 0 5.73 5.56 10.43 0 0 0 0 5.11 7.64 7.87 5.35 7.01 7.93 7.57 6.11 8.7 11.47 12.27 9.91 7.62 9.58 9.48 8.51 8.24 7.38 9.08 9.09 9.43 8.15 8.6 9.51 8.14 7.75 7.85 6.64
0 0 0 0 0 0 9.32 9.78 7.27 9.78 9.74 9.76 10.77 11.67 11.98 6.56 8.03 8.75 8.33 6.02 10.11 9.93 11.03 11.03 9.85 11.39 9.42 9.72 7.36 0 0 0 0 9.44 9.69 8.07 6.74 5.59 0 5.69 6.15 6.14 5.3 4.66 4.43 5.6 5.53 7.81 7.63 6.2 7.57 7.96 8.88 7.42 8.54 0 6.14 5.79 6.12 0 7.55 5.29 5.13 0 9.7 8.74 10.76 0 5.6 5.26 5.36 5.51 6.23 6.01 6.02 5.59 6.86 11.81 12.38 8.58 9.74 9.12 8.72 8.03 8.28 9.05 8.67 9.04 8.8 9.06 8.85 8.37 7.79 6.68 6.76 5.91
0 0 0 0 0 7.2 7.79 11.25 12.47 9.02 11.16 7.57 10.75 11.74 9.61 8.47 9.07 7.43 7.05 7.92 7.11 8.78 10.99 10.1 11.78 12.46 11.58 12.1 9.39 10.34 0 0 0 0 0 8.14 8.44 6.43 6.47 5.67 6.51 6.03 5.66 4.93 5.57 5.87 6.43 5.62 6.62 5.64 5.9 5.24 6.2 5.77 0 0 6.82 7.09 7.21 6.17 8.89 0 0 6.49 8.7 0 0 0 0 5.9 5.63 5.27 5.69 5.36 6.67 5.33 5.89 11.33 11.77 8.53 9.27 8.81 9.14 7.84 8.93 8.89 8.76 8 8.58 9.36 8.22 7.73 9.09 6.89 8.93 5.89
0 0 0 0 0 5.96 6.24 8.54 11.12 11.8 10.79 9.52 10.84 10.53 10.05 9.55 6.59 7.85 8.12 10 6.2 7 7.81 9.11 8.87 10.06 9.12 11.28 11 7.43 0 0 0 0 0 7.93 8.3 9.65 5.59 5.42 6.12 5.49 4.52 5.38 5.43 6.95 7.01 5.99 6.69 5.39 5.28 5.98 0 0 0 0 0 6.94 6.32 0 0 0 11.54 6.88 0 0 0 0 0 6.69 6.19 5.75 5.41 5.41 4.81 5.14 5.5 7.62 7.88 8.33 8.84 8.52 8.96 8.16 8.75 8.96 8.59 7.06 9.43 9.12 8.57 9.51 9.6 7.58 6.88 7.84
6.44 6.69 0 0 5.43 6.08 6 11.16 6.82 10.7 0 0 0 0 0 0 0 8.87 8.38 0 6.62 6.91 9.92 10.36 10.83 12.75 11.11 10.8 10.52 9.39 7.64 0 0 0 0 0 0 0 6.25 6 6.28 8.84 0 5.03 5.62 5.6 5.49 6.54 6.58 5.97 0 0 0 0 0 0 0 7.02 6.19 0 7.35 13.3 12.39 0 0 0 0 0 0 6.24 6.24 9.38 6.53 5.85 6.04 6.45 7 8.68 9.53 10.18 9.13 8.92 8.87 8.2 7.7 8.35 8.93 8.2 9.51 8.4 9.45 8.65 8.87 7.86 6.77 0
7.4 6.64 5.81 0 0 5.93 7.09 7.85 10.61 12.65 0 10.66 6.84 7.34 10.26 0 0 0 0 5.68 0 0 10.86 9.96 8.86 10.62 10.59 11.48 10.8 11.59 9.55 0 0 0 0 0 0 0 6.51 6.2 0 0 8.59 7.93 6.1 6.27 6.48 0 0 0 0 0 0 0 0 0 0 0 7.1 6.37 0 0 0 0 0 0 0 0 0 0 0 0 0 0 0 0 8.48 9.94 8.22 12.47 10.29 9.49 8.61 8.97 8.67 6.84 9.53 9.89 9.87 8.42 9.08 7 7.57 9.39 9.67 5.67
7.29 5.28 0 0 0 0 7.68 6.35 7.98 8.94 0 0 6.56 9.15 9.74 10.28 0 0 0 11.02 12.44 0 0 0 8.18 7.73 9.84 10.21 8.97 7.27 8.71 7.99 7.39 0 0 0 0 0 5.8 6.68 0 0 0 7.14 6.8 0 0 0 0 0 0 0 0 0 0 0 0 0 0 0 0 0 0 0 0 0 0 0 0 0 0 0 0 0 0 0 6.23 8.56 9.71 11.41 10.65 10.29 8.66 8.36 9.74 9.71 9.82 9.12 10.02 10.08 9.86 9.2 7.05 7.49 9.64 0
8.26 7.61 8.67 0 0 0 10.1 10.13 9.78 10.63 9.01 0 0 7.81 9.65 9.14 0 0 15.61 13.93 10.79 0 0 0 0 6.82 8.25 7.61 8.38 6.53 5.36 5.19 0 0 0 0 0 0 6.48 0 0 9.27 6.32 6.28 6.99 0 0 0 0 0 0 0 5.55 6.34 0 0 0 0 0 0 0 0 0 0 0 6.33 0 0 0 0 0 0 0 0 0 5.47 5.64 5.69 9.86 10.55 10.05 9.14 9.36 9.64 9.62 9.05 8.9 9.44 10.1 9.37 9.34 9.91 8.93 8.17 7.46 0
7.93 8.33 8.28 0 9.82 10.48 9.78 10.88 11.62 0 0 0 0 0 7.8 9.56 7.42 5.47 11.95 8.91 8.14 5.63 0 5.38 5.12 7.27 6.72 6.23 6.1 6.1 6.5 4.7 5.84 0 0 0 0 0 0 0 9.14 8.6 6.24 5.63 6.25 0 0 0 0 0 0 0 5.19 6.47 0 0 6.15 12.29 0 0 0 0 0 0 5.51 9.27 10.01 8.69 0 0 0 0 0 0 0 6.23 6.26 7.28 9.99 10.61 9.07 8.57 10.1 10.25 10.55 10.11 8.63 9.03 10.15 9.96 9.98 9.24 9.93 9.34 8.49 0
10.37 9.79 11.09 10.62 10.9 10.84 10.6 9.51 7.9 6.69 0 0 0 0 8.35 7.98 8.29 10.73 11.98 6.87 6.93 0 5.4 7.97 6.9 6.63 5.84 6.54 6.06 5.24 6.11 4.84 4.66 6.27 0 0 0 0 0 0 0 5.63 5.84 6.18 0 0 0 0 0 0 0 0 7.91 10.19 8.73 0 9.07 9.24 0 0 0 0 0 0 8.78 10.2 9.43 0 0 0 0 0 0 0 0 0 0 0 7.13 7.72 9.11 9.3 9.47 11.51 11.32 10.32 9.86 8.28 8.83 7.21 9.35 9.36 10.1 10.14 8.72 0
8.04 10.22 10.09 10.54 12.1 11.49 10.14 9.22 8.9 10.34 13.12 12.53 0 7.29 6.87 6.72 7.89 7.58 7.65 6.86 0 5.66 10.08 8.62 7.01 4.65 5.01 6.76 6.5 5.21 4.63 4.4 4.31 4.32 7.06 5.37 0 0 0 0 0 0 0 0 0 0 0 0 0 0 0 7.99 6.04 5.76 9.74 6.92 8.85 0 0 0 0 0 0 5.94 8 7.99 0 0 0 0 0 0 0 0 0 0 0 12.74 12.62 8.3 8.83 9.61 10.13 10.29 10.94 10.83 10.17 7.97 9.11 9.8 9.73 9.2 9.79 9.96 7.66 5.42
11.63 11.58 10.43 10.21 11.92 12.85 10.56 8.8 9.78 9.65 10.52 11.98 8.7 5.95 5.92 6.09 4.92 7.06 5.5 4.92 9.13 7.88 9.04 9.09 8.59 7.25 5.57 6.52 5.08 5.02 5.4 6.03 5.43 5.5 4.72 5.76 0 0 0 0 0 0 0 0 0 0 0 0 0 0 0 6.31 6.16 13.71 8.69 6.79 0 0 0 0 0 0 0 0 6.11 0 0 0 0 0 0 0 0 0 0 0 0 11.65 9.45 8.4 8.79 8.67 10.8 9.93 0 10.19 10 9.25 9.7 8.98 9.75 10.31 10.11 10.27 10.65 10.11
10.96 11.83 10.29 9.73 12.79 11.99 12.38 11.19 10.41 11.27 9.54 11.45 9.51 6.5 6.51 6.55 5.66 6.58 6.81 6.32 8.12 6.85 7.85 8.41 8.33 7.98 6.89 6.26 5.69 6.36 6.76 6.38 5.34 5.94 4.78 0 0 0 0 0 0 0 0 0 0 0 0 0 0 0 5.51 5.2 9.39 9.73 0 0 0 0 0 0 0 0 0 0 0 0 0 0 0 0 0 0 0 0 0 0 11.57 9.94 7.88 8.42 10.88 10.86 11.05 0 0 9.93 10.53 9.73 9.17 9.52 9.41 10.36 10.29 10.25 10.42 10.2
11.13 10.4 9.61 9.53 12.99 13.47 12.03 11.24 8.93 8.85 9.61 10.99 12.3 10.85 6.37 0 0 5.93 6.66 6.13 6.32 0 0 8.34 6.45 5.57 10.5 8.25 6.58 6.03 6.76 6.42 6.82 5.08 5.5 0 0 0 0 0 0 0 0 0 0 0 0 0 0 0 7.47 5.39 8.11 8.27 0 0 0 0 0 0 0 0 0 0 0 0 0 0 0 0 0 0 0 0 0 0 7.17 7.58 8.56 9.08 11.04 7.52 7.05 0 0 8.22 10.36 9.22 9.59 9.82 10.27 10.13 8.99 10.85 9.68 10.36
11.06 9.93 8.79 9 11.89 13.61 9.85 8.88 9.31 9.2 9.7 11.15 11.83 10.82 9.42 8.49 0 0 6.68 6.11 5.84 6.07 0 0 0 8.39 10.05 11.09 9.25 6.79 6.71 4.93 5.94 0 0 0 0 0 0 0 0 0 0 0 0 0 0 0 0 0 8.58 11.13 7.13 0 0 0 0 0 0 0 0 0 0 0 0 0 0 0 0 0 0 0 0 0 0 0 6.34 9.59 9.74 8.29 9.99 0 0 0 0 0 0 8.12 9.03 9.94 9.96 6.71 0 0 0 0
10.98 9.75 9.46 9.17 11.27 12.69 10.66 9.58 9.68 10.04 11.74 9.84 10.62 11.13 11.19 10.47 6.4 0 5.98 6.01 5.53 5.95 0 0 0 0 7.53 6.29 7.61 6.06 5.54 4.84 0 0 0 0 0 0 0 0 0 0 0 0 0 0 0 0 6.57 8.58 11.75 12.03 10.3 11.97 0 0 0 0 0 0 0 0 0 0 0 0 0 0 0 0 0 0 0 0 0 0 0 0 5.79 0 0 0 0 0 0 0 0 8.86 9.48 9.59 7.65 0 0 0 0 0
10.46 10.28 11.25 10.97 11.94 13.03 11.8 10.19 8.97 11.21 10.46 8.84 9.02 10.25 9.17 9.13 5.61 7.74 6.03 4.96 5.68 5.94 0 0 0 6.36 5.92 6.28 7.74 5.76 5.31 0 0 0 0 0 0 0 0 0 0 0 0 0 0 0 0 0 0 0 0 8 8.81 10.77 0 0 0 0 0 0 0 0 0 0 0 0 0 0 0 0 0 0 0 0 0 0 0 0 0 0 0 0 0 0 0 0 0 5.87 6.51 0 0 0 0 0 0 0
9.79 10.39 10.88 11.73 12.19 14.16 10.04 10.06 10.78 10.79 9.51 8.66 8.48 8.94 9.22 9.15 6.47 6.27 5.55 5.89 5.82 0 0 0 8.68 7.26 5.16 5.72 5.4 6.06 5.44 0 0 0 0 0 0 0 0 0 0 0 0 0 0 0 0 0 0 0 0 7.85 5.26 7 0 0 0 0 0 0 0 0 0 0 0 0 0 0 0 0 0 0 0 0 0 0 0 0 0 0 0 0 0 0 0 0 0 0 0 0 0 0 0 0 0 0
9.84 9.56 11.38 12.44 13.7 0 10.39 10.22 9.86 10.38 10.04 9.98 10.01 8.36 7.09 7.57 7.71 7.77 9.7 9.2 10.27 9.1 9.3 8.86 8.67 9.47 9.11 9.77 5.89 5.83 0 0 8.39 9.44 7.86 6.4 0 0 0 0 0 0 0 0 0 0 0 0 0 0 0 4.99 4.66 9.92 8.42 0 0 0 0 0 0 0 0 0 0 0 0 0 0 0 0 0 0 0 0 0 0 0 0 0 0 0 0 12.51 12.56 0 0 0 0 0 0 0 0 0 0 0
7.16 9.48 11.71 12.92 0 13.94 10.8 10.17 10.7 10.46 9.85 9.25 10.48 5.94 6.01 5.5 7.81 7.83 9.01 8.48 8.78 7.77 7.55 7.04 7.5 8.42 7.83 9.97 7.56 6.38 0 0 9.31 10.83 11.45 12.18 9.79 0 0 0 0 0 0 0 0 4.66 5.31 0 0 0 0 0 5.26 6.11 7.19 0 0 0 0 0 0 0 0 0 0 0 0 0 0 0 0 0 0 0 0 0 0 0 0 0 0 0 0 9.29 11.98 8.75 0 0 0 0 0 0 0 0 0 0
