data/ScottAndBurgan/Zona_60-asc/hm.asc
ncols 658
nrows 597
xllcorner 325692.38261041
yllcorner 4557715.6527613
cellsize 20
NODATA_value -9999
[rows 53 to 105 of 597, columns 384 to 479 of 658]
4.91 5.66 5.67 5.61 5.77 6.77 8.92 6.78 6.28 9.36 8.11 7.44 7.7 5.98 5.4 5.16 5 5.68 7.36 4.86 6.15 4.88 6.62 5.15 5.19 6.35 7.37 7.44 8.53 6.72 7.7 8.34 7.13 5.34 5.89 0 5.29 7.17 5.96 5.79 8.58 7.16 8.27 9.44 7.68 7.18 5.56 6.1 5.79 6.04 5.91 5.59 5.89 5.74 5.31 4.98 5.81 5.36 5.97 6.29 5.44 5.89 7.26 7.17 11.19 11.3 8.54 8.67 6.45 6.62 0 0 0 0 0 0 0 0 0 0 0 5.62 5.06 6.13 4.3 4.57 5.3 6.26 6.68 5.34 6.36 6.15 6.31 5.47 5.59 5.64
6.12 5.6 5.03 5.32 5.61 7.09 6.29 6.23 5.1 7.04 5.8 6.17 5.63 6.23 5.47 5 6.31 8.18 7.5 4.91 4.6 5.93 5.79 5.53 5.56 7.4 8.35 6.76 6.34 6.84 7.34 6.71 5.64 5.93 5.26 6.27 4.88 6.91 6.23 6.04 6.25 7.11 10.15 9.4 6.73 5.92 7.57 6.71 5.79 5.39 6.08 6.04 5.83 5.96 6.42 4.6 4.8 4.56 5.09 4.9 8.07 5.26 5.99 5.64 7.13 9.39 10.65 7.18 10.13 5.42 6.45 0 0 0 0 0 0 0 0 6.19 6.26 6.52 6.48 4.64 6.6 6.76 6.45 7.03 6.32 4.85 7.46 5.82 4.98 6.7 5.58 5.3
5.84 6.24 5.45 5.33 5.44 6.38 7.04 7.4 8.02 7.24 7.45 7.18 6.64 7.61 5.68 5.8 4.84 5.55 5.48 6.42 6.76 6.36 7.38 5.03 5.86 7.92 7.52 6.6 5.52 6.37 6.07 5.67 6.47 5.83 5.67 5.46 5.4 8.31 6.65 5.8 4.99 0 10.61 8.37 5.21 6.62 8.1 6.36 5.67 5.65 5.87 7.07 6.1 5.96 5.46 6.74 5.56 5.03 4.63 4.24 4.62 5.74 5.08 4.68 5.91 4.6 5.95 5.74 8.3 8.95 5.88 5.99 0 0 0 0 0 7.95 6.76 6.99 6.95 6.1 4.56 5.71 8.44 8.23 6.33 5.07 5.43 5.96 6.91 5.54 6.26 7.48 5.55 6.06
5.64 5.84 6.23 6.72 6.91 8.93 13.52 11.5 10.44 10.46 9.56 8.8 8.74 7.43 9.04 8.12 6.89 6.87 6.77 7.02 7.27 8.23 8.24 7.08 5.64 6.82 5.61 6.47 6.91 6.69 5.43 9.66 8.69 5.83 7.5 5.18 6.79 7.01 9.27 7.99 0 0 0 6.86 7 6.87 6.45 6.42 5.95 6.6 5.59 5.89 5.82 5.62 6.82 5.21 7.48 4.56 4.81 6.06 4.35 4.55 4.95 4.53 4.46 4.29 5.37 8.28 5.58 8.64 6.41 8.93 7.21 0 0 0 9.02 6.57 6.94 7.04 6.24 5.89 5.28 7.12 7.6 8.05 6.29 5.94 7.9 6.85 7.71 7.33 6.4 7.03 6.57 5.74
6.92 6.78 6.91 6.59 9.98 10.48 9.96 11.02 10.56 10.66 10.86 10.58 10.01 8.19 7.23 7.12 6.08 7.38 7.05 6.7 7.36 7.72 8.47 7.78 5.87 6.36 5.43 5.82 8.49 6.59 5.25 8.76 5.74 9.96 5.49 5.03 5.68 6.81 7.04 8.38 7.68 0 0 7.52 6.69 8.24 7.19 6.8 6.61 9.02 7.82 6.35 6.37 6.09 7.84 7.33 7.01 4.82 4.56 4.4 4.32 4.57 4.61 3.99 4.43 4.09 4.59 5.51 5.52 5.92 6.27 7.5 5.93 0 0 7.07 6.87 6.9 6.88 8.09 5.33 5.22 6.03 7.86 7.25 7.55 6.1 5.71 5.69 6.04 6.61 6.97 7.91 6.94 7.02 6.02
10.54 6.87 6.8 7.23 7.49 8.79 8.7 9.02 9.15 8.27 9.74 10.36 9.26 8.45 6.47 7.13 7.2 6.66 6.63 7.14 5.97 6.11 7.34 7.58 5.12 4.75 6.28 5.26 5.82 7 5.19 0 0 5.88 5.7 6.12 6.57 8.67 9.57 9.74 10.78 9.67 0 0 0 7.92 7.14 9.76 9.68 6.04 8.88 6.9 6.23 6.49 6.69 6.92 6.58 5.4 4.95 4.65 4.29 6.46 5.41 4.22 4.49 4.76 4.78 5.34 5.59 6.59 6.99 6.38 5.28 5.33 7.15 7.21 6.61 5.77 5.47 5.16 6.86 5.4 6.85 6.3 7.19 4.95 5.3 6.72 4.76 7.08 5.67 6.49 6.44 6.56 6.22 7.47
7.18 7.34 7.21 7.54 7.71 8.07 8.03 8.52 7.89 8.31 7.81 7.87 0 0 0 6.37 5.97 5.11 6.91 6.79 5.88 5.1 5.67 5.3 4.6 4.89 5.66 5.53 5.65 7.11 5.77 6.22 0 5.11 5.02 7.52 8.69 8.4 8.72 8 10.68 8.02 0 0 0 9.01 0 9.04 5.92 6.39 8.71 6.03 5.18 6.62 6.06 6.57 6.01 4.79 4.27 4.07 4.24 5.05 3.97 4.08 4.17 5.38 5.85 5.68 5.24 5.71 6.67 5.19 4.9 5.2 5.2 5.56 6.93 5.18 5.18 6.12 7.27 7.64 6.87 6.38 5.98 5.12 5.03 5.84 7.35 6.78 5.4 5.99 5.88 7.03 6.05 6.71
7.58 7.13 7.63 6.07 6.88 8.61 7.15 6.75 6.86 7.52 0 0 0 0 0 5.99 5.49 4.61 4.71 6.63 6.99 5.99 5.42 5.61 6.43 6.25 6.58 6.08 7.65 6.94 6.37 5.49 6.04 6.75 8.42 9 8.55 9.83 9.13 8.43 10.38 8.99 0 0 7.75 7.88 0 9.38 7.09 6.04 6.98 7.45 7.81 6.4 6.62 5.31 5.15 5.44 4.84 4.26 4.1 4.21 5.4 4.65 4.39 4.74 4.94 5.26 5.12 5.4 6.05 5.09 4.47 4.72 4.86 5.18 6.79 6.04 6.12 6.58 6.45 5.85 7.46 6.82 5.03 5.62 5.15 6.31 7.48 6.11 6.3 6.28 6.95 6.39 6.19 5.15
8.61 7.6 7.8 6.17 6.72 7.44 7.33 6.86 7.34 8.14 0 6.87 6.94 6.14 5.97 5.58 5.01 6.04 5.74 5.31 6.77 5.32 6.94 7.56 7.64 6.81 6.32 0 5.94 6.51 0 5.73 6.03 6.65 8.83 8.8 7.24 7.75 9.81 8.09 10.32 8.1 0 0 0 5.88 0 7.75 6.28 7.67 6.36 5.59 6.72 6.99 5.89 5.12 5.69 5.41 4.46 4.06 4.6 4.14 4.59 5.18 5.9 6.13 4.57 5.19 5.07 5.29 6.02 6.62 5.95 5.49 5.15 6.27 7.03 5.94 8.41 7.32 5.26 4.87 6.85 5.48 4.79 5.19 5.48 6.05 6.43 5.12 5.79 5.11 5.93 5.6 5.39 4.99
8.51 7.44 6.79 6.8 6.51 7.34 6.31 6.66 8.18 0 0 5.88 6.05 6.16 6.04 7.09 6.33 5.87 4.79 5.28 5.91 6.58 0 5.23 5.98 7.07 0 0 0 6.15 6.28 5.21 7.53 6.06 6.17 6.28 6.17 6.97 7.76 7.4 8.51 8.93 9.29 0 0 0 0 9.37 8.41 6.19 6.13 5.95 7.95 7.53 7.88 7.57 5.62 6.57 5.66 4.34 4.23 5.11 5.32 5.5 5.13 6.11 5.61 5.07 4.91 5.83 6.53 5.39 6.1 6.25 4.78 6.19 5.8 6.03 6.81 6.57 6.21 6.1 5.62 5.4 4.57 5.14 5.58 5.66 5.4 6.3 5.65 5.91 6.64 4.65 5.94 5.75
8.52 7.36 7.26 7.13 7.16 9.7 7.3 6.69 7.96 6.85 0 0 0 0 0 0 0 0 0 0 5.91 6.09 0 6.58 7.47 5.5 0 0 0 0 0 0 0 0 0 0 0 0 7.45 8.2 7.63 8.85 8.46 0 0 0 0 8.76 8.59 7.3 7.98 5.99 7.37 7.32 7.28 5.89 6.74 6.09 5.64 6.43 5.45 4.65 6.65 5.5 5.9 5.38 5.34 5.69 6.59 5.46 6.11 6.07 6.96 5.8 4.75 4.93 4.98 7.88 4.77 5.86 5.7 5.26 6.67 5.11 5.42 5.01 6.81 5.62 5.18 6.34 5.59 5.17 4.89 4.78 5.67 5.54
8.28 9.05 8.35 7.52 7.75 0 6.96 7.35 6.43 0 0 0 0 0 0 0 0 0 0 0 6.57 0 0 0 0 0 0 0 0 0 0 0 0 0 0 0 0 6.84 6.52 7.6 8.21 7.78 11.27 9.6 0 0 7.73 0 0 0 0 7.49 7.97 0 7.6 6.59 0 6.6 5.8 0 0 0 6.07 6.07 5.12 6.62 5.26 5.98 6.15 6.04 5.87 7.88 8.66 4.98 4.49 4.83 5.2 5.65 5.66 6.13 6.67 5.95 7.75 6.94 6.65 6.59 6.24 5.13 5.15 5.52 5.35 0 0 5.21 5.54 5.29
9.22 8.79 7.53 5.82 5.78 0 0 0 0 0 0 0 0 0 0 0 0 0 0 0 4.84 0 0 0 0 0 0 0 0 0 0 0 0 0 0 0 8.79 7.15 7.19 6.99 6.89 7.89 8.04 10.21 8.47 8.36 6.58 0 0 0 0 0 8.16 0 0 8.77 0 0 0 0 0 0 0 0 0 0 6.14 6.45 6.97 5.64 5.67 6.42 6.27 6.62 5.72 4.94 5.84 4.73 0 0 0 0 0 5.24 5.87 0 0 5.73 5.24 5.68 0 0 4.95 5.17 5.48 5.93
9.2 9.39 8.48 6.96 6.67 0 0 0 0 0 0 0 0 0 0 0 0 0 0 0 0 0 0 0 0 0 0 0 0 0 0 0 0 5.68 6.62 5.43 7.41 7.69 7.19 7.86 8.68 8.44 9.03 7 8.05 9.51 8.67 0 6.8 0 0 0 8.86 0 0 7.14 5.43 6.54 0 0 0 0 0 0 0 0 0 0 7.22 5.81 5.37 6.15 5.57 5.46 5.59 4.75 5.47 5.66 0 0 0 0 0 0 0 0 0 0 0 0 0 0 4.7 7.65 5.74 6.48
8.08 9.03 8.11 7.12 5.55 0 0 0 0 0 0 0 0 0 0 0 0 0 0 5.93 5.75 7.12 0 0 0 0 7.98 0 0 0 0 0 5.61 6.33 5.39 6.28 5.98 6.04 6.82 7.96 8.76 9.5 9.32 8.12 9.72 9.89 6.4 0 7.18 5.79 5.03 7.67 7.47 7.5 0 8.01 7.14 5.34 6.2 0 0 0 0 0 0 0 0 7.47 7.68 7.35 6.14 6.03 5.78 6.04 5.44 5.14 5.25 5.33 6.35 6.4 7.45 6.5 0 0 0 0 0 0 0 0 0 0 5.75 5.67 6.22 5.48
8 8.26 8 6.28 0 0 0 6.66 6.43 0 0 0 0 6.91 5.8 5.5 6.73 5.45 5.46 5.16 5.55 5.83 6.33 0 0 7.02 7.99 6.59 0 0 0 5.76 6.13 5.86 6.47 5.97 7.07 6.01 6.96 9.26 7.41 8.43 9.06 10.24 6.81 9.45 7.41 0 5.63 7.2 6.33 6.61 7.33 0 0 0 5.38 6.28 6.29 0 0 6.44 0 6.36 0 0 0 0 6.93 0 0 5.87 5.38 5.16 5.33 5.19 5.16 5.8 5.88 6.03 8.29 6.12 5.66 0 0 0 0 0 0 0 0 5.1 5.06 5.81 5.52 5.11
8.59 8.34 7.08 5.46 0 0 8.3 7.38 7.93 0 9.65 6.45 6.7 6.93 7.38 6.61 6.49 6.52 7.64 5.36 6.3 6.17 5.67 0 0 0 0 7.81 0 0 0 7.17 5.98 8.15 8.74 8.05 7.18 6.07 6.06 9.69 7.87 8.83 10.99 10.42 9.29 10 7.72 8.72 8.46 10.54 7.55 8.05 0 0 0 0 0 5.42 5.71 0 6.04 5.8 7.33 0 0 6.33 6.69 0 0 0 5.65 6.41 5.82 5.24 6.54 5.13 6.36 5.07 6.14 8.68 0 0 0 0 0 0 0 0 0 0 0 5.25 5.1 5.03 5.83 7.08
8.02 0 0 0 0 0 0 8.5 7.52 8.09 7.97 7.32 8.91 7.01 7.05 8.02 6.23 5.68 5.73 5.91 6.47 5.48 7.43 6.66 6.24 5.88 6.41 6.62 6.24 8.21 7.05 6.07 6.37 6.71 6.62 6.64 8.55 6.34 10.12 15.01 8.77 8.26 10.04 9.37 10.72 9.37 7.31 7.16 0 9.61 7.9 7.73 7.16 7.5 7.85 7.94 6.49 5.72 0 0 0 7.99 5.6 0 0 6.14 6.54 6.23 6.32 6.08 5.64 7.07 7.1 6.2 6.1 6.08 9.01 6.37 6.52 8.5 0 0 0 0 0 0 0 0 0 0 0 5.36 4.86 4.9 5.41 8.09
0 0 0 6.94 0 0 0 0 7.6 7.4 6.98 7.95 7.81 7.58 6.63 7.27 6.09 5.5 5.39 5.97 5.93 6.87 6.51 5.56 6.14 5.91 6.28 7.36 7.32 6.74 7.55 7.24 6.25 6.03 5.62 5.85 8.49 14.69 13.29 10.99 10.57 7.7 9.26 7.96 7.46 9.19 8.79 9.78 9.97 0 10.31 13.11 9.85 10.08 7.55 7.67 6.58 6.09 9.07 0 7.27 6.31 7.35 0 0 5.91 6.12 6.52 5.38 5.57 6.56 6.64 6.18 6.74 6.6 0 0 6.79 6.17 0 0 0 0 0 0 0 0 0 0 0 0 4.33 4.56 5.5 7.49 5.86
0 0 0 6.17 6.96 0 0 5.9 6.94 8.42 11.81 8.26 7.04 6.38 7.36 0 0 5.24 0 0 6.52 6.43 6.4 7.54 6.29 6.12 7.75 7.48 8.25 7.71 7.17 6.65 6.65 6.1 5.78 5.93 12.23 14.96 10.22 10.03 11.96 10.38 9.97 9.1 6.55 6.32 7.63 8.02 8.9 0 11.05 10.81 13.79 7.54 6.62 7.11 7.91 6.34 7.49 0 6.63 6.41 0 0 0 0 6.35 5.85 5.51 5.66 6.76 6.09 7.3 5.79 6.76 5.85 6.68 5.35 0 0 0 0 0 0 0 0 0 0 0 0 4.72 5.11 5.2 6.68 7.26 7.11
0 0 0 0 5.88 6.73 8.62 7.64 8.59 9.6 6.85 6.99 6.76 6.21 5.62 6.45 0 0 7.86 7.8 7.73 6.81 8.26 7.26 7 6.24 6.83 6.63 6.53 7.13 7.32 7.75 6.65 5.63 5.61 6.22 14.22 18.6 10.25 10.23 10.33 9.11 9.83 9.85 6.5 5.21 7.17 9.11 9.79 11.09 0 8 15.54 7.35 6.37 6.76 7.75 7.19 7.16 0 7.52 7.38 7.14 0 0 6.58 0 0 0 0 7.19 6.57 7.61 6.85 7.01 5.49 5.38 5.59 5.92 0 0 0 0 5.85 0 0 0 0 0 5.59 5.29 4.71 5.19 4.21 6.65 6.19
6.98 0 0 8.77 8.46 8.2 7.9 8.18 8.49 8.66 8.36 8.11 6.54 6.47 5.9 5.8 6.9 6.89 7.11 7.23 7.38 7.67 8.11 8.34 8.1 7.24 6.49 7.3 5.55 7.1 6.89 6.42 6.42 5.66 5.89 7.1 13.85 9.03 6.56 8.89 9.33 8.6 8.51 8.28 8.32 5.72 6.01 7.88 10.54 9.55 0 8.58 17.87 9.74 5.81 6.91 6.41 7.36 0 0 0 0 6.69 7.09 7.75 5.89 7.75 6.08 0 0 5.8 7.42 6.6 6.88 6.05 5.7 5.9 6.93 6.92 6.2 0 0 6.08 5.83 5.7 0 0 0 5.7 5.28 4.4 5.4 4.63 4.35 7.31 4.57
6.99 0 0 8.43 7.95 8.08 7.64 7.85 7.63 8.84 9.05 7.03 6.68 6.56 7.18 7.2 7.47 7.07 7.39 7.53 7.38 8.03 7.14 7.83 7.32 7.18 5.63 6.36 6.35 6.53 6.28 6.5 6.28 5.67 5.67 6.9 11.6 6.91 7.94 7.51 8.31 7.75 7.3 7.21 13.4 8.36 6.15 7.77 11.21 12.05 10.3 0 8.79 12.21 6.35 6.38 6.18 6.04 6.64 0 9.82 7.06 6.22 6.76 6.86 0 5.59 5.66 5.46 6.12 6.08 5.33 6.57 6.76 0 6.87 7.53 5.81 6.09 5.67 0 0 5.98 6.51 6.25 5.41 0 0 5.46 4.93 4.73 5.83 0 0 0 5.77
7.42 8.91 7.93 8.22 7.92 7.22 7.88 8.2 7.61 8.89 6.59 7.67 7.15 7.83 6.07 8.01 8.09 7.52 6.89 6.55 6.86 6.88 6.45 7.19 8.13 7.33 6.55 6.07 8.21 7.05 6.12 5.88 5.02 5.35 5.42 6.36 10.45 11.82 7.57 6.82 7.64 6.22 9.7 8.31 8.99 7.53 6.36 8.37 9.03 8.1 7.43 0 6.42 16.19 12.75 6.78 7.3 5.32 6.73 7.14 8.62 7.41 7.67 0 0 0 0 0 0 0 0 6.06 5.81 5.77 6.14 6.52 5.44 5.25 7.68 8.17 0 6.47 5.89 6.88 7.82 0 5.46 5.52 4.85 4.34 5.51 6.82 7.95 6.23 15.11 6.71
9.19 6.39 6.18 6.76 7.64 8.98 8.03 7.31 9.04 6.67 9.46 9.58 7.2 6.93 7.24 8.46 7.73 7.34 7.26 6.03 5.7 6.92 7.31 7.81 7.84 6.56 5.88 6.58 7.24 6.55 6.47 5.47 5.21 5.2 5.08 6.74 0 0 5.2 5.86 8.09 8.87 10.7 9.43 10.07 7.52 10.58 7.48 6.86 6.84 7.16 7.83 0 6.93 11.63 10.29 8.06 7.22 6 6.99 8.11 7.39 6.32 7.06 7.32 0 0 0 5.8 7.07 7.48 6.14 6.3 7.75 5.75 6.28 7.83 5.17 7.46 7.31 7.59 5.53 5.67 6.09 0 5.86 5.79 5.68 5.84 6.62 6.22 5.68 8.82 19.31 8.2 5.67
7.02 6.23 6.17 6.07 6.85 8.18 8.89 7.94 8.16 7.05 7.5 7.13 5.77 6.79 6.24 7.07 7.22 6.14 6.24 6.68 7.64 6.45 6.31 6.36 7.56 6.94 6.7 6.99 5.89 5.79 5.82 5.34 5.74 6.04 7.14 12.01 0 0 7.65 6.63 6.45 7.55 12.83 9.18 10.11 8.29 9.57 14.64 8.12 8.59 9.29 7.93 0 0 9.72 17.85 16.99 12.33 8.26 7.73 7.14 6.52 7.99 8.19 5.82 0 0 7.83 7.41 6.39 6.75 7.16 8.79 7.69 6.17 10.56 8.81 9.33 8.85 8.03 6.54 5.46 5.95 6.19 5.52 5.91 6.77 4.89 5.73 6.42 7.39 9.96 26.5 6.5 5.96 8.02
0 5.94 6.05 5.56 9.6 9.95 9.28 8.31 6.87 8.14 9.43 7.61 6.54 7.41 7.04 6.48 5.52 5.59 6.72 6.8 6.58 6.32 5.71 6.24 7.57 7.3 7.59 7.42 6.4 5.68 5.15 5.85 5.95 7.14 8.22 0 9.74 8.15 8.21 5.13 8.26 7.97 14.21 17.24 9.15 8.23 7.84 14.85 13.1 7.25 6.48 7.2 7.65 0 7.16 9.6 9.07 18.79 15.21 6.97 6.4 7.55 10.29 8.75 0 0 0 7.02 13.84 15.01 10.51 13.56 7.63 9.58 15.19 10.12 7.49 6.99 8.44 7.77 6.51 5.88 5.88 5.29 5.08 5.12 5.59 5.61 7.41 7.7 12.52 15.61 16.42 5.51 7.51 9.35
0 0 0 6.53 8.34 8.95 10.32 8.97 8.05 7.26 9.82 7.21 7 6.53 5.9 7.11 5.84 6.83 6.92 6.72 6.71 6.42 7.46 7.74 7.5 6.87 6.45 6.64 6.55 5.98 5.9 5.96 6.24 7.19 0 14.16 11.09 8.89 5.97 8.55 8.31 8.29 7.69 11.66 8.07 7.43 8.21 7.33 6.79 7.98 6.83 7.73 8.21 8.64 0 5.35 8.41 9.96 8.83 7.73 0 9.35 8.05 0 0 0 11.31 8.62 12.16 12.29 0 16.08 8.75 10.22 14.03 13.89 11.28 10.12 6.33 6.34 6.42 5.96 4.73 5.32 5.16 5.58 5.77 7.3 6.8 8.19 22.58 6.11 8.1 6.85 6.7 5.19
0 0 6.92 8.51 8.15 10.68 8.06 7.51 9.32 6.33 14.14 8.9 7.21 6.08 6.15 5.7 6.33 7.17 6.94 6.79 6.66 6.63 8.13 7.74 7.64 5.91 5.93 5.22 5.91 5.82 5.81 6.74 6.82 7.86 0 8.71 11 7.33 5.84 6.56 6.8 7.67 6.79 11.44 6.84 0 7.62 7.43 7.21 6.7 13.91 12.08 10.03 8.98 8.24 0 6.85 6.6 9.44 7.64 0 0 0 0 0 0 7.97 7.85 8.02 8.87 11.63 10.06 9.41 5.74 8.03 9.36 9.06 9.96 10.16 6.46 6.4 6.11 5.24 6.01 5.3 5.73 5.6 6.43 6.55 10.57 8.31 9.01 8.85 8.6 7.08 5.73
0 7.36 7.63 9.66 11.57 9.27 7.27 6.16 6.3 7.93 6.21 16.09 10.38 6.73 5.73 6.08 7.07 8.09 6.19 6.9 8.17 8.7 7.96 7.27 6.32 5.84 6.18 5.79 5.66 5.4 5.75 6.63 6.69 10.81 0 8.87 9.24 7.18 7.64 6.15 6.47 7.28 6.95 6.67 7.72 0 6.44 7.22 0 7.4 0 0 6.81 5.31 5.01 0 0 9.02 8.98 10.94 9.39 12.26 12.99 7.21 9.14 10.08 7.91 8.23 8.8 9.44 11.12 9.63 9.34 5.89 5.34 7.34 8.05 6.33 25.05 5.9 6.23 5.81 5.02 5.61 4.56 5.08 5.78 6 8.76 8.55 10.4 8.85 7.84 6.29 5.26 4.79
13.93 5.97 5.06 6.97 8.23 8.5 8.33 8.84 6.7 7.06 6.82 6.43 8.65 6.99 7.09 6.63 6.76 7.06 7.33 6.84 7.99 8.37 6.22 6.37 6.21 6.77 5.84 6.08 5.23 6.16 6.44 6.77 6.13 11.61 25.12 10.26 9.85 8.26 8.49 7 8.11 8.15 8.78 7.6 7.02 0 5.93 0 6.98 7.67 9.16 7.77 6.27 6.33 5.71 6.65 0 8.46 8.31 9.09 9.21 10.54 9.86 10.03 10.46 8.62 8.53 7.24 8.03 7.88 10.73 6.66 7.36 5.5 7.64 8.85 7.32 7.53 9.54 12.51 5.47 5.41 4.72 5.32 7.89 5.48 5.28 5.01 11.22 11.52 11.81 6.95 5.52 6.1 6.8 5.1
7.21 8.45 4.99 5.48 8.18 9.3 8.81 8.24 8.5 7.77 6.83 6.34 8.47 10.24 10.89 7.33 6.52 7.06 8.01 7.18 8.43 6.9 6.97 6.97 6.15 5.61 6.95 6.54 5.61 6.77 6.41 6.73 7.14 8.76 16.52 10.57 8.19 9.18 8.41 7.92 7 7.33 9.12 9.62 9.51 0 0 6.29 6.52 7.59 7.98 7.45 7.67 6.96 4.74 6.44 7.89 0 9.11 9.6 7.94 8.75 7.83 10.63 9.08 8.52 9.66 8.07 7.91 8.48 8.44 5.86 6.03 6.1 5.6 7.36 7.05 6.77 7.87 7.13 12.6 5.88 5.11 5.37 5.97 5.86 7.38 8.58 7.33 11.52 10.67 9.88 8.12 9.22 0 0
11.11 8.38 7.14 6.63 5.84 8.31 9 8.16 8.72 7.36 6.85 5.53 5.98 6.51 9.35 9.31 7.39 8.01 7.75 8.1 7.82 6.62 6.41 5.77 5.92 5.23 5.63 5.55 5.83 6.06 6.87 6.21 7.15 0 12.82 10.09 9.93 9.65 9.26 10.21 8.69 9.55 8.99 10 9.6 7.76 8.22 8.03 7.56 7.42 7.42 7.61 8.4 0 0 0 13.08 0 0 6.99 12.29 0 0 0 0 0 0 0 0 11.31 10.56 5.78 5.35 6.86 5.82 8.22 7.97 7.73 6.12 5.9 15 11.71 6.16 5.57 7.15 7.2 10.17 8 7.18 7.54 9.85 9.01 6.91 7.09 0 0
10.36 7.13 9.3 7.15 7.62 8.2 12.06 9.65 8.06 7.56 7.9 6.35 6.61 6.59 6.61 6.47 7.23 7.3 6.18 6.88 7.29 5.82 5.37 5.41 5.88 5.19 5.23 5.3 5.55 6.24 5.57 6.26 7.89 0 9 10.24 8.3 10.57 9.75 8.88 0 0 0 0 0 0 0 7.62 8.45 7.72 6.49 7.12 10.52 0 5.37 6.44 9.51 12.97 0 0 0 0 0 7.98 7.76 5.97 0 0 0 6.88 13.03 5.44 5.67 5.72 6.06 5.99 7.61 8.65 6.5 5.15 5.25 14.63 8.17 4.61 4.94 18.59 6.92 10.73 9.76 9.76 10.6 7.35 9.11 8 0 0
9.78 8.11 7.75 8.88 9.02 10.01 13.88 11.09 8.81 7.68 6.9 6.88 6.62 6.23 5.6 6.99 7.45 9.45 8.56 6.99 6.89 5.95 5.67 5.52 5.69 5.64 6 5.47 5.27 6.13 6 5.51 7.59 9.66 9.85 12.8 11.96 10.71 8.03 5.01 0 0 7.32 7.51 5.4 6.23 7.41 0 6.17 0 0 0 0 7.39 8.25 8.65 0 0 0 0 0 0 6.03 7.3 6.43 5.69 6.99 5.71 5.42 5.84 5.72 8.46 9.1 5.81 7.04 5.11 8.48 9.82 8.5 6.19 5.03 9.38 8.72 4.99 12.49 9.46 10.81 10.5 11.29 10.64 9.33 7 10 0 0 0
7.56 11.24 7.09 7.42 8.29 9.19 8.29 14.28 10.93 7.23 6.1 0 7.44 6.31 6.56 6.47 8.77 8.55 8.34 9.09 6.18 5.62 5.84 5.88 5.14 5 6.44 5.78 5.09 6.06 6.31 4.82 6.89 8.59 11.95 12.51 11.29 9.92 7.61 4.88 0 0 0 8.51 7.95 5.38 5.88 7.98 6.49 5.62 5.56 0 0 0 9.55 9.16 0 0 0 0 0 0 8.55 8.15 7.77 5.17 6.79 7.8 5.12 0 0 7.15 7.1 5.84 5.52 7.87 8.69 9.1 7.25 5.83 5.7 6.17 16.26 12.66 11.74 6.87 11.04 12.84 7.51 8.21 8.64 0 0 0 0 0
9.42 9.74 5.75 7.43 7.42 9.83 8.73 6.95 9.48 0 0 0 8.71 9.01 8.13 9.58 9.54 9.24 9.62 10.32 5.45 5.34 5.72 5.59 5.67 6.18 5.32 5.89 5.48 5.55 6.51 6.42 6.28 8.09 10.21 11.73 10.71 9.93 7.19 6.23 0 0 7.16 0 6.43 8.17 0 0 7.12 6.61 6.38 0 0 5.46 7.44 5.53 5.38 10.48 10.5 0 0 0 5.21 7.98 6.57 5.27 5.44 5.09 0 7.1 7.07 5.61 7.54 6.37 6.82 7.96 8.58 7.57 7.02 7.22 6.45 5.61 13.72 13.48 9.26 9.62 9.5 10.99 9.85 7.23 0 0 0 0 0 0
7.39 9.55 7.74 8.57 7.21 6.48 7.74 8.48 0 0 0 0 11.86 10.2 9.34 8.19 6.67 6.81 9.33 10.71 7.48 5.49 5.46 5.3 5.59 6.2 5.58 5.71 6 6.2 5.8 4.92 5.38 12.62 14.88 9.13 9.87 8.17 7.66 0 0 0 7.92 6.84 6.26 5.25 8.66 0 0 8 0 7.57 7.27 7.76 4.88 4.54 4.9 10.11 10.4 7.37 7.85 4.93 6.18 8.32 6.14 5.82 5.74 6.21 8.25 8.15 6.76 6.86 7.29 6.68 7.02 5.36 5.87 5.96 7.19 6.88 7.29 7.04 6.83 7.64 8.82 8.21 9.84 11.53 0 0 0 0 0 0 0 0
8.2 7.44 8.34 7.87 5.99 6.67 7.31 0 0 9.22 8.02 9.51 7.85 9.6 8.03 7.53 7.14 7.53 7.3 7.52 7.24 6.91 5.84 5.3 5.19 6.68 6.66 6.64 5.83 6.35 6.58 5.72 5.77 12.06 11.43 8.84 10.23 7.08 7.62 0 0 10.32 7.35 10.03 6.84 0 9.86 0 0 0 7.5 5.06 5.61 8.62 6.25 5.11 5.35 9.81 10.18 10.95 8.82 5.61 5.28 5.1 5.02 5.62 6.8 6.76 7.86 7.48 5.35 6.12 6.01 5.83 8.48 6.1 7.99 6.91 7.07 7.99 7.84 9.21 9.03 8.46 7.79 8.64 9.09 10.27 0 0 0 0 0 0 0 0
7.7 6.27 6.65 6.16 5.5 6.8 0 0 9.1 10.47 10.7 9.14 8.37 7.46 8.66 7.8 8.03 7.6 6.7 7.27 8.48 8.46 9.56 7.96 6.04 6.04 6.12 5.74 5.88 5.8 5.78 5.13 6.46 11.65 14.58 8.4 8.81 8.43 6.15 0 0 8.92 10.7 5.54 6.36 9 0 0 0 0 6.36 5.62 5.29 5.31 5.55 4.83 5.21 5.65 5.53 10.45 4.78 4.97 5.89 6.21 6.74 6.65 7.07 6.39 6.21 5.54 5.38 5.82 6.83 6.57 9.93 5.6 6.98 7.44 7.45 7.59 8.72 9.18 9.3 8.99 9.35 9.08 8.31 0 0 0 0 0 0 0 0 7.04
9.54 7.22 7.6 5.66 6.27 6.01 0 0 8.07 8.94 11.07 9.71 6.52 5.63 9.92 6.37 6.44 7.34 8.35 7.36 8.15 8.29 8.54 9.44 9.29 8.13 6.46 5.5 6.18 5.54 5.55 5.58 6.26 8.79 15.71 8.11 10.02 8.65 8.19 0 0 10.61 10.4 10.28 9.8 5.01 5.66 8.39 0 5.67 5.02 9.25 7.19 6.12 5.89 5.2 8.58 6.04 9.98 8.78 6.67 5.36 6.01 5.61 6.5 6.27 6.21 6.72 5.34 7.93 5.41 5.35 7.32 6.48 9.77 6 6.08 5.8 7.56 7.75 8.42 8.24 8.31 0 0 0 0 0 0 0 0 9.66 0 0 0 0
8.28 7.14 7.57 9 6.63 0 7.42 0 0 6.14 8.25 8.3 5.75 5.65 10.24 7.47 7.47 8.36 8.54 8.83 8.78 8.12 9.14 6.75 9.67 6.9 9.38 5.12 5.75 6.03 6.19 5.55 6.31 0 0 9.02 8.52 7.22 0 8.71 11.55 5.87 6.77 11.01 8.97 5.29 6.22 9.38 7.18 0 5.99 5.87 9 6.26 5.37 5.5 6 5.69 6.88 5.63 5.51 6.62 7.03 6.9 6.99 6.54 6.18 7.17 6.6 5.93 6.12 5.91 6.12 6.82 6.22 9.1 5.51 5.17 6.31 8.24 8.36 8.13 10.29 9.26 0 0 0 0 0 0 0 7.21 8.47 0 0 0
7.57 6.19 7.21 8.78 6.79 7.42 9.18 9.34 9.19 6.01 7.19 9.9 8.54 7.61 8.28 9.62 11.21 8.89 11.3 10.25 10.42 7.57 7.59 7.89 7.84 8.55 14 5.87 5.83 5.61 5.53 5.37 0 0 21.77 9.18 6.77 6.95 0 12.01 7.41 7.34 0 0 0 5.52 9.71 8.98 6.99 6.67 5.76 5.95 11.83 6.83 5.79 6.4 5.88 6.43 10.9 8.1 5.49 6.47 7.62 7.92 6.72 5.83 6.47 6.41 5.69 6.33 6.51 6.59 5.74 5.36 5.91 9.08 7.29 4.83 6.72 6.06 6.96 6.7 8.44 0 0 0 0 6.82 0 0 7.96 5.88 4.97 7.24 0 0
6.77 6.2 7.45 6.76 7.3 7.93 10.6 7.81 9.84 7.09 6.28 6.78 8.02 0 0 8.07 7.18 7.68 11.76 11.34 10.23 8.15 7.57 7.29 7.34 6.08 6.59 6.4 6.02 5.42 5.17 6.52 0 17.75 10.48 9.84 7.53 0 0 0 10.8 0 5.44 8.92 7.99 10.38 5.97 8.84 5.27 5.16 5.08 9.35 8.91 8.67 7.66 7.53 6.55 6.33 10.17 10 6.19 7.69 8.44 7.79 6.31 5.82 0 5.47 4.39 7.02 0 0 5.54 6.66 6.91 7.14 7.84 4.68 6.7 7.24 7.2 0 0 0 7.98 8.71 0 8.73 7.03 7.85 8.03 8.06 8.62 5.61 6.56 0
8.3 7.28 6.9 6.97 7.93 7.39 9.67 9.09 9.08 8.44 6.92 6.92 7.52 7.61 7.94 6.55 7 6.56 9.91 9.43 8.21 10.52 7.75 8.19 7.71 8.59 7.62 7.46 17.58 0 9.23 6.99 8.87 9.47 9.84 6.65 12.92 0 12.91 8.76 0 0 6.41 9.75 6.3 6.91 7.62 8.97 10.03 5.65 6.47 7.6 8.95 8.42 8.6 8.32 6.46 8.91 6.05 9.87 12.29 8.03 6.91 6.18 5.56 6.87 7.23 0 5.21 0 0 4.94 7.99 6.38 9.31 8.45 7.92 4.34 6.49 0 0 0 11.71 10.61 9.94 11.66 10.37 9.08 7.94 8.32 8.02 7.5 9.34 10.04 9.75 8.91
9.49 6.05 6.66 8.37 6.04 7.31 9.4 7.65 8.6 8.44 7.93 5.45 6.49 6.97 8.07 8.44 8.05 8.37 9.89 8.27 8.27 9 6.97 6.78 7.45 8.5 9.73 8.87 6.68 6.09 7.27 5.96 10.07 9.73 9.3 8.87 10.28 0 12.52 10.89 10 7.12 9.97 10.23 9.68 9.43 8.9 8.24 7.71 6.32 6.04 7.91 8.38 0 0 0 6.49 7.84 9.89 11.32 12.02 7.91 5.82 8.89 9.38 6.64 6.57 0 0 0 0 5.55 7.28 6.69 7.61 7.79 0 0 0 0 5.82 5.62 10.3 11.23 11.07 11.64 12.77 11.29 7.09 9.75 10.36 9.6 8.83 10.1 9.47 9.94
6.39 5.71 5.45 7.63 7.17 7.56 9.29 8.25 9.26 8.99 7.45 6.81 5.63 5.44 7.84 7.02 8.68 8.97 8.89 8.03 8.6 7.93 8.26 7.73 8.84 9.68 10.05 9.77 9.21 5.76 8.32 7 6.77 10.15 7.69 8.74 11.39 0 11.44 0 0 0 9.4 6.24 9.01 9.13 9.48 10.19 8.26 5.95 9.58 9.58 0 0 0 0 7.78 7.44 10.47 11.5 9.1 8.45 5.97 8.5 9.41 6.98 6.69 6.78 0 6.36 9.33 7.54 8.95 7.77 5.99 9 9.22 0 0 0 8.97 8.81 9.61 10.54 11.07 10.82 11.53 12.54 4.72 8.44 9.78 9.91 10.26 9.42 9.59 10.63
7.4 9 6.78 6.67 6.07 6.43 8.55 6.74 8 8.6 8.57 7.01 7.2 7.09 8.79 8.38 8.85 9.68 8.31 10.21 9.32 6.89 7.34 8.27 9.18 8.93 9.34 8.63 8.8 9.36 7.67 10.04 9.35 10.06 10.16 9.53 0 0 9.09 11.53 10.37 8.51 7.92 8.18 9.1 5.26 9.51 10.29 6.3 8.8 7.74 0 0 0 0 0 7.03 8.31 12.54 9.07 7.72 10.25 9.15 9.81 9.16 6.24 5.7 7.36 7.42 0 9.15 8.97 9.18 8.77 7.92 8.47 0 0 7.66 0 8.1 12.1 9.15 9.49 10.2 10.87 11.89 12.24 9.94 4.87 10.74 10.96 11 10.48 9.64 9.57
6.68 8.25 7.8 6.73 6.11 7.95 6.99 5.25 6.71 7.48 9.09 9.91 6.09 7.83 8.62 7.85 7.03 7.38 7.68 10.74 7.66 6.2 7.94 5.96 8.85 8.19 9.39 9.36 9.78 10.38 11.48 8.78 8.9 11.08 10.46 0 0 6.85 5.85 6.62 6.99 8.86 9.19 8.13 8.66 5.97 9.29 5.48 5.84 7.71 6.99 0 0 0 0 7.98 7.27 8.3 11.18 10.59 9.41 8.08 10.27 9.47 9.07 9.9 9.2 9.05 8.43 9.28 0 9.61 8.61 8.28 6.27 8.71 8.73 9.31 10.23 8.54 9.76 10.91 10.62 9.87 10.04 9.93 10.9 10.65 10.94 9.89 12.93 13 11.93 11.37 11.16 10.4
7.23 8.55 7.34 7.39 5.87 6.34 7.18 7.03 6.41 6.71 10.41 8.44 6.8 7.03 6.46 5.83 5.55 6 6.71 10.92 10.8 6.13 6.06 5.27 7.84 0 0 0 0 0 0 0 0 10.07 0 0 0 6.72 5.17 8.25 7.21 7.33 9.57 10 6.89 9.35 8.86 9.04 8.11 9.34 7.49 0 0 5.04 8.12 8.09 6.57 8.89 8.92 8.81 11.43 10.37 7.86 9.11 11.2 12.53 10.27 8.79 8.77 9.68 9.62 9.7 8.56 8.44 8.38 8 8.97 8.65 8.78 9.63 11.38 0 8.79 8.55 10.09 10.76 10.48 9.46 10.78 12.28 12.62 11.84 10.1 9.06 7.62 8.33
6.62 8.23 8.12 7 6.98 8.23 8.82 8.67 7 6.62 8.1 8.18 6.98 5.68 6.07 5.88 5.66 7.63 5.86 7.76 8.85 8.04 8.36 9.02 7.45 0 0 10.78 11.46 9.87 0 0 0 0 0 8.17 5.7 9 6.41 6.98 6.14 6.86 7.8 5.48 11.74 12.08 8.91 10.76 11.51 8.29 13.83 0 0 4.93 9.84 7.51 6.67 7.46 9.58 10.16 11.16 10.42 0 0 8.49 10.62 9.45 8.71 9.33 9.58 9.88 0 9.35 9.3 9.3 9.21 8.73 5.86 9.71 10.17 9.91 8.93 0 9.21 9.19 9.61 5.59 5.61 9.57 12.18 11.96 11.08 6.01 6.77 8.95 6.99
6.8 9.98 10.01 7.85 6.49 8.35 8.89 8.39 7.75 6.04 6.48 6.75 6.5 5.56 5.92 6.57 5.89 8.4 9.01 7.12 6.07 7.02 7.29 9.59 9.14 10.42 12.26 0 10.88 10.42 9.05 0 8.16 6.54 7.48 8.71 9.23 6.06 9.15 5.6 6.01 5.7 6.77 5.59 5.72 11.14 7.52 8.46 8.39 8.09 8.43 10.2 7.76 9.72 11.55 10.56 6.34 6.94 6.53 6.5 9.86 0 0 0 11.37 9.05 9.12 8.73 9.09 9 9.56 9.29 0 8.83 9.42 8.72 5.87 0 9.99 9.92 8.58 8.45 0 10.5 9.46 8.87 6.87 7.95 10.8 12.81 8.45 11.25 8.1 7.1 6.53 5.41
9.1 10.86 11.35 10.4 8.71 6.44 6.52 6.55 5.76 5.79 6.81 6.52 7.02 6.47 5.91 6.13 5.46 6.24 5.43 6.97 8.81 8.75 7.1 9.73 8.49 0 9.96 0 10.57 10.68 0 0 0 7.16 9.47 8.33 5.67 10.54 6.18 6 6.7 6.4 8.46 7.97 5.04 8.37 10.69 10.76 8.02 7.44 7.74 8.32 7.68 8.33 10.27 9.55 10.18 7 6.79 10.41 0 0 0 0 0 10.83 9.55 8.46 8.76 8.77 8.96 8.84 9.46 0 10.01 9.17 6.15 0 0 9.96 9.8 7.36 8.92 0 10.07 9.85 9.61 11.06 10.03 11.2 7.83 9.9 10.12 9.8 7.57 6.74
