data/ScottAndBurgan/Zona_60-asc/hm.asc
ncols 658
nrows 597
xllcorner 325692.38261041
yllcorner 4557715.6527613
cellsize 20
NODATA_value -9999
[rows 424 to 476 of 597, columns 288 to 383 of 658]
0 0 4.59 4.86 5.37 5.68 5.22 5.77 4.52 4.88 5.63 4.14 4.33 4.19 4.01 4.25 0 0 0 0 0 0 6.05 6.5 0 7.24 10.33 7.96 6.8 8.27 6.43 8.37 7.35 13.13 0 0 0 0 0 0 0 0 0 0 0 0 0 7.59 7.57 9.87 0 0 0 0 0 0 0 0 0 0 0 0 0 0 0 0 0 0 0 0 0 0 0 0 0 0 0 0 0 0 0 0 0 0 0 0 0 0 0 0 0 0 0 0 0 0
4.98 5.5 5.31 4.67 4.77 4.82 4.64 4.27 4.71 5.09 4.74 4.26 4.35 0 0 0 4.95 5.88 8.96 6.87 6.41 6.57 8.43 7.05 0 6.04 7.75 6.96 7.51 11.07 8.06 8.91 7.22 7.74 12.12 11.52 12.89 0 0 0 0 0 0 0 0 0 0 8.48 6.98 7.97 9.27 0 0 0 0 0 0 0 0 0 0 0 0 0 0 0 0 0 0 0 0 0 0 0 0 0 0 0 0 0 0 0 0 0 0 0 0 11.56 10.55 9.73 7.43 7.3 11.41 12.79 8.91 0
5.22 4.77 5.79 4.76 4.51 4.57 0 0 4.89 5.65 5.15 5.48 5.74 0 0 5.17 5.4 5.76 7.28 6.67 7.48 5.07 8.42 9.52 9.05 7.01 9.41 10.14 10.22 12.28 11.41 7.99 6.16 7.62 9.46 10.29 11.2 14.11 11.91 0 0 0 0 0 0 0 0 0 8.19 9.64 7.8 0 0 0 0 0 0 0 0 0 0 0 0 0 0 0 0 0 0 0 0 0 0 0 0 0 0 0 0 0 0 0 0 0 9.69 7.85 5.83 10.97 9.5 11.14 11.16 10.42 11.59 13.75 12.34 0
0 0 4.79 5.23 0 0 0 5.43 6.14 5.52 5.83 6.32 6.27 5.65 5.46 5.06 5.87 6.56 5.86 4.63 4.77 4.81 8.88 6.22 6.35 7.3 8.68 6.87 11.31 0 7.87 5.17 5.69 6.41 8.91 8.27 9.38 10.71 9.77 0 0 0 0 0 0 0 0 0 0 5.99 5.5 6.87 0 0 0 0 0 0 0 0 0 0 0 0 0 0 0 0 0 0 0 0 0 0 0 0 0 0 0 0 0 0 0 12.77 10.72 7.58 0 11.11 10.88 10.64 10.4 11.1 12.62 13.6 12.6 0
0 4.87 5.4 4.83 0 0 0 5.05 6.54 6.12 5.68 5.55 5.21 5.97 5.09 5.31 5.14 5.38 4.92 4.36 4.6 7.62 6.2 7.94 6.76 7.5 5.42 8.14 12.76 0 5.38 5.08 6.11 6.04 7 7.39 7.28 6.88 10.01 10.76 0 0 0 0 0 0 0 0 0 5.12 6.02 0 0 0 0 0 0 0 0 0 0 0 0 0 0 0 0 0 0 0 0 0 0 0 0 0 0 0 0 0 0 0 13.06 0 0 0 0 0 6.33 12.55 13.2 11.76 13.32 9.82 6.09 9.92
4.89 5.61 5.69 5.83 5.71 0 0 5.06 5.71 5.75 4.92 5.1 6.11 5.24 4.93 6.08 5.82 5.83 4.64 4.19 5.96 5.01 5.98 5.28 6.71 5.94 5.79 7.17 0 0 5.16 5.26 8.66 7.89 6.32 7.68 7.91 8.71 8.74 10.08 11.02 0 0 0 0 0 0 0 0 0 0 0 0 0 0 0 0 0 0 0 0 0 0 0 0 0 0 0 0 0 0 0 0 0 0 0 0 0 0 0 0 0 8.56 0 0 0 0 0 0 0 12.89 10.49 12.51 8.99 6.05 9.12
4.63 0 0 0 4.69 0 0 5.67 8.17 6.17 5.17 5.35 6.6 5.68 5.13 6.41 7.15 5.39 4.89 0 0 5.67 10.17 6.55 7.99 9.81 0 0 0 6.88 8.61 9.76 7.24 7.16 8.17 6.39 7.9 7.82 9.25 10.33 8.77 0 0 0 0 6.94 0 0 0 0 0 0 0 0 0 0 0 0 0 0 0 0 0 0 0 0 0 0 0 0 0 0 0 0 0 0 0 0 0 0 0 0 0 0 0 0 0 0 0 0 6.48 10.55 9.82 11.27 8.81 6.53
0 0 0 5.63 5.43 5.81 0 0 5.66 5.91 5.4 6.02 6.08 5.37 5.37 5.72 5.41 6.75 5.78 0 7.83 7.06 7.36 7.94 10.34 7.62 0 0 0 6.3 8.46 5.1 6.51 7.33 6.95 4.86 6.2 9.68 10.84 9.3 0 0 0 11.7 11.15 0 0 0 0 0 0 0 0 0 0 0 0 0 0 0 0 0 0 0 0 0 0 0 0 0 0 0 0 0 0 0 0 0 0 0 0 0 0 9.42 7.95 7.26 0 0 0 0 11.97 7.76 9.51 11.6 12.63 5.98
0 0 0 5.75 5.74 0 0 0 6.42 5.78 5.84 6.16 5.86 5.1 5.07 5.73 4.7 5.56 6.48 6.52 6.83 8.35 9.96 10.02 8.21 10.43 0 0 0 5.7 6.1 5.22 7.92 6.42 6.41 4.68 5.51 5.69 9.63 8.01 0 0 0 11.1 7.03 0 0 0 0 0 0 0 0 0 0 0 0 0 11.01 8.49 0 0 0 0 0 0 0 0 0 0 0 0 0 0 0 0 0 0 0 0 0 0 6.14 8.8 7.07 7.07 7.55 0 0 0 0 0 0 0 11.83 10.4
0 0 0 0 0 0 0 0 7.74 6.9 6.32 5.54 5.85 4.97 5.57 5.46 5.21 0 0 5.53 6.46 9.16 8.38 9.63 9.42 0 0 0 8.29 10.76 8.9 6.67 10.35 10.98 11.41 7.09 7.64 5.99 6.35 5.41 0 0 11.03 10.59 10.26 0 0 0 0 0 0 0 0 0 0 0 0 5.49 10.24 10.61 8.94 7.09 7.21 0 0 0 0 0 0 0 0 0 0 0 0 0 0 0 0 0 8.91 9.05 8.5 6.26 6.3 6.46 6.66 6.43 5.37 0 0 0 0 0 0 0
0 0 0 0 0 5.76 0 0 5.97 6.06 5.42 5.3 4.96 4.73 5.49 5.25 0 0 0 9.09 6.95 8.97 8.28 9.68 8.17 0 0 0 6.72 7.77 6.42 6.25 7.29 7.18 11.13 8.96 6.47 5.21 5.64 6.43 0 0 9.69 8.47 9.91 10.14 7.49 7.34 5.33 5.15 0 0 0 0 0 0 0 5.37 7.21 8.73 9.22 9.29 7.97 10.12 0 0 0 0 0 0 0 0 0 0 0 0 0 10.97 0 0 10.23 10.13 7.55 5.86 7.26 8.7 8.7 9.35 8.36 7.36 0 0 0 0 0 0
0 0 0 5.11 5.39 4.84 0 0 6.09 5.42 4.87 4.76 7.01 5.23 5.92 0 7.88 0 0 0 0 6.42 8.4 7.26 0 0 0 6.51 8.22 4.98 5.26 6.35 6.16 6.21 6.66 10.89 8.15 7.18 5.06 6.43 6.85 6.95 8.2 6.79 7.56 8.27 9.95 8.56 6.38 8.77 0 0 0 0 0 7.26 9.7 6.11 8.05 9.09 10.76 11.27 8.49 8.91 10.44 0 0 0 0 0 0 0 0 0 0 0 12.27 10.78 0 8.69 9.02 8.95 6.96 9.19 7.56 9.43 7.42 8.01 9.29 8.32 6 7.22 0 0 0 0
0 5.7 5.79 5.26 5.66 5.73 0 0 0 5.24 0 0 0 0 0 7.19 8.99 9.1 8.81 10.04 0 6.25 6.23 5.87 0 0 0 5.89 8.48 9.41 8.86 8.78 5.59 9.1 6.19 10.87 9.07 7.52 6.03 4.97 5.56 0 0 0 0 7.94 9.21 8.72 0 0 0 0 0 0 8.31 9.59 9.11 6.86 9.76 10.94 13.12 13.29 9.18 7.19 8.77 0 0 0 0 0 0 0 0 0 0 0 13.04 10.69 10.55 11.43 9.38 8.59 7.82 8.64 8.43 7.61 9.33 9.37 9.29 10.77 0 9.52 0 12.59 11.92 0
5.55 4.66 4.86 4.73 4.94 0 0 0 0 0 0 0 0 0 0 6.37 9.52 7.42 9.86 0 0 8.71 7.57 6.18 0 0 0 6.33 5.78 7.51 7.88 5.96 6.07 6.43 5.69 6.37 7.09 6.06 6.49 5.35 0 4.9 0 0 0 7.69 8.16 0 0 0 6.33 9.64 5.02 7.04 6.46 9.67 11.55 11.7 10.08 12.63 15.48 13.24 9.17 6.6 0 0 0 0 0 0 0 0 0 0 0 0 8.37 9.96 10.28 10.58 11.39 9.48 7.27 7.19 6.77 7.64 9.3 9.85 9.91 12.19 9.74 12.28 11.61 12.06 12.14 11.47
4.69 5.06 5.07 4.66 4.78 5.2 0 0 0 0 0 0 0 0 5.42 6.22 7.13 8.97 9.53 0 0 8.82 8.02 0 0 0 0 7.52 11.43 7.65 9.18 8.87 7.33 5.21 5.7 6.19 8.18 7.24 5.33 5.7 0 5.67 8.93 9.16 5.52 7.42 0 0 6.24 7.5 5.09 9.34 8.1 7.43 6.03 9.14 10.77 11.96 11.93 13.27 12.73 14.46 13.36 6.48 0 0 0 0 0 0 0 0 0 0 0 9.7 8.01 7.9 10.17 10.31 12.7 11.8 9.95 7.44 0 8.94 7.89 0 8.15 8.52 12.02 10.33 0 0 0 6.08
5.06 6.13 4.63 4.91 4.45 6.6 10.28 0 6.64 9.73 8.47 0 0 0 0 0 0 8 6.2 0 5.8 5.29 4.95 0 0 0 6.69 6.68 5.21 5.9 6.51 10.75 5.13 4.24 5.09 4.93 7.22 9.13 8.37 4.05 4.55 4.23 5.89 5.2 4.99 7.7 6.63 5 6.85 6.67 7.16 7.65 8.18 8.25 6.92 9.09 10.34 12.31 13.94 13.12 11.66 11.86 11.58 11.67 10.42 0 0 0 0 0 0 0 0 0 0 8.73 11.22 11.14 11.24 13.4 13.2 10.87 6.92 8.84 9.52 9.05 10.42 10.96 10.45 9.01 0 0 0 0 5.63 7.78
0 0 0 5.6 5.65 5.68 5.86 0 8.53 9.3 5.4 9.45 0 0 0 0 5.61 6.96 7.41 5.31 8.99 5.43 4.63 0 11.63 5.66 5.95 6.54 6.19 5.56 7.22 9.25 5.54 4.75 6.03 4.38 5.4 8.26 8.35 8.05 0 0 0 0 0 0 0 5.45 8.88 6.83 7.99 8.2 7.3 6.33 6.62 0 9.77 10.48 5.35 11.55 9.65 10.12 10.75 9.63 9.73 0 0 0 0 0 0 0 0 0 0 10.09 11.21 10.8 13.4 14.52 12.86 5.11 7.76 5.37 8.7 9.52 9.84 12.34 9.23 9.76 10.79 11.38 0 9.14 8.7 9.09
0 5.92 0 0 7.04 7.45 8.13 0 6 7.06 6.56 7.5 7.04 7.56 7 0 8.93 7.57 7.78 4.58 5.16 5.9 5.01 4.9 6.21 7.8 6.21 8.24 5.11 5.08 6.39 7.14 6.43 5.17 5.13 4.84 6.21 5.86 9.32 9.75 0 0 0 0 0 0 0 0 0 6.22 6.51 8.76 9.45 9.33 0 0 12.61 14.14 0 0 10.2 7.34 10.07 9.22 9.78 0 0 0 0 0 0 0 0 0 0 7.25 8.62 6.75 8.7 0 0 0 0 7.47 5.45 9.45 8.27 0 11.84 12.11 11.18 8.32 0 0 0 0
6.26 5.59 0 0 7.74 9.19 6.6 6.03 5.86 8.73 8.2 7.43 8.01 0 0 0 7.06 6.89 5.14 5.53 4.75 5.07 5.17 7.76 8.41 5.49 5.61 4.9 5.02 5.35 6.5 6.86 6.37 6.23 4.87 4.4 7.68 8.01 9.99 9.4 0 0 0 0 0 0 0 0 0 0 0 7.07 8.15 9.21 0 12.18 12.11 0 0 5.4 11.12 11.3 0 0 0 0 0 0 0 0 0 0 0 0 0 0 0 5.45 4.71 6.38 0 0 0 0 0 6.24 9.01 0 12.3 10.26 0 0 0 0 0 0
5.38 5.49 0 0 6.6 5.5 5.44 12.22 7.68 6.46 8.18 7.8 8.17 0 0 0 5.76 8.37 0 6.86 6.71 6.46 7.78 5.26 5.94 5.03 5.3 6.59 5.24 5.04 5.2 6.25 5.45 6.41 5.79 4.57 8.45 9.45 10.74 10.65 0 0 5.56 5.43 6.95 8.18 5.88 6.28 0 0 0 0 0 12.74 13.29 14.76 0 0 5.95 9.69 8.95 8.28 6.57 0 0 0 0 0 0 0 0 0 0 0 0 0 0 0 6.01 5.4 6 6.27 0 0 0 0 0 0 10.07 8.58 8.4 0 0 0 0 0
5.79 0 0 6.91 6.82 0 5.48 4.65 5.84 5.38 8.36 7.87 7.23 0 0 0 0 0 0 6.49 5.26 4.72 5.1 6 4.63 4.47 5.22 6.49 7.59 5.1 4.9 5.95 4.79 5.34 6.06 5.06 7.25 9.01 10.32 8.18 0 0 6.18 6.59 6.69 5.09 4.56 5.42 6.8 6.65 5.66 0 0 10.22 13.38 16.24 4.72 5.5 6.77 9.39 9.99 9.11 7.41 10.51 0 5.52 0 0 0 0 0 0 0 0 0 0 0 0 0 0 7.02 6.34 6.64 0 0 0 0 0 10.35 9.41 8.6 0 0 0 0 0
5.66 0 0 7.74 0 0 6.54 5.52 5.46 5.79 8.06 9.02 5.12 0 0 0 0 0 0 0 6.59 5.15 5.47 6.46 5.19 4.73 6.24 7.01 5.95 5.13 4.91 5.18 7.41 6.07 5.6 7.25 6.59 6.44 10.46 8.43 0 0 0 6.02 5.04 5.06 5.29 5.67 6.57 7.24 7.48 8.24 0 10.97 9.88 11.28 5.08 5.88 4.97 8.51 6.22 9.92 6.92 5.71 7.2 8.88 9.68 9.77 0 0 0 0 0 0 0 0 0 0 0 0 0 0 5.79 5.91 6.9 0 0 0 0 7.92 5.9 0 0 0 0 0
4.83 0 7.4 0 0 0 5 5.01 0 0 0 0 5.31 0 0 0 0 0 0 0 4.87 6.02 7.76 8.52 6.17 6.34 6.77 6.36 5.86 5.91 6.14 5.18 5.45 5.1 6.02 7.77 6.3 6 9.87 8.88 7.36 0 0 5.73 4.9 4.76 5.44 7.2 5.47 5.02 6.75 10.39 9.13 10.33 8.91 7.69 5.41 5.5 5.58 7.56 7.88 7.56 9.68 11.4 0 10.2 9.75 0 0 0 0 0 0 0 0 0 0 0 0 0 0 0 0 7.7 5.4 0 0 0 0 5.68 0 0 0 0 0 0
6.97 8.03 7.26 0 0 0 5.07 5.7 0 0 0 0 0 0 0 0 5.46 6.49 6.4 6.45 7.1 5.93 6.94 5.79 8.6 6.4 5.97 6.21 6.57 5.91 5.6 6.6 7.48 4.7 7.73 7.11 6.12 6.63 5.84 9.88 7.23 8.37 9.45 4.76 0 4.75 6.13 5.4 5.12 5.27 7.3 5.5 12.44 13.37 12.09 9 10.38 11.13 8.44 8.68 8.93 7.74 7.66 10.22 0 0 0 0 0 0 0 0 0 0 0 0 0 0 0 0 0 0 0 0 0 6.37 6.02 0 0 0 0 0 0 0 0 0
7.48 8.09 7.44 0 0 0 0 0 0 0 0 0 0 0 0 7.15 8.11 7.93 8.28 7.84 5.87 5.96 8.33 8.46 6.11 7.98 8.26 5.71 5.82 5.19 5.02 7.15 7.66 6.54 7.47 5.83 4.54 5.42 6.43 7.76 6.82 8.5 9.57 6.14 7.9 5.76 5.36 5.67 6.32 5.97 10.38 6.16 5.1 5.93 7.27 0 7.58 6.07 7.46 10.53 11.06 9.41 10.31 10.47 9.82 0 0 0 0 0 0 0 0 0 0 0 0 0 0 0 0 0 0 0 0 0 6.45 0 0 0 0 0 0 0 0 0
7.17 7.94 0 0 0 0 0 0 0 0 0 0 0 4.74 7.55 8.12 7.85 7.31 5.39 5.07 6.22 5.61 7.91 7.13 6.6 7.18 5.13 4.78 4.48 5.19 4.73 5.02 4.98 0 0 0 4.55 5.13 5.93 5.66 6.14 5.1 9.76 7.5 8.19 6.91 5.57 5.51 4.97 5.68 0 5.61 5.26 6.25 0 6.58 7.39 7.54 0 0 0 0 13.33 11.51 0 0 0 6.86 9.78 6.75 5.21 0 0 0 0 0 0 0 0 0 0 0 0 0 0 0 0 0 0 0 0 0 0 0 0 0
7.47 7.67 0 0 0 0 0 0 0 0 0 0 4.81 7.71 7.51 7.18 7.19 8.13 7.95 6.31 6.39 4.58 7.48 8.88 5.4 5.34 4.33 4.22 4.19 4.52 4.91 0 0 0 0 0 0 0 0 8.67 9.22 5.42 0 0 6.38 4.94 5.62 4.6 4.28 0 0 0 5.99 0 0 11.57 10.35 10.54 0 0 0 0 0 0 12.15 12.36 10.49 9.66 11.22 9.73 10.43 8.84 0 0 0 0 0 0 0 0 0 0 0 0 0 0 0 0 0 0 0 0 0 0 0 0
7.88 8.04 0 0 0 0 0 0 0 0 0 5.76 5.25 5.34 7.63 6.55 6.69 4.67 7.04 6.34 5.47 4.48 5.84 6.44 7.67 5.39 5.11 4.2 0 0 0 0 0 0 0 0 0 0 0 0 0 0 0 0 0 0 0 0 0 0 0 0 0 0 6.18 11.41 0 0 0 0 9.2 8.16 0 0 0 12.65 12.78 10.34 11.23 10.07 6.54 13.34 10.7 5.9 0 0 0 0 0 0 0 0 0 0 0 0 0 0 0 0 0 0 0 0 0 0
7.69 7.72 0 0 0 0 0 0 0 0 5.98 4.88 7.77 6.54 6.89 7.5 7.01 5.75 5.01 6.2 4.89 5.4 6.64 8.53 9.25 0 0 0 0 0 0 0 0 0 10.42 9.73 0 0 0 0 0 0 0 0 0 0 0 0 0 0 0 0 0 0 0 0 7.02 8.98 10.51 10.55 8.91 8.62 10.05 0 0 12.11 12.81 11.15 9.72 8.92 9.23 15.3 12.83 11.73 11.52 6.98 5.57 0 0 0 0 0 0 0 0 0 0 0 0 0 0 0 0 0 0 0
7.9 6.31 4.88 0 0 0 0 0 5.16 5.01 5.14 5.47 7.21 7.34 7.08 0 0 0 0 0 0 6.38 7.52 8.37 9.82 10.54 0 0 0 0 0 0 0 0 9.41 11.38 12.06 0 0 0 0 0 0 0 0 0 0 0 8.07 0 0 0 0 10.24 7.11 9.22 8.9 11.64 10.1 9.09 10.51 10.67 0 0 0 11.39 12.35 11.24 8.8 8.87 11.55 12.02 11.9 13.14 9.42 10.02 5.41 0 0 0 0 0 0 0 0 0 0 0 0 0 0 0 0 0 0 0
7.35 7.5 5.72 5.23 0 0 0 0 5.39 5.22 5.4 5.07 6.94 7 0 0 0 0 0 0 0 0 8.37 9.83 8.06 10.16 0 0 0 0 0 0 0 0 0 10.03 11.72 9.2 0 0 0 0 0 0 0 0 0 0 5.36 0 0 0 0 0 0 7.43 10.7 11.72 10.49 0 0 10.92 0 0 9.14 12.18 11.18 12.47 11.84 8 6.65 9.07 7.27 11.13 10.25 10.25 5.84 0 0 0 0 0 0 0 0 0 0 0 0 0 0 0 0 0 0 0
5.02 5.5 5.19 5.03 0 0 0 5.63 5.27 5.18 7.08 7.66 6.97 5.61 0 0 0 0 7.55 6.08 0 0 8.44 8.39 8.03 7.04 8.79 8.92 0 0 0 0 0 0 0 0 10.16 10.32 0 0 0 0 0 0 0 5.48 5.14 5.27 7.74 0 0 0 0 0 0 0 0 0 0 0 0 8.83 0 0 14.54 13.85 14.42 14 13.91 11.55 10.95 6.32 0 8.22 10.5 12.14 0 0 0 0 0 0 0 0 0 0 0 0 0 0 0 0 0 0 0 0
0 7.11 4.73 5.04 0 0 4.89 4.53 5.6 4.99 6.66 5.85 6.12 6.41 7.21 8.57 5.32 0 8.13 7.18 0 0 8.14 9.6 7.77 8.59 8.42 6.39 0 0 0 0 0 0 0 0 0 0 0 0 0 0 0 0 7.91 5.41 5.2 6.76 5.06 0 0 0 0 0 0 0 0 0 0 0 0 0 0 0 8.26 11.26 13.89 13.32 12.68 10.59 0 0 0 8.97 8.98 12.65 0 0 0 0 0 0 0 0 0 5.63 5.46 7.43 5.81 0 0 0 0 0 0 0
6.97 7.05 6.72 7.12 0 5.06 6.12 6.36 5.67 5.81 5.27 6.69 6.36 6.1 7.42 6.93 5.71 6.87 8.62 6.51 0 8.12 9.47 9.83 9.34 9.85 9.62 9.71 0 0 0 0 0 0 0 0 0 9.68 9.66 11.73 9.9 0 0 7.45 5.8 5.49 6.19 5.02 0 0 0 0 0 0 0 0 0 0 0 0 0 0 0 0 10.27 8.27 15.42 13.26 12.68 11.93 10.62 0 0 9.32 0 0 0 0 0 0 0 0 0 0 5.93 6.15 6.21 5.7 0 0 0 0 0 0 0 0
6.15 6.12 7.08 0 5.53 5.26 5.26 4.9 6.57 6.15 7.32 6.84 7.38 6.85 6.81 5.26 6.86 6.58 7.04 5.14 6.17 8.15 9.29 9.21 9.29 9.44 9.8 9.84 8.83 0 0 5.92 7.48 9.14 0 0 12.01 13.63 11.45 11.43 12.27 7.64 7.19 7.38 9.35 5.87 7.09 10.02 6.04 0 0 0 0 0 0 0 0 0 0 0 0 6.54 6.24 6.09 6.11 0 0 0 11.57 12.9 8.85 11.87 11.72 0 0 0 0 0 0 0 0 0 0 0 5.51 5.6 6.19 4.58 0 0 0 0 0 0 0 0
6.66 6.21 0 0 5.6 5.57 4.92 5.03 7.53 6.73 7.53 7.5 7.24 7.52 7.75 7.64 7.25 6.78 6.54 5.97 5.92 7.29 8.5 8.06 8.23 0 6.92 13.59 11.19 10.29 8.94 10.24 8.74 9.39 8.6 9.49 8.22 9.68 10.59 13.09 11.81 9.02 9.53 7.47 7.65 8.01 9.21 12.28 11.8 6.39 5.05 0 0 0 0 0 0 0 0 5.63 7.73 5.52 6.09 7.52 9.61 6.19 0 0 0 14.16 8.43 8.07 7.28 0 0 0 0 0 0 0 0 0 0 0 5.96 6.22 5.6 0 0 0 0 0 0 0 0 0
6.21 7.48 0 0 6.72 6.08 4.78 6.68 7.65 7.96 6.65 7.75 7.9 8.3 8.43 8.06 6.86 5.97 6.08 7.11 5.55 0 0 5.89 8.49 9.31 9.22 10.85 10.82 10.11 9.73 9.76 9.76 10.37 9.28 7.77 8.69 11.25 8.89 12.43 12.29 12.11 9.58 8.98 9.45 8.87 8.16 9.9 11.04 9.89 5.34 6.92 0 0 0 0 0 0 5.3 6.13 7.84 8.65 9.1 9.8 11.11 6.87 0 0 0 0 0 7 5.32 6.44 6.25 7.36 0 0 0 0 0 0 0 0 4.76 6.03 9.38 0 0 0 0 0 0 0 0 0
6.34 7.1 6.86 5.58 6.67 5.4 5.25 6.2 6.96 7.06 6.29 7.48 7.22 6.36 8.42 8.46 8.39 0 0 0 8.78 5.71 6.29 7.13 8.09 9.64 10.17 11.05 9.98 0 8.43 8.66 8.92 9.01 8.9 8.93 8.87 9.11 10.9 11.83 10.38 10.25 9.58 10.79 8.5 9.17 7.43 6.09 7.63 9.35 9.92 7.62 8.22 11.56 0 0 0 0 6.92 7.41 9.54 6.11 8.92 13.12 11.84 13.6 0 0 0 0 0 6.32 6.61 5.85 5.25 5.67 0 0 0 0 0 0 0 0 9.14 5.75 6.93 0 0 0 0 0 0 0 0 0
6.88 7.04 5.98 6.17 6.25 5.59 6.61 8.4 7.34 7.6 7.22 9.27 6.58 0 0 0 0 6.36 7.56 8.95 10.12 7.81 7.13 9.54 7.06 10.18 12.34 13.73 12.38 0 0 0 0 9.94 9.35 9.41 8.54 9.42 10.47 9.32 10.26 9.45 8.8 10.74 9.36 9.57 7.99 7.92 7.53 7.7 8 5.58 10.36 10.08 9.69 0 0 0 6.09 8.56 6.73 8.19 10.74 14.17 13.69 14.57 0 0 0 0 9.23 10.84 6.39 6.14 6.05 6.58 6.15 5.78 5.96 6.25 7.74 0 0 0 4.76 6.06 0 0 0 0 0 0 0 0 0 0
6.55 6.95 5.23 5.56 5.28 4.87 6.83 5.94 5.69 5.18 6.44 0 0 0 0 0 0 6.27 8.41 9.87 10.42 10.14 9.27 7.47 8.85 10.8 12.87 13.13 11.69 0 0 0 9.22 10.04 10.05 9.62 8.81 10.29 7.81 8.37 9.2 9.9 9.05 7.42 11.72 11.49 7.7 9.77 7.58 6.28 5.36 4.64 6.01 6.31 0 0 0 0 5.17 6.44 7.92 8.36 12.86 13.54 14.29 13.78 10.03 0 0 8.65 8.97 8.72 6.37 10.36 5.98 6.92 7.07 6.22 5.21 6.07 6.6 0 0 0 8.63 6.52 5.35 0 0 0 0 0 0 0 0 0
6.61 5.32 5.02 5.2 5.41 4.69 5.3 4.85 5.41 0 0 0 0 0 0 0 0 0 0 8.68 9.02 9.2 9.55 9.57 9.9 10.19 12.6 12.44 10.51 0 0 0 9.63 11.12 9.63 8.94 9.36 8.32 8.63 8.85 10.96 8.06 9.2 8.7 9.02 8.01 5.95 10.92 8.08 7.61 6.84 6.56 0 0 0 0 0 0 8.43 5.48 8.01 11.31 12.11 14.08 11.77 9.07 9.67 9.82 8.76 8.71 8.48 7.64 7.19 8.24 6.52 6.38 6.39 7.07 5.7 6.27 6.58 6.8 0 0 7.56 7.29 4.96 0 0 0 0 0 0 0 0 0
5.93 6.13 5.72 0 0 0 0 0 0 0 0 0 0 0 0 0 0 0 0 7.79 8.89 9.56 10.46 10.25 10.43 10.43 8.44 10.99 10.72 0 0 0 9.82 10.23 10.1 9.81 9.63 10.54 8.52 8.95 7.83 9.07 8.96 10.2 9.22 9.26 12.15 10.43 6.94 8.76 8.04 5.61 0 0 0 0 0 9.51 10.17 9.18 9 10.04 10.74 11.18 9.73 9.11 9.05 8.7 7.98 8.28 8.21 7.64 8.77 8.1 6.26 5.82 0 0 6.43 6.4 8.39 6.76 5.98 9.1 7.67 8.61 8.7 0 0 0 0 0 0 0 0 0
5.53 5.64 0 0 0 0 0 0 0 0 0 0 0 0 0 0 8.43 0 0 7.73 8.5 9.21 9.97 11.31 11.59 10.78 9.6 8.44 7.58 0 0 0 0 9.67 10.28 12.06 8.87 5.61 9.72 10.49 8.52 8.06 9.76 10.08 9.74 10.23 12.28 13.19 8.82 5.8 5.5 6.18 6.31 9.06 5.97 0 0 9.39 0 0 0 0 0 0 10.83 10.49 9.67 8.44 5.98 6.47 7.23 6.45 6.22 6.83 5.91 0 0 8.69 5.99 9.32 6.49 5.84 8.38 0 7.52 7.01 7.5 0 0 0 0 0 0 0 0 0
5.63 5.38 0 0 0 0 0 0 0 0 0 0 0 0 0 0 9.12 8.64 8.13 7.39 8.54 8.58 9.49 11.24 12.38 11.18 10.24 8.55 7.65 0 0 0 0 6.6 9.78 11.78 10.71 8.41 9.69 10.69 10.43 7.88 7.87 9.14 7.1 9.46 11.18 12.26 13.02 6.61 5.57 6.44 8.89 8.77 9.06 10.13 0 0 0 0 0 0 0 0 0 11.32 10.27 9.93 8.97 0 0 0 0 0 0 0 7.18 8.38 6.47 7.6 7.35 5.56 5.09 0 0 7.78 0 0 0 0 0 0 0 0 0 0
5.92 5.74 0 0 0 0 0 0 0 0 0 0 0 0 9.4 7.86 9 8.69 0 8.24 9.15 9.43 9.81 10.54 10.21 11.6 10.33 8.39 8.16 0 0 0 0 0 10.04 10.44 10.17 9.22 9.12 9.43 10.18 7.81 0 0 0 0 9.21 9.89 11.64 6.76 0 10.17 10.28 9.89 11.2 9.47 0 0 0 0 0 0 0 0 0 8.43 8.37 10.4 8.75 0 0 8.68 0 0 0 0 6.38 7.99 9.54 7.77 6.86 5.36 5.2 6.21 0 0 0 0 0 0 0 0 0 0 0 0
0 0 0 0 0 0 0 0 0 0 0 0 0 0 0 9.03 9.28 9.25 0 7.92 9.29 9.57 10.04 10.74 9.17 7.99 9.6 9.25 8.41 0 8.76 0 0 0 0 9.36 10.01 10.59 8.34 7.65 8.82 8.56 0 0 0 0 0 11.58 8.26 0 0 9.47 9.95 13.29 12.84 11.37 0 0 0 0 0 0 0 0 0 0 6.83 7.06 8.21 5.64 0 8.82 0 0 0 7.9 7.07 9.41 10.04 7.87 5.31 7.3 7.18 7.33 0 0 0 0 0 0 0 0 0 0 0 0
0 0 0 0 0 0 0 0 0 0 0 0 0 0 0 9.71 9.99 8.82 0 8.43 9.29 9.94 9.52 11.18 7.51 8.56 10.16 9.03 8.38 8.69 8.63 7.91 0 0 0 9.74 9.38 9.14 6.51 5.74 0 6.65 6.48 9.28 6.46 0 0 0 0 0 0 11.97 9.7 12.66 11.82 10.26 0 0 0 0 0 0 0 0 0 0 5.76 7.06 6.25 6.18 5.71 5.93 0 0 8.63 7.04 7.31 8.79 9.32 6.98 7.12 8.92 6.72 7.38 0 0 0 0 0 0 0 0 0 0 0 0
0 0 0 0 0 0 0 0 0 0 0 7.6 8.67 7.83 9.75 11.2 9.78 9.46 8.78 8.68 8.85 9.11 10.06 8.45 8.62 10.61 9.94 8.83 8.76 9.39 9.19 7.4 0 0 9.92 8.54 8.9 0 0 0 0 5.98 5.45 8.45 8.4 0 0 0 0 0 0 0 7.97 12.19 11.09 9.59 7.71 8.61 0 0 0 0 0 0 0 0 0 5.48 6.42 6.19 5.11 7.32 5.89 6.46 7.56 9.54 8.29 9.45 7.22 7.36 7.52 8.92 8.87 0 0 0 0 0 0 0 0 0 0 0 0 0
0 0 0 0 0 0 0 0 0 0 0 11.28 9.91 9.94 10.8 9.28 9.08 9.03 7.82 7.34 7.43 9.48 7.44 7.72 8.97 8.96 11.81 8.97 8.81 10.61 8.27 0 0 10.93 9.74 9.54 0 0 0 0 0 0 0 6.14 5.58 0 0 0 0 0 0 0 0 6.21 0 0 0 0 0 0 0 0 0 0 0 0 0 0 5.66 5.9 6.17 7.1 7.44 5.95 8.33 8.15 11.53 9.41 6.38 8.62 8.3 7.11 0 0 0 0 0 0 0 0 0 0 0 0 0 0
0 0 0 0 0 0 0 0 0 0 8.07 11.51 10.93 10.35 13.17 11.08 9.22 7.16 7.55 7.54 7.82 7.63 7.57 8.39 8.61 8.9 12.88 11.13 12.41 12.37 9.87 0 0 10.99 10.5 10.6 0 0 0 0 0 0 0 0 5.77 5.53 0 0 0 0 0 0 0 0 0 0 0 0 0 0 0 0 0 0 0 0 0 0 0 5.1 5.52 4.88 5.99 4.9 5.23 5.68 6.59 8.03 8.17 8.62 9.1 9.65 9.95 7.46 0 0 0 0 0 0 0 0 0 0 0 0
0 0 0 0 0 0 0 0 0 9.51 8.81 11.07 0 12.19 11.21 9.4 8.46 8.73 7.28 8.79 8.01 7.9 7.9 8.51 9.4 7.46 12.24 11.96 10.82 10.39 8.58 0 0 0 0 0 0 0 0 0 0 0 0 0 0 6.87 5.75 0 0 0 0 0 0 0 0 0 0 0 0 0 0 0 0 0 0 0 0 0 0 0 0 0 5.17 4.63 5.28 5.23 5.86 7.43 8.35 7.71 8.27 5.99 10.56 5.93 0 0 0 0 0 0 0 0 0 0 0 0
0 0 0 0 0 0 0 0 0 10.02 9.81 12.69 0 11.93 9.19 8.19 8.32 0 7.63 8.54 8.72 8.06 7.91 9.01 9.31 8.01 11.27 11.93 9.4 8.05 -9999 -9999 0 0 0 0 0 0 0 0 0 0 0 0 4.84 7.19 5.59 6.34 0 0 0 0 0 0 0 0 0 0 0 0 0 0 0 0 0 0 0 0 0 0 0 0 5.51 4.73 4.75 0 0 5.54 5.92 5.27 5.31 6.08 0 0 0 0 0 0 0 0 0 0 0 0 0 0
0 0 0 0 0 0 0 0 0 10.08 12.35 13.32 13.6 10.71 8.97 9.03 9.25 0 10.34 10.78 10.71 8.88 8.03 9.02 9.65 9.05 6.88 7.27 7.54 7.58 -9999 -9999 0 0 0 0 0 0 0 0 0 6.84 6.84 0 5.34 7.76 6.88 0 0 0 0 0 0 0 0 0 0 0 0 0 0 0 0 0 0 0 0 0 0 0 0 0 0 0 0 0 0 0 4.36 4.59 9.16 5.45 0 0 0 0 0 0 0 0 0 0 0 0 0 0
