data/ScottAndBurgan/Zona_60-asc/hm.asc
ncols 658
nrows 597
xllcorner 325692.38261041
yllcorner 4557715.6527613
cellsize 20
NODATA_value -9999
[rows 318 to 370 of 597, columns 96 to 191 of 658]
5.6 4.73 5.7 5.01 4.23 5.75 0 0 0 7.22 5.6 4.94 0 0 0 0 0 0 5.89 6.55 5.18 5.97 5.16 5.31 5.46 6.3 5.81 0 8.86 5.31 8.24 6.17 5.24 4.97 4.93 5.4 6.76 5.7 4.61 4.27 4.28 4.43 4.84 4.61 4.92 5.41 5.27 6.44 5.71 6.35 7.13 7.81 7.3 7.01 7.31 7.41 7.16 8.57 9.96 5.77 6.64 0 0 0 0 0 0 0 0 0 5.62 4.75 0 0 0 0 0 6.13 4.86 0 0 0 8.29 8.67 8.34 0 0 0 0 0 11.56 12.11 10.86 7.78 6.69 6.72
4.05 4.14 4.17 5.96 5.85 5.31 5.26 5.17 5.27 0 0 0 0 0 0 0 0 0 5.92 6.79 7.3 8.25 8.35 6.73 6.67 6.07 6.1 6.42 6.12 6.31 5.8 5.73 5.79 4.98 5.02 5.48 5.99 4.9 4.24 0 0 4.96 5.33 5.74 5.08 6.04 8.29 6.81 5.01 5.7 6.42 7.43 6.79 5.83 5.82 6.06 7.32 8.37 7.24 8.45 6.9 0 0 0 0 0 0 0 0 5.01 0 0 0 0 0 0 0 0 0 0 0 0 7.31 6.91 7.86 10.03 6.3 0 0 0 9.97 9.84 8.59 5.54 5.71 6.49
4.13 4.62 4.84 4.86 4.73 5.12 5.17 4.35 0 0 0 0 0 0 0 0 0 0 6.01 8.6 8.26 7.83 7.45 7.33 6.92 5.71 4.78 5.27 7.17 7.12 5.47 0 5.6 5.01 4.68 5.61 5.1 4.48 5.7 0 0 0 0 0 5.52 5.45 7.43 7.64 6.18 5.42 5.23 5.01 4.67 5.09 5.15 5.1 9.49 10.24 12.95 8.1 6.18 0 0 0 0 0 0 0 0 11.41 6.21 0 0 0 0 0 0 0 0 0 0 0 7.15 7.7 8.77 10.53 9.21 12.83 11.18 11.05 8.23 7.73 5.99 5.74 5.21 5.05
5.14 5.2 5.3 5.07 4.76 4.97 5.81 5.42 0 0 0 0 0 0 0 0 0 8.6 7.27 7.65 8.75 8.62 8.07 7.76 8.8 7.98 5.18 5.31 6.2 4.85 4.37 5 4.53 4.85 4.87 5.71 5.89 5.48 6.94 5.82 0 0 0 0 7.23 6.86 5.61 6.53 6.12 5.94 5.4 0 5.87 6.19 0 5.98 5.93 6.99 8.61 8.18 0 0 0 0 0 0 0 0 0 10.26 8.19 0 0 0 0 0 0 0 0 0 0 5.35 7.39 8.58 8.35 10.18 8.72 9.94 10.59 9.91 5.53 5.47 5.12 5.3 5.2 4.51
4.95 4.93 5.18 5.33 4.9 5.16 5.16 5.26 0 0 0 0 0 0 0 0 6.18 6.64 8.18 8.13 8.51 7.72 7.52 7.34 7.87 8.75 7.11 6.68 6.87 5.01 4.96 4.34 4.17 4.63 5.56 7.27 8.1 6.98 6 5.83 0 0 0 0 0 0 0 5.47 7.34 8.11 10.58 6.35 7.83 0 0 7.29 6.87 9.14 0 0 0 0 0 0 0 0 0 0 0 9.68 7.54 0 0 0 0 0 0 0 15.32 12.15 11.84 9.58 8.44 8.95 8.14 9.25 8.51 7.38 8.45 7.32 5.69 6.05 5.57 5.3 5.46 4.33
4.97 4.59 4.37 4.32 5.25 4.3 5.68 6.33 0 0 0 0 0 0 0 0 6.32 5.99 6.35 7.18 6.76 6.29 7.86 8.89 7.51 7.2 7.39 8.1 5.94 5.98 5.71 5.04 6.07 5.07 6.27 6.84 6.34 6.78 5.61 6.41 0 0 0 0 0 0 0 0 0 0 0 0 7.18 5.7 0 7.64 8.99 0 0 0 0 0 0 0 0 0 0 0 0 4.28 5.59 0 0 0 0 0 0 0 13.16 12.2 9.57 8.21 8.42 7.21 6.56 8.69 6.9 5.18 9.43 9.25 7.02 5.13 5.33 5.8 5.21 4.75
8.27 6.66 4.42 4.66 4.51 4.7 5.32 5.62 0 0 0 0 0 0 0 0 6.99 5.9 5.37 5.71 6.31 5.86 5.92 6.14 7.09 5.98 6.41 6.03 7.13 7.21 6.7 5.59 0 0 5.82 5.72 0 0 6.5 0 0 0 0 6.13 0 6.6 6.02 5.74 6.33 7.17 6.76 6.19 6.25 7.96 9.15 8.26 7.99 8.1 5.49 5.46 5.68 0 0 0 0 0 0 0 0 5.39 6.34 0 0 0 0 0 0 8.24 6.73 7.78 8.65 8.47 7.82 7.42 5.49 6.58 6.3 5.71 7.71 9.4 8.48 8.99 5.21 5.8 5.8 5.23
5.19 4.96 4.93 4.37 4.12 4.63 4.83 5.29 0 0 0 0 0 0 0 6.36 6.01 6.28 5.62 6.33 5.86 5.84 5.11 5.14 5.43 5.32 4.99 5.22 6.15 7.03 7.55 5.11 4.77 6.44 6.66 0 0 0 0 0 6.18 6.13 5.88 5.47 6.03 6.38 5.05 5.89 5.83 6.27 6.52 5.56 5.69 6.42 7 6.64 7.12 7.39 5.97 4.99 5.19 5.84 0 0 0 0 0 0 0 0 0 0 0 0 0 0 8.47 8.33 7.4 6.59 7.88 8.79 7.34 6.84 5.35 7.21 8.89 6.93 7.17 8.6 10.57 7.58 4.85 5.37 6.06 5.98
5.06 5.17 5.25 4.61 4.09 0 0 0 0 0 0 0 0 0 0 6.69 6.82 6.41 6.12 7.13 5.62 5.76 5.45 5.82 4.97 4.79 5 4.73 6.47 5.63 7.37 5.33 4.5 6.05 7.17 7.44 0 7.9 6.95 5.91 5.48 5.53 4.72 5.02 6.34 5.86 5.9 5.56 5.09 5.72 6.13 5.19 5.77 6.71 5.33 6.17 6.96 5.99 4.88 4.55 5.28 7.39 0 0 0 0 0 0 0 5.69 8.54 0 0 0 0 0 7.61 8.42 8.51 6.26 7.5 6.47 6.67 6.08 6.53 6.5 8.59 8.11 6.19 6.77 7.65 7.8 6.73 6 5.86 6.13
5.17 5.02 6.08 5.81 0 0 0 0 0 0 0 0 0 0 0 6.24 6.26 6.54 6.36 6.14 6.22 6.16 5.67 4.68 5.17 4.65 5.15 4.94 4.47 4.57 6.49 5.76 4.58 4.41 7.1 7.06 8.26 6.92 6.81 5.63 5.18 6.1 5.48 6.47 8.88 6.04 4.72 6.01 5.8 5.57 5.05 0 6.16 5.01 4.8 6.26 6.27 5.2 4.48 6.03 7.24 8.49 0 0 0 0 0 0 4.87 11.24 12 9.22 0 0 0 5.91 6.03 7.11 8.09 6.33 9.35 8.48 7.81 6.84 5.76 6.06 6.22 8 6.67 5.04 5.14 6.02 6.69 5.79 5.38 5.66
5.26 6.81 5.79 0 0 0 0 0 0 0 0 0 0 0 0 6.05 5.62 5.57 6.38 6.16 5.99 5.75 5.91 5 6.05 4.87 4.39 4.55 5.04 5.44 5.41 5.99 5.22 4.67 7.85 8.45 8.67 5.35 5.72 5.24 5.75 5.47 5.58 0 6.16 4.86 5.09 4.83 6.42 0 0 0 5.76 4.44 4.68 5.91 5.97 4.4 5.17 7.36 8.37 9.46 0 0 7.52 7.84 0 0 8.78 10.26 7.67 8.25 8.63 8.5 6.96 6.44 7 6.87 6.3 5.91 6.23 7.01 6.95 5.97 5.39 4.89 5.05 5.08 4.96 5.21 4.93 5.73 6.17 5.03 5.09 5.4
6.8 6.85 0 0 0 0 0 0 0 0 0 0 0 0 5.86 4.92 5.87 5.74 5.53 6.58 5.62 5.42 5.45 5.01 4.89 5.53 4.07 4.61 4.51 5.25 4.95 4.58 5.19 4.38 7.31 5.05 6.4 6.52 6.19 5.56 5.66 4.84 7.15 7.13 4.86 4.21 5.01 5.41 0 0 0 6.22 4.96 4.64 4.68 6.01 5.4 4.76 5.44 5.51 7.58 10.01 0 7.6 4.48 0 0 0 4.55 6.6 7.86 8.25 7.72 7.14 7.21 8.52 7.52 6.72 7.2 6.31 5.9 5.96 5.87 6.01 5.34 4.29 5.02 4.5 5.26 5.37 5.25 5.03 4.77 5.48 5.45 5.76
7.67 0 0 0 0 0 0 0 0 0 0 0 0 0 6.73 5.67 6.09 5.28 4.73 5.68 5.86 6.65 5.5 5.62 5.23 5.15 4.41 4.2 4.49 5.81 4.76 4.18 4.01 4.71 5.22 4.76 4.15 4.39 4.64 5.19 4.8 4.96 4.85 5.68 5.4 4.77 4.48 4.94 6.17 0 6.68 5.09 4.52 5.06 5.62 5.33 4.79 4.83 0 5.82 6.61 6.37 0 0 0 0 0 0 0 8.2 9.33 9.23 8.48 7.35 6.79 8.47 6.01 5.73 5.66 5.89 5.26 4.88 5.49 5.08 4.72 4.21 4.06 4.32 5.34 5.25 5.29 4.78 6.08 0 5.82 5.12
7.33 5.86 5.71 0 0 0 6.82 6.53 0 0 0 0 0 0 5.98 6.12 6.17 5.46 5.25 5.16 5.56 6.38 7.98 6.99 7.7 6.35 5.26 4.71 5.18 4.41 5.29 4.46 4.35 4.74 5.14 4.67 4.36 4.97 4.81 4.82 4.81 4.23 5.18 4.99 4.93 4.21 4.63 5.48 4.58 5.44 5.79 4.32 4.79 4.6 4.65 4.07 4.72 0 0 0 0 5.53 6.21 0 0 0 0 0 0 10.38 10.43 9.31 8.09 7.8 7.09 8.84 5.53 5.58 5.47 5.62 6.17 5.16 4.84 4.05 4.3 4.39 4.57 4.65 4.72 4.59 4.21 4.15 5.05 4.86 0 5.11
6.26 5.59 5.44 0 0 6.21 7.44 5.4 0 0 0 0 0 5.99 5.32 5.09 5.12 5.42 5.62 5.35 5.14 4.82 5.15 5.66 6.19 6.76 6.23 6.38 5.74 5.78 5.82 5.24 4.54 5.1 4.81 5.03 4.8 5.12 4.65 4.87 5.08 4.65 4.94 4.42 4.08 5.08 4.36 5.57 4.86 4.64 4.68 4.27 5.11 4.87 4.38 4.56 4.92 0 0 0 0 5.41 0 0 0 0 0 0 0 10.06 10.21 8.36 8.31 7.68 7.09 6.88 5.98 5.55 5.09 5.38 5.26 6.32 4.9 4.85 4.71 0 4.94 4.65 5.26 4.58 4.58 4.51 5.2 0 0 5.32
5.57 4.83 5.81 0 0 6.29 7.55 7.26 0 0 0 0 0 6.05 5.4 5.63 5.17 5.61 5.95 5.27 4.98 5.4 4.84 4.51 4.97 4.4 4.69 4.85 5.43 6.47 5.74 4.93 4.83 5.34 4.43 4.93 5.68 4.81 0 0 4.46 4.64 4.66 4.12 5.22 5.28 5.89 4.86 5.12 4.23 4.82 4.92 4.36 4.6 5.29 5.52 5.37 5.82 0 0 6.36 6.22 5.42 0 0 0 0 0 0 9.36 8.95 9.28 8.44 8.45 7.37 6.15 5.66 5.34 5.35 5.03 5.98 0 0 0 5.34 4.97 5.27 5.11 5.59 0 0 0 0 0 0 0
5.48 4.66 0 0 0 0 6.37 5.51 0 0 0 0 6.4 5.44 5.06 5.12 4.71 5.12 7.75 5.13 6.07 5.37 5.01 4.97 4.71 4.93 4.72 5.47 7.68 5.49 6.79 7.08 6.16 5.23 5.05 4.57 4.54 4.27 4.03 4.21 4.04 4.28 4.25 4.43 6.27 4.42 4.7 4.58 5.34 5.65 0 0 0 0 6.91 7.52 5.45 0 7.03 8.41 4.65 4.97 6.8 0 0 0 0 0 0 8.9 8.71 8.6 7.77 8.08 6.66 6.63 0 4.79 5.29 5.05 5.7 6.31 0 0 0 6.35 5.49 5.61 0 0 0 0 0 0 5.67 7
9.09 0 0 0 0 0 0 0 0 0 0 0 5.38 4.73 4.69 5.05 4.3 5.21 0 0 4.76 4.91 5.13 5.37 6.44 5.45 5.53 0 4.56 6.14 5.45 0 0 6.42 6.11 6.02 6.06 5.29 4.87 4.48 4.46 4.22 4.01 3.81 4.51 4.87 5.13 5.42 4.86 0 0 0 0 6.56 7.4 7.97 7.39 6.4 5.98 5.57 5.83 4.98 6.03 7.78 5.08 4.91 0 0 0 5.63 6.17 6.38 7.19 7.15 6.1 6.46 7.71 0 5.11 0 5.22 6.2 0 0 0 0 0 0 0 0 0 0 0 0 0 0
6.41 8.8 0 0 0 0 0 9.09 9.19 8.88 0 0 5.93 5.42 4.88 4.92 4.69 4.5 0 0 5.21 5.63 6.33 6.16 6.01 6.08 5.67 6.62 6.52 5.59 6.65 5.92 5.63 0 6.34 5.77 6.93 6.21 5.29 0 4.64 4.63 4.25 4.38 4.45 4.37 4.71 0 5.26 0 0 0 0 7.35 7.47 7.34 5.17 8.03 7.25 5.74 5.34 5.89 6.59 8.09 7.83 9.28 6.72 0 0 4.97 9.93 6.8 6.52 7.12 5.43 6.19 4.45 5.43 0 0 6.18 0 0 0 0 0 0 0 0 0 0 0 0 0 0 0
4.81 7.21 6.99 0 0 0 0 0 6.91 8.68 9.55 0 0 0 0 7.22 5.35 4.17 0 0 5.84 7.61 6.46 5.91 0 5.85 7.08 0 6.21 6.51 6.72 6.39 6.25 6.66 6.47 7.7 6.68 6.34 0 0 5.09 4.29 0 4.81 5.14 4.61 4.59 4.87 5.48 0 0 0 0 5.71 7.04 5.06 5.47 6.5 5.83 6.29 5.79 6.94 7.56 6.63 6.62 9.68 10.04 8.03 5.4 8.18 8.34 6.18 6.06 5.55 5.14 6.05 6.45 0 0 0 5.36 0 0 0 5.74 0 0 0 0 0 0 0 0 0 0 0
0 5.44 6.1 0 6.01 8.26 0 7.32 5.26 7.3 0 0 0 0 0 0 5.46 4.59 4.6 0 5.36 6.34 0 0 0 0 7.01 6.3 5.91 0 7.01 6.34 0 6.57 0 0 0 0 0 0 5.41 4.86 0 4.83 4.96 5.31 4.2 4.94 4.47 0 0 0 0 5.09 5.36 0 6.27 5.85 5.88 6.97 6.2 5.55 7.29 6.2 8.14 8.85 9.71 8.85 7.47 7.55 5.41 5.46 5.38 5.17 0 0 0 0 0 0 0 0 0 0 5.21 0 0 0 0 0 0 0 0 0 0 0
0 0 6.89 0 9.15 7 0 7.4 6.53 0 0 0 0 0 0 0 0 5.65 4.58 5.07 5.5 6.94 0 0 8.01 6.6 7.7 6.14 6.02 5.65 6.17 0 0 0 0 0 0 0 0 0 0 4.87 0 5.75 5.22 5.52 5.17 0 5.69 4.62 0 0 0 4.58 4.5 0 0 5.89 6.81 5.75 5.67 5.52 6.56 5.4 7.02 7.36 8.14 8.06 7.22 7.08 6.15 0 0 0 0 0 0 0 0 0 0 0 0 0 5.24 0 0 0 0 0 0 0 5.9 0 0 0
0 0 0 0 9.76 7.67 0 0 0 0 0 0 0 0 0 0 0 0 6.18 5.66 5.37 6.8 0 5.6 6.41 0 5.23 0 0 5.98 6.32 7.24 6.85 0 0 0 0 0 0 0 0 5.43 0 6.04 0 5.34 0 0 0 0 4.98 6.22 4.36 4.95 4.94 6.09 6.29 6.36 6.18 5.12 5.35 6.71 6.41 6.26 6.7 6.42 6.77 6.99 7.17 5.84 5.01 0 0 0 0 0 0 0 0 0 0 0 0 4.84 5.62 0 0 0 0 0 0 0 0 0 0 0
6.22 0 0 0 5.66 0 0 0 0 0 0 0 0 0 0 0 0 6.33 5.64 5.84 6.83 0 6.52 0 6.79 5.83 5.14 5.09 5.38 7.07 5.46 7.42 5.53 6.24 0 0 0 0 0 0 0 0 0 0 5.3 5.42 9.49 6.96 5.78 0 5.19 5.17 4.88 4.22 5.03 5.28 6.53 6.86 5.54 5.59 6.34 7.17 7.19 6.88 6.22 7.12 6.44 7.45 6.53 6.85 4.58 0 0 0 0 0 0 0 0 0 0 0 0 5.72 0 0 0 0 0 0 0 0 0 0 0 0
6.5 0 0 0 5.46 0 0 0 0 0 0 0 0 0 0 0 0 5.62 5.31 6.71 7.59 0 0 5.64 5.63 4.81 0 5.95 6.86 6.51 6.32 5.52 6.76 6.85 0 0 0 0 0 0 0 0 0 5.79 6.47 7.57 9.44 8.97 0 0 0 5.49 5.34 5.37 4.24 4.62 4.39 5.38 7.96 5.76 5.54 5.72 7.29 0 7.76 6.13 6.34 6.14 6.58 4.92 4.64 0 5.49 0 0 0 0 0 0 0 0 0 5.65 5.47 0 0 0 0 0 0 0 0 0 0 0 0
0 0 0 0 5.42 0 0 0 6.77 5.48 0 0 0 0 0 0 0 6.1 6.28 6.04 0 0 0 0 6.05 5.73 0 0 0 0 6.9 6.15 5.76 7.89 5.79 6.45 7.05 5.09 0 0 8.86 0 0 6.72 0 6.37 6.57 0 0 0 5.78 5.9 4.48 5.22 4.93 5.05 5.08 4.94 4.83 4.97 4.86 5.37 5.13 6.32 6.08 6.03 6.73 6.31 5.45 4.63 5.02 0 5.42 0 0 0 5.21 0 0 0 0 0 0 5.6 6.45 0 0 0 0 0 0 0 0 0 0 6.45
0 0 0 0 0 0 0 0 5.34 0 0 0 0 0 0 0 0 7.63 6.54 5.95 6.13 5.06 0 0 0 0 0 0 0 0 0 6.93 8.01 6.58 0 0 0 0 0 0 7.92 6.68 7.13 5.98 6.74 0 0 6.81 0 0 6.17 0 0 5.13 6.21 5.15 4.08 4.45 5.05 4.27 4.94 4.53 5.26 5.55 5.95 6.23 4.9 4.43 4.4 5.23 5.59 0 5.14 5.23 0 4.88 4.86 0 0 0 0 0 5.21 0 0 0 0 0 0 0 0 0 0 0 0 5.32
0 0 0 0 0 0 0 0 0 0 0 0 0 0 0 0 0 0 5.95 6.02 0 6.09 4.68 0 0 0 0 0 0 0 0 0 0 0 6.28 0 0 0 0 0 5.77 6.92 7.21 5.37 7.09 6.99 7.01 6.32 6.34 0 0 7.88 0 0 5.39 5.16 4.4 5.05 5.06 4.35 4.54 5.2 5.63 5.37 5.09 5.05 4.25 4.25 4.81 4.39 4.76 4.71 4.78 4.75 5.97 4.68 4.46 0 0 0 0 5.3 0 0 5.83 0 0 0 0 0 0 0 0 0 7.09 0
0 5.47 0 0 0 0 0 0 0 0 0 0 0 0 0 0 0 0 5.26 5.31 5.09 5.06 5.4 0 0 0 0 0 0 0 0 0 5.75 5.94 6.83 0 0 0 0 0 5.68 5.71 6.14 5.61 4.97 6.07 6.28 7.33 6.72 6.22 7.18 6.46 0 0 0 5.03 6.05 5.19 4.94 5.07 4.87 4.41 4.28 4.57 4.76 4.4 5.05 4.75 4.61 5.27 4.98 5.17 5.56 6 0 0 4.24 5.85 4.81 0 5 0 0 0 0 0 0 0 0 0 0 0 0 7.05 0 0
0 5.15 5.88 0 0 0 0 0 0 0 0 7.12 7.38 0 0 0 0 7.16 5.49 5.14 0 5.33 0 0 0 0 0 0 6.63 0 0 0 0 0 5.41 0 0 0 0 0 0 5.29 6.02 5.81 5.29 5.43 5.68 7.78 6.92 7.16 6.53 0 0 0 0 0 5.62 5.38 6.03 0 5.4 4.62 5.33 4.48 4.7 5.11 4.91 5.14 5.02 4.93 5.22 4.94 6.11 5.48 4.94 0 0 0 0 5.15 0 0 0 0 0 0 0 0 0 0 0 0 6.62 0 0 5.28
0 5.13 4.91 5.1 0 0 0 0 0 0 0 0 6.96 6.44 5.11 4.71 5.49 6.21 0 0 0 0 0 0 0 0 0 5.72 5.73 0 0 0 0 0 4.91 4.39 5.2 4.87 5.18 0 0 0 0 5.47 0 6.59 8.25 6.84 6.29 0 8.18 7.25 0 0 0 0 0 5.75 5.36 5.06 0 5.35 5.54 4.41 5.15 4.66 4.78 0 5.44 4.94 4.85 4.58 4.76 4.73 5.16 0 5.15 5.62 5.38 0 0 0 0 0 0 0 0 0 0 0 0 0 0 9.18 0 0
7.51 5.63 0 5.15 6.21 0 0 0 0 5.79 0 0 0 5.37 5.43 4.26 4.81 0 0 0 0 0 0 0 0 4.85 5.18 4.71 4.93 0 0 0 0 0 5.38 4.7 4.44 4.54 5.57 0 0 0 0 0 0 6.09 8.47 7.18 0 0 10.89 7.24 0 0 0 0 0 0 0 0 0 0 0 0 0 0 0 0 0 6.21 5.41 4 4.2 4.96 4.92 0 5.68 5.13 0 0 0 5.61 0 5.5 0 0 5.71 5.96 6.76 0 0 0 0 0 0 6.08
0 5.46 0 0 0 0 0 0 0 5.29 5.53 0 0 5.5 4.83 4.8 0 0 0 4.99 0 0 0 0 4.66 5.35 5.13 4.39 0 0 0 0 0 5.91 4.44 5.17 5.25 5 3.64 0 0 0 0 0 0 6.49 6.92 0 0 6.91 6.58 5.85 7.09 0 0 0 0 0 0 0 0 0 0 0 0 0 0 0 0 0 0 5.09 5.03 0 0 4.57 4.9 5.06 4.02 0 0 5.17 5.54 5.41 5.4 6.9 0 0 5.13 0 0 0 6.53 4.82 4.53 4.61
0 0 0 0 6.8 0 0 0 0 0 0 0 6.62 5.41 4.53 4.45 0 0 5.63 5.34 0 0 0 0 4.74 4.52 4.2 5.07 4.62 0 0 0 0 5.64 4.88 4.76 5.15 0 0 0 0 0 0 0 0 9.33 5.55 5.13 8.63 7.8 6.81 5.63 4.93 4.59 0 0 0 0 0 0 0 0 0 0 0 0 0 0 0 0 0 0 0 0 4.89 4.8 4.11 4.39 0 0 4.51 5 0 0 4.23 5.77 5.4 6 0 0 0 5.72 6.2 8.26 6.33 5.71
0 6.43 9.48 8.8 0 0 0 0 0 0 0 0 0 0 0 0 0 5.66 5.14 0 0 0 0 0 4.64 4.66 4.35 0 4.53 0 0 0 0 0 0 4.42 4.31 0 0 0 0 0 0 0 0 0 5.59 5.57 0 6.18 0 0 4.79 4.57 0 0 0 0 0 0 0 0 0 0 0 0 0 0 7.05 0 0 0 0 6.02 5.98 4.35 4.45 0 0 4.85 4.85 5.06 5.35 7 5.27 5.16 6.45 6.42 5.8 0 0 0 7.35 0 0 5.02
0 7.36 0 0 0 0 0 0 0 0 0 0 0 0 0 0 4.8 6.58 5.7 0 0 0 0 7.34 5.62 4.3 0 4.43 5.75 0 0 0 5.82 5.57 0 5.38 6.09 4.76 7.54 0 0 0 0 0 0 0 0 0 0 0 0 0 0 0 0 7.28 0 0 0 7.03 6.5 11.27 0 0 8.04 0 0 0 5.35 0 0 0 0 0 5.37 6.52 0 0 5.08 5.61 7.06 8.4 7.08 6.31 7.14 8.2 6.57 7.76 9.46 7.29 0 0 0 0 0 6.24
5.54 0 0 0 0 0 0 0 0 0 0 0 10.18 8.32 7.31 0 4.92 5.35 5.13 0 0 0 6.5 7.08 5.27 5.01 0 5.12 5.25 0 0 0 6.15 5.1 5.6 6.06 7.32 8.28 0 0 5.32 8.29 6.74 6.96 7.65 0 0 0 0 0 0 0 0 0 0 7.4 6.57 5.96 5.98 6.72 8.64 0 0 0 0 0 0 0 0 0 0 5.2 0 0 6.84 4.14 0 0 6.92 6.5 6.84 6.91 4.4 7.69 4.87 7.44 8.39 7.8 6.25 6.64 6.3 0 0 0 0 0
5.9 0 0 0 0 0 0 0 0 0 0 0 9.41 8.77 5.89 0 0 5.13 0 0 0 5.38 6.03 5.18 5.12 4.92 4.58 4.6 5.01 4.9 6.2 5.99 7.02 6.47 5.68 5.59 5.43 6.38 5.05 0 5.54 5.92 7.07 6.18 6.64 0 0 0 0 0 0 0 0 0 7.61 9.12 8.19 7.85 7.72 7.91 0 0 6.22 0 0 0 5.48 8.86 0 6.11 0 5.66 4.92 5.1 4.96 6.3 0 8.39 7.63 6.44 5.57 4.2 4.24 4.45 4.41 8.17 6.87 7.46 6.53 6.05 0 0 0 0 10.63 11.66
5.78 5.54 0 0 0 0 0 0 0 0 0 0 0 7.06 5.03 0 0 0 5.04 5.59 6.34 5.36 5.24 4.67 4.31 4.36 3.97 4.2 4.3 5.15 6.26 6.38 7.32 7.86 6.24 5.66 5.45 6.84 5.82 0 0 5.24 6.95 8.29 0 8.19 0 0 0 0 0 0 0 0 10.68 10.75 10.26 8.34 9.35 11.17 0 0 7.3 6.58 0 7.53 0 7.57 6.14 0 0 6.98 5.67 5.48 7.98 7.59 7.44 0 0 5.63 4.25 4.47 5.16 5.16 8.95 8.57 7.17 5.17 4.56 5.01 5.3 0 0 0 0 11.79
4.82 6.04 5.36 5.64 0 0 0 6.67 0 0 0 0 7.36 0 0 0 0 0 6.79 5.45 5.11 4.77 4.16 4.26 4.55 4.58 4.5 4.42 4.31 4.94 5.94 6.42 6.4 5.57 5.43 7.49 6.38 7.66 5.06 0 0 0 0 9.94 9.79 7.27 0 0 0 0 0 0 8.01 8.12 6.79 10.01 10.18 8.71 9.09 9.21 0 0 0 0 0 0 5.7 5.58 0 0 0 0 6.12 5.84 8.8 7.94 6.76 0 0 0 7.38 7.59 6.63 4.85 5.09 7.86 4.94 4.84 4.86 4.91 5.08 0 0 0 0 0
5.78 0 5.1 5.39 4.99 5.51 6.18 7.64 8.89 10.2 0 0 5.5 0 6.68 5.72 5.15 5.74 0 5.58 4.99 4.55 4.09 4.37 4.57 4.57 5.12 5.89 5.01 4.93 5.37 6.06 5.7 4.63 4.79 7.53 5.77 7.67 5.58 6.67 6.25 7.26 7.29 7.3 0 6.49 7.01 0 0 0 0 0 8 0 0 0 8.93 0 0 0 10.18 0 0 0 0 0 0 6.59 6.08 9.63 6.44 6.76 7.2 8.38 6.82 0 0 0 0 4.83 4.68 5.78 4.65 3.92 4.1 4.58 4.4 4.74 4.62 4.99 4.81 5.46 0 0 0 0
4.85 0 0 4.84 4.94 4.82 5.94 8.38 7.97 9.89 0 0 6.66 6.39 6.11 0 0 0 0 0 5.8 4.57 4.61 4.93 4.83 4.78 5.71 4.8 4.73 4.51 4.93 6.03 5.91 5.17 4.28 5.56 5.76 0 8.15 6.13 7.26 6.44 5.71 0 0 0 8.15 0 0 5.55 7.99 7.86 7.61 9.62 6.77 0 8.08 7.23 6.71 0 0 0 0 0 5.59 0 5.76 0 0 0 0 5.74 6.83 6.99 7.06 0 0 0 0 4.85 4.52 9.35 0 0 0 4.28 4.41 4.52 4.58 4.36 4.96 5.19 0 0 0 6.21
0 0 0 0 0 0 0 0 6.73 7.05 0 0 0 0 0 0 0 6.26 0 5.53 5.24 4.98 4.69 4.94 4.76 5.82 5.47 7.1 5.05 4.82 7.07 6.59 6.13 4.68 4.25 3.98 4.44 5.17 0 6.04 5.52 8.07 0 0 0 0 0 0 0 7.97 7.37 7.52 8.28 7.49 6.36 7.88 7.56 6.88 6.63 8.4 7.79 9.71 0 0 0 6.42 6.4 0 7.94 5.37 7.25 10.91 7.71 7.32 8.05 0 0 0 4.56 5.19 0 0 0 0 0 4.56 4.45 5.55 5.67 5.02 4.8 4.78 0 5.7 0 0
0 0 0 0 0 0 0 0 7.2 8.19 4.78 0 0 0 10.13 6.84 8.47 7.68 6.15 5.45 5.17 4.81 5.83 5.1 5.4 0 5.74 5.13 4.73 4.6 5.15 5.64 6.15 4.93 4.72 4.41 4.38 4.57 4.59 4.55 5.62 6.93 0 0 0 0 0 0 0 8.19 6.88 8.91 8.07 9.73 0 0 7.52 7.34 9.75 9.86 10.7 9.71 0 0 0 0 6.13 5.65 5.81 5.1 5.85 10.05 6.12 5.68 6.55 0 0 0 0 5.5 0 0 0 0 0 5.77 4.91 5.68 5.14 5.66 6.39 5.06 5.19 7.01 0 0
4.86 0 0 0 0 0 6 5.77 0 0 5.23 5.08 0 0 0 0 7.01 6.72 6.34 6.09 5.04 5.29 5.08 7.44 8.48 0 0 0 5.08 5.8 5.23 5.96 6.05 5.75 4.92 4.41 5.34 5.96 7.26 7.8 9.25 0 0 0 0 0 0 0 0 6.02 6.83 8.92 8.51 7.57 6.49 0 0 0 9.18 9.62 9.53 9.98 0 0 0 5.71 0 5.59 5.37 5.71 6.02 5.49 6.56 10.41 0 10.25 8.83 5.46 0 0 0 0 0 0 0 0 4.95 0 5.41 4.8 5.27 5.26 0 0 0 0
5.7 4.6 0 0 5.98 7.39 7.28 6.87 6.61 0 0 6.22 0 0 0 0 6.78 6.47 7.52 5.69 6.24 5.23 7.37 9.36 8.25 0 0 0 6.16 5.17 5.86 8.09 5.59 7.4 6.19 6.48 5.07 4.73 4.79 7.79 0 0 0 0 0 0 0 0 0 0 6.25 8.05 7.35 6.42 5.04 0 0 0 8.94 9.8 9.91 9.85 10.08 0 0 6.91 7.05 6.54 6.4 7.1 6.62 5.73 5.64 0 0 8.75 9.6 0 0 0 5.38 0 4.84 0 0 5.12 0 5.4 5.3 5.42 5.27 0 5.3 0 6.11 6.11
7.65 0 0 5.6 5.16 5.96 7.16 6.89 7.68 0 0 0 0 0 0 0 0 5.18 6.64 5.58 6.07 5.74 5.76 6.14 7.75 0 0 0 6.26 5.67 4.85 10.45 0 7.07 8.52 9.37 9.02 6.92 4.6 5.56 0 0 0 0 0 0 0 0 0 0 0 0 0 0 0 0 0 0 8.82 9.94 10.37 9.92 8.95 10.19 0 7.78 7.65 6.78 5.83 7.02 6.1 6.89 5.73 5.4 5.43 6.96 5.62 0 0 5.79 0 0 4.94 4.5 4.51 4.62 5.1 5.02 5.49 6.55 5.7 4.78 5.61 6.62 4.62 4.5
0 0 0 6.37 6.43 6.36 6.28 7.68 8.38 0 0 0 0 0 0 0 0 0 5.41 5.12 7.87 5.5 6.95 8.04 6.38 7.26 0 0 6.56 4.91 6.76 6.18 0 7.54 8.79 7.53 8.92 8.03 5.34 5.46 6.81 0 6.82 5 4.9 0 0 0 0 0 0 0 0 0 0 0 0 0 9.6 9.98 8.78 9.1 9.19 8.87 10.22 8.68 7.56 8.27 6.18 6.81 8.3 6.74 5.78 4.69 0 0 5.64 0 5.56 5.16 0 4.88 4.39 4.9 4.2 4.45 5.16 4.61 5.33 4.45 4.49 5.48 4.81 4.68 4.73 3.85
0 5.78 5.51 7.81 8.02 6.75 0 0 0 0 0 0 0 0 0 0 0 0 0 0 5.96 5.94 7.62 6.77 7.3 7.79 0 0 8.13 5.39 5.9 7.27 0 0 5.94 8.21 8.61 6.97 6.2 5.22 5.52 6.92 6.1 4.92 6.08 0 4.84 5.25 0 7.01 6.74 0 0 0 0 0 0 0 9.38 9.93 10.94 0 10.26 0 9.58 8.37 8.23 0 7.78 5.86 8.06 7.29 5.8 5.99 0 0 4.81 5.61 0 6.09 5.69 5.03 5.14 5.55 5.04 5.09 5.67 5.47 4.82 4.82 6 4.99 5.25 4.52 4.86 4.79
4.81 5.31 5.78 5.82 6.61 0 0 0 0 0 0 0 0 0 7.3 6.19 6.05 6.33 6.14 5.56 6.23 7.06 7.95 8.33 8.08 8.46 0 0 5.65 5.06 5.75 7.07 7.27 0 0 5.93 8.04 7.67 6.42 5.35 4.74 5.11 6.44 4.47 5.02 0 0 5.92 6.41 5.57 5.47 6.44 0 0 0 0 0 0 0 7.54 6.28 0 0 0 9.07 8.73 0 0 0 6.09 6.59 6.3 0 0 0 5.97 7.07 0 0 0 0 0 0 5.85 5.56 6.26 6.38 5.12 4.69 5.03 5.58 4.95 5.27 5.59 5.19 5.14
0 5.32 5.41 4.34 5.64 0 0 0 0 0 0 0 0 0 9.41 8.39 6.8 5.93 5.33 5.66 6.36 6.27 7.48 7.12 8.35 8.14 0 0 5.66 5.82 5.46 6.2 6.49 0 0 5.8 7.17 8.59 7.22 5.85 5.23 5.52 6.34 6.07 6.51 8.39 0 6.8 6.56 5.41 5.43 4.88 0 0 0 0 0 0 0 6.18 6.25 0 0 0 0 0 0 0 0 6.47 5.37 0 0 0 0 5.11 5.31 0 0 0 0 5.5 0 0 5.86 0 0 3.94 5.01 4.83 4.99 0 5.65 5.66 4.73 4.4
0 6.13 5.31 4.97 0 0 0 0 0 0 0 0 0 0 9.8 10.22 9.85 8.2 7.46 6.34 6.16 5.91 5.54 6.16 8.69 11.87 7.97 0 5.49 5.02 4.71 6.48 5.74 0 0 8.97 7.01 6.97 6.89 6.24 5.9 6.01 5.43 6.71 5.64 8.93 6.31 5.89 5.22 5.31 4.56 5.02 0 0 0 0 0 0 0 0 0 0 0 0 0 0 0 0 0 0 0 0 0 0 0 0 0 0 0 0 0 0 6.37 0 0 5 5.64 4.93 4.77 4.24 4.71 4.77 5.32 5.1 4.5 5.79
0 5.65 6.06 8.99 8.57 0 0 0 0 0 0 0 0 0 0 9.45 9.62 8.4 7.49 6.56 5.72 6.03 4.74 5.11 5.7 8.04 0 0 0 5.4 5.76 5.17 5.21 0 0 0 8.76 8.2 8.41 0 0 5.89 5.13 6.22 5.17 0 5.12 5.7 5.48 5.4 0 0 0 0 0 0 0 0 0 0 0 0 0 0 0 0 0 0 0 0 0 0 0 0 0 0 0 0 0 0 0 6.84 0 0 0 0 0 5.33 0 4.38 4.49 4.53 5.32 4.12 0 5.89
